16
13 0 0 0 0 0 0 0 0 0 0 0 0 0 0 0 
0 42 0 0 0 0 0 0 1 0 0 1 0 0 0 0 
0 0 98 0 0 0 0 0 0 0 0 0 1 1 0 0 
0 0 0 89 0 0 0 0 0 0 0 0 0 0 0 0 
0 0 0 0 1 0 0 0 0 0 0 0 0 0 0 1 
0 0 0 0 0 9 0 0 0 0 0 1 0 0 0 0 
0 0 0 0 0 0 1 0 0 0 0 0 0 0 1 0 
0 0 0 0 0 0 0 3 1 0 0 0 0 0 0 0 
0 0 0 0 0 0 0 0 6 1 0 0 0 0 0 0 
1 0 0 0 0 0 0 0 0 8 0 0 0 0 0 0 
1 0 0 0 0 0 0 0 0 0 7 0 0 0 0 0 
0 0 0 0 0 0 0 0 0 0 1 2 0 0 0 0 
0 0 0 0 0 1 0 0 0 0 0 0 11 0 0 0 
0 0 0 0 0 0 0 1 0 0 0 0 0 5 0 0 
0 0 0 1 0 0 0 0 0 0 0 0 0 1 2 0 
0 0 0 1 0 0 0 0 0 0 0 0 1 0 0 1 
