123
85 1 1 1 1 0 1 1 1 0 1 1 1 0 0 0 0 0 1 0 1 1 1 0 0 0 0 1 0 0 1 1 0 0 0 0 1 0 1 0 0 1 1 1 0 0 0 1 1 1 0 1 1 1 0 1 1 0 1 1 0 0 0 1 1 0 0 0 1 1 1 1 0 1 0 0 1 0 1 1 1 0 0 0 0 0 1 1 0 0 0 1 1 0 0 0 0 1 1 1 0 1 1 0 0 1 0 1 0 0 1 1 1 0 1 0 1 1 1 0 0 1 0 
1 54 0 1 1 1 0 0 1 0 0 1 1 1 1 1 0 1 0 1 1 1 0 0 0 1 1 1 1 0 0 1 0 0 0 1 0 0 0 1 0 0 1 0 0 1 1 0 1 0 0 1 0 0 0 1 1 1 0 0 1 0 0 1 1 1 1 1 0 1 0 0 1 0 1 0 1 0 0 1 0 0 1 0 1 0 1 1 1 0 0 0 1 1 0 0 0 0 1 0 0 1 0 1 0 0 0 1 1 0 1 0 0 0 0 0 1 0 1 0 1 0 0 
1 0 8 0 0 0 0 1 1 0 0 1 0 0 1 1 0 1 1 1 1 1 0 1 0 1 0 0 1 1 1 1 1 0 0 0 0 1 0 0 0 0 0 0 0 1 0 1 0 1 0 0 0 1 0 0 0 0 1 0 1 0 0 0 0 0 0 0 1 1 0 0 0 0 1 0 0 1 0 0 1 1 0 1 0 1 0 1 0 1 0 0 1 1 0 0 1 0 0 1 0 0 1 0 1 1 1 1 1 0 1 0 1 0 1 0 0 0 0 1 0 1 1 
1 1 1 34 0 1 0 1 1 1 0 0 0 0 1 1 1 1 1 0 1 1 1 0 0 0 0 0 1 1 1 1 1 0 1 1 0 0 1 0 0 1 0 0 1 1 1 1 0 0 0 1 1 0 1 1 0 1 1 1 0 0 1 1 1 0 0 1 0 0 0 0 0 0 1 0 1 0 1 0 0 1 0 0 1 1 0 1 0 1 0 1 0 0 0 0 1 0 1 0 0 1 0 1 0 0 0 0 0 0 0 1 1 1 0 0 1 1 1 0 1 0 0 
1 1 1 0 11 0 0 1 1 1 1 0 0 1 1 0 1 1 0 1 1 1 1 0 0 1 1 0 1 1 0 0 1 1 1 1 0 1 1 1 0 0 1 0 1 0 1 1 0 0 0 1 0 0 0 0 0 1 0 0 1 1 0 1 0 1 1 1 1 0 0 1 1 0 1 1 1 0 1 1 1 0 0 0 1 0 0 1 0 0 0 0 1 0 0 0 1 1 1 0 0 1 1 1 0 1 1 0 1 0 1 1 0 0 1 0 1 1 0 0 1 1 0 
0 0 1 0 1 15 1 1 0 0 0 0 0 0 0 0 1 1 0 0 1 1 1 0 1 1 1 0 1 0 0 1 0 1 1 1 1 1 1 0 0 1 0 1 1 0 0 0 0 0 0 1 1 0 0 1 0 0 1 1 1 0 0 1 1 1 1 0 0 1 0 1 0 0 0 1 1 1 1 0 1 1 1 1 1 1 1 0 0 0 1 1 0 1 1 1 0 0 1 1 1 0 1 1 1 0 1 1 0 0 1 0 0 1 0 1 1 0 1 1 1 0 0 
1 0 0 0 0 0 6 0 1 1 0 1 0 0 1 1 0 1 1 1 0 1 0 0 1 0 1 1 0 0 0 0 1 1 0 1 0 0 1 0 0 0 0 0 1 0 1 1 1 0 0 0 0 1 0 0 0 0 1 0 1 1 0 0 0 1 0 1 0 0 1 1 1 1 0 1 0 0 0 1 1 0 0 1 0 1 1 0 1 1 1 0 1 0 1 1 0 1 0 0 1 1 0 0 0 0 0 0 0 0 0 1 0 1 0 0 1 1 0 0 1 1 0 
1 0 1 1 0 1 1 45 0 0 1 1 0 1 0 1 0 0 0 0 1 0 0 1 0 1 0 1 1 0 0 0 0 1 1 1 0 0 1 1 1 1 1 0 1 1 0 0 0 0 1 0 1 0 0 0 1 0 0 1 1 1 1 0 1 0 0 0 0 1 1 0 1 1 0 0 0 0 1 0 1 0 1 1 1 0 1 0 0 1 1 0 0 1 1 0 1 0 0 0 1 0 0 0 1 0 0 1 1 1 0 1 0 1 1 1 0 1 0 1 1 1 0 
1 1 1 1 0 1 0 0 48 0 0 0 1 0 1 0 0 1 0 0 0 0 0 1 1 1 0 1 1 1 0 0 0 1 0 1 0 0 0 1 1 1 1 1 0 0 1 0 1 0 1 0 1 0 1 1 0 0 0 1 1 1 1 1 0 0 0 0 0 0 1 1 1 1 0 0 1 1 1 0 0 0 1 1 1 0 1 0 0 1 1 0 0 0 1 0 1 0 1 0 1 0 0 1 0 0 1 0 1 1 1 0 1 0 0 0 1 1 0 1 1 0 0 
0 0 1 0 1 1 0 0 1 4 0 0 0 0 1 1 0 1 1 0 0 1 1 1 1 0 1 0 0 0 1 0 1 0 0 0 0 1 0 0 0 1 0 0 1 1 1 0 0 0 0 1 1 0 1 0 1 0 0 0 0 0 0 1 1 0 1 1 0 1 0 0 1 0 1 1 0 0 1 1 1 1 1 0 1 1 0 0 0 0 0 0 1 0 1 1 1 1 0 0 0 0 1 0 0 0 0 0 0 1 1 1 1 0 1 1 1 0 0 0 1 1 1 
0 0 1 0 0 0 1 0 0 1 16 0 1 0 0 1 1 0 0 0 0 1 1 1 0 0 0 0 0 0 0 1 1 1 0 0 1 0 0 0 0 1 1 1 1 1 1 0 1 1 1 0 1 0 0 1 0 1 1 0 0 1 0 0 0 0 0 1 0 0 0 1 1 0 0 1 0 1 0 1 0 0 1 1 0 0 1 0 1 0 0 0 1 1 1 0 0 0 0 0 1 1 0 1 1 1 1 0 0 0 1 1 1 1 0 1 0 0 1 1 1 1 0 
0 1 1 0 0 0 0 0 1 1 1 42 1 1 0 0 0 1 0 0 1 1 1 0 1 1 0 1 0 1 0 0 1 1 0 1 1 0 1 1 0 1 1 1 0 0 1 1 0 0 1 0 1 0 0 0 0 1 1 1 1 0 1 0 0 1 0 0 1 0 0 0 0 1 1 1 1 0 0 1 0 1 1 1 0 1 0 1 0 0 0 1 0 1 1 0 0 1 0 1 1 0 1 0 1 0 0 1 1 0 0 0 0 0 1 1 0 0 1 0 0 0 0 
1 0 1 0 0 1 0 0 1 1 0 0 40 1 0 0 0 0 1 0 0 1 1 0 0 0 0 0 0 0 0 1 1 0 0 1 1 1 0 1 1 1 0 1 1 1 0 0 1 0 0 1 0 0 1 1 1 1 0 1 0 0 1 1 0 1 0 1 0 1 0 0 1 0 1 1 1 0 0 0 0 0 0 1 0 0 0 0 1 1 0 0 1 0 0 0 0 0 1 1 1 1 1 1 0 1 1 1 0 0 1 1 0 0 1 1 1 0 1 0 0 1 0 
0 1 1 1 0 1 0 1 0 0 1 1 1 56 1 0 0 0 1 0 0 1 0 1 0 0 1 0 0 0 0 1 1 0 0 1 1 0 1 0 0 0 0 1 0 0 0 1 1 1 1 0 1 0 1 1 1 1 1 1 0 0 0 1 1 0 1 0 0 0 0 1 0 0 1 1 1 0 1 0 0 1 1 1 0 0 0 1 0 0 0 1 0 1 0 0 0 1 0 1 1 1 0 1 0 1 0 1 1 0 1 1 0 1 1 1 0 1 1 1 1 0 0 
1 1 1 1 1 1 1 1 0 1 1 1 1 0 83 0 1 0 0 1 0 1 0 1 0 1 1 0 0 1 0 0 0 1 0 1 0 0 1 0 0 1 1 1 1 1 0 0 0 1 1 0 1 1 1 1 1 1 0 1 1 0 0 0 0 1 0 0 1 1 0 1 1 1 1 1 1 0 1 0 1 0 0 1 1 1 0 1 0 1 0 1 0 0 0 1 0 1 1 0 0 0 0 1 0 1 1 0 1 1 0 0 0 0 0 1 0 1 1 1 1 1 1 
1 1 0 1 1 1 1 1 1 1 0 0 1 0 0 60 0 0 0 1 0 1 1 1 0 1 1 0 1 1 1 0 1 1 1 0 1 1 1 1 1 1 0 0 1 1 0 0 1 0 1 0 1 0 0 1 0 1 0 0 0 0 0 1 0 1 1 1 1 1 1 1 0 0 0 1 1 0 1 1 1 1 0 1 1 1 1 1 0 1 0 1 1 1 0 0 1 0 0 1 1 1 1 1 1 1 1 1 0 0 1 1 1 0 0 0 1 1 1 0 0 0 0 
1 0 1 1 0 0 1 0 0 1 0 0 1 1 1 1 98 1 1 0 1 0 1 1 0 1 0 1 0 0 0 0 0 1 1 0 0 0 1 1 0 1 1 0 0 0 0 0 1 1 0 0 0 1 0 1 1 1 1 1 1 0 0 1 1 0 0 1 1 1 1 0 0 1 0 1 0 1 1 1 1 1 0 1 0 0 1 1 0 0 0 1 0 1 0 0 1 1 0 1 0 0 0 0 1 1 1 1 0 1 0 0 1 1 1 1 0 1 1 0 0 0 0 
1 1 1 1 1 1 1 1 0 0 1 0 0 1 1 1 0 61 1 0 0 0 0 1 1 0 0 1 1 0 1 0 0 0 1 0 1 0 0 0 1 1 0 0 1 0 0 1 1 1 0 1 0 1 0 1 1 0 0 1 0 0 1 1 0 0 0 0 0 0 1 0 0 1 1 0 0 0 1 1 0 1 1 0 0 1 0 1 0 0 0 0 1 1 0 1 0 1 0 1 0 1 0 0 0 0 1 0 1 0 1 0 1 1 1 1 0 1 1 0 1 0 1 
1 0 1 1 1 0 1 0 1 0 1 0 1 1 1 1 0 1 44 0 0 1 1 1 1 0 1 1 1 1 0 0 1 1 0 1 0 1 0 0 0 0 1 1 1 0 0 0 1 0 0 1 1 1 1 1 1 0 0 1 0 0 0 1 0 1 1 0 1 0 1 1 0 1 0 0 1 1 1 0 0 1 0 0 0 1 0 1 0 0 0 0 0 0 0 0 0 0 0 1 1 0 1 1 1 1 0 1 1 0 1 0 1 0 1 0 0 0 0 0 0 1 1 
0 0 1 1 1 0 0 0 1 0 1 0 1 0 0 1 1 1 1 25 1 0 1 0 1 1 1 0 1 0 0 1 0 1 0 1 1 1 0 0 1 1 1 1 1 0 0 0 1 1 0 0 0 1 0 1 0 0 0 1 1 0 0 1 0 0 0 1 0 1 0 1 0 0 0 0 1 0 0 1 0 0 0 0 0 0 1 1 0 0 1 0 1 0 0 1 0 0 0 0 1 0 1 1 0 1 0 0 0 0 1 1 0 0 0 1 1 1 0 0 0 0 1 
1 1 1 1 0 0 1 1 1 1 0 1 0 0 1 1 1 0 0 0 25 1 1 0 1 0 1 1 0 0 0 0 1 0 1 1 1 0 0 1 0 0 1 0 1 1 0 0 1 0 0 0 0 0 0 0 1 1 1 0 1 0 1 1 1 0 1 0 1 1 1 1 0 1 0 0 0 1 0 1 0 0 1 0 1 1 0 1 1 0 1 1 0 1 0 0 1 1 1 1 1 0 0 1 0 1 0 0 1 1 0 0 0 0 0 0 0 0 0 0 1 0 0 
1 1 1 0 0 1 0 0 0 1 0 1 1 1 0 1 0 1 1 1 0 94 1 1 1 0 0 1 1 1 0 1 1 0 0 1 0 1 1 1 1 1 1 1 1 0 0 0 0 1 1 1 0 1 0 0 1 1 0 1 0 0 0 1 0 0 0 1 1 0 1 0 0 1 0 1 0 1 0 0 1 0 0 1 1 1 0 0 0 0 1 0 1 0 1 1 0 0 0 1 1 1 0 1 0 1 0 1 1 1 0 0 1 1 0 0 1 0 0 1 0 1 0 
0 1 1 1 1 0 0 1 0 1 1 0 0 0 0 1 0 0 0 0 0 1 81 1 1 1 1 1 1 0 0 1 1 1 0 1 0 1 0 1 1 0 0 1 1 0 0 1 0 1 1 1 1 1 0 0 0 0 0 0 0 1 1 0 1 0 1 1 0 1 0 1 0 0 0 1 0 0 0 1 0 0 1 1 0 0 1 1 1 1 1 0 1 1 0 0 1 0 1 0 1 1 0 0 1 0 1 0 1 1 1 0 0 0 0 0 0 0 0 1 0 1 0 
1 1 1 1 0 0 0 1 0 1 1 1 0 1 0 0 0 1 1 0 1 0 1 54 1 1 1 1 0 0 1 0 0 0 0 1 0 1 0 1 0 0 1 1 1 0 1 0 0 0 0 1 0 0 0 0 1 1 1 0 1 0 0 0 0 1 0 0 0 0 0 0 0 1 0 0 1 0 0 0 1 1 0 0 1 1 1 1 0 1 0 1 0 0 1 0 1 1 0 0 1 0 1 1 0 0 0 0 1 0 1 1 1 0 1 0 0 0 1 1 0 0 1 
0 1 0 0 1 1 1 1 0 1 1 1 0 0 0 1 1 0 1 0 0 0 1 1 50 0 0 0 0 1 1 1 1 0 0 0 1 0 1 0 1 0 1 1 1 0 1 1 0 0 1 0 1 0 1 1 0 1 0 0 0 0 1 1 1 1 1 0 1 1 1 1 1 0 1 0 1 1 1 0 0 0 1 0 0 1 0 1 1 0 0 0 0 0 1 1 0 1 1 0 1 1 0 1 0 0 1 0 0 1 0 0 1 0 0 1 1 0 0 0 1 0 0 
0 0 0 1 0 1 0 1 1 0 1 0 0 0 0 0 0 0 0 0 0 1 0 0 0 36 1 1 1 1 1 0 0 1 0 0 1 0 0 1 1 0 0 1 0 1 0 1 1 1 1 0 0 1 0 0 0 0 1 0 0 1 1 0 0 0 0 0 0 0 1 1 1 1 1 0 1 0 1 1 0 1 0 0 1 1 0 1 1 1 0 0 0 0 0 0 1 0 1 1 1 0 1 1 0 1 1 1 1 1 1 0 1 1 1 1 0 1 0 1 0 0 0 
1 0 0 0 0 1 1 0 1 1 0 1 1 1 0 0 1 0 0 0 0 0 1 0 1 1 89 0 0 1 1 0 0 0 1 1 1 0 1 0 1 0 0 0 1 1 0 0 0 0 0 0 0 0 1 0 1 1 1 1 1 1 0 1 0 1 1 1 1 1 1 0 0 0 1 1 1 1 0 1 1 1 1 0 1 0 1 1 0 0 1 1 0 1 1 0 0 0 1 0 0 0 1 1 1 1 0 0 0 0 1 0 0 1 0 0 1 0 1 1 1 1 1 
0 0 0 1 0 0 0 0 1 0 0 1 1 0 0 1 1 0 1 1 0 0 1 0 1 1 0 11 1 1 0 1 0 1 0 0 1 0 0 1 1 1 0 1 0 0 1 0 1 1 0 1 0 0 1 1 1 1 1 1 1 0 1 1 0 1 0 1 1 1 1 0 0 0 0 0 1 1 0 1 0 0 0 0 1 0 0 0 1 0 0 1 1 0 1 0 0 0 1 0 1 1 0 1 0 0 0 0 0 0 1 1 0 0 1 1 1 0 1 1 1 0 1 
0 0 1 1 0 0 1 0 0 1 0 1 0 1 0 1 0 0 1 1 0 0 1 0 1 0 1 0 93 0 1 1 1 0 0 0 1 0 1 0 1 0 0 0 0 0 0 1 1 1 1 1 1 0 0 0 0 0 0 0 0 1 0 0 0 0 0 1 1 1 0 0 0 1 0 0 1 1 0 0 0 1 0 1 0 0 0 0 1 0 0 0 1 1 1 0 1 1 0 0 0 0 0 1 1 0 0 0 0 0 1 0 0 0 0 0 1 0 1 0 1 0 0 
0 1 1 1 1 1 0 0 0 1 0 0 0 0 0 1 1 0 0 1 0 0 0 0 0 0 0 1 0 13 0 1 1 0 0 1 0 0 1 1 0 0 1 1 1 1 1 0 0 1 1 0 0 0 0 0 1 1 0 1 1 1 0 0 1 1 0 1 0 0 0 0 0 1 1 0 0 1 0 1 0 1 1 1 1 1 1 1 1 1 0 0 1 1 1 1 1 0 0 0 1 0 1 0 1 1 1 0 1 1 0 1 1 0 0 1 0 0 0 1 1 1 0 
1 0 0 1 1 1 0 1 0 1 0 0 1 0 0 0 0 1 1 0 1 1 1 1 1 0 0 1 0 0 17 0 1 1 0 0 0 1 1 0 1 0 0 0 1 1 1 1 1 1 0 1 1 1 1 1 0 0 1 1 1 1 0 1 1 1 0 0 0 0 1 0 1 0 1 1 0 0 0 0 0 0 1 1 0 1 1 0 1 1 1 0 1 1 1 1 0 1 1 1 1 1 0 1 0 1 1 0 0 1 1 0 1 1 1 1 1 1 1 1 0 0 0 
1 1 1 1 1 0 0 1 0 1 1 1 0 0 1 1 0 1 0 1 0 1 0 1 1 0 0 1 1 0 0 50 1 0 0 0 1 1 0 0 0 0 0 1 1 0 0 1 1 0 1 1 0 1 0 0 0 1 0 1 0 1 1 1 0 1 0 0 0 0 0 1 1 0 0 1 0 0 1 1 1 0 1 0 0 0 1 0 1 0 0 0 0 1 0 0 1 0 0 1 1 0 0 1 1 0 1 1 1 1 1 1 1 0 1 1 1 0 1 1 0 0 1 
0 1 0 0 1 0 0 0 0 1 0 0 1 0 1 0 1 0 1 0 1 0 0 0 0 1 1 0 0 1 1 0 74 0 0 0 1 0 1 0 0 1 0 1 0 1 1 0 1 1 0 0 0 0 1 0 1 1 0 1 0 1 1 0 1 0 1 1 0 1 0 0 1 0 0 0 1 1 1 0 1 0 1 1 0 0 0 1 1 0 1 0 0 0 0 1 1 1 0 0 1 0 1 0 1 1 1 1 0 0 1 0 1 0 1 1 1 1 0 1 1 1 0 
1 1 0 0 0 1 0 0 0 0 0 1 1 1 1 0 0 0 1 1 1 0 0 0 0 1 0 1 0 0 1 0 0 59 0 1 0 1 1 1 0 0 1 0 0 1 1 0 1 0 0 1 1 1 1 0 0 0 0 1 0 1 1 1 1 0 0 0 0 0 1 1 0 1 1 1 1 1 0 1 0 0 1 1 1 0 0 0 0 1 1 1 0 1 1 1 1 1 1 0 0 1 0 1 1 1 0 1 0 1 0 0 0 0 0 1 1 0 1 0 1 1 0 
1 1 0 1 1 0 1 1 1 1 1 1 0 0 1 0 0 0 0 1 0 0 1 0 1 1 1 1 1 0 1 1 0 0 69 0 0 0 0 0 1 1 1 1 0 1 1 0 0 0 1 0 1 0 0 1 0 0 1 0 1 1 1 0 0 1 1 0 1 0 0 1 1 1 1 1 1 1 0 0 1 1 1 0 1 1 1 0 0 1 0 0 1 0 1 0 1 0 0 0 1 0 0 1 1 1 1 1 0 1 1 0 0 0 0 0 1 1 0 1 1 0 0 
1 0 0 1 1 0 1 0 0 0 1 0 1 1 0 0 0 0 1 1 1 0 1 0 1 1 1 0 0 0 0 0 0 0 0 15 1 1 0 1 0 1 1 1 1 0 0 1 1 1 1 0 0 1 1 1 0 1 1 0 0 1 0 1 0 0 0 1 1 0 0 1 1 1 0 0 0 1 1 1 0 1 0 0 0 0 0 1 0 1 0 0 1 0 0 0 0 1 1 0 0 0 1 1 1 1 1 0 0 1 0 0 1 1 1 0 1 0 0 1 1 0 1 
1 1 0 1 1 0 1 1 0 1 1 0 1 1 1 0 0 0 0 1 1 1 1 1 1 0 0 0 1 0 1 0 0 1 0 1 80 1 1 0 1 1 0 0 0 0 1 1 1 0 0 1 1 0 1 1 0 0 1 1 1 0 0 0 0 1 0 1 0 0 1 1 0 1 1 0 0 0 0 1 1 0 1 1 1 0 1 0 1 1 0 0 1 0 0 1 1 1 0 1 1 0 0 0 0 0 0 1 0 1 1 1 1 1 1 1 0 0 0 1 0 0 0 
1 1 1 0 0 1 1 1 1 1 0 0 0 1 0 0 1 0 1 0 1 0 1 1 1 0 0 1 0 1 0 1 0 1 1 0 0 78 1 1 1 0 1 1 0 1 1 1 1 1 0 0 0 0 1 0 1 1 0 0 1 1 0 1 0 0 0 0 0 1 0 0 0 1 1 1 1 0 1 1 1 0 0 0 0 1 1 1 0 1 1 1 1 0 0 1 0 0 1 0 0 0 0 1 0 0 1 0 0 1 1 0 1 1 0 1 1 1 1 0 1 0 0 
0 0 0 1 0 1 1 0 0 0 0 0 1 1 0 0 0 0 0 0 1 1 1 0 1 0 1 0 1 1 1 1 0 1 0 0 0 0 99 0 0 1 1 1 1 0 1 1 1 0 0 1 0 1 0 0 1 1 1 0 0 1 0 1 1 1 0 1 0 1 0 1 0 0 1 0 0 0 1 1 1 0 1 1 0 1 1 1 0 0 0 1 0 1 1 0 1 1 1 0 0 0 0 0 1 0 0 1 1 0 0 1 0 0 0 1 0 1 1 0 1 1 0 
1 1 0 1 1 1 0 0 1 1 1 1 1 0 1 0 1 0 1 0 0 0 1 0 0 1 1 1 1 1 0 1 1 0 1 1 0 0 1 52 1 1 0 1 1 0 1 1 0 0 1 1 0 1 0 0 0 1 0 0 0 1 0 0 1 0 0 1 0 0 1 0 0 1 0 0 0 1 0 1 0 0 0 1 1 0 1 1 0 0 1 0 1 1 0 1 0 0 0 1 1 0 1 1 0 0 1 1 0 1 1 0 0 0 1 0 0 1 0 1 0 1 0 
1 0 0 0 0 1 0 0 1 1 0 0 0 0 1 1 0 0 0 1 0 0 0 0 0 0 0 0 0 0 0 1 0 0 0 0 0 1 1 1 62 0 1 0 1 0 0 1 1 0 0 0 1 1 0 0 1 1 1 1 1 0 1 0 0 1 1 0 0 1 1 0 1 1 1 0 0 0 0 1 1 0 1 0 1 0 1 0 0 0 1 0 0 0 0 1 1 1 0 1 1 1 1 1 1 1 1 0 1 0 0 0 1 1 0 0 0 0 1 1 0 1 0 
1 0 0 0 1 0 0 0 1 1 1 0 0 1 1 0 0 0 1 0 1 1 0 1 1 1 0 1 0 0 1 1 0 0 0 1 0 1 1 1 1 3 1 0 0 0 0 1 0 1 0 0 1 1 1 0 0 1 0 0 1 1 1 1 0 1 1 1 1 0 1 1 0 0 1 1 1 0 0 1 0 0 1 1 0 0 0 1 0 0 0 1 1 1 1 1 1 0 1 1 1 0 1 1 0 0 0 1 1 0 0 1 0 1 0 1 1 0 1 0 0 0 1 
0 1 0 0 0 1 1 1 1 0 1 1 0 0 1 1 1 1 1 1 0 0 1 0 1 1 1 0 1 0 1 0 1 0 0 0 0 0 0 1 1 1 77 1 0 0 1 0 1 1 0 0 1 1 1 1 1 1 1 0 1 1 0 0 1 0 0 1 0 1 0 1 1 1 0 1 0 1 0 1 1 1 1 1 0 1 0 0 0 0 1 0 1 1 0 0 0 0 1 0 1 1 1 1 0 0 0 0 1 1 1 1 1 0 0 0 0 1 0 0 1 1 0 
1 1 0 0 1 1 1 1 1 1 1 0 0 1 0 0 0 0 0 1 1 1 1 0 0 1 1 1 1 1 0 0 1 1 0 1 0 0 0 1 0 1 0 87 0 1 0 0 0 1 1 0 0 0 0 1 0 0 1 1 1 1 1 1 1 0 0 1 0 0 1 1 0 1 0 1 1 0 0 1 1 0 0 1 0 1 1 1 0 0 1 0 1 1 1 0 1 0 1 0 0 1 0 1 1 0 1 1 0 1 1 0 0 1 1 1 1 1 1 1 0 0 0 
0 0 0 1 1 1 0 1 1 1 1 0 0 0 0 0 0 0 0 1 0 1 1 1 1 0 0 0 1 1 1 0 0 0 1 0 1 0 0 0 1 0 1 0 60 0 0 1 0 0 0 0 1 1 1 1 0 0 1 1 0 0 0 1 1 0 1 1 0 1 1 0 0 1 0 0 0 1 1 0 1 0 1 1 0 1 0 0 1 1 0 1 1 0 1 0 0 1 0 1 1 0 1 1 0 0 0 0 0 0 0 0 1 0 1 1 0 0 1 1 0 1 0 
0 1 1 1 1 1 1 1 0 1 0 1 0 0 0 1 0 0 1 1 0 1 1 1 1 1 0 0 1 1 0 1 1 1 1 0 0 0 0 1 0 1 0 1 0 90 0 1 1 0 0 1 1 1 0 1 0 1 0 0 1 1 0 0 1 1 0 1 1 1 0 0 1 0 0 0 0 0 0 0 0 0 0 1 0 1 0 1 1 1 1 0 0 1 1 0 0 1 1 1 0 0 0 1 0 1 1 0 1 0 1 1 1 0 1 1 1 1 0 1 1 1 0 
1 1 1 0 0 1 1 0 0 1 0 1 0 1 0 1 0 0 0 0 1 1 0 0 1 1 0 1 0 1 0 1 1 1 1 0 0 0 0 0 1 0 1 1 1 1 34 0 0 1 0 0 0 0 1 1 0 0 0 0 0 1 0 0 1 1 1 0 0 0 1 0 1 1 0 1 1 0 1 1 0 1 0 1 0 1 1 1 1 1 0 0 1 1 0 0 1 0 1 1 1 1 1 0 0 1 0 1 1 0 1 1 1 1 0 0 1 1 1 1 1 1 0 
0 0 1 0 0 0 0 0 0 0 0 1 0 1 1 0 1 1 0 1 0 0 1 0 0 0 1 1 1 1 0 1 0 0 0 0 0 1 0 0 0 0 1 1 1 0 1 77 1 1 1 0 1 0 0 0 1 1 1 0 0 1 1 0 1 1 1 1 1 0 1 0 1 1 0 1 0 0 0 1 0 0 1 1 1 1 1 1 0 1 1 1 1 0 0 0 0 0 1 1 1 1 0 0 0 0 1 1 1 1 0 1 1 0 0 1 0 1 1 0 1 1 0 
0 1 1 0 1 1 0 1 0 1 1 1 1 1 1 0 0 0 1 0 1 0 0 1 1 1 1 1 0 0 0 0 1 0 1 0 1 0 0 0 0 0 1 1 0 1 0 0 89 1 0 0 1 1 0 1 1 1 0 0 0 0 1 0 1 1 1 0 0 0 1 1 0 0 1 0 0 0 1 0 0 0 1 0 0 0 1 0 1 0 0 0 1 1 0 0 0 1 0 1 1 1 0 0 1 1 1 0 1 1 0 0 1 0 0 0 1 0 1 1 0 0 0 
1 1 0 1 1 1 0 1 1 1 0 0 0 0 0 0 1 1 0 0 1 0 0 0 0 1 0 1 1 0 1 0 0 1 1 1 1 0 0 0 0 1 1 1 0 1 0 0 0 80 1 1 1 1 1 0 0 0 0 1 1 0 0 1 1 0 1 0 1 1 0 1 1 0 0 1 1 0 1 1 1 0 1 1 0 1 0 1 1 0 1 1 0 0 0 0 0 0 1 1 0 0 1 0 1 0 1 1 0 1 0 1 1 0 0 1 1 1 0 0 0 0 1 
0 0 0 1 1 0 1 0 1 1 1 0 0 1 0 0 0 0 1 1 0 1 1 1 0 0 0 0 1 1 0 0 1 1 0 1 1 1 0 0 1 0 0 1 1 0 1 0 1 1 35 0 0 1 1 0 0 0 1 1 0 1 0 0 1 1 0 0 0 1 1 0 1 0 0 1 1 1 0 0 0 1 1 0 1 1 0 0 0 1 1 1 1 1 1 0 1 1 1 0 0 0 1 1 0 1 0 0 1 0 0 0 0 0 0 0 0 1 1 1 1 0 1 
0 0 0 0 0 1 0 0 1 1 1 1 1 1 1 0 1 1 1 1 1 0 0 0 1 0 1 0 0 1 1 0 1 0 0 0 0 1 0 0 1 0 0 1 0 0 1 0 0 0 1 15 0 1 0 0 1 1 1 1 1 0 0 0 0 1 1 1 1 0 0 0 0 1 1 0 1 1 0 1 0 1 0 0 1 0 1 0 0 0 0 1 0 0 0 1 1 1 1 1 1 1 0 1 1 0 1 0 1 1 1 1 0 0 0 0 0 0 1 0 1 1 0 
0 1 1 0 1 0 1 1 0 0 1 1 1 0 1 0 1 0 0 0 1 0 0 0 0 1 0 1 0 1 1 1 0 0 0 1 1 0 1 1 1 0 1 0 0 1 1 1 0 0 0 1 69 0 0 1 1 1 1 1 0 1 1 1 0 1 0 0 1 0 0 1 1 0 0 1 0 0 1 0 1 1 0 0 1 1 1 1 1 0 1 0 1 1 1 1 0 1 1 1 0 1 1 1 1 1 1 0 0 1 0 0 1 1 1 0 1 0 1 0 1 0 0 
1 0 1 0 0 0 0 0 1 1 0 1 0 1 0 0 1 1 0 0 0 0 0 0 1 1 1 0 1 1 0 0 0 0 0 1 1 1 0 1 1 0 1 0 1 0 1 1 1 1 1 1 1 43 0 1 1 0 1 0 1 1 1 0 1 0 1 0 1 1 0 1 1 0 1 0 0 0 1 1 1 0 0 0 1 0 1 0 0 1 0 1 1 1 1 0 0 1 0 0 0 0 1 1 0 1 1 0 1 1 0 1 0 1 1 0 0 0 0 0 1 1 1 
0 0 1 1 1 1 1 1 1 1 1 1 0 0 0 1 0 0 0 1 1 1 0 0 0 1 0 0 0 0 1 0 1 0 0 0 0 1 0 1 1 0 1 1 0 1 0 1 1 0 0 0 1 1 83 0 1 1 0 0 1 0 1 0 1 1 0 1 1 1 1 0 0 0 0 1 1 0 0 0 0 1 0 0 0 1 1 1 1 1 0 1 1 1 0 0 0 0 0 0 0 1 1 1 0 0 1 0 0 0 1 1 0 0 1 0 0 0 1 1 1 0 0 
0 1 0 1 1 0 1 1 0 0 1 1 0 0 1 0 1 1 0 0 1 0 0 1 1 1 1 1 0 1 1 1 0 0 0 1 1 1 1 1 0 0 1 1 1 0 1 0 1 1 1 0 0 0 0 14 0 0 0 0 0 1 1 0 0 0 0 1 0 0 0 1 0 0 0 0 1 1 0 0 1 0 1 0 1 1 1 1 1 0 0 0 1 1 1 1 1 0 0 1 1 0 1 0 0 0 1 1 1 0 1 0 0 0 1 0 0 0 0 1 1 0 1 
0 1 1 0 0 1 1 0 1 1 1 1 0 0 0 0 1 0 1 1 1 0 1 1 0 1 1 1 0 0 1 1 0 0 0 1 0 0 0 0 0 0 0 1 0 1 0 1 1 1 1 0 1 0 1 1 86 1 1 1 1 0 1 0 1 0 0 0 1 0 0 1 1 0 1 0 0 1 0 0 0 0 0 1 0 0 1 1 0 1 1 1 1 1 0 1 0 0 1 1 1 1 1 1 0 1 0 1 0 1 0 1 1 0 0 0 1 0 0 1 1 1 0 
0 0 0 1 1 1 0 1 0 1 0 0 1 1 1 0 1 1 1 1 1 1 0 0 0 0 1 0 0 1 0 1 1 1 0 0 0 0 0 1 1 0 1 0 1 1 1 1 0 1 1 1 0 0 1 1 0 9 1 0 1 1 1 1 0 0 1 0 0 1 0 0 0 1 1 1 1 0 1 0 1 0 0 0 1 1 1 1 1 1 0 1 1 1 0 1 1 0 1 1 0 0 1 0 1 0 0 1 0 1 1 0 1 1 1 1 0 0 0 0 1 1 1 
1 0 0 0 0 0 1 1 0 1 0 0 0 1 0 1 1 1 0 1 0 0 0 0 1 0 1 0 0 1 0 0 0 1 1 0 1 0 0 1 1 1 0 0 1 1 1 0 1 0 0 0 1 0 1 1 1 0 66 1 1 1 0 0 1 0 1 0 1 1 0 1 0 1 0 1 0 0 0 0 1 1 0 0 1 1 1 0 1 1 1 0 0 1 0 1 1 0 1 1 1 0 1 1 0 1 1 0 1 1 1 0 1 1 0 1 0 1 1 1 0 0 0 
0 1 1 1 0 0 0 1 1 1 1 1 0 0 1 1 0 1 1 1 1 0 1 0 0 0 0 1 0 0 0 0 0 0 0 0 1 0 1 1 0 0 0 0 1 0 1 0 1 0 1 0 0 0 1 0 1 1 1 7 0 1 0 0 0 0 0 0 1 1 0 0 1 1 0 0 0 0 0 0 1 0 1 1 1 0 0 0 1 1 1 1 1 1 0 0 1 1 0 0 1 1 1 1 0 1 1 0 0 1 1 1 0 1 0 0 0 1 0 1 0 1 1 
0 0 1 1 0 1 1 0 0 1 0 0 0 0 1 0 1 0 1 1 1 1 1 1 0 1 1 1 0 1 1 0 0 1 0 1 1 0 1 0 1 1 1 1 0 0 0 0 0 0 1 0 0 1 1 0 0 0 0 1 82 1 0 1 1 1 0 0 0 0 0 1 1 1 1 1 1 0 1 1 0 1 0 0 0 1 0 1 0 1 1 0 0 0 1 0 1 1 1 1 1 1 1 1 0 1 1 0 0 1 0 1 1 0 1 0 1 0 1 1 1 0 0 
0 0 0 0 0 1 0 0 1 1 1 0 0 0 1 0 0 1 1 0 0 1 0 1 1 0 0 0 0 0 0 0 1 1 0 0 1 0 0 1 1 1 0 0 1 1 1 1 1 0 1 0 0 1 1 0 0 1 0 1 0 49 1 0 0 0 1 1 1 0 1 0 0 1 0 0 1 0 0 0 0 1 1 1 0 1 1 0 1 1 0 0 1 1 0 0 0 1 1 0 1 1 1 0 0 0 0 1 0 0 0 0 0 1 0 1 0 1 0 0 0 1 1 
0 0 1 0 0 1 1 1 1 1 1 0 1 0 1 0 0 1 1 1 0 0 0 1 0 1 0 1 0 0 1 1 1 1 1 0 1 0 0 0 1 0 0 0 0 0 1 1 1 1 1 1 0 0 1 1 1 0 1 0 1 1 5 0 1 1 0 0 1 1 1 0 0 0 1 1 1 1 1 1 0 1 0 1 0 1 0 0 0 1 0 0 0 1 1 1 0 1 1 0 1 0 1 0 0 1 0 1 1 1 1 0 1 1 1 0 0 0 1 0 0 0 1 
1 0 1 1 1 0 1 0 1 0 0 1 1 1 1 1 1 0 1 0 0 1 0 0 0 0 1 1 1 0 0 1 0 0 0 0 0 1 1 1 1 1 0 0 1 1 1 1 0 1 1 1 1 0 1 0 0 1 0 0 1 1 0 10 1 0 1 1 1 1 0 0 0 0 1 1 0 1 0 1 1 0 1 0 1 1 0 0 0 1 0 0 0 0 1 1 0 1 0 1 0 1 1 1 1 0 1 0 1 0 1 0 1 1 0 1 1 0 1 0 0 1 1 
0 1 1 0 1 0 1 0 0 1 0 0 1 0 0 0 0 0 1 1 1 1 0 1 0 1 1 1 0 1 0 1 1 0 0 0 0 0 1 0 0 1 1 1 0 1 0 0 1 1 0 1 0 1 0 0 1 0 1 1 0 1 1 0 30 0 1 0 1 0 0 1 0 0 1 0 0 0 1 0 1 1 1 0 0 0 1 1 0 1 1 0 0 0 0 1 0 0 1 0 0 1 0 1 1 1 0 1 0 0 0 0 0 1 0 0 0 1 1 0 1 0 1 
1 1 0 1 0 0 1 1 1 0 0 0 1 0 0 0 1 1 0 1 0 0 1 1 1 0 1 1 1 1 0 1 0 0 1 0 1 0 1 1 1 0 0 1 1 0 1 1 0 1 1 0 0 1 1 1 1 0 0 1 0 1 0 0 1 26 1 0 1 0 0 0 0 1 1 0 0 1 1 1 0 1 0 1 1 1 1 0 1 1 0 1 0 0 0 0 0 1 1 0 0 0 0 0 0 0 1 1 0 1 0 1 0 1 1 0 0 1 0 0 1 1 0 
1 0 1 1 0 1 1 0 1 0 0 0 0 0 1 1 0 1 0 1 0 0 1 0 0 1 0 0 1 0 1 1 0 0 1 0 1 1 0 0 1 0 0 1 1 1 1 0 1 0 1 1 1 1 0 0 1 1 1 0 0 0 1 0 1 1 91 0 1 0 1 0 1 0 1 0 0 1 0 1 0 1 1 1 0 1 1 0 1 1 0 0 0 0 1 1 0 1 0 0 0 1 1 0 1 0 1 0 1 0 1 0 1 1 0 0 0 1 0 1 1 1 1 
0 1 1 0 1 0 1 0 0 0 0 0 0 1 1 1 1 1 0 0 1 0 1 1 1 1 1 0 1 1 0 1 1 1 0 0 1 0 1 1 0 1 0 0 0 0 1 1 1 1 1 1 0 1 1 1 1 1 1 0 1 0 0 0 1 0 1 13 1 1 0 1 1 0 1 1 1 0 1 0 0 1 1 1 0 0 0 0 0 0 1 0 1 0 0 1 1 0 1 0 1 0 0 1 1 0 0 1 1 1 1 1 0 0 0 0 1 1 1 0 0 0 0 
0 1 0 1 0 0 1 0 1 0 0 1 1 0 0 0 1 1 1 1 0 0 1 0 0 1 0 0 0 1 1 0 1 1 0 0 1 0 0 0 0 0 1 1 0 0 0 0 0 1 0 1 1 0 1 1 0 0 1 0 1 1 1 0 1 0 1 0 92 0 0 1 1 0 0 1 0 0 0 1 0 1 0 0 0 1 0 0 1 1 1 0 0 0 0 0 1 0 0 0 1 0 0 1 0 0 1 1 1 1 1 0 1 1 0 0 1 0 0 1 1 0 1 
1 1 1 0 0 0 1 1 0 0 1 1 0 0 1 1 1 1 0 1 1 0 1 0 0 0 0 1 1 0 1 0 0 0 0 0 1 1 1 0 1 1 0 0 1 0 0 0 0 1 1 0 0 1 1 1 0 0 1 1 1 0 1 0 0 0 1 0 0 0 0 1 1 1 1 0 1 0 0 0 0 1 0 1 0 0 1 0 1 1 0 0 1 0 1 0 1 0 0 1 0 0 0 1 0 1 0 0 1 1 1 0 1 0 1 1 0 0 0 1 1 1 0 
1 0 1 1 1 0 0 0 1 1 0 0 1 1 0 1 1 1 1 0 1 1 0 0 0 0 1 0 0 0 1 0 0 0 1 0 0 1 1 0 1 0 1 0 0 1 0 0 1 1 1 0 1 0 0 0 0 0 1 0 0 1 1 0 0 1 0 1 0 1 59 0 1 0 0 1 1 1 0 0 0 1 0 1 1 1 1 1 1 0 1 1 0 0 0 1 0 1 0 1 1 0 0 0 1 0 0 1 0 1 0 0 0 1 0 1 0 0 0 0 0 1 1 
0 1 0 1 1 1 0 0 1 1 1 0 1 0 0 1 1 0 1 1 1 1 0 0 0 1 0 0 1 1 1 1 1 1 0 0 0 1 0 0 1 1 1 1 1 1 0 1 0 0 0 1 0 0 0 1 0 1 1 1 1 0 0 1 0 0 1 1 1 1 0 70 1 0 1 1 0 0 1 1 0 0 0 1 0 0 1 0 0 1 0 1 1 1 1 1 1 1 0 1 0 0 0 1 0 1 1 0 0 0 1 0 1 1 0 0 0 1 0 1 1 1 1 
1 0 0 1 0 1 0 0 0 0 1 0 1 0 0 0 0 0 1 1 1 0 1 1 0 1 0 1 1 0 1 0 1 1 0 1 1 1 1 0 1 0 0 1 1 0 0 1 1 1 0 1 0 1 1 0 0 0 1 0 0 0 0 1 0 0 0 1 1 1 0 1 34 1 0 1 1 1 0 1 1 1 0 0 1 1 1 1 1 0 0 1 0 1 1 1 1 0 1 1 1 1 0 1 0 0 1 1 0 0 1 1 0 1 0 0 0 0 1 0 1 1 1 
0 0 1 1 1 0 0 1 1 0 1 1 1 1 0 1 0 1 1 0 1 0 0 1 1 0 1 0 0 0 0 0 0 1 0 0 0 1 0 1 1 0 1 1 0 0 1 0 0 0 0 1 0 0 1 1 1 1 1 0 1 1 1 1 1 1 0 1 1 1 0 0 1 83 1 0 0 1 0 1 1 0 1 0 1 0 1 0 1 0 1 0 1 1 1 1 0 0 0 0 1 1 1 0 1 0 0 0 1 0 1 1 0 0 1 0 0 0 1 0 0 0 1 
1 0 1 1 1 0 1 0 1 1 0 0 1 1 0 0 1 1 0 1 0 1 0 1 0 0 1 0 0 0 1 1 0 0 0 1 0 0 0 1 0 0 0 0 0 0 1 1 0 1 0 1 1 0 1 1 0 0 0 1 0 1 1 0 0 0 0 0 0 0 1 0 0 1 5 0 1 1 1 1 0 1 0 1 1 0 1 1 1 1 1 1 0 1 0 1 1 0 1 0 1 1 0 0 0 1 1 0 1 1 1 0 0 1 0 1 1 1 0 0 1 0 1 
0 0 0 0 0 0 0 0 1 0 1 0 0 1 0 0 1 0 0 1 0 1 1 1 1 1 1 1 0 1 0 1 1 1 1 0 1 1 1 1 0 0 0 1 0 1 0 1 0 0 0 0 0 0 0 0 0 0 0 0 0 0 0 0 1 0 0 0 1 1 0 0 0 1 1 75 0 1 0 0 0 1 0 0 0 0 1 1 0 1 1 0 0 0 1 0 1 1 0 0 1 1 1 0 0 1 0 0 0 0 1 1 1 0 1 1 1 0 1 0 0 1 1 
0 1 1 0 1 1 1 1 1 1 1 1 0 0 1 1 1 0 0 0 0 0 1 0 1 1 0 0 1 0 1 1 0 0 0 0 0 1 1 0 0 1 0 0 0 0 0 0 1 1 1 1 1 1 1 1 0 0 0 1 0 0 0 0 0 0 1 0 0 1 0 1 1 0 1 1 66 1 1 0 1 0 0 0 0 0 0 1 1 0 0 0 0 1 0 0 0 1 0 1 0 0 0 1 1 1 0 1 1 1 0 1 1 1 0 1 1 0 1 0 1 1 0 
0 0 0 1 0 0 1 0 0 0 0 1 0 0 0 0 1 1 1 1 0 0 0 1 1 0 1 0 0 1 1 1 0 0 0 1 0 1 0 1 1 0 1 1 0 0 1 0 0 0 0 1 1 1 1 0 1 1 1 1 1 1 0 1 0 0 1 0 0 1 0 0 0 0 1 0 0 34 0 1 1 1 0 0 1 0 1 1 0 0 1 1 1 1 0 0 0 1 0 0 1 0 0 0 1 1 0 0 0 1 1 1 0 1 1 0 0 0 1 1 0 0 1 
0 1 1 1 1 1 0 1 1 0 0 0 0 1 1 1 0 0 0 1 0 0 1 1 1 1 0 0 1 1 1 1 0 0 1 0 0 0 1 1 1 0 0 0 1 0 1 1 1 1 0 1 1 1 0 1 0 0 0 1 0 1 0 1 1 0 0 1 1 1 0 1 0 1 0 1 1 1 26 0 0 1 0 1 1 1 1 1 0 1 1 1 0 0 0 1 1 0 1 0 1 0 1 0 1 0 1 0 0 0 0 0 1 1 0 1 0 0 0 1 0 0 0 
0 1 0 1 0 0 0 1 0 1 0 1 0 1 0 1 1 0 1 1 0 1 1 0 0 1 0 0 0 0 0 1 1 1 1 1 1 0 1 0 1 0 1 1 0 1 0 1 1 1 1 1 0 1 0 1 0 1 1 1 1 0 1 0 0 0 1 0 1 1 1 1 1 0 0 0 0 0 0 93 0 0 1 0 1 0 0 0 1 0 1 0 1 0 0 0 0 1 0 0 0 0 0 1 1 1 1 0 0 1 1 0 1 0 1 1 0 1 0 0 1 1 0 
0 0 1 0 0 0 0 1 0 0 0 0 0 0 1 0 0 1 1 0 0 1 1 1 1 0 1 1 0 0 1 1 0 0 1 1 0 0 0 0 1 1 0 0 1 1 1 1 0 1 0 1 1 0 0 1 1 1 1 0 1 0 0 1 1 1 0 0 1 0 1 0 1 0 0 0 0 1 1 1 27 0 0 1 0 0 0 0 1 0 0 1 1 0 0 0 0 0 0 0 0 0 1 1 1 0 0 1 0 1 1 1 0 1 1 1 1 0 1 1 0 0 0 
0 1 0 0 0 0 1 1 1 0 1 1 0 1 0 1 0 1 1 1 0 0 0 1 0 0 1 0 0 1 0 1 1 1 0 0 1 0 0 0 1 0 0 0 0 0 0 1 1 1 0 0 0 0 1 1 1 0 0 0 1 1 1 1 0 0 1 1 1 1 0 1 1 0 1 1 0 1 0 1 0 83 1 0 0 0 1 0 1 0 1 0 0 0 1 1 1 1 1 0 1 1 1 0 1 1 1 0 1 1 1 1 1 0 0 0 0 0 1 1 1 1 1 
0 0 0 0 1 0 0 1 1 0 1 0 1 1 0 0 0 1 0 0 0 1 1 1 1 1 0 1 0 0 0 0 1 0 1 1 1 0 0 1 1 1 1 0 0 1 1 1 1 0 0 1 1 1 0 0 0 0 0 0 0 0 0 1 0 1 1 0 1 0 0 0 1 1 0 1 0 1 1 0 1 0 59 0 0 0 0 0 0 1 1 0 0 1 0 0 1 0 0 0 1 1 0 1 1 1 1 1 0 1 1 1 1 1 1 0 1 1 0 1 0 0 0 
0 0 1 0 1 1 1 0 1 0 0 1 1 0 0 0 0 1 0 1 0 0 1 0 0 1 1 0 0 0 0 1 1 1 0 0 1 0 0 1 0 0 1 0 1 0 0 1 1 1 1 1 0 0 0 1 1 0 1 1 1 0 1 0 1 1 1 1 0 0 0 1 0 1 1 0 0 1 1 0 1 1 1 23 0 0 0 1 0 0 0 1 1 0 0 0 1 0 0 0 0 0 0 0 1 1 1 0 1 0 1 0 1 0 1 1 1 1 1 1 1 1 1 
1 0 1 0 1 0 0 0 1 0 1 1 1 1 1 1 1 0 0 0 1 0 0 1 0 1 1 0 0 1 1 1 0 0 1 1 1 1 1 1 0 0 0 0 1 0 0 1 0 1 0 0 1 1 1 0 1 0 0 1 0 0 0 1 1 1 0 0 0 0 1 1 0 1 0 0 0 1 1 1 1 0 1 0 5 1 0 1 0 0 0 0 0 0 1 0 1 0 0 1 0 0 0 0 0 0 0 1 0 0 1 1 0 1 1 1 1 0 1 0 1 0 0 
0 0 1 0 1 1 0 0 1 0 1 1 0 1 1 0 1 1 1 1 1 1 0 1 0 0 1 0 0 0 1 1 1 0 0 1 1 0 0 1 1 1 0 1 0 1 0 1 1 0 0 1 0 1 0 1 0 1 0 0 0 1 0 1 1 1 0 1 0 0 0 0 0 0 0 0 0 0 1 0 1 0 0 1 0 89 0 1 1 1 1 1 1 1 0 0 1 0 0 1 1 1 0 0 0 1 1 0 0 0 0 0 0 1 1 0 0 0 0 0 0 1 0 
1 0 0 1 0 1 1 1 1 1 0 0 1 0 0 0 1 1 1 1 0 0 0 0 1 1 1 1 0 1 0 1 1 1 0 0 0 0 0 1 0 1 1 1 1 0 1 1 0 0 1 0 1 0 1 0 1 0 0 1 1 0 0 0 1 1 0 0 1 0 0 1 0 1 1 0 1 0 1 0 1 0 0 1 1 0 80 1 0 1 1 1 1 0 1 0 1 0 0 1 0 0 0 0 1 0 1 0 0 1 1 0 1 0 1 0 0 0 1 0 1 0 0 
0 0 0 0 0 0 1 1 0 0 0 0 0 1 1 0 1 1 0 0 0 0 0 0 0 0 0 1 0 1 0 1 1 0 0 0 1 0 1 1 0 0 0 1 1 1 1 1 0 0 1 1 1 1 0 1 1 1 0 1 0 1 1 0 0 0 1 1 1 1 0 1 0 0 0 0 0 1 1 0 1 1 0 0 1 1 1 52 0 0 1 1 1 0 0 0 1 0 0 0 1 0 1 0 1 1 1 1 1 0 1 1 1 1 0 1 0 1 1 0 0 0 0 
0 1 1 1 0 0 1 0 0 1 1 1 0 0 1 1 1 0 1 0 1 0 1 0 0 0 0 0 0 1 0 1 0 1 0 1 1 0 0 0 1 0 0 1 1 0 1 1 1 1 1 0 0 0 0 1 0 1 0 0 0 1 1 1 0 1 0 1 0 0 0 1 0 1 0 0 1 1 1 1 1 0 0 0 1 1 1 0 33 0 1 0 0 1 1 1 1 1 0 1 1 0 0 0 0 1 1 1 0 1 1 0 1 1 1 0 1 0 0 0 1 0 0 
1 1 1 0 0 0 1 0 1 0 1 1 1 0 1 0 0 1 1 1 1 1 0 1 0 1 0 0 1 0 0 0 0 1 1 1 0 0 1 0 1 1 0 0 0 1 0 1 0 1 0 0 1 0 1 0 1 0 0 0 1 0 1 0 0 0 0 1 0 1 1 0 1 0 0 1 1 1 1 0 1 1 1 0 1 0 0 0 1 44 1 0 0 1 1 0 0 0 1 1 1 1 1 0 0 1 0 0 0 0 0 1 0 1 1 0 0 0 1 0 1 1 0 
0 1 1 0 1 0 1 1 0 1 1 1 0 0 0 0 0 0 1 1 0 0 0 0 0 1 1 0 1 0 1 0 1 1 1 1 1 1 0 1 0 0 1 1 1 0 1 1 0 0 0 0 1 0 1 0 0 0 1 0 1 0 1 1 0 1 0 0 0 0 0 0 0 0 1 0 1 0 0 1 1 1 1 1 1 0 0 0 0 0 94 0 1 1 0 0 0 0 0 1 1 1 0 1 0 1 0 1 1 0 0 0 0 1 0 1 1 0 1 1 1 0 0 
0 0 0 0 1 1 0 1 1 1 1 0 1 1 1 0 1 0 1 0 0 1 0 0 0 0 1 1 0 1 0 1 1 1 0 0 1 1 1 1 0 0 0 0 1 0 0 0 0 0 0 1 0 1 1 0 1 0 0 0 0 0 0 1 1 0 0 0 0 0 0 0 0 1 1 1 1 1 0 0 1 1 1 0 0 1 1 0 0 0 0 7 0 0 0 0 1 0 0 0 0 1 1 0 0 1 1 0 1 0 1 0 0 1 1 0 0 0 0 0 0 1 1 
0 1 1 1 1 0 0 1 0 1 0 1 1 1 1 0 1 1 1 0 0 0 0 1 0 1 0 0 1 1 1 0 0 1 0 0 1 1 0 1 0 1 1 0 0 1 0 0 0 1 1 0 1 1 0 1 1 1 0 0 1 0 0 0 0 1 1 1 1 1 0 0 0 0 1 1 1 1 0 1 1 0 1 0 0 1 1 0 1 0 1 0 54 0 0 0 1 0 1 0 0 0 1 1 1 1 0 1 0 1 1 1 0 0 0 0 1 1 0 0 1 0 1 
0 1 0 0 0 1 1 1 1 1 1 1 1 0 1 0 1 0 1 1 0 1 0 1 1 0 1 1 0 1 0 1 0 1 0 1 0 1 1 1 1 0 1 0 1 0 0 1 0 0 0 1 1 0 0 0 1 1 0 0 1 1 0 0 1 1 0 1 0 0 0 1 1 1 1 1 1 0 1 0 0 0 1 0 1 1 0 1 0 0 0 1 1 34 1 1 0 1 0 0 1 1 0 1 1 1 0 0 0 1 1 1 0 1 0 1 1 1 1 0 1 1 1 
0 1 1 0 1 0 0 1 1 1 0 1 0 1 0 0 0 0 1 1 1 0 1 0 1 0 0 1 1 1 0 0 0 1 1 0 1 1 1 1 0 1 1 1 1 1 1 1 1 0 0 1 1 1 1 0 0 0 1 0 0 1 1 0 0 0 0 0 0 1 1 1 0 0 0 0 0 0 0 0 1 1 1 0 0 1 0 0 1 1 0 0 0 0 72 1 1 1 1 1 0 0 1 0 1 1 0 0 1 0 0 1 1 1 1 1 0 1 1 0 0 1 1 
0 1 0 1 0 1 0 0 0 1 1 0 0 1 0 1 0 0 0 0 0 0 0 1 1 1 0 0 1 0 1 1 0 1 0 0 1 1 0 1 0 0 0 1 1 1 0 1 0 0 0 0 0 0 1 0 0 0 0 0 1 1 1 0 0 1 1 1 0 0 1 1 1 0 0 1 1 1 0 1 0 0 0 1 0 0 0 1 0 0 0 0 1 0 0 40 0 0 0 1 1 1 0 1 0 0 0 0 0 0 0 1 1 0 1 1 1 0 1 1 1 0 1 
1 1 0 1 0 0 1 0 1 1 1 1 0 1 1 0 1 1 0 0 1 1 1 0 0 1 0 0 1 1 1 0 1 1 0 0 0 1 1 0 1 0 1 1 0 1 1 0 1 0 1 0 1 1 0 1 1 0 1 1 0 0 0 1 0 1 1 0 0 1 0 0 0 0 1 1 1 1 1 0 1 1 0 1 1 0 0 0 1 1 0 0 0 0 1 1 51 1 0 0 0 0 0 1 0 0 1 1 1 1 0 1 1 0 0 0 1 0 1 0 0 1 0 
1 0 0 0 0 1 1 0 0 1 1 0 0 0 1 0 0 0 0 0 1 1 1 0 0 1 1 1 1 1 0 1 1 1 0 1 1 1 0 1 1 0 1 1 1 0 1 1 0 1 0 0 1 1 0 1 1 0 0 0 1 0 0 1 1 0 1 0 1 0 0 1 1 0 0 0 1 1 0 1 1 1 0 1 1 1 1 0 1 1 0 1 1 0 1 1 1 75 0 1 0 0 1 0 0 0 1 1 1 0 0 1 1 0 1 0 1 1 1 0 0 0 0 
1 0 0 0 0 1 0 0 1 1 1 0 1 1 0 0 0 0 1 1 1 0 0 0 1 0 1 1 1 0 1 0 1 1 0 0 0 0 0 0 1 0 1 1 1 0 0 1 0 1 0 1 0 0 1 1 1 1 0 1 1 1 1 0 0 0 0 0 1 0 1 1 1 1 0 0 1 1 1 1 0 1 0 1 0 0 0 1 0 0 0 1 0 1 1 0 1 0 0 1 1 0 0 1 1 0 0 0 1 0 0 0 0 0 0 0 0 0 1 1 0 1 0 
0 0 0 1 0 1 0 1 1 0 0 1 0 0 0 1 0 0 0 1 0 0 0 0 0 1 0 0 1 1 0 0 1 1 0 0 1 1 1 1 1 0 0 1 1 1 0 0 0 0 0 1 1 0 0 0 1 1 0 1 1 1 0 0 1 0 0 1 1 0 1 0 0 1 0 0 1 1 1 1 1 1 0 0 1 0 0 0 1 1 1 0 0 1 1 0 1 1 0 53 0 0 0 1 0 0 0 1 0 0 1 1 0 1 0 1 0 0 0 1 0 0 1 
0 0 0 0 1 0 0 1 0 1 1 1 1 0 1 0 1 1 1 0 1 1 1 0 0 0 0 1 1 0 0 1 0 1 0 0 1 0 0 0 0 1 1 1 0 1 1 1 1 1 0 1 1 0 0 1 0 1 0 0 1 0 1 0 1 1 1 0 0 1 0 1 0 1 1 0 0 0 1 0 0 1 0 1 1 1 0 0 1 0 1 1 0 0 0 0 0 0 1 1 36 0 1 0 1 1 1 0 0 1 1 1 0 0 1 1 1 0 1 1 0 1 1 
0 1 0 0 0 1 1 0 0 1 0 0 0 0 1 0 1 0 1 1 0 0 0 0 0 0 1 0 0 0 1 0 1 1 0 1 0 0 1 1 1 1 0 1 0 0 0 1 1 1 0 1 0 0 1 1 1 1 1 1 0 1 0 1 0 0 1 1 1 1 1 0 0 1 1 1 1 1 0 1 1 1 0 0 0 0 0 1 0 0 0 0 0 1 0 1 0 1 0 0 1 37 1 0 0 0 0 0 0 1 0 1 1 1 1 1 1 1 0 1 0 0 1 
1 1 1 0 0 0 0 1 0 1 1 1 1 1 1 1 0 0 1 0 0 1 0 0 1 1 1 0 0 0 0 1 1 0 1 0 0 1 1 1 1 1 0 1 1 1 0 1 1 1 1 1 0 0 0 1 1 1 1 1 1 1 1 0 1 1 1 1 0 0 0 1 0 0 1 1 1 0 0 0 0 1 1 0 0 1 1 1 0 0 0 1 1 1 0 1 0 1 1 0 1 1 9 0 1 0 1 1 0 1 0 0 0 1 1 1 1 1 1 1 0 0 0 
0 0 1 1 0 1 0 1 0 0 0 1 0 0 1 0 1 0 0 0 1 1 1 1 1 1 0 0 1 1 0 0 0 0 1 1 0 1 1 1 0 1 0 1 1 0 1 0 0 1 1 0 1 0 1 1 0 1 0 0 0 0 1 0 1 1 0 0 1 0 1 0 1 0 1 1 0 0 0 0 1 1 1 1 0 1 0 0 1 0 1 1 1 0 1 0 0 0 1 1 1 0 1 1 0 1 0 0 1 1 0 0 0 1 1 0 1 1 1 0 0 1 0 
1 1 0 0 0 1 1 0 1 1 0 1 0 1 0 1 1 0 0 0 0 1 0 0 1 1 0 0 0 1 0 0 0 1 0 0 0 1 0 1 1 1 0 1 1 0 0 0 1 0 1 1 1 1 0 1 1 0 1 1 1 1 0 0 1 0 0 1 0 0 1 0 1 0 0 0 1 0 0 0 1 1 0 0 0 1 0 1 1 0 0 1 0 0 0 0 1 1 0 0 1 0 1 1 49 1 0 1 0 1 0 1 1 0 0 1 0 0 0 1 0 0 0 
0 1 0 0 1 0 1 0 0 0 0 1 1 1 0 0 0 1 1 0 0 1 1 0 1 0 1 1 0 0 0 1 0 1 1 1 0 0 0 0 1 1 1 0 1 1 0 0 1 1 0 1 0 1 0 1 0 1 0 0 0 0 1 1 0 1 0 0 1 1 1 1 1 1 0 1 1 0 0 1 1 1 1 0 1 0 0 1 1 0 0 1 0 1 1 1 0 1 1 0 1 0 1 1 0 64 1 0 0 1 1 1 1 1 0 0 0 1 0 0 1 1 0 
0 0 0 0 1 0 1 0 1 0 0 1 1 1 0 0 1 1 1 0 0 0 1 1 0 0 0 0 1 0 0 1 0 0 1 0 1 0 0 1 1 1 0 1 1 1 0 0 0 0 1 0 0 0 1 1 0 0 1 0 1 0 1 1 0 1 1 1 0 1 1 1 1 1 0 1 1 1 0 1 1 0 0 1 0 0 0 1 0 0 1 0 1 1 1 1 1 1 0 1 1 0 1 0 0 0 60 0 1 0 0 1 1 1 1 0 1 1 1 1 1 1 0 
0 1 1 1 1 1 1 1 0 1 0 1 1 1 0 1 0 1 1 1 1 0 0 0 1 1 1 0 1 1 0 0 0 1 0 0 1 0 0 1 0 1 1 0 0 1 1 1 0 0 1 0 0 0 0 0 0 0 1 0 1 1 0 0 0 1 1 1 1 0 1 1 1 0 0 1 1 0 0 1 0 1 0 1 1 0 0 1 0 0 1 1 1 1 0 0 1 1 0 1 0 1 0 0 1 1 0 79 1 0 0 1 0 1 0 1 1 1 1 0 0 0 0 
0 1 1 1 1 1 1 0 1 1 0 0 0 1 1 1 0 1 0 1 1 1 0 0 0 0 1 1 1 0 0 0 0 0 1 1 0 0 1 0 1 0 1 0 0 0 1 0 1 1 1 0 1 1 0 1 0 0 1 0 0 1 0 1 1 0 0 0 0 0 0 0 0 0 0 1 0 1 0 0 0 1 1 1 0 0 0 0 1 0 0 1 1 1 1 1 1 1 1 0 0 1 1 1 1 0 0 1 15 1 0 0 1 0 0 0 1 1 0 0 0 0 0 
1 1 1 0 1 1 0 1 1 0 1 1 0 1 1 1 1 1 0 0 1 1 1 1 1 0 0 0 0 1 1 1 0 1 1 1 0 0 0 0 0 0 1 1 1 1 1 1 0 0 1 1 1 0 1 0 1 0 0 0 0 0 1 1 1 0 1 1 0 1 0 0 1 0 1 1 1 1 1 0 0 1 0 1 0 0 1 0 0 1 1 0 1 0 0 1 0 1 1 1 1 1 0 1 0 1 1 1 1 95 0 1 0 0 1 1 1 0 1 0 0 1 1 
0 0 0 1 1 1 0 0 0 1 1 1 1 1 0 1 1 0 0 1 0 1 1 1 0 1 1 1 0 1 0 1 1 0 1 1 1 1 1 0 1 1 0 1 1 1 1 0 0 1 0 1 1 1 1 1 1 0 1 0 1 0 1 0 0 1 0 0 0 1 0 0 1 1 1 1 0 1 0 0 0 1 0 0 0 0 1 1 1 1 1 1 1 0 0 1 1 0 0 0 0 0 1 1 0 0 0 1 0 1 29 1 0 1 0 1 1 0 0 1 0 1 1 
1 0 0 0 1 1 1 1 0 0 1 0 0 1 1 1 1 0 0 0 1 1 1 0 0 0 1 0 1 1 0 1 0 0 1 1 1 0 0 0 1 0 1 0 1 1 1 1 1 1 0 1 0 1 1 1 1 1 1 0 0 1 1 1 0 1 1 1 1 0 0 0 1 0 1 1 0 1 0 1 0 1 1 0 0 0 1 0 0 0 0 0 1 0 0 1 1 0 0 1 1 0 1 1 1 1 1 0 1 1 1 65 0 0 1 0 0 0 0 0 1 1 0 
0 0 0 1 1 1 0 0 1 0 1 0 1 1 0 0 1 1 0 0 0 0 1 1 1 0 1 1 1 1 1 1 0 1 1 1 1 1 1 1 1 0 1 1 0 1 1 0 1 1 0 0 1 0 1 0 0 0 1 0 1 0 1 0 1 0 1 1 0 0 1 0 0 1 0 0 0 0 0 1 0 1 0 0 1 0 0 1 0 1 1 0 0 1 0 1 1 0 1 0 1 1 0 0 0 1 1 0 1 1 0 0 8 1 1 0 1 1 0 0 1 0 0 
1 0 0 0 0 0 0 0 1 1 0 1 0 0 1 0 1 0 0 1 1 1 1 1 1 0 1 0 1 1 0 0 1 0 1 0 0 0 1 0 0 0 1 0 0 0 1 0 0 1 1 1 1 0 0 1 0 0 1 1 0 1 1 1 1 1 0 0 0 0 0 1 1 0 0 0 1 0 0 1 0 0 1 1 1 0 0 0 1 0 1 1 0 1 0 1 1 1 1 0 0 1 1 0 1 0 1 0 1 0 1 0 0 16 1 1 1 1 1 1 0 0 1 
0 1 1 1 0 0 1 1 1 0 0 1 0 0 0 1 0 0 1 0 1 1 1 0 1 0 1 0 1 1 1 1 1 0 0 0 0 0 1 0 0 0 0 0 0 0 0 0 1 1 0 0 0 1 1 0 0 1 0 1 1 0 0 1 0 1 1 1 0 0 0 0 0 0 1 1 0 0 1 0 0 0 0 0 1 0 0 1 1 0 0 1 1 0 0 1 0 1 1 1 1 0 1 0 0 1 0 0 1 1 0 1 0 1 3 0 0 1 1 1 1 0 1 
0 0 1 0 1 0 1 1 0 0 1 1 0 0 1 1 0 1 0 1 0 1 1 0 0 1 0 0 1 1 1 0 0 0 0 1 1 1 1 0 0 1 0 0 0 1 1 0 0 1 0 1 0 1 1 1 0 0 0 0 1 0 1 1 0 0 1 0 1 0 1 1 1 0 0 1 1 0 1 0 0 0 0 0 0 1 1 0 1 0 0 1 1 0 1 1 0 1 0 1 1 0 1 0 1 0 0 1 0 1 0 0 1 1 0 58 1 0 0 0 1 1 1 
1 0 1 1 0 0 1 0 1 1 1 0 0 1 0 1 1 0 0 0 1 1 0 1 0 0 1 0 0 1 1 0 1 0 1 0 1 1 1 0 0 0 1 0 0 0 1 1 1 0 1 0 0 0 1 1 0 1 1 0 1 1 1 0 1 0 0 1 0 1 1 1 1 1 1 1 1 0 1 1 1 0 0 1 0 1 0 0 0 0 1 0 1 1 0 0 1 1 0 1 1 1 0 0 0 1 0 1 1 0 1 1 1 1 0 0 1 0 0 0 1 0 1 
1 0 0 1 0 0 0 0 1 1 0 1 0 0 0 0 1 1 0 1 0 0 1 0 1 1 1 1 1 1 0 1 0 1 0 1 1 0 0 0 0 1 0 0 0 1 0 1 1 1 0 0 0 1 0 1 1 0 0 1 0 0 0 0 1 1 0 0 0 0 1 0 0 0 0 0 1 0 1 1 0 1 0 1 0 1 1 1 0 1 0 1 1 0 0 1 1 1 0 0 0 1 1 0 1 0 1 1 1 1 0 1 0 0 0 1 0 78 1 1 0 0 0 
1 0 0 1 0 0 0 0 1 0 1 0 1 1 0 1 1 0 1 0 1 1 0 1 0 0 1 0 1 0 0 0 0 0 0 1 0 0 1 0 1 0 0 0 1 1 1 0 1 0 1 0 1 1 0 0 0 1 1 0 1 0 0 1 1 1 0 0 0 0 1 0 0 1 0 0 0 0 1 0 1 1 0 0 1 1 1 1 0 0 1 0 0 0 1 1 1 1 0 0 0 0 0 1 0 0 0 0 0 1 1 1 1 0 1 0 1 1 4 0 1 1 1 
0 1 1 0 0 0 1 0 1 1 0 1 0 1 1 1 0 0 0 1 0 1 1 1 0 0 1 0 0 0 0 1 1 1 1 0 0 1 0 1 0 1 0 0 1 0 1 0 0 1 1 1 1 1 0 1 0 0 0 1 0 1 0 1 0 0 0 1 1 1 1 0 1 1 1 1 1 0 0 0 1 0 0 0 0 0 0 0 0 1 1 0 0 1 1 1 1 1 1 0 1 1 0 1 1 1 0 1 1 0 0 1 1 0 0 0 0 1 0 55 1 0 1 
0 1 0 0 1 0 0 1 1 0 1 0 1 1 0 1 0 0 1 0 0 0 0 0 0 1 1 1 0 0 0 1 0 1 0 1 1 1 1 0 1 0 1 1 1 0 1 1 1 1 1 0 0 1 0 0 0 0 1 1 1 0 1 0 1 1 1 1 1 1 1 1 0 0 0 0 1 0 1 0 1 1 0 1 1 0 1 1 1 1 1 0 1 1 1 1 0 0 1 1 0 0 0 1 1 1 0 1 1 0 0 1 0 1 0 1 1 0 1 0 70 1 1 
1 0 0 0 0 1 0 0 1 1 1 1 0 0 1 1 1 1 1 0 0 0 1 0 1 0 0 1 0 1 1 1 0 0 1 0 1 1 1 0 1 1 0 1 0 1 0 1 1 0 1 1 0 1 0 1 1 1 1 0 0 0 0 0 0 1 1 1 1 1 1 1 0 0 1 0 0 1 1 0 0 1 0 1 1 0 0 0 1 1 1 1 1 0 0 1 1 0 1 1 0 1 1 0 1 0 0 1 1 0 1 1 0 1 0 1 0 0 0 1 1 60 0 
1 0 1 1 0 0 0 1 0 0 1 1 0 0 1 0 0 1 0 0 1 0 0 0 0 0 0 1 0 0 1 0 1 1 1 1 1 1 1 1 1 1 1 1 0 0 0 0 1 0 0 1 1 0 1 0 0 1 0 1 0 1 0 0 1 0 0 0 0 1 1 1 1 0 1 1 0 1 1 0 1 1 1 1 1 0 1 1 0 1 1 1 0 1 1 0 1 1 0 0 0 1 0 0 1 1 0 1 1 0 1 1 1 1 0 0 1 1 0 1 1 1 77 
