100
16 1 1 1 1 0 1 1 1 0 0 0 1 0 1 0 0 0 0 1 1 1 0 0 1 1 1 0 1 1 1 1 0 0 1 0 0 1 1 1 0 1 0 0 0 1 1 0 1 1 0 1 0 0 1 0 0 1 1 1 0 1 1 0 1 0 1 1 0 1 1 1 1 1 0 1 1 1 1 0 0 0 1 1 0 1 0 1 0 1 1 0 0 1 1 0 1 1 0 0 
1 87 0 1 1 1 0 1 1 0 1 1 1 0 0 1 1 0 0 1 0 1 1 1 0 1 1 1 1 0 1 1 1 0 0 1 1 0 1 0 1 0 1 0 1 1 0 1 1 0 1 1 0 1 1 0 1 1 0 0 0 1 0 1 1 0 1 0 1 1 0 1 0 1 1 1 1 1 0 0 0 1 0 1 1 0 0 0 1 0 0 1 1 0 1 1 0 1 1 1 
0 0 50 0 1 1 1 0 0 1 0 0 1 1 1 0 0 1 1 0 0 1 0 1 1 1 0 1 1 0 0 1 0 0 1 0 1 0 1 1 1 1 1 1 0 1 1 1 1 1 0 0 1 1 0 0 1 0 0 0 0 0 0 0 1 1 0 1 1 1 0 0 1 1 1 0 0 1 0 0 0 0 0 1 0 0 1 0 1 0 1 0 1 0 0 1 1 0 1 1 
0 0 1 52 1 1 1 1 0 1 0 1 0 1 1 0 0 0 0 0 1 1 0 0 1 0 0 0 1 0 1 0 1 0 0 1 1 0 1 0 0 1 1 1 0 0 1 1 0 0 1 1 0 1 0 0 1 1 1 1 1 1 1 0 0 0 0 1 1 0 0 0 0 1 1 0 1 0 1 1 1 0 1 0 1 1 1 1 1 0 0 1 1 1 0 0 0 0 0 1 
0 1 1 0 14 1 0 1 1 0 1 1 1 1 1 1 1 0 1 1 0 1 0 0 1 0 0 1 0 1 0 0 0 0 0 1 0 1 0 1 1 1 0 0 1 0 1 1 0 0 0 1 0 0 0 1 0 0 1 0 1 0 1 1 1 1 0 0 0 0 0 0 1 0 0 1 1 0 1 1 0 0 1 1 1 0 1 1 0 1 0 0 1 1 1 1 1 1 0 1 
1 0 0 1 0 2 1 0 1 1 1 1 1 0 1 1 1 1 0 1 0 0 1 0 1 0 1 1 0 1 1 1 0 1 1 0 1 1 1 0 0 1 1 1 1 0 0 0 1 1 0 0 0 1 0 1 1 0 0 1 0 0 0 0 1 0 1 1 0 0 0 0 1 0 0 1 1 1 0 1 0 0 1 0 1 1 1 0 1 0 0 1 1 1 0 0 0 0 1 1 
0 1 0 1 1 1 85 1 1 0 1 0 1 1 1 1 1 0 1 0 0 1 1 0 1 1 0 0 0 0 1 1 1 0 1 1 1 0 0 1 1 1 1 1 1 1 1 1 1 0 0 1 0 1 1 0 1 1 1 1 1 0 0 0 0 1 0 0 0 1 0 0 1 0 0 1 0 0 0 1 1 0 1 0 1 1 1 1 1 1 1 0 1 1 1 0 1 0 1 1 
1 1 1 1 0 1 1 63 1 0 1 1 0 1 1 1 0 0 1 0 0 0 1 0 0 1 1 1 0 1 0 1 1 0 0 1 0 1 0 1 0 0 0 1 1 1 1 0 0 1 1 0 1 0 1 1 1 1 1 1 0 0 1 1 1 1 0 1 1 0 1 1 1 1 1 1 0 0 1 0 1 0 1 0 1 0 1 1 0 1 1 0 0 1 1 0 1 0 1 0 
0 0 1 1 1 1 0 1 98 0 0 1 0 0 0 1 0 0 0 0 1 1 0 1 1 0 1 0 1 1 0 1 0 1 1 1 1 0 0 0 0 0 1 1 1 1 1 1 1 1 0 1 1 0 1 1 1 0 1 1 0 0 0 1 1 0 1 0 1 1 0 0 1 0 0 1 1 1 1 1 1 1 1 1 0 1 1 1 1 1 0 1 0 1 0 0 0 1 1 1 
0 1 0 0 1 0 0 0 1 32 1 0 0 1 1 1 0 0 1 1 1 0 1 1 0 0 0 0 1 0 0 1 1 0 1 1 1 1 0 1 0 1 0 1 0 1 0 0 1 0 1 1 1 0 0 1 0 1 0 1 1 0 1 1 0 1 1 0 0 0 1 0 0 0 0 1 1 1 0 1 0 1 1 1 0 1 0 0 1 1 0 1 1 1 1 1 0 0 0 0 
0 1 0 0 1 1 0 1 1 1 31 0 1 1 1 0 0 0 1 0 1 1 1 1 1 1 1 0 1 0 0 1 1 0 1 1 0 1 0 0 0 0 0 1 0 0 1 1 0 0 1 0 1 1 1 0 1 0 0 0 0 0 1 0 1 1 1 1 1 1 1 0 0 0 1 1 1 1 1 0 1 0 1 0 1 1 1 1 0 0 0 1 1 0 1 1 1 1 0 0 
0 0 0 0 0 1 1 0 1 0 1 75 1 0 1 0 1 1 1 0 1 1 0 1 0 0 0 0 1 0 1 0 0 1 0 1 1 0 0 1 1 1 1 1 0 1 0 1 0 0 0 0 0 0 0 0 0 1 1 1 1 0 1 1 1 1 0 1 1 1 0 1 1 1 0 1 0 0 1 1 0 0 0 1 0 1 1 0 0 1 0 0 1 1 1 1 0 1 1 0 
1 0 1 0 1 1 1 1 1 1 0 1 24 0 1 0 0 1 0 1 1 1 0 1 0 1 1 1 1 0 0 1 0 1 1 1 0 0 0 1 0 1 1 1 1 1 1 0 1 1 1 1 1 1 1 1 1 1 1 0 1 1 1 0 1 1 1 1 0 0 1 0 0 0 1 1 1 1 1 0 1 1 1 1 0 0 0 1 1 1 1 1 0 1 0 1 0 1 0 0 
1 0 1 0 1 1 1 1 0 1 1 1 1 18 0 1 0 0 1 0 0 0 1 0 0 0 1 0 1 0 1 0 0 1 1 1 1 1 1 1 1 0 1 1 1 1 1 1 0 1 1 1 0 0 1 0 0 1 1 1 1 0 1 0 0 1 0 1 1 1 1 1 0 1 0 0 1 0 1 0 1 0 0 1 1 1 0 0 0 0 1 0 0 1 0 1 1 0 1 0 
1 1 1 1 1 1 1 0 1 0 1 1 0 0 48 1 0 1 1 1 1 1 1 1 0 1 1 1 1 0 0 1 1 1 0 0 1 1 0 0 1 1 1 1 1 1 1 1 1 1 1 0 0 0 1 0 0 1 1 1 1 0 1 1 1 1 0 0 1 0 0 0 0 1 1 0 0 1 0 1 0 0 0 1 0 0 0 1 1 1 1 1 1 0 1 1 1 1 0 1 
1 0 1 1 1 1 0 0 0 0 1 0 0 1 0 84 1 1 0 0 1 0 1 1 0 1 0 0 1 0 0 1 0 0 1 1 1 0 0 1 0 1 1 0 0 0 1 0 0 1 1 1 0 1 1 0 1 1 0 1 0 1 1 1 1 0 1 1 1 1 0 1 0 1 0 1 1 1 0 0 1 0 1 1 1 1 0 1 1 1 1 1 1 1 1 1 1 0 1 0 
1 1 0 1 1 1 0 0 1 0 1 1 0 1 1 1 40 1 0 1 0 1 1 1 1 1 1 1 0 0 0 1 0 1 0 1 1 0 1 1 0 1 0 1 1 1 0 1 0 1 1 1 0 1 0 1 1 1 0 1 1 1 0 0 1 1 1 0 0 1 0 1 1 0 0 0 1 1 0 0 1 0 1 0 1 0 1 0 0 1 0 0 0 1 1 1 0 1 1 0 
1 1 1 0 1 1 1 1 1 0 0 1 0 0 0 1 1 45 0 1 0 0 1 0 1 1 1 1 0 1 1 1 1 1 1 1 1 1 1 0 0 1 1 1 0 1 0 0 1 0 1 1 0 0 1 1 1 0 0 1 1 1 1 1 0 0 1 1 0 1 0 0 1 0 0 0 0 1 0 1 0 0 1 0 1 0 0 0 1 0 0 1 1 0 1 1 1 0 1 1 
0 0 0 0 1 1 1 1 1 0 1 0 1 1 1 0 1 1 67 1 1 0 1 0 1 1 1 1 1 0 1 1 1 1 1 0 0 1 0 1 1 1 1 0 1 0 1 1 0 0 1 1 0 1 1 0 1 0 0 1 1 0 1 1 1 1 1 1 1 1 1 1 1 1 1 1 0 0 0 0 1 1 0 0 0 1 0 1 1 0 0 0 1 0 0 0 1 1 1 1 
0 1 1 1 1 1 1 1 0 1 1 0 1 1 1 1 1 1 1 48 1 0 0 1 0 1 1 0 0 1 1 0 0 0 0 1 1 0 1 1 0 1 0 0 1 1 0 0 0 1 1 1 1 1 1 1 0 1 1 0 1 1 0 0 1 0 1 0 1 0 0 1 1 1 0 1 0 1 0 1 0 0 0 0 1 0 1 1 0 0 1 0 1 0 1 1 1 0 1 0 
1 1 0 0 1 1 1 0 1 0 1 0 1 1 1 1 1 0 1 1 68 1 0 1 1 1 0 0 1 1 0 0 0 1 1 1 1 1 1 1 1 1 1 0 0 0 1 0 1 1 0 0 0 0 0 1 1 1 1 1 0 1 1 0 1 1 1 0 1 0 1 1 1 1 0 1 0 0 1 1 0 1 1 1 1 1 1 0 1 0 1 1 0 0 1 1 0 1 1 0 
1 0 0 1 1 0 1 1 1 1 1 1 1 1 0 0 1 1 0 1 1 23 1 1 1 1 1 1 0 1 0 1 1 1 0 1 1 1 0 1 0 1 0 0 0 0 1 0 1 1 0 1 1 0 1 1 1 0 1 1 0 1 1 1 0 0 1 1 1 0 1 0 1 1 1 0 1 0 1 1 1 1 0 1 1 1 1 1 1 0 0 0 0 0 1 0 1 0 0 1 
0 0 1 1 0 1 1 0 1 1 1 1 0 1 0 1 1 0 1 1 0 0 26 1 0 1 1 1 1 0 0 0 0 0 0 1 1 1 0 1 1 1 1 1 1 1 1 0 0 1 1 1 0 1 1 1 1 1 1 0 1 1 1 1 1 0 1 1 0 1 0 0 1 0 1 0 1 0 0 1 0 1 0 0 0 0 1 1 1 1 1 0 0 1 0 1 1 1 1 0 
1 1 1 0 1 1 1 0 1 1 0 1 1 0 1 0 0 0 0 1 1 1 0 93 1 1 1 1 0 1 0 1 1 1 1 1 1 1 1 1 0 1 1 1 0 1 1 1 1 1 1 1 0 0 0 1 1 0 0 0 0 1 0 0 0 1 1 1 1 0 0 0 1 1 1 1 1 1 0 1 1 1 1 1 1 1 1 1 1 0 0 0 0 1 0 1 1 0 0 1 
1 0 1 1 1 0 1 0 0 1 1 0 1 0 1 1 1 1 1 1 1 1 1 0 2 1 1 1 0 1 1 1 1 0 0 1 0 0 1 1 0 1 1 0 1 0 1 1 1 1 1 1 0 1 0 1 1 1 1 1 1 1 0 1 0 1 1 1 1 1 0 0 1 1 1 1 1 1 0 0 1 0 0 1 1 1 1 1 0 1 0 1 0 1 1 1 0 1 0 0 
1 1 1 0 1 1 1 1 0 1 0 0 1 0 1 1 1 1 1 0 1 1 0 0 1 49 0 1 0 1 1 1 1 1 1 1 0 1 0 1 0 1 1 0 1 0 1 1 1 1 1 0 0 1 1 0 0 1 1 0 1 1 1 1 0 0 0 1 1 0 0 0 1 0 1 1 0 0 1 0 1 1 1 0 0 1 1 1 0 0 1 1 1 0 0 1 0 1 1 0 
0 1 1 1 1 0 0 0 1 0 1 1 1 1 1 0 1 1 1 0 0 0 0 0 1 0 74 0 1 0 1 1 1 1 1 0 1 0 0 1 1 1 1 1 0 1 1 0 1 1 1 1 0 0 1 0 1 1 1 0 0 1 0 1 0 0 1 0 1 1 0 0 0 0 1 1 1 1 1 1 1 1 1 0 0 1 0 0 0 0 0 0 0 1 0 0 0 1 1 0 
0 1 0 0 1 1 1 0 1 0 0 0 0 0 1 1 1 1 0 1 0 1 1 1 0 1 1 63 1 0 1 1 0 1 1 1 1 0 0 1 1 1 1 0 1 1 0 1 0 1 0 1 1 0 1 1 0 1 1 1 1 1 1 1 1 0 0 1 1 0 0 1 0 0 1 0 0 1 1 1 0 1 1 0 1 1 1 1 1 1 0 0 1 0 0 1 1 0 0 0 
1 0 0 1 1 1 1 0 1 0 1 1 0 1 1 1 1 0 0 1 1 1 0 0 0 1 0 1 33 0 1 0 0 1 1 1 1 0 1 1 1 1 1 0 1 1 0 1 1 1 1 1 0 1 0 1 1 0 1 1 1 1 1 1 1 1 1 1 0 1 0 0 1 1 0 1 1 1 1 1 0 1 1 0 0 1 1 1 1 1 1 1 1 1 1 0 1 1 0 1 
0 0 0 1 1 0 1 1 0 0 1 1 1 1 1 1 0 1 1 1 0 1 0 1 0 1 1 1 0 44 0 1 1 1 1 1 1 1 1 1 1 0 1 1 0 1 1 0 1 1 1 1 1 0 0 0 0 0 1 0 1 1 1 0 0 0 0 1 1 1 1 1 0 1 1 1 1 1 0 0 0 1 1 1 1 0 1 0 1 0 0 1 1 1 1 0 1 0 1 1 
0 1 1 1 1 0 0 1 1 1 0 1 0 1 1 1 0 1 0 0 1 1 0 1 1 0 0 1 0 0 30 1 0 0 0 1 1 1 0 0 1 1 0 0 1 1 1 1 1 0 0 0 0 1 1 0 1 1 0 1 1 0 0 1 1 0 1 1 1 1 1 0 1 0 0 0 1 1 1 0 0 0 1 1 1 0 1 0 1 1 1 0 0 1 1 1 1 0 1 0 
0 1 0 0 1 1 1 1 0 0 0 0 1 1 1 1 0 1 1 1 1 1 1 0 1 1 1 0 1 1 1 56 1 1 1 1 0 1 0 0 1 0 1 1 0 0 1 1 0 0 0 1 1 0 0 1 0 0 1 0 1 1 1 1 1 0 1 0 1 1 0 0 1 0 0 1 1 0 1 1 0 1 0 1 1 0 1 1 0 1 0 0 1 1 0 1 1 0 1 1 
1 1 1 1 1 1 1 0 1 1 1 0 1 0 1 0 0 1 0 0 0 0 1 0 1 0 0 0 1 0 1 1 31 0 0 1 1 1 0 1 1 0 1 1 1 1 1 1 0 0 0 1 0 0 0 1 1 0 1 0 0 0 1 0 0 0 0 0 0 1 0 0 0 0 1 1 1 0 0 1 1 0 0 0 1 1 0 0 1 1 1 1 0 1 1 0 0 1 1 1 
0 1 1 1 1 1 0 1 0 1 0 0 0 1 1 1 0 1 0 0 1 1 1 0 1 1 1 1 1 0 1 0 1 71 0 0 1 1 0 1 0 0 1 1 1 1 1 1 1 1 0 1 0 1 1 0 1 1 1 0 1 1 1 0 1 1 0 0 1 1 1 1 1 1 1 0 0 0 1 1 1 1 0 1 0 1 1 1 0 1 0 0 1 0 0 0 1 1 0 0 
1 1 1 0 1 1 0 1 1 1 1 0 1 1 1 1 1 0 0 1 0 1 1 1 0 1 0 1 1 1 1 0 1 1 2 1 1 1 1 1 1 1 0 1 1 1 0 1 1 1 0 1 0 1 1 1 0 0 1 1 0 0 0 0 1 1 1 1 1 1 0 1 1 1 1 1 1 1 0 0 1 0 0 1 0 1 1 0 1 1 1 1 1 0 0 0 0 1 0 1 
1 1 0 1 0 1 0 0 1 1 1 1 1 0 1 1 0 1 1 0 1 1 0 1 0 1 1 1 1 0 1 1 0 1 1 16 1 1 0 1 1 0 1 0 0 1 1 0 1 1 0 1 1 0 0 0 0 1 1 0 1 1 0 1 0 1 0 1 1 1 1 1 1 1 1 0 0 1 1 1 1 1 0 0 1 1 1 0 1 1 0 1 0 1 1 0 0 1 1 1 
1 1 1 0 0 0 1 0 1 1 1 0 1 0 1 1 1 0 0 1 1 0 0 0 0 1 0 1 0 1 1 1 1 0 1 0 77 0 0 1 1 1 0 1 1 0 1 0 0 1 1 0 0 1 0 0 1 1 0 0 0 1 1 1 0 0 1 0 0 1 1 1 0 1 0 0 1 0 0 1 1 1 1 1 0 1 1 1 0 0 0 1 1 0 1 0 1 0 0 0 
0 1 0 1 0 0 1 0 0 0 1 1 1 0 0 0 1 1 1 1 0 1 1 1 0 1 0 1 0 1 0 1 1 1 1 0 0 15 1 1 0 0 1 1 0 1 1 0 1 1 0 0 1 1 0 0 1 1 1 1 1 1 0 1 1 1 0 1 1 1 0 1 0 1 1 1 1 0 1 0 1 0 0 1 1 1 1 1 1 0 1 0 1 1 1 0 0 1 0 0 
0 0 1 0 0 0 1 1 1 1 1 0 0 0 1 1 1 0 1 0 1 1 0 1 1 1 0 1 1 1 1 1 0 0 1 0 0 0 35 1 0 0 1 1 1 1 0 1 1 0 1 1 1 1 0 1 1 1 1 1 1 0 1 0 1 0 1 1 1 0 1 1 1 1 0 1 0 1 0 0 0 1 1 0 0 0 1 1 1 1 0 1 1 0 1 0 0 1 0 1 
1 0 1 0 1 1 0 0 1 0 0 1 1 1 1 0 0 1 1 1 1 1 1 0 0 1 0 1 1 1 0 1 1 1 0 0 0 1 0 3 1 1 0 1 1 0 0 0 1 1 0 1 0 0 1 1 0 0 1 1 1 1 0 1 1 0 0 1 1 0 1 1 1 0 0 1 1 0 1 1 1 0 1 0 0 1 0 1 1 1 1 0 1 1 1 1 0 0 0 0 
0 1 1 0 1 1 1 0 0 0 1 1 0 1 1 1 0 1 0 1 0 0 1 1 1 0 0 1 1 1 1 0 1 1 1 1 1 0 0 1 63 1 0 1 1 1 1 0 0 1 1 1 1 1 1 1 1 0 0 0 1 0 1 0 0 1 0 1 1 0 1 1 0 0 0 1 1 0 1 0 1 1 0 1 1 0 0 1 1 1 0 1 1 1 1 0 0 1 1 0 
1 1 0 1 0 1 1 1 1 0 1 1 0 1 0 0 1 1 1 1 1 0 0 1 1 0 0 1 0 1 1 0 1 1 1 1 0 1 0 0 0 78 1 0 1 1 1 1 1 1 1 1 1 1 1 0 1 1 1 0 1 1 1 0 1 1 0 0 0 0 0 1 1 1 1 0 0 1 1 0 1 1 0 1 0 1 0 0 1 0 0 1 0 1 1 0 1 1 1 1 
1 0 1 1 0 0 1 0 1 1 1 1 0 0 0 0 0 1 1 1 1 1 1 0 1 1 1 1 0 0 1 1 0 0 0 1 0 0 0 1 1 0 9 1 0 0 0 1 1 1 0 1 0 1 1 1 1 1 1 0 1 0 1 1 0 1 1 0 1 0 1 0 1 0 1 1 1 1 1 1 0 1 1 0 1 1 1 1 1 0 1 0 1 1 0 0 0 1 1 1 
0 1 1 0 1 1 0 0 1 0 1 1 0 1 0 1 0 1 1 0 1 1 0 1 1 1 0 0 1 0 1 1 1 1 1 1 1 1 1 1 1 1 1 22 1 1 0 1 1 1 0 0 0 0 1 0 0 0 0 0 1 0 0 1 0 1 1 0 1 1 1 1 0 1 1 1 1 1 1 1 1 1 1 1 1 0 0 1 0 1 0 1 1 1 0 0 1 0 1 0 
1 0 1 0 1 1 0 0 0 0 1 0 1 1 0 0 0 0 1 1 0 0 0 0 1 1 1 0 0 1 0 1 0 0 1 0 0 0 1 0 0 1 0 1 38 0 0 1 0 1 0 1 1 1 1 1 1 0 0 1 0 0 1 1 1 1 1 1 0 1 0 0 1 1 1 1 0 1 0 1 0 1 1 1 0 0 0 0 0 0 1 0 1 1 1 1 1 1 1 1 
1 1 1 1 1 1 1 1 1 0 0 0 1 1 0 1 0 0 1 1 0 0 1 1 1 1 1 1 1 0 0 1 0 1 1 1 1 0 1 0 0 1 0 1 1 55 1 1 0 1 1 0 0 0 0 1 1 1 0 0 0 0 1 1 1 1 1 1 1 1 0 1 1 0 1 0 1 1 0 1 1 0 1 0 1 1 0 0 1 1 1 1 1 1 0 0 1 0 1 0 
1 1 0 1 0 0 0 1 1 0 0 0 1 1 0 1 0 0 0 1 1 1 1 0 1 0 1 0 1 0 0 0 1 0 1 0 1 0 1 0 1 0 0 1 0 1 26 1 1 1 1 0 1 1 1 0 1 1 1 0 0 1 0 1 0 0 1 1 0 1 0 1 0 1 1 0 0 1 1 0 1 0 0 1 0 1 1 0 0 0 1 1 1 1 1 1 1 1 0 0 
0 0 1 0 1 0 1 1 0 0 0 1 1 0 1 0 1 0 1 0 1 1 1 1 1 0 0 1 1 1 1 1 1 1 1 1 0 1 1 1 1 1 1 1 1 1 0 45 0 1 1 0 0 0 0 0 1 0 0 1 1 1 1 1 0 1 1 0 1 1 1 1 1 0 0 0 1 0 0 0 0 1 1 1 1 1 1 0 1 1 1 0 0 1 0 0 1 0 1 1 
0 0 1 1 1 0 1 0 1 1 0 1 1 0 1 0 1 0 0 0 0 0 1 0 1 0 1 1 1 0 1 1 1 1 0 1 0 1 0 0 0 1 1 1 1 1 1 1 16 1 1 1 0 0 1 1 1 1 0 0 1 1 0 1 1 1 1 0 0 1 1 1 1 1 0 1 0 1 1 1 0 1 0 1 1 0 0 1 1 0 0 1 0 1 0 0 0 0 1 0 
0 1 1 0 0 0 0 0 1 0 1 1 1 0 1 0 0 1 0 0 0 1 0 1 1 1 0 1 1 0 1 0 0 1 0 0 0 1 0 1 1 0 0 1 1 1 0 0 0 38 0 0 1 1 0 0 1 0 1 1 1 1 0 0 0 1 0 1 0 0 0 1 0 0 1 1 1 1 1 1 1 1 1 0 0 1 1 0 1 1 0 1 1 1 1 1 1 0 1 1 
1 0 1 1 1 1 1 0 1 1 0 1 0 0 0 1 1 1 1 1 0 1 1 0 0 0 0 1 1 1 0 1 0 1 1 0 1 1 1 1 1 0 1 1 0 1 0 1 0 0 74 0 0 1 1 1 0 1 0 0 1 1 1 1 0 0 1 1 1 0 1 0 1 1 1 0 0 1 1 0 0 1 0 0 0 1 1 0 1 1 1 0 0 0 1 1 1 1 1 0 
1 1 0 1 1 0 1 1 1 1 1 0 1 1 0 0 0 0 1 0 0 0 0 1 1 0 0 1 0 0 1 1 1 0 1 1 0 1 1 1 1 1 1 1 1 0 1 0 0 1 0 8 1 0 1 1 1 1 1 0 1 0 1 1 1 1 0 1 1 1 1 0 1 0 1 1 0 1 1 0 1 0 1 1 0 0 1 1 0 0 1 1 0 1 1 0 0 0 0 1 
1 0 1 1 0 1 0 1 1 1 1 1 0 1 0 1 1 0 1 1 1 1 0 1 0 0 1 0 0 1 0 1 1 1 1 0 0 0 0 0 1 1 0 1 1 1 0 0 1 1 1 1 60 1 1 0 0 1 0 0 0 1 1 0 1 0 0 1 0 0 1 0 1 0 0 1 0 1 0 0 1 1 0 0 1 1 1 1 1 0 0 1 0 0 1 0 1 1 1 1 
1 0 1 1 1 0 1 1 1 0 0 0 1 0 1 1 0 1 1 0 1 0 1 0 0 1 1 0 0 0 0 0 1 1 0 1 1 0 1 1 1 1 1 1 1 0 0 0 1 1 0 0 0 68 0 0 1 0 1 0 0 0 0 0 0 1 0 0 0 0 1 0 0 1 1 1 0 1 1 0 1 0 0 1 0 1 0 0 1 0 0 1 1 0 0 0 1 1 1 1 
1 0 1 0 1 1 0 1 0 1 0 1 1 0 1 0 0 0 1 1 0 1 1 0 0 1 1 0 0 0 1 1 0 1 1 0 1 1 0 0 1 1 0 0 1 0 0 1 1 0 1 0 1 1 61 1 0 0 0 0 1 0 1 0 1 0 1 1 0 1 1 1 1 0 1 1 1 1 1 1 1 0 0 0 1 0 0 1 1 1 0 1 1 1 0 0 1 0 1 1 
1 1 1 1 0 0 1 1 1 0 1 0 1 1 0 1 0 1 0 0 1 0 1 0 1 0 1 1 0 1 0 0 0 1 1 1 1 1 0 1 0 1 1 0 1 0 1 0 1 1 1 0 1 1 0 61 1 0 1 0 1 1 1 0 0 1 0 1 1 1 0 0 1 0 0 0 1 1 1 1 1 1 1 0 1 1 0 1 0 1 1 0 1 0 0 0 1 1 1 0 
0 0 1 0 1 1 1 0 0 1 1 0 0 1 0 1 1 0 0 1 1 0 1 0 1 1 0 1 1 0 1 0 1 1 0 1 0 1 1 1 0 0 0 0 1 0 0 1 1 1 1 1 0 0 1 0 47 1 0 1 1 0 0 1 0 0 0 1 1 0 0 0 1 1 0 0 1 1 1 1 1 1 1 1 0 0 1 0 1 1 1 0 1 0 0 1 1 1 0 0 
0 1 0 0 1 0 0 1 1 0 1 1 0 0 0 1 1 1 1 0 1 1 1 1 0 1 0 0 0 1 0 0 1 1 1 1 0 1 1 1 1 1 1 0 0 1 0 1 1 1 1 1 1 1 0 0 1 13 1 0 1 0 1 1 1 1 1 1 1 1 0 1 0 1 0 1 1 1 0 1 0 0 1 1 0 0 1 1 1 1 1 1 1 0 0 1 0 1 1 0 
1 0 0 1 1 0 1 1 0 1 0 1 0 1 1 1 0 1 0 1 0 1 1 0 1 1 0 0 1 1 1 1 0 0 1 1 0 1 1 1 1 1 1 1 1 1 0 0 0 1 1 0 1 0 0 0 1 1 41 1 0 1 1 0 1 1 0 1 1 1 1 1 0 1 1 0 1 1 0 1 1 1 1 0 1 1 1 1 0 0 0 1 1 1 1 0 0 1 0 0 
1 1 0 1 0 1 0 0 0 1 0 1 1 0 0 1 1 1 1 0 1 1 1 1 1 1 1 1 1 0 0 1 1 0 0 0 0 1 0 0 0 1 0 0 1 1 0 1 0 1 0 0 1 1 0 0 0 0 1 83 0 1 1 0 1 1 0 1 0 1 1 1 1 0 1 0 1 1 0 1 0 0 0 1 0 1 1 0 1 1 1 1 0 0 0 1 1 1 1 1 
0 1 0 0 0 1 0 0 0 1 0 1 1 1 0 1 1 0 1 0 1 0 1 1 0 1 1 1 1 0 1 0 0 1 0 0 0 1 1 0 1 1 1 1 1 0 1 1 0 0 1 0 0 1 1 1 1 1 0 1 23 0 1 0 0 1 1 0 0 0 1 1 1 1 1 1 0 0 1 1 0 1 0 1 0 1 0 0 1 1 1 0 0 0 1 0 1 0 1 1 
0 1 1 1 0 1 0 1 1 1 0 0 1 0 1 0 1 0 1 1 1 1 0 1 1 1 0 1 0 0 0 0 1 1 1 1 1 0 0 1 0 1 0 1 1 1 1 0 1 1 1 1 1 0 1 1 0 0 1 1 0 82 0 1 1 1 1 1 1 0 1 1 1 1 1 1 1 1 0 0 1 1 1 1 0 0 1 0 0 1 1 1 1 1 0 0 0 1 0 1 
0 1 0 0 1 0 0 0 1 1 0 0 0 1 1 1 0 1 0 1 1 1 0 1 0 0 1 0 0 0 0 0 1 0 1 1 1 1 1 0 1 1 0 1 0 1 1 1 1 1 1 0 0 0 0 1 0 0 0 1 1 1 99 1 0 0 1 0 1 1 1 0 1 1 0 0 1 0 1 0 1 0 0 0 0 1 1 1 1 0 1 0 1 1 0 0 1 1 0 1 
0 1 1 1 1 1 0 0 1 1 1 0 1 1 0 0 1 0 0 0 1 0 0 1 1 0 1 0 1 1 0 1 1 1 1 0 0 1 0 0 1 1 0 0 1 0 1 1 0 1 1 1 1 1 0 1 1 0 1 1 1 1 0 89 0 1 0 1 1 1 0 1 1 1 1 0 0 0 0 1 1 1 1 0 0 1 0 0 1 0 1 1 1 1 1 1 1 1 0 0 
1 1 1 0 0 0 1 1 1 0 1 1 1 1 0 1 1 1 0 0 1 0 1 1 0 1 1 0 1 1 0 1 0 1 0 1 0 0 1 0 0 0 1 0 0 1 0 1 0 1 1 1 1 0 1 1 0 1 1 0 0 1 1 0 18 1 1 0 1 1 0 1 0 1 1 0 1 0 0 0 1 1 0 0 1 0 0 0 0 1 0 0 1 1 1 1 0 1 1 1 
1 1 1 0 1 1 0 0 0 0 0 1 1 0 1 0 1 0 0 0 0 1 1 0 0 1 1 1 0 0 1 0 1 1 1 0 0 1 1 1 1 1 1 0 1 1 1 1 0 0 1 1 1 1 1 1 0 0 1 1 0 0 0 0 0 63 0 0 0 1 0 0 1 0 0 1 1 1 0 1 1 0 1 0 1 0 1 0 0 0 1 1 1 0 0 1 1 1 1 1 
1 0 0 0 1 0 1 1 1 1 1 0 1 1 0 1 1 1 0 0 1 0 1 1 1 1 1 1 1 0 1 1 1 1 0 0 1 0 0 1 0 1 1 1 1 0 1 0 0 0 1 1 1 1 1 1 1 0 1 0 1 0 1 1 1 0 65 1 0 1 1 1 0 1 1 1 1 1 1 0 1 1 1 1 0 0 1 1 0 0 0 1 1 1 1 0 0 1 1 0 
1 1 0 0 1 1 1 0 1 1 0 1 1 1 1 0 1 0 1 0 0 0 0 1 0 0 0 0 1 1 1 1 1 0 0 0 1 0 1 0 1 1 1 0 1 0 1 0 1 1 0 1 1 1 0 0 0 1 1 1 1 1 0 0 0 1 0 93 1 1 1 1 1 0 0 1 0 1 1 1 1 0 1 1 0 1 0 0 1 1 1 1 1 1 0 1 1 0 1 0 
1 1 0 1 0 1 0 1 0 1 0 1 0 1 1 1 0 0 0 1 0 0 1 0 1 1 1 1 0 0 0 1 0 1 1 1 0 1 0 0 1 0 1 1 1 1 1 0 1 1 1 0 1 1 1 0 0 1 1 1 1 1 1 1 0 1 1 1 94 0 0 1 0 1 0 1 1 0 0 1 1 0 1 1 0 1 0 1 0 1 0 0 0 0 0 1 1 1 1 1 
1 0 1 0 1 0 1 0 1 0 0 1 1 1 1 0 0 0 1 0 0 1 1 1 1 1 0 1 0 1 0 1 0 1 1 0 1 1 1 1 1 0 1 1 0 0 1 0 1 1 0 0 1 1 0 1 1 0 1 0 0 1 0 0 1 1 0 1 1 81 1 1 0 1 0 1 0 1 1 0 0 0 1 1 1 1 1 1 0 0 0 1 0 0 1 1 0 1 1 0 
0 1 0 1 1 1 1 0 0 1 0 0 1 1 0 1 0 0 1 1 1 1 0 1 1 1 0 0 1 0 1 1 0 1 1 1 1 1 1 1 1 1 0 1 0 0 0 1 1 0 1 1 1 1 1 0 0 0 1 0 0 1 0 1 0 0 0 1 1 0 2 1 1 1 0 1 0 1 0 1 0 0 1 1 1 1 1 1 1 0 1 1 1 1 1 0 0 1 0 0 
1 1 0 1 1 0 1 1 1 1 0 1 0 0 1 0 1 1 1 1 1 0 1 1 0 0 0 0 1 0 1 1 1 0 1 0 1 1 0 1 1 1 1 0 1 1 1 1 1 1 0 1 0 0 1 1 1 0 1 0 1 0 0 1 1 0 0 1 0 0 1 17 0 0 0 1 1 1 1 1 1 1 1 0 1 0 0 1 1 1 1 0 0 0 1 1 1 1 1 1 
1 1 0 1 1 1 1 1 0 0 0 0 0 1 1 0 1 0 0 1 1 0 1 1 1 1 0 1 1 0 0 1 1 1 0 1 1 0 1 1 0 0 1 1 0 1 1 0 0 1 1 0 1 0 1 1 1 1 1 1 1 0 0 0 0 1 1 1 0 0 1 1 29 1 0 1 1 1 0 1 1 1 1 1 0 0 1 1 0 1 1 1 1 1 1 0 1 1 0 0 
1 0 0 1 1 1 1 1 1 0 0 0 0 1 0 0 0 1 0 1 1 1 1 1 0 1 1 0 1 1 1 1 1 1 1 0 1 0 0 0 1 1 0 1 1 1 0 1 1 1 1 0 1 1 0 0 1 0 1 0 1 1 0 1 1 1 0 1 1 1 1 1 0 94 1 1 1 1 0 1 1 0 1 1 1 1 0 0 1 1 1 1 0 0 0 0 1 1 1 0 
1 1 0 0 1 1 0 1 0 1 0 1 0 1 1 1 0 0 1 0 1 0 1 1 1 0 0 0 0 0 1 0 1 1 1 1 1 1 1 0 1 0 1 0 1 1 1 1 1 1 0 0 1 1 0 0 1 0 1 0 1 1 1 0 0 0 0 1 1 0 0 1 1 1 71 1 0 1 1 1 1 1 0 0 1 1 1 1 1 1 0 1 0 0 1 0 1 0 0 1 
0 0 0 0 0 0 1 1 1 1 0 1 0 1 0 0 1 0 0 0 1 0 1 0 1 0 1 1 0 1 1 0 0 0 1 0 0 0 0 1 1 0 1 1 1 1 1 1 1 0 0 0 0 1 0 1 0 1 0 1 0 1 0 1 0 1 1 1 0 0 1 1 0 1 1 99 1 0 0 1 0 1 0 0 0 0 0 1 1 1 1 1 1 0 1 1 0 0 1 1 
1 1 1 0 1 0 0 1 1 1 1 0 1 1 1 1 0 1 0 1 0 1 1 1 0 1 1 1 1 1 0 0 0 0 1 1 1 1 1 0 0 1 0 1 0 0 0 1 1 0 1 0 0 1 0 0 1 0 1 1 1 1 1 1 1 0 1 0 1 1 0 0 1 0 1 1 20 1 0 0 1 0 1 1 0 0 0 1 1 1 0 1 1 0 1 0 1 1 1 0 
1 0 1 0 1 0 0 0 1 0 0 0 0 1 1 1 1 1 1 0 0 1 0 0 1 0 1 0 1 1 0 1 0 0 0 1 0 1 0 1 0 1 1 0 0 0 1 1 1 0 1 1 1 1 1 1 0 0 1 1 1 0 1 1 0 1 0 1 0 0 1 0 1 0 1 1 0 98 0 0 0 0 0 1 1 1 1 1 1 0 0 1 1 1 1 0 1 1 0 1 
1 0 1 1 1 1 0 0 0 1 1 0 0 0 0 1 1 1 1 1 0 1 1 0 0 1 0 1 0 0 1 1 0 0 0 1 1 1 0 1 0 1 0 1 0 1 1 0 1 0 1 0 1 1 0 1 1 1 1 0 0 1 0 0 1 0 1 1 0 1 0 1 1 1 1 0 1 1 43 1 1 1 1 1 0 0 1 0 1 1 0 0 1 1 1 1 1 1 0 1 
1 1 1 1 0 1 0 1 1 1 1 0 0 1 1 1 0 1 1 1 0 1 0 1 1 1 0 0 1 0 0 0 1 1 0 1 0 1 0 1 0 0 1 1 1 1 1 0 1 1 1 1 1 1 0 1 1 1 1 1 1 0 0 0 0 1 1 1 1 1 1 0 0 1 0 0 1 1 0 89 0 1 1 0 1 1 0 0 1 1 1 0 1 0 1 1 0 1 1 1 
1 0 1 1 1 1 0 0 1 1 0 1 0 0 0 0 0 0 1 1 0 0 1 1 0 1 0 1 1 0 0 1 1 1 0 0 0 1 1 1 1 1 1 1 0 1 1 0 0 0 0 1 0 1 1 1 1 1 1 0 0 0 1 1 1 0 0 1 1 1 0 1 1 1 1 0 1 1 1 0 59 0 0 1 1 0 0 0 1 1 1 1 1 1 1 1 1 1 0 1 
1 0 1 1 1 1 1 0 1 1 0 0 0 0 0 1 0 0 0 1 1 1 0 1 1 1 1 0 1 0 0 1 1 1 1 1 0 1 1 0 1 0 1 1 0 0 0 1 1 0 0 1 1 0 1 1 0 0 1 1 1 1 0 0 1 0 1 0 1 1 1 0 1 1 1 1 0 1 1 0 1 22 1 1 1 1 1 0 0 0 1 1 1 0 0 0 1 1 1 0 
0 1 1 1 1 1 0 0 1 1 1 1 0 1 1 1 1 0 1 0 0 0 0 1 0 0 0 0 1 0 0 0 1 1 1 1 1 1 0 1 1 1 1 1 1 0 1 0 1 1 1 1 0 1 0 1 1 1 0 0 0 1 0 1 0 1 1 1 1 0 0 1 1 0 1 1 1 0 0 1 0 0 86 0 0 0 1 0 1 0 1 0 1 1 1 0 1 1 1 0 
1 0 1 0 0 1 0 0 1 0 1 0 1 1 1 1 0 1 1 1 1 0 1 0 1 1 0 1 0 0 0 1 0 1 0 0 0 1 1 0 0 1 1 0 1 1 0 1 1 1 0 1 0 1 1 0 0 0 1 0 1 1 0 1 1 1 1 1 1 0 1 0 1 1 1 1 1 1 1 1 1 1 0 15 1 1 1 0 1 0 0 0 1 1 1 0 0 1 1 1 
1 0 0 1 1 0 0 0 1 1 1 0 1 1 1 0 1 1 0 1 0 0 1 1 1 1 1 1 1 0 0 1 0 1 0 1 1 0 1 1 1 0 1 0 0 1 0 0 1 1 1 1 0 1 0 0 1 0 0 1 0 0 1 0 1 0 0 1 1 1 1 1 0 1 1 0 0 0 0 1 1 1 1 1 12 1 1 1 1 1 0 1 1 1 1 1 0 1 0 0 
0 1 1 0 1 0 1 1 1 1 1 0 1 1 0 1 1 0 1 0 1 0 1 0 1 0 0 1 1 0 1 1 1 1 0 0 1 1 0 0 1 1 1 1 1 0 1 1 1 0 1 1 1 0 0 0 0 1 1 0 0 1 0 0 1 1 0 0 1 0 0 1 1 0 1 1 1 1 1 1 0 0 1 0 1 40 0 1 0 1 1 1 1 1 0 0 0 1 1 0 
1 1 1 1 0 1 1 0 1 0 0 1 1 0 0 1 1 1 0 0 1 1 1 0 0 1 1 1 1 1 0 1 1 1 1 1 0 0 1 1 1 0 1 0 1 0 1 1 0 0 0 0 1 1 0 1 1 1 0 1 0 0 1 1 0 1 0 1 1 0 1 1 0 0 1 0 0 1 1 0 0 0 0 1 1 0 10 0 0 1 0 1 1 1 0 0 0 0 1 1 
0 0 1 0 1 1 0 1 0 1 1 0 1 1 0 0 1 1 1 1 0 1 1 1 1 0 0 1 1 1 0 1 1 0 1 1 0 1 0 0 1 1 0 1 1 1 1 1 1 1 0 0 1 1 0 1 1 0 0 1 0 1 0 0 1 1 0 0 0 1 1 1 1 0 1 0 1 0 1 0 1 1 0 1 0 0 1 2 1 1 1 1 0 0 1 1 0 0 1 0 
1 0 0 1 0 0 1 0 1 1 1 1 0 1 1 0 0 1 0 1 1 0 1 0 0 1 1 1 0 0 1 1 1 1 0 1 1 0 1 0 0 1 0 1 1 1 1 1 1 1 1 1 0 1 0 0 1 0 0 1 0 1 0 1 1 0 1 1 0 1 1 1 0 1 1 1 1 1 1 0 1 1 1 1 1 0 1 1 8 0 1 0 1 1 1 1 1 0 1 1 
0 0 0 0 1 0 1 1 1 0 1 1 0 1 1 1 1 0 1 0 0 1 0 1 1 1 1 1 1 0 1 1 0 1 0 1 1 1 1 0 1 1 1 1 0 0 0 1 0 1 0 1 1 1 0 1 1 0 1 1 0 0 1 0 0 1 1 0 1 0 1 1 1 0 1 1 0 0 0 1 1 1 0 1 1 0 1 1 0 13 1 0 1 1 0 1 1 1 1 1 
0 1 0 0 1 1 0 0 1 1 1 1 1 0 0 1 0 1 0 0 0 1 1 0 1 1 1 0 0 0 1 0 0 1 0 1 1 0 0 1 0 1 0 0 1 0 0 0 0 1 0 0 1 1 1 1 1 0 1 1 0 1 0 0 0 1 0 0 0 0 1 1 0 0 1 1 0 1 1 1 1 1 1 1 1 1 0 1 1 1 91 1 1 1 0 1 1 0 0 1 
0 1 0 0 0 1 1 0 0 1 1 1 1 0 1 0 1 1 1 1 1 1 1 1 1 0 0 1 1 1 1 1 1 1 1 1 0 1 1 1 1 1 1 1 0 1 0 0 1 1 1 1 1 1 1 1 0 1 1 1 1 1 1 0 1 1 1 1 1 0 0 1 0 1 1 1 0 1 0 1 0 1 0 0 1 0 0 1 1 0 0 54 0 1 1 1 0 1 0 1 
1 1 1 0 0 1 1 1 1 1 1 1 1 1 1 1 0 0 1 0 1 1 0 0 1 1 1 0 1 1 0 1 1 0 1 0 1 1 0 0 0 1 1 0 0 1 1 0 1 1 0 0 1 1 0 0 1 0 1 1 0 1 1 1 0 1 1 1 1 1 0 1 1 1 0 1 1 1 0 1 0 0 0 0 1 1 1 0 0 1 1 1 42 1 1 0 1 0 0 0 
0 0 1 0 0 0 1 1 1 0 1 0 0 1 0 1 0 0 1 1 1 0 0 0 1 1 0 1 0 0 1 0 1 1 0 1 0 1 1 1 1 0 1 1 1 0 0 0 0 0 1 1 1 0 1 0 1 0 0 0 0 0 1 0 1 0 1 1 1 0 0 1 0 0 0 1 0 1 1 1 0 0 1 1 0 0 0 0 0 1 0 1 1 47 0 0 0 1 1 1 
0 0 1 1 1 1 1 0 1 1 0 1 0 1 1 0 1 1 0 1 0 0 1 1 1 0 1 0 0 1 0 1 1 1 1 1 1 0 0 0 1 1 0 1 0 0 0 0 1 0 1 1 1 0 1 1 1 1 1 0 1 1 0 1 0 1 1 1 1 0 1 0 0 1 0 0 0 0 1 0 0 1 0 1 1 0 1 0 0 1 0 0 1 1 84 1 0 0 0 1 
1 0 1 1 1 1 0 1 0 0 0 1 0 1 1 0 1 0 1 0 1 1 0 1 1 1 0 1 1 0 1 1 1 0 0 1 1 1 1 0 1 1 0 1 1 0 1 0 0 1 0 1 1 0 1 0 0 0 0 1 1 1 1 1 1 0 0 1 0 0 0 1 1 0 0 1 1 1 1 0 1 0 1 1 0 0 1 0 1 1 1 0 1 0 0 0 0 0 1 0 
1 0 0 1 1 1 0 1 1 0 0 1 1 1 1 1 1 1 1 0 1 0 0 0 0 1 1 1 0 0 1 1 0 0 0 1 1 0 1 0 1 1 1 1 1 1 1 1 1 1 1 0 1 1 0 0 1 0 1 0 1 0 0 1 0 1 1 1 1 1 1 1 1 1 1 0 1 0 1 0 0 1 1 1 0 1 1 0 1 1 1 0 1 1 1 1 25 1 1 1 
0 1 1 1 0 0 1 1 0 1 0 1 1 0 1 1 1 0 1 1 1 1 1 0 0 0 0 1 1 0 1 0 1 1 1 1 0 0 0 1 1 1 0 0 0 1 1 0 1 1 1 1 0 1 1 1 0 1 1 1 1 0 1 1 1 1 1 1 1 1 1 1 1 1 1 0 1 0 1 1 1 0 1 0 1 0 1 1 0 0 0 0 1 1 1 0 1 16 1 0 
0 1 1 1 1 1 0 1 0 0 1 0 1 1 1 1 1 0 0 1 1 1 1 1 0 1 1 1 0 0 1 1 1 1 1 1 1 1 1 1 1 0 1 0 0 1 1 0 0 0 0 0 0 1 0 1 0 1 0 1 0 0 0 0 1 1 1 0 0 1 1 0 1 1 1 0 0 0 1 0 1 0 1 0 0 1 0 0 1 1 0 1 1 1 0 1 1 0 15 1 
1 1 0 1 0 1 0 1 1 1 0 1 0 1 0 0 1 1 0 0 1 1 1 1 1 1 1 1 0 0 0 0 0 1 0 0 1 1 1 0 0 1 1 1 1 1 1 1 1 1 0 1 0 0 1 0 1 0 1 1 1 0 1 0 0 1 1 0 1 0 0 1 1 1 1 1 1 1 1 1 1 1 1 0 1 0 0 1 0 1 1 1 1 1 0 1 1 1 1 71 