100
59 1 0 1 0 0 1 1 1 0 1 1 1 1 1 1 0 0 0 1 0 1 0 1 1 1 1 1 1 1 1 0 0 1 0 0 1 0 1 1 1 1 0 0 1 1 0 1 1 1 0 1 1 0 1 1 1 1 0 1 0 1 1 1 1 0 0 0 0 1 1 1 1 0 0 1 1 1 0 0 0 1 1 0 0 1 1 0 1 1 1 1 0 1 1 1 0 0 1 1 
0 0 1 1 0 0 0 1 1 1 0 0 0 1 0 1 1 1 1 1 0 1 1 1 0 1 0 1 1 1 0 1 1 1 1 1 0 0 1 1 1 0 0 1 0 1 1 0 1 1 1 1 0 1 1 0 1 0 0 1 1 1 1 1 1 0 1 1 1 1 0 1 1 1 0 0 0 1 0 0 1 1 1 1 1 0 1 0 0 0 1 1 1 1 1 1 1 0 0 1 
0 1 52 1 0 1 0 0 1 0 1 1 1 1 1 0 0 0 0 1 1 1 1 0 1 0 0 1 1 0 1 1 1 1 1 1 0 0 0 1 0 1 0 1 1 0 1 0 0 1 1 1 1 1 1 1 0 0 1 0 1 0 1 1 0 1 1 0 1 1 1 1 1 0 1 1 1 0 1 1 1 0 1 0 0 0 0 1 0 1 1 1 1 1 1 1 1 0 1 1 
1 1 1 1 1 1 1 1 1 0 0 1 0 0 0 1 1 1 0 0 1 1 1 1 1 1 1 0 1 0 1 1 0 0 1 0 1 0 0 1 0 0 1 1 1 0 1 0 1 1 1 0 0 1 1 0 0 1 0 0 0 0 0 1 1 1 1 1 0 1 1 1 1 1 0 0 0 0 1 1 1 1 1 0 0 1 1 0 1 1 0 0 0 1 0 1 0 0 1 1 
0 1 0 1 29 1 0 1 1 1 0 0 0 0 0 1 1 1 1 0 1 1 1 1 1 1 1 0 0 0 1 0 0 0 0 1 0 1 1 1 1 0 0 0 1 0 1 1 1 0 0 1 1 1 1 0 0 0 0 1 1 1 0 1 0 0 1 0 1 1 0 0 1 0 1 1 0 1 0 1 0 0 0 1 0 1 0 1 0 1 0 0 1 0 0 1 0 0 1 1 
1 0 0 1 0 17 1 0 1 0 1 0 1 1 0 1 1 1 0 1 1 1 0 1 0 1 1 0 1 1 0 0 1 1 0 1 1 0 1 0 0 1 0 0 0 0 1 1 1 1 1 1 0 0 1 1 1 1 0 1 1 1 0 1 1 0 1 0 0 1 1 1 1 0 0 1 0 1 0 1 1 1 1 1 1 1 0 0 0 1 0 1 1 1 1 0 1 1 0 0 
1 1 1 0 0 1 16 1 1 0 0 1 1 1 0 1 0 1 0 1 1 0 1 1 0 0 1 0 1 1 1 1 1 0 1 0 0 1 1 1 1 1 0 0 1 0 0 0 1 0 0 1 1 1 0 1 0 1 1 0 1 1 1 1 1 1 0 1 0 0 1 1 0 0 0 1 0 0 0 1 1 1 1 1 0 1 0 1 0 1 1 1 1 1 0 1 1 1 1 1 
0 1 0 0 1 1 1 48 0 0 1 0 1 1 0 1 0 1 0 0 0 0 1 1 1 1 1 1 1 1 0 1 0 1 1 1 0 0 1 0 1 0 1 0 1 0 1 0 1 1 0 0 0 1 0 1 1 1 1 1 1 0 0 1 1 0 0 0 1 1 0 1 1 1 0 0 0 0 0 1 0 0 1 1 1 1 1 0 0 1 0 1 1 0 1 0 1 1 1 1 
1 0 0 1 1 1 0 1 45 1 1 1 1 0 1 1 0 0 1 1 1 1 0 1 1 1 0 1 1 1 0 1 1 1 1 0 1 0 1 1 1 1 0 0 0 1 1 1 1 0 1 1 0 0 1 0 1 1 0 1 1 1 1 1 0 0 1 1 0 0 0 0 1 0 1 0 0 1 0 1 1 0 1 0 1 1 1 0 1 1 0 1 0 1 0 1 1 1 0 0 
0 1 0 0 0 1 0 1 1 28 0 1 0 1 1 1 0 1 1 0 0 1 1 0 1 1 1 1 0 1 1 1 1 1 1 1 1 1 1 1 1 1 0 1 1 0 0 1 0 1 1 1 1 1 1 0 0 1 1 1 0 1 0 1 1 1 1 0 0 1 1 1 0 0 1 0 0 1 1 0 1 1 1 0 0 1 0 1 1 0 0 1 0 0 1 1 0 1 1 1 
1 1 1 0 1 1 0 0 1 1 21 0 0 1 1 0 1 0 1 1 1 0 1 1 1 1 1 1 1 1 0 0 1 1 1 1 0 1 1 1 0 0 1 1 0 0 0 1 0 1 1 1 1 0 1 0 0 1 0 1 1 1 1 0 0 0 0 1 1 1 1 0 1 1 1 0 1 1 0 1 1 0 1 1 1 1 1 1 1 1 0 0 0 1 1 1 1 1 1 0 
0 0 1 1 1 1 1 0 1 1 0 0 1 1 0 0 1 1 1 1 0 1 1 1 1 1 1 1 0 0 0 0 0 0 0 1 1 1 0 1 0 1 1 0 1 1 1 0 1 0 0 0 1 1 1 1 1 0 0 1 1 1 1 1 1 1 0 1 0 1 0 1 1 1 0 1 1 1 1 0 1 1 0 0 0 1 0 1 0 1 1 0 1 1 0 1 0 1 0 0 
1 1 1 1 0 0 1 0 1 0 1 1 70 0 1 1 1 1 0 0 0 1 1 0 1 1 1 1 1 0 1 1 1 0 0 0 1 1 0 0 0 0 1 1 0 1 1 0 0 1 1 1 0 0 0 0 1 0 1 1 0 1 1 0 1 1 1 1 0 1 1 1 1 0 1 1 0 0 1 0 1 0 0 0 0 1 1 1 0 0 1 1 0 1 1 1 1 1 0 1 
1 1 0 1 0 0 1 0 0 0 0 1 1 52 0 1 1 0 1 0 0 1 1 0 1 0 1 1 1 0 1 0 0 0 1 1 1 1 0 0 1 1 0 0 1 1 0 1 1 0 1 0 0 0 0 0 0 0 0 1 0 1 0 1 1 1 1 0 1 1 1 1 0 1 1 0 1 1 1 1 0 0 1 1 1 1 1 1 1 0 1 0 1 1 1 0 1 0 0 1 
1 1 1 1 0 1 0 1 0 1 0 1 1 1 4 0 0 1 0 0 0 1 1 0 0 1 0 0 1 1 0 1 1 1 1 0 1 1 1 1 1 1 0 0 1 1 1 1 1 1 0 1 1 1 0 1 0 0 1 1 1 1 1 1 1 0 1 1 1 0 1 1 0 1 0 0 0 1 1 1 0 1 0 0 1 1 1 0 0 1 1 1 1 0 0 0 0 1 1 0 
1 1 1 0 0 1 1 0 0 1 1 0 1 0 0 33 1 0 1 1 1 0 1 0 1 1 1 1 1 1 1 1 0 0 0 0 1 1 1 1 0 0 1 0 0 1 1 1 0 0 0 1 0 0 1 0 1 1 1 0 0 0 0 1 1 1 1 1 0 0 1 0 0 1 1 1 1 1 1 0 1 1 0 0 1 0 1 1 1 1 1 1 0 0 1 1 1 1 1 1 
0 0 0 0 0 1 0 0 1 0 1 1 1 1 1 1 56 0 0 1 1 0 1 1 0 1 0 0 0 1 1 0 1 0 0 0 1 1 0 1 1 1 1 1 1 1 0 1 1 1 1 1 1 1 1 1 1 1 0 1 1 1 1 0 0 0 0 1 1 1 1 0 1 0 1 1 1 1 0 1 0 1 0 0 1 0 1 0 0 1 1 1 1 1 0 1 1 1 1 1 
1 1 1 1 1 0 0 1 1 0 0 0 0 1 1 1 1 92 1 0 1 0 1 1 0 1 0 1 0 1 0 1 1 0 1 0 0 0 0 1 1 0 1 0 1 0 1 1 0 0 0 1 1 1 0 0 1 0 1 0 0 1 0 1 0 1 1 0 1 0 1 1 1 0 1 1 0 1 1 1 0 0 0 0 0 0 0 1 0 0 0 1 1 0 1 1 0 0 0 1 
1 1 0 1 1 1 1 0 0 0 1 1 1 1 0 0 0 1 71 1 1 0 0 1 0 1 1 1 1 1 0 1 0 1 1 0 0 0 1 1 0 1 1 1 1 1 1 0 0 1 0 1 1 0 1 1 0 0 0 1 0 1 1 1 1 1 1 0 1 1 1 1 1 1 1 1 1 1 1 0 0 0 1 1 1 0 1 1 1 1 1 1 0 1 1 0 1 0 1 0 
1 0 0 0 1 1 1 1 1 1 1 1 0 1 0 1 0 0 1 27 1 1 1 1 0 0 1 1 1 1 1 1 1 0 0 1 0 1 1 0 0 1 1 1 0 0 0 1 1 0 1 0 1 0 1 0 0 1 0 1 1 0 1 1 1 1 0 1 0 1 0 0 1 1 1 0 0 0 0 1 0 0 0 1 1 1 1 1 0 0 1 1 0 1 0 1 1 1 1 1 
0 0 0 0 1 0 1 1 1 0 0 0 0 0 0 1 0 1 0 1 44 1 1 1 1 1 1 1 0 0 1 1 0 0 0 0 0 1 0 1 1 0 1 1 1 1 1 1 1 1 1 1 1 0 0 0 1 1 1 0 0 0 1 0 1 1 0 1 1 1 1 1 0 1 0 0 0 0 1 0 1 0 0 1 0 0 1 0 1 0 1 0 1 1 1 0 0 1 1 1 
0 1 0 1 1 1 1 1 1 1 0 0 1 1 0 0 0 1 0 1 1 84 0 1 1 0 0 1 1 1 1 1 1 0 0 0 0 0 0 1 0 1 1 0 0 0 0 0 0 0 1 1 1 1 0 1 0 1 1 0 1 1 0 1 1 0 0 1 1 0 0 1 1 1 0 1 1 1 0 1 1 1 0 0 1 0 1 0 1 1 1 1 0 0 1 0 0 1 1 1 
0 0 0 0 0 1 0 0 1 0 1 1 1 1 1 0 1 1 1 0 1 1 30 1 1 0 1 1 1 0 1 1 0 1 0 0 1 0 1 1 1 1 1 0 0 1 1 0 0 1 0 1 1 1 1 0 1 1 1 1 0 1 1 1 0 1 0 0 0 1 1 1 1 0 0 1 1 1 0 1 0 1 1 1 1 0 1 1 0 1 0 1 0 1 0 1 0 1 1 1 
0 0 0 0 1 0 1 1 1 0 1 1 1 1 1 1 1 1 1 1 1 1 0 14 1 1 0 0 1 1 1 1 1 0 0 1 1 0 0 0 1 1 0 0 0 0 1 0 1 1 0 1 1 1 0 1 1 1 0 0 1 1 1 1 0 1 1 1 0 1 0 1 1 1 1 0 0 0 1 1 1 1 0 1 1 0 0 1 1 1 1 1 0 1 1 0 0 1 1 0 
1 0 0 0 0 1 1 1 1 0 1 1 1 1 1 0 1 0 1 1 0 1 0 1 5 1 1 0 1 1 0 0 1 1 0 1 1 1 0 0 1 1 1 1 0 0 0 1 1 0 1 0 0 0 1 0 1 0 1 1 1 0 0 1 0 1 1 1 0 0 0 1 0 0 1 1 1 0 0 1 1 0 1 0 1 1 1 1 0 0 0 1 1 1 1 1 1 1 0 0 
0 0 0 0 0 0 0 1 1 1 1 1 1 1 1 0 1 0 1 1 1 1 1 1 1 38 0 0 1 1 1 1 0 0 1 1 1 1 1 1 1 1 0 0 1 1 1 1 1 0 1 1 1 0 0 1 1 1 0 0 0 1 0 1 1 1 1 0 0 1 1 0 1 1 1 1 1 1 1 0 1 0 1 1 1 1 1 1 1 1 0 1 0 0 0 0 1 1 0 0 
0 1 0 1 1 1 0 1 1 0 1 1 1 1 1 1 0 0 1 1 0 1 0 1 0 1 56 1 1 1 1 1 1 1 0 0 0 1 0 1 1 0 0 1 1 1 0 0 1 1 1 0 0 1 1 1 1 1 1 0 1 0 0 1 1 1 0 1 1 0 0 0 0 1 1 0 0 0 1 1 0 0 1 0 0 1 0 0 0 1 0 0 1 1 0 0 0 1 1 1 
1 0 0 1 1 1 1 1 0 0 1 0 1 1 0 0 1 1 0 1 1 1 1 0 1 1 0 55 1 0 0 1 1 1 0 1 0 1 0 1 0 1 1 1 0 0 1 0 1 0 0 1 1 0 1 1 0 1 1 1 1 1 0 1 1 1 1 1 1 0 0 0 1 1 1 0 1 0 0 0 1 1 1 1 1 0 0 0 1 0 0 1 0 0 0 1 1 1 0 1 
0 1 1 1 0 0 0 0 0 0 1 1 0 0 0 0 1 0 0 0 0 1 1 0 1 1 1 0 17 0 1 1 1 0 0 1 0 0 0 1 0 1 0 0 1 0 0 1 1 1 1 1 0 1 0 1 0 0 1 1 1 0 0 1 1 0 1 1 0 0 1 0 0 0 1 0 0 1 1 1 1 1 0 1 1 1 0 1 1 1 1 1 1 0 1 1 0 1 0 1 
0 0 1 1 0 0 0 1 1 0 1 1 1 1 1 1 1 0 1 0 1 1 1 1 1 1 1 1 1 27 1 1 0 1 1 1 0 1 1 1 1 1 0 1 0 0 0 0 0 0 1 0 1 0 1 0 1 1 0 1 1 1 1 1 0 1 1 1 1 1 0 0 1 1 1 0 1 1 1 0 0 1 1 0 0 1 0 0 1 0 1 0 1 0 1 1 1 0 1 1 
1 1 1 1 1 0 0 1 1 1 0 0 0 1 0 1 1 0 1 1 0 1 1 1 1 1 1 1 0 1 36 1 1 1 0 0 1 1 1 1 0 1 0 0 1 1 1 1 0 1 1 1 0 1 1 0 1 0 0 0 0 1 0 1 0 0 0 0 1 0 1 0 1 0 1 0 0 1 1 1 0 1 1 0 1 1 0 0 1 0 1 0 1 1 0 0 0 1 1 0 
1 1 1 1 1 0 1 1 1 0 1 0 1 0 1 1 1 0 1 1 1 1 1 0 1 0 0 1 0 1 0 84 0 1 1 1 1 1 1 1 0 0 1 0 0 0 1 1 1 0 0 1 0 1 1 1 1 1 0 1 1 1 0 1 1 1 0 1 0 1 1 0 0 1 0 1 1 1 1 0 0 1 0 1 1 1 1 1 0 0 0 0 1 0 0 1 0 1 0 1 
1 1 0 1 0 0 1 0 1 1 1 1 0 0 1 0 1 1 0 1 1 1 0 0 0 0 0 1 1 1 0 1 28 0 0 0 1 0 1 0 0 0 1 0 0 0 0 0 1 1 1 1 0 0 0 1 1 1 1 1 0 0 0 1 0 0 0 0 0 0 1 0 1 0 1 0 0 1 1 1 0 1 1 1 1 0 0 1 0 0 1 0 1 0 0 1 0 1 1 1 
0 0 1 0 1 1 0 1 0 1 0 0 0 1 1 0 1 0 0 1 1 0 0 1 1 1 1 1 1 1 1 0 0 79 1 1 1 1 1 0 0 1 1 0 0 1 1 0 0 1 0 1 1 0 1 1 1 0 1 0 0 1 0 0 1 1 0 0 0 1 1 1 0 1 0 1 0 1 1 1 1 0 0 0 1 1 1 1 1 0 0 1 1 1 0 1 1 1 0 1 
0 1 1 0 1 1 1 0 0 1 0 1 1 0 1 1 1 1 1 0 0 0 1 0 0 0 1 1 1 0 1 1 1 1 34 1 0 1 1 1 1 1 1 1 1 0 1 0 1 0 1 0 0 0 1 1 0 0 1 0 0 0 1 1 1 1 1 0 0 1 1 0 0 0 1 1 1 1 1 0 1 1 1 0 1 1 1 1 0 1 0 0 1 1 1 0 0 0 1 0 
0 0 1 1 0 1 1 1 0 0 0 1 1 1 1 0 0 1 0 1 0 0 0 1 1 0 0 0 1 1 1 1 0 1 1 55 1 1 1 1 1 1 0 1 0 0 1 1 0 1 0 0 1 1 1 1 0 0 1 0 1 0 1 0 1 0 1 1 0 0 1 1 1 1 1 1 0 0 1 1 1 1 0 1 1 1 1 0 1 0 1 1 0 0 0 1 1 0 0 1 
1 1 0 1 1 1 1 1 1 0 0 1 0 1 1 1 0 1 0 0 1 0 1 1 1 0 0 1 0 0 1 1 1 1 1 0 7 0 1 1 1 1 1 0 1 1 0 1 1 0 0 0 0 0 0 1 0 1 0 0 0 1 1 1 1 1 1 1 1 1 1 1 1 1 1 1 1 1 1 0 1 0 1 1 0 1 1 1 0 0 0 1 1 1 0 0 0 1 1 1 
1 1 1 0 1 0 1 0 1 1 1 0 1 1 0 1 0 0 1 1 0 1 0 0 1 1 0 1 1 1 1 1 1 1 0 0 1 67 1 1 1 1 0 1 1 1 0 0 0 1 0 1 0 0 1 1 1 1 0 0 1 0 0 1 0 0 1 1 1 1 1 1 1 1 1 1 1 1 0 0 0 0 1 1 1 1 1 1 0 1 1 0 1 0 1 1 1 1 1 1 
1 1 1 1 0 0 1 0 0 0 0 0 1 1 1 0 1 1 1 0 1 1 1 0 1 0 0 0 1 1 1 0 0 1 1 0 1 1 29 0 0 1 1 0 0 1 1 0 1 1 0 1 0 1 0 0 0 1 0 1 0 1 0 1 0 1 0 1 1 0 0 1 0 1 0 1 0 1 0 0 1 1 1 0 0 0 0 1 1 1 1 1 1 1 1 1 0 1 1 1 
1 1 0 1 0 0 1 0 1 0 1 0 0 1 0 1 1 1 0 0 0 1 1 1 1 1 0 0 0 0 0 0 1 0 0 1 0 1 1 6 1 1 0 0 1 1 0 0 1 1 0 0 0 1 1 0 1 0 1 0 1 1 1 1 1 0 1 1 1 0 1 1 0 0 0 0 0 1 0 1 1 1 0 1 1 1 1 1 1 1 0 0 1 0 1 1 0 1 1 0 
0 0 1 1 0 1 1 0 1 1 1 1 1 1 0 1 1 0 0 0 1 0 0 0 0 1 1 0 1 1 0 0 1 0 1 1 1 0 0 1 21 1 0 1 1 0 1 1 0 1 0 1 1 1 0 0 1 1 1 1 0 1 1 0 1 0 1 1 1 0 1 1 1 1 0 0 1 0 0 0 1 1 1 0 1 0 0 0 0 1 0 1 0 0 1 0 0 1 0 1 
1 1 1 0 0 1 1 1 1 0 1 1 0 0 0 1 1 0 1 0 0 1 1 1 1 0 0 0 1 1 1 0 0 0 1 0 1 1 0 1 0 29 1 0 1 1 1 0 1 0 1 1 0 1 1 1 1 0 0 1 1 0 0 1 1 1 1 0 0 0 0 1 0 1 0 0 0 1 0 1 1 0 0 0 1 1 1 1 1 1 1 0 1 1 0 1 1 0 0 1 
1 1 1 1 1 1 1 1 1 1 1 0 0 0 1 1 0 1 0 0 1 0 0 1 1 0 1 1 1 1 1 1 0 1 0 0 1 1 0 0 0 1 98 0 1 0 1 0 0 1 0 0 1 0 0 1 0 1 0 1 0 1 1 0 1 1 1 0 1 1 0 1 1 0 0 0 0 0 1 0 0 0 0 0 1 0 0 1 0 0 1 0 1 0 0 1 0 1 0 1 
1 1 1 1 1 0 0 1 0 1 0 0 1 0 0 1 0 1 1 0 0 0 1 1 0 1 0 0 0 0 0 1 1 0 1 1 0 0 0 1 1 0 0 14 1 1 0 1 0 0 1 1 1 0 1 1 0 1 0 0 0 0 1 0 1 0 0 1 1 1 0 1 1 0 0 1 1 0 1 1 1 0 0 1 1 1 0 1 0 0 0 0 0 1 0 0 1 0 0 1 
0 0 1 1 0 1 1 1 0 1 0 1 1 0 1 0 1 0 0 1 0 1 1 1 0 1 1 0 1 0 1 1 0 1 1 1 1 0 1 1 1 0 0 1 65 1 0 1 0 0 1 0 0 1 1 0 0 1 1 1 1 0 0 1 0 1 1 1 0 0 1 1 1 1 1 0 0 0 1 1 1 0 1 0 1 1 0 1 1 0 0 1 0 1 0 1 0 0 1 1 
1 1 1 1 0 1 1 1 1 1 1 1 1 1 0 1 1 1 0 0 0 0 1 0 1 1 0 1 1 0 1 1 1 0 1 0 0 1 0 0 1 0 0 1 1 9 1 0 1 0 0 1 1 1 0 0 0 1 1 1 1 1 0 1 1 0 0 1 1 1 0 0 0 1 0 1 0 1 1 1 0 1 0 1 1 0 1 1 1 1 1 1 0 0 0 1 1 1 1 0 
1 0 0 1 1 0 1 1 0 1 1 1 1 0 0 1 1 1 1 1 1 0 0 0 0 0 0 0 0 1 0 1 1 1 1 0 0 0 1 1 0 1 1 0 0 1 27 1 1 1 0 1 0 1 1 0 1 1 0 0 1 0 0 1 0 1 1 1 1 0 0 0 1 1 1 0 1 1 0 1 0 1 1 0 1 0 0 1 1 1 0 1 0 0 1 0 0 0 0 1 
0 1 1 1 1 1 0 1 1 0 0 0 1 1 1 0 1 1 0 1 0 1 0 1 1 1 1 1 0 1 1 1 1 1 1 0 0 1 0 1 1 1 0 1 1 0 1 85 0 0 0 0 1 0 1 0 1 1 1 0 0 0 1 1 1 1 0 0 1 1 0 0 1 1 0 0 0 1 1 0 0 1 1 0 0 0 0 1 0 0 1 1 0 1 1 1 0 0 0 0 
1 1 1 1 1 1 1 0 0 0 1 1 0 1 1 1 1 1 1 1 1 1 0 1 0 1 1 1 1 1 1 1 0 1 1 1 1 1 1 0 0 0 1 1 0 1 1 1 91 0 1 0 1 0 0 0 0 1 1 1 1 0 1 1 1 1 0 1 0 1 1 0 1 1 0 0 0 0 0 1 0 1 1 1 1 1 1 0 1 1 0 0 1 1 0 1 1 1 1 1 
1 1 1 0 0 1 0 1 1 0 1 1 1 0 1 0 0 1 0 0 1 0 1 1 0 0 0 1 1 0 1 1 1 1 1 0 1 0 1 0 1 1 1 1 1 1 1 1 1 2 1 1 1 0 1 1 0 0 1 1 0 0 0 1 1 1 0 0 1 0 0 0 0 1 1 1 1 0 0 1 0 1 0 1 1 1 1 1 0 0 1 1 0 0 1 0 1 1 1 1 
1 1 0 1 0 0 1 0 1 1 1 0 1 1 0 0 1 1 0 1 1 0 1 0 1 1 0 0 1 1 1 0 0 0 1 0 0 1 1 1 1 0 1 1 1 1 0 1 1 1 27 0 0 1 1 1 1 0 0 0 1 0 0 1 1 1 1 1 1 0 0 0 0 0 1 0 0 1 1 0 1 0 1 1 1 1 0 1 0 0 1 0 0 0 1 0 0 1 1 0 
1 0 0 0 0 0 1 1 1 1 0 1 1 1 1 1 1 1 1 0 1 1 1 0 1 1 1 0 1 0 1 1 1 1 1 0 0 0 1 1 0 1 0 1 1 1 0 0 1 0 0 24 0 1 0 1 1 0 0 1 0 1 1 0 1 0 0 1 0 1 1 0 1 1 0 0 0 1 0 0 1 0 0 1 0 1 1 0 1 1 0 1 0 0 1 0 1 0 1 0 
1 1 1 0 0 1 0 1 1 0 1 1 0 0 1 0 1 1 1 1 0 0 1 0 1 0 0 1 1 1 1 0 0 1 1 0 1 1 1 1 0 1 1 1 1 1 0 1 1 0 0 0 32 1 0 1 0 0 1 0 0 1 1 0 1 1 1 1 0 0 1 0 0 0 1 0 1 1 1 1 0 1 1 1 0 1 1 1 0 0 1 1 0 1 1 1 1 1 0 1 
0 1 1 1 0 1 1 0 0 1 1 0 0 1 0 1 0 1 1 0 1 1 1 0 0 0 0 0 0 1 1 1 1 0 1 0 0 1 1 0 0 1 1 1 0 0 1 1 1 0 1 1 0 45 0 0 1 0 0 1 0 0 1 0 0 0 1 0 0 1 0 0 0 1 1 1 1 0 1 1 1 1 0 1 0 1 1 1 1 1 0 1 0 1 0 1 1 0 0 1 
1 1 1 1 0 1 1 1 1 1 1 0 1 1 1 1 0 1 1 0 0 0 1 0 0 1 0 0 0 1 0 1 0 1 1 0 0 0 1 1 1 1 1 1 0 0 0 0 1 1 1 1 1 0 52 1 1 1 1 0 1 1 1 1 1 0 0 1 0 0 1 1 0 0 1 1 1 1 0 1 0 0 1 1 0 0 1 0 0 0 1 1 0 1 1 1 1 1 1 1 
1 0 1 1 0 0 0 1 1 1 0 0 1 0 1 1 1 0 0 1 1 0 1 1 1 1 1 1 1 1 0 1 0 0 0 0 0 0 1 1 1 0 1 1 1 0 0 1 0 1 0 1 1 1 0 47 1 1 1 0 1 1 0 1 0 1 1 0 0 1 1 1 0 1 1 1 1 1 0 0 0 1 1 0 1 1 0 0 1 1 1 1 1 1 0 1 1 0 0 1 
0 0 0 0 0 1 1 0 1 0 0 0 0 1 1 0 1 1 1 1 1 1 1 1 0 1 1 1 1 0 1 1 1 1 1 1 1 0 0 1 1 1 1 1 1 1 1 1 0 0 1 0 1 1 1 0 89 0 0 1 0 0 1 0 1 1 1 1 1 1 1 1 1 1 1 0 0 0 1 1 1 0 0 0 1 1 1 1 1 1 0 0 1 1 1 1 1 1 0 0 
1 1 1 1 1 1 1 0 1 1 0 1 0 0 1 0 1 1 0 1 1 1 0 1 1 1 0 0 1 1 1 1 1 0 0 1 0 1 0 0 1 1 0 1 0 0 1 0 1 1 0 1 1 1 0 0 0 91 1 0 1 0 0 1 1 1 0 1 1 0 0 0 0 1 0 0 0 1 1 0 0 1 1 0 1 1 0 1 1 0 1 1 1 0 0 1 1 1 1 1 
1 1 1 1 1 0 0 1 1 0 1 0 0 1 1 0 1 0 1 1 1 0 1 0 0 0 1 0 1 1 0 1 0 0 0 0 0 0 1 1 0 0 1 1 0 0 1 0 1 1 1 1 1 0 0 0 0 1 63 1 1 1 1 0 0 1 1 0 0 1 1 1 1 1 0 1 1 0 0 1 1 1 0 1 0 0 1 1 0 1 0 1 1 0 1 1 1 1 0 0 
0 0 1 1 1 1 1 1 1 1 1 1 0 1 0 1 0 1 1 1 0 1 1 0 0 1 1 0 1 0 0 1 0 1 1 1 0 1 1 0 0 0 0 0 1 1 1 1 1 0 0 1 1 0 0 1 0 1 1 49 1 1 1 1 0 1 1 0 1 1 0 1 1 1 0 0 0 1 0 1 0 0 1 0 1 1 0 0 0 1 1 1 1 0 1 0 0 1 0 0 
1 1 0 1 0 1 0 1 1 0 1 0 1 1 1 1 1 1 1 0 1 0 1 0 1 1 1 1 0 0 1 0 0 0 0 0 1 0 0 1 1 0 1 0 0 1 1 0 1 1 1 1 1 1 0 0 1 1 1 0 87 0 1 0 0 1 1 1 1 0 1 1 1 0 0 1 0 1 1 0 1 1 1 0 0 0 1 0 1 1 1 0 1 1 1 1 1 1 1 0 
0 1 0 1 0 1 1 1 0 0 0 1 0 0 0 1 1 0 0 1 1 0 1 1 0 1 1 1 0 0 1 1 1 1 1 1 1 1 1 1 1 0 1 1 0 0 0 0 1 1 1 1 1 0 1 1 1 1 0 1 1 15 1 1 0 1 0 1 1 1 1 1 1 1 0 1 1 1 1 0 0 1 1 0 0 1 1 0 0 1 1 1 1 1 1 1 1 0 0 0 
1 1 0 1 1 1 0 1 0 0 1 1 1 1 1 1 0 0 1 0 0 0 1 0 1 1 1 1 0 1 1 1 0 1 1 0 1 1 0 1 1 0 1 1 0 0 1 1 0 0 0 0 0 1 0 0 1 0 0 1 1 0 74 1 0 0 1 1 1 1 0 1 1 1 1 1 1 1 1 0 0 1 0 0 0 1 1 0 1 0 0 1 1 0 0 0 0 1 0 1 
0 1 0 1 0 0 1 1 0 1 0 0 1 0 1 0 0 1 0 1 1 0 1 1 0 1 1 0 1 1 1 1 1 0 0 1 0 1 1 1 1 0 1 0 0 0 1 0 1 0 0 1 0 1 0 1 1 1 1 1 1 1 1 63 1 1 0 1 0 1 1 1 0 1 0 1 1 1 1 1 0 0 0 0 1 0 0 1 1 0 1 0 1 1 1 0 1 0 1 1 
0 0 1 0 1 1 1 1 1 0 1 1 0 1 1 1 1 0 1 0 1 0 0 0 0 1 0 0 1 0 0 0 0 1 0 0 0 0 0 1 0 0 1 0 0 1 1 1 1 1 1 1 0 1 1 0 0 1 1 1 1 0 1 1 11 0 0 1 0 1 0 1 1 0 1 1 0 1 0 1 0 1 1 1 0 0 0 1 1 1 0 1 0 0 1 1 1 1 1 0 
1 1 1 1 0 0 0 0 0 0 0 1 0 1 0 0 0 1 1 1 0 0 0 1 1 1 1 1 1 1 1 1 1 1 1 1 1 0 1 0 1 1 0 1 0 0 0 1 1 1 1 1 0 0 1 0 0 1 1 0 1 1 0 1 0 54 0 1 1 1 1 1 0 0 1 1 1 0 0 1 1 1 1 1 1 0 1 1 0 1 1 0 0 1 1 1 0 1 0 1 
1 1 0 0 0 0 1 1 1 1 1 1 1 1 1 1 1 0 0 0 1 1 1 1 1 1 0 0 1 1 0 1 1 0 0 1 0 0 1 0 1 1 1 0 0 1 1 1 0 1 0 1 1 1 0 1 1 1 0 0 0 1 0 0 0 1 34 1 1 1 1 0 1 0 0 1 1 0 0 0 0 1 0 1 0 1 1 1 0 0 0 1 1 1 1 1 0 1 1 0 
0 0 0 1 1 0 1 1 0 0 1 0 0 1 1 1 0 0 1 1 1 1 1 1 1 1 0 1 1 0 0 1 1 1 0 1 1 1 1 1 0 0 0 1 1 0 1 1 1 0 0 1 1 1 0 1 1 1 1 1 1 1 0 1 0 0 0 48 1 1 1 1 1 0 1 1 1 0 1 1 1 1 0 0 0 0 1 1 1 1 0 0 1 1 0 1 1 0 1 1 
0 0 1 0 1 1 1 0 1 0 1 1 1 0 1 0 0 0 0 1 1 0 1 0 1 0 1 1 1 1 0 1 1 0 0 1 0 1 0 1 1 0 1 1 1 0 1 1 0 0 1 0 1 0 1 0 1 0 1 0 1 0 1 1 1 1 0 0 41 0 1 0 1 1 1 0 0 1 1 0 1 1 0 1 1 1 1 0 0 1 0 1 1 1 0 1 1 1 0 1 
0 0 1 1 0 1 0 0 1 1 0 1 1 1 1 1 1 0 0 1 1 0 0 0 1 0 1 1 1 0 0 0 0 1 1 0 0 0 0 1 0 0 1 1 1 1 0 0 1 1 0 1 1 1 1 0 1 0 0 0 0 1 0 0 0 0 0 1 0 83 1 0 0 0 1 1 1 1 1 0 1 1 0 1 1 1 1 0 0 1 1 0 1 0 0 0 1 0 0 0 
0 0 1 1 1 1 1 1 1 0 0 0 0 0 1 1 1 0 1 1 1 1 1 1 1 1 1 1 0 1 0 0 1 0 1 0 1 1 0 1 1 1 1 0 1 1 0 0 1 1 0 1 0 1 1 0 1 0 1 1 1 1 0 0 1 1 1 0 1 1 28 1 1 0 1 0 1 0 0 1 1 1 0 1 0 1 0 1 0 1 0 1 1 1 1 1 1 1 0 1 
1 1 1 1 0 0 1 1 1 0 1 1 1 1 1 1 1 0 1 1 0 1 1 1 1 1 0 1 1 1 0 1 1 0 1 0 0 1 0 1 1 1 1 0 1 1 0 0 0 1 1 0 1 0 1 1 1 0 1 0 1 0 0 1 1 1 0 1 0 0 1 3 0 1 1 0 1 1 1 1 1 0 1 0 1 0 1 0 1 1 1 0 0 0 1 1 1 1 1 0 
0 1 0 1 0 0 1 1 0 1 0 0 1 1 1 0 0 1 0 1 0 0 0 1 1 1 1 1 1 0 1 1 0 1 1 0 0 0 1 1 1 1 1 0 1 0 0 0 1 0 0 1 1 1 1 0 1 0 1 0 1 0 1 1 1 0 0 1 1 0 0 0 63 0 1 1 1 1 1 0 1 0 1 0 1 1 1 0 0 1 1 0 1 1 1 0 1 1 0 0 
1 1 0 1 0 0 1 0 1 1 1 0 0 0 1 1 1 1 0 0 1 1 1 0 0 0 1 1 1 0 0 1 0 1 1 1 0 1 0 0 0 1 0 1 0 0 0 1 1 0 1 1 1 1 0 1 0 0 1 0 0 1 1 1 0 0 1 0 0 0 1 0 1 39 1 0 1 1 1 0 0 1 0 0 1 0 1 0 1 0 0 0 0 1 0 1 1 1 0 1 
1 1 1 1 0 0 1 0 0 1 1 0 1 0 0 0 1 1 1 1 1 1 1 0 1 1 1 1 1 1 0 1 1 1 1 1 0 1 1 0 0 0 0 0 1 1 1 1 0 0 1 1 1 1 0 0 1 0 1 0 1 0 1 0 1 1 0 1 1 1 1 1 1 1 44 1 1 1 1 0 1 1 0 1 1 1 1 0 0 0 1 1 1 0 1 1 0 1 0 1 
1 1 0 0 1 1 0 0 1 0 1 1 1 1 0 1 1 0 0 0 0 0 1 1 1 0 0 1 1 1 1 1 1 0 1 0 0 1 1 0 0 1 1 1 1 1 1 1 1 1 1 1 1 1 0 0 1 0 0 1 0 1 1 0 1 0 1 1 1 1 0 1 0 1 1 20 1 1 0 1 1 0 1 0 1 1 1 0 0 0 0 1 0 0 0 0 0 1 1 0 
1 1 0 0 1 0 1 1 1 1 1 1 1 0 1 1 0 1 1 1 0 1 1 0 0 1 1 1 1 0 1 1 0 1 0 0 0 0 1 1 1 1 0 1 1 1 1 1 1 0 0 0 1 1 1 1 0 1 1 1 1 1 0 1 1 0 0 0 0 0 1 0 1 0 1 1 0 0 1 0 0 0 0 0 1 0 1 1 1 1 1 1 0 1 1 1 0 1 0 0 
0 1 1 1 1 0 1 1 1 0 1 1 1 0 1 0 1 1 1 0 1 1 1 1 1 0 1 1 1 1 0 0 0 1 1 1 1 1 1 1 1 0 0 0 1 0 1 1 1 0 1 0 1 1 0 0 0 1 0 0 0 0 1 1 1 1 0 0 0 1 0 1 1 1 0 1 0 33 0 1 1 1 0 0 1 1 1 0 1 1 1 0 0 1 0 0 1 1 1 1 
1 1 1 0 0 1 1 1 1 1 0 0 1 1 0 1 1 0 1 1 0 1 0 0 0 1 0 1 1 0 0 1 0 0 1 1 1 0 0 1 0 1 0 0 1 1 1 0 0 0 0 0 1 1 1 1 1 1 0 1 0 0 0 1 1 0 0 1 1 1 1 0 1 0 1 0 1 0 14 1 0 1 1 1 0 0 0 1 0 0 1 1 1 0 0 0 1 1 0 1 
0 1 0 1 1 1 1 0 0 1 1 0 1 0 0 1 1 0 1 1 0 1 0 0 1 1 1 0 1 1 0 0 0 1 0 1 0 1 1 0 1 1 0 0 1 0 1 1 1 1 1 0 1 1 1 0 1 1 0 1 1 0 1 0 0 0 1 0 0 0 0 0 0 0 1 1 0 1 1 90 1 1 1 1 0 0 0 0 0 1 0 0 0 0 0 1 1 0 1 1 
1 1 1 1 1 0 1 0 0 1 0 1 1 1 0 1 1 0 1 0 0 0 1 1 0 0 1 1 1 1 1 1 0 0 0 1 1 0 0 0 0 1 0 0 0 1 1 0 1 1 0 1 1 1 1 0 1 1 1 1 0 1 0 0 1 1 1 0 0 0 1 1 0 1 1 1 1 1 0 1 50 1 1 1 0 1 0 1 1 0 0 1 1 0 1 1 0 1 1 0 
1 0 1 1 1 0 1 1 1 1 0 0 0 1 1 0 1 1 0 0 0 1 1 0 1 0 0 0 1 1 1 1 0 0 1 1 1 0 1 0 1 1 0 1 0 1 0 1 0 1 1 1 1 0 0 1 1 0 0 1 0 1 0 1 1 0 0 1 0 1 1 1 0 1 1 0 1 0 1 1 1 88 0 1 1 0 0 1 1 0 0 0 1 1 1 1 1 1 1 0 
1 1 1 1 1 1 1 1 1 0 1 0 1 1 1 1 1 1 1 1 1 0 1 0 0 0 0 1 1 0 0 0 1 1 1 1 0 0 1 1 0 1 0 1 0 1 1 1 1 1 1 1 0 1 1 0 1 0 1 1 0 0 0 1 1 1 0 1 0 1 0 1 1 1 0 1 0 0 1 1 0 0 74 1 0 1 0 1 1 1 1 1 1 1 0 1 1 1 1 0 
0 1 1 1 1 1 0 0 1 0 1 0 1 1 0 1 0 1 1 1 0 0 0 1 0 0 0 1 1 1 1 1 1 1 1 1 0 1 0 1 1 0 1 1 1 1 1 1 1 1 1 1 1 1 1 1 1 1 1 1 1 1 1 1 1 1 1 0 0 0 0 1 0 1 0 1 0 1 0 0 1 1 1 77 0 1 1 1 1 1 0 1 0 0 0 1 1 0 1 0 
1 1 0 1 1 0 0 1 1 0 0 0 1 1 1 1 0 1 0 1 0 0 0 1 0 1 1 1 1 1 0 0 1 0 1 0 1 0 0 0 1 0 1 1 1 1 0 0 1 1 1 0 1 0 1 0 1 1 1 0 0 1 1 0 0 1 0 1 1 1 1 1 1 1 0 0 1 1 1 1 1 1 0 0 97 0 1 1 0 1 1 1 1 0 1 1 1 0 1 0 
1 0 1 1 1 1 0 1 1 0 1 1 0 0 0 1 1 0 1 0 1 1 1 0 1 0 0 1 1 0 0 1 1 1 0 1 0 1 0 1 0 0 0 0 1 1 1 1 0 1 1 1 0 0 0 0 0 0 1 1 0 1 0 1 0 0 1 0 0 1 1 0 0 0 1 0 1 0 1 0 0 1 0 1 1 78 1 1 0 1 1 0 1 0 1 1 0 1 1 1 
0 1 1 1 1 0 0 1 0 1 0 1 1 1 1 1 1 1 1 1 1 0 1 1 0 0 1 1 1 1 1 1 1 1 0 1 1 1 0 1 0 0 1 0 0 1 1 0 1 1 1 1 0 1 1 0 1 1 1 1 0 0 1 0 1 1 1 0 1 0 1 0 0 0 1 0 1 1 1 0 1 1 0 1 0 1 81 1 1 1 0 1 0 1 1 1 1 1 0 0 
1 1 1 0 1 1 1 0 1 0 0 0 1 1 0 0 1 1 0 1 0 0 1 1 0 0 0 1 0 0 1 0 0 0 1 0 1 0 0 1 0 0 0 1 0 1 1 0 1 1 1 0 1 0 1 1 0 1 0 0 0 0 0 1 1 0 1 0 1 0 1 1 1 0 1 0 1 1 1 0 1 1 1 0 1 0 1 53 0 1 1 1 0 1 0 1 0 0 1 1 
0 1 1 1 1 1 1 1 1 0 1 1 1 0 0 0 0 1 0 1 1 1 0 1 0 1 1 1 1 1 1 1 0 0 1 0 1 0 0 1 1 1 1 1 1 0 1 0 1 0 0 0 1 0 1 0 0 1 1 0 1 1 1 0 1 0 1 0 1 0 0 1 0 1 1 1 0 0 1 1 1 0 1 1 0 1 1 1 34 1 1 1 1 1 1 0 1 1 1 0 
1 1 0 0 0 1 0 1 1 0 1 0 1 0 0 1 1 0 0 1 1 0 0 1 0 1 1 1 0 1 1 0 1 1 1 1 1 1 1 1 0 1 1 0 1 0 1 1 0 0 1 1 0 0 1 1 0 0 1 0 1 0 1 0 0 1 0 0 1 1 1 1 0 1 0 1 1 1 1 1 1 1 1 0 1 1 0 0 0 85 0 1 0 1 1 1 0 0 0 1 
1 1 0 1 1 1 1 1 1 1 0 1 1 0 1 0 0 1 1 1 0 1 1 0 0 1 1 1 0 0 0 1 0 1 1 1 1 1 0 0 0 1 0 1 0 1 1 1 1 1 0 0 1 0 1 0 0 1 1 0 1 1 1 0 1 1 1 0 0 1 0 1 0 1 1 1 1 0 1 1 1 1 0 1 0 0 0 0 0 1 73 0 0 1 1 1 1 1 1 0 
1 1 0 1 1 0 1 1 1 1 0 1 0 1 0 0 1 0 1 1 0 1 0 0 1 1 1 1 1 1 0 0 0 1 1 1 1 1 1 1 0 1 0 0 1 0 1 1 1 1 0 1 0 1 1 0 1 1 0 0 1 1 0 1 1 1 0 0 0 0 1 1 0 0 0 1 1 0 1 1 1 0 1 1 0 1 0 0 1 1 1 16 0 0 1 1 0 0 0 0 
0 1 0 1 1 0 0 1 0 1 0 0 1 1 1 1 0 1 1 1 0 0 1 1 1 1 1 1 0 0 0 1 0 0 1 0 0 0 1 1 1 0 1 1 1 0 0 0 1 1 1 1 1 0 1 0 0 0 1 1 0 1 1 0 0 1 1 0 1 0 1 1 0 1 1 1 0 0 1 0 1 1 0 1 0 0 1 1 0 0 1 1 68 1 1 1 1 1 0 0 
1 1 1 0 1 0 0 1 0 1 1 1 0 1 0 1 1 1 1 1 0 1 1 1 1 0 1 1 1 1 0 1 0 1 1 1 1 0 1 0 0 1 0 1 0 1 1 1 1 1 1 1 0 0 1 0 1 1 1 0 0 1 1 1 1 0 1 1 1 1 1 1 1 0 0 1 0 0 1 0 1 0 1 1 1 0 0 0 1 1 1 1 0 60 1 1 1 0 1 1 
1 0 1 1 0 1 1 1 1 1 0 0 0 0 0 1 0 1 1 1 1 0 0 1 1 1 1 0 1 1 0 0 1 1 0 0 0 1 0 0 0 0 0 0 0 1 1 0 1 1 0 1 0 1 1 1 1 1 0 1 1 0 1 1 0 1 1 0 1 0 1 1 1 1 1 1 0 1 1 0 1 1 1 0 0 1 1 1 0 1 0 1 0 0 2 0 1 0 0 1 
0 0 1 0 1 1 1 1 1 0 0 0 1 0 1 1 1 1 1 1 1 0 1 1 0 1 0 1 0 0 1 1 0 1 1 0 0 0 1 1 0 1 0 1 1 1 0 1 1 1 1 1 1 1 1 0 1 1 0 1 1 1 1 1 1 1 0 1 1 1 1 1 0 1 0 1 0 0 0 1 1 1 0 0 0 1 1 0 0 1 1 1 1 0 1 33 0 0 1 0 
1 1 1 1 0 1 1 1 1 1 1 1 0 1 1 0 1 1 0 1 1 1 1 0 1 1 1 1 1 1 1 1 0 1 1 1 1 0 1 0 1 1 1 1 0 1 0 0 0 1 1 0 0 0 0 0 1 1 0 1 0 1 1 1 1 0 1 1 0 1 1 0 1 0 0 1 1 1 1 0 0 0 1 0 1 1 1 1 1 1 1 1 0 0 1 0 71 1 0 1 
0 1 0 1 1 0 1 0 1 1 1 1 1 0 0 1 1 1 1 1 1 1 1 0 0 0 1 1 0 1 0 1 0 0 1 0 0 0 1 1 1 1 1 1 1 0 1 1 1 0 1 0 1 1 1 1 0 1 1 0 0 1 0 0 0 0 1 1 0 0 0 1 1 1 1 0 0 0 1 1 1 1 0 1 1 1 0 1 1 1 0 0 0 1 1 1 1 75 0 0 
1 1 0 1 0 1 0 1 1 1 0 0 1 1 0 1 1 1 1 1 1 1 1 1 1 1 1 1 0 0 1 1 1 1 0 1 1 1 0 1 1 0 0 1 0 1 0 0 0 0 1 1 1 0 0 1 1 0 0 0 1 1 1 1 1 1 1 0 1 0 1 1 1 1 1 1 0 1 1 1 0 1 0 1 0 1 1 0 1 0 1 1 0 1 1 1 0 0 27 1 
1 1 0 1 0 1 0 1 0 0 1 1 1 0 1 0 1 1 1 0 1 1 0 0 1 0 0 0 1 1 1 1 1 0 1 0 0 1 1 1 1 1 0 1 1 0 1 1 1 0 1 0 0 1 1 0 0 1 1 0 1 0 1 0 1 1 1 0 0 0 0 0 0 1 1 0 1 1 1 1 1 1 0 1 1 1 0 1 0 0 1 1 1 1 1 0 1 0 1 99 