35
85 0 0 0 0 1 0 1 0 1 1 0 0 1 1 1 0 0 0 1 1 0 1 1 0 1 0 0 1 0 1 1 0 0 0 
0 35 1 0 0 1 0 0 1 1 0 1 1 0 0 0 1 1 1 0 0 0 1 0 1 1 0 0 1 1 0 1 0 0 0 
1 0 55 1 0 0 1 1 1 1 1 1 1 0 1 1 0 0 1 0 1 1 0 0 1 0 0 0 1 1 1 1 0 0 1 
1 1 1 59 0 0 0 0 1 1 0 0 1 1 0 1 0 1 0 0 1 0 1 1 0 0 1 0 1 0 1 1 0 0 0 
1 1 1 1 21 0 1 0 0 0 0 1 0 0 0 0 1 1 0 0 1 0 1 0 1 1 0 1 1 0 1 1 1 0 0 
0 0 0 1 0 64 0 1 0 0 0 1 0 1 0 0 0 0 1 0 0 0 0 0 0 1 1 1 0 1 0 0 0 1 0 
1 0 1 0 1 0 98 1 0 0 1 0 0 1 0 1 0 1 0 0 1 0 1 0 1 0 0 1 0 1 1 0 1 1 1 
1 0 1 0 0 0 0 70 0 0 1 1 0 0 1 1 0 0 0 1 0 1 0 0 1 1 1 0 1 0 0 1 1 1 1 
1 0 1 0 0 0 0 0 31 1 0 0 0 1 1 0 1 0 1 1 0 1 0 1 0 1 0 0 1 0 0 0 1 1 1 
1 0 0 0 0 0 1 0 0 76 0 0 0 1 0 1 0 1 1 0 0 1 1 0 1 1 0 1 0 0 1 0 0 0 0 
0 1 1 1 0 0 0 1 1 1 91 0 1 1 0 0 1 1 0 1 0 0 0 1 0 0 1 1 0 0 1 1 0 0 0 
0 0 1 1 1 1 1 0 1 1 1 65 1 1 0 1 0 0 0 0 1 0 1 1 1 0 0 0 0 0 1 1 0 0 1 
0 0 0 1 0 1 0 0 1 1 1 0 1 0 0 0 1 0 1 1 1 0 0 1 0 0 1 1 0 0 1 0 1 0 1 
0 1 1 0 1 1 0 1 1 0 0 0 0 33 1 0 1 1 1 1 1 1 1 0 0 0 1 0 0 0 1 1 1 0 1 
0 1 0 0 1 0 0 1 1 0 0 1 1 1 66 0 0 1 0 1 1 1 0 0 1 1 1 0 0 0 0 0 0 1 1 
1 1 0 1 1 1 0 1 1 0 0 0 1 0 1 15 1 0 0 0 0 1 1 0 0 1 0 1 1 0 0 0 0 1 1 
0 0 1 1 1 0 0 1 1 1 1 0 1 1 0 0 36 0 1 0 1 1 1 1 1 0 0 0 1 1 0 1 0 1 1 
0 0 1 0 1 0 0 0 0 0 1 0 1 1 0 1 0 6 0 1 1 1 0 1 1 0 1 1 1 1 1 0 1 1 1 
0 0 0 1 1 0 1 1 1 1 1 1 1 1 1 0 1 1 68 1 1 0 0 1 1 0 1 0 0 0 1 1 1 0 0 
0 0 0 0 1 0 1 1 0 1 0 0 1 0 1 1 0 0 0 7 0 0 1 0 0 1 0 0 0 1 1 1 1 0 0 
1 0 1 0 1 0 1 0 0 1 1 1 0 0 1 1 0 0 1 0 58 0 0 1 1 1 1 1 0 0 1 1 0 0 0 
0 0 0 1 0 1 1 1 1 0 1 1 0 1 0 0 1 1 1 0 1 95 1 1 1 0 0 1 0 1 0 1 0 1 1 
1 0 1 0 0 0 0 0 1 1 1 0 1 1 1 0 0 1 1 0 0 1 48 0 0 1 0 1 0 0 1 0 1 0 0 
1 1 1 1 0 1 1 0 0 1 0 1 1 0 0 1 1 1 0 0 1 1 1 0 0 0 1 1 1 0 0 1 1 1 1 
0 0 1 1 1 0 1 1 0 0 0 0 0 1 1 0 0 1 0 0 0 0 0 0 10 1 0 1 0 1 0 0 1 1 1 
1 0 1 0 0 1 1 0 0 0 0 0 1 1 0 0 0 0 1 1 1 0 1 0 1 31 0 0 1 0 0 1 0 1 0 
1 1 1 0 0 1 1 0 1 1 0 1 0 1 0 0 1 0 0 0 0 0 0 0 0 1 93 1 1 1 0 0 0 1 1 
0 0 0 0 1 1 1 1 0 0 0 1 1 0 0 0 1 0 0 0 0 1 0 0 1 1 1 15 1 1 1 0 1 1 1 
0 1 1 1 1 0 0 1 0 0 1 1 0 1 1 0 0 0 0 0 1 1 0 1 1 1 1 0 75 0 0 0 0 0 0 
0 1 1 1 0 1 1 0 1 0 0 0 0 1 1 0 0 1 0 1 0 0 0 0 1 0 0 1 1 96 0 1 0 0 0 
1 1 1 0 0 1 0 0 0 1 1 0 0 1 0 0 1 0 0 0 0 1 0 1 0 1 1 0 0 1 17 1 0 0 1 
1 1 1 1 1 0 1 1 0 1 1 1 0 1 0 0 0 0 1 1 0 1 0 0 0 1 1 0 1 1 0 11 1 1 0 
1 1 0 1 1 1 0 1 0 0 1 1 0 1 1 0 0 1 0 1 1 1 0 1 1 1 0 0 0 0 0 1 9 0 0 
0 1 0 1 1 0 0 1 0 1 0 0 0 1 1 0 1 0 1 1 1 1 0 1 1 1 1 0 1 0 1 1 0 50 1 
0 1 1 1 1 0 1 1 1 0 1 1 0 1 0 0 1 1 1 0 0 1 1 0 1 0 1 1 1 0 1 1 0 0 95