150
78 0 0 1 1 0 1 0 0 0 1 1 0 1 0 0 1 1 1 0 1 1 0 0 0 0 0 1 1 1 1 1 1 1 1 1 0 0 1 1 0 1 0 0 1 0 0 1 1 1 0 1 1 1 0 1 1 1 0 1 1 0 1 0 0 1 1 1 0 0 1 1 1 1 0 1 0 1 1 1 1 0 0 0 0 0 0 0 1 1 1 1 1 1 0 0 1 0 0 0 1 0 0 1 1 0 0 0 1 0 1 1 1 0 1 0 1 1 0 0 0 1 1 0 1 0 1 0 0 0 0 1 0 0 0 0 1 0 0 0 1 0 1 1 0 0 0 1 1 0 
1 16 0 0 1 1 1 0 1 1 0 0 0 0 1 1 0 0 1 1 1 1 1 1 1 0 1 1 1 1 0 0 1 1 0 1 0 1 1 0 0 1 1 0 1 0 0 1 1 0 1 1 1 0 0 0 1 1 0 0 1 0 0 0 1 0 1 1 0 1 1 0 1 0 0 0 0 0 1 0 1 1 0 0 0 0 1 0 1 0 0 1 1 1 0 1 1 0 0 1 1 0 0 1 0 1 1 0 1 1 0 1 1 1 1 1 0 0 1 1 0 1 1 1 1 0 0 1 1 0 1 0 1 0 0 1 1 0 0 0 1 0 1 1 0 1 1 0 0 0 
0 0 54 0 0 0 0 0 1 1 0 0 1 1 1 1 0 1 0 1 1 0 1 1 1 0 1 1 1 1 0 0 0 0 0 0 1 1 0 0 0 0 0 1 0 0 1 1 1 1 0 0 0 1 0 1 1 0 1 1 1 1 0 1 1 1 0 1 0 1 1 1 1 1 0 1 1 1 1 0 1 0 0 1 0 1 1 1 1 0 1 1 1 0 1 0 1 1 1 0 0 0 0 0 0 1 0 1 1 1 0 1 1 1 1 1 0 0 1 0 0 0 1 1 0 1 1 0 1 1 0 1 1 1 1 0 0 0 0 0 1 0 0 1 1 1 1 0 1 1 
1 0 0 86 0 0 0 0 0 1 0 0 0 1 0 1 1 0 0 0 1 1 1 0 1 0 1 0 0 1 1 1 1 1 1 1 0 1 0 1 1 0 1 0 1 1 1 0 1 0 0 0 0 1 0 0 1 0 1 0 0 1 1 1 1 0 0 1 0 1 1 0 1 1 1 0 1 0 1 1 1 1 0 0 0 0 0 0 0 0 1 0 1 0 1 1 1 0 1 1 1 1 1 1 0 1 0 0 1 1 1 1 1 0 1 1 1 0 1 0 0 1 1 1 1 1 0 0 1 0 1 1 0 0 1 1 0 0 0 0 0 1 0 0 0 0 0 0 0 0 
0 0 1 1 64 1 0 0 1 0 0 0 1 0 1 0 0 0 0 0 1 1 0 0 1 1 0 1 0 0 0 1 0 0 1 1 1 1 1 1 1 0 0 1 0 1 0 0 1 0 0 0 0 1 0 1 1 1 0 0 0 0 1 1 0 0 0 0 0 0 0 0 1 0 0 1 0 1 1 0 1 0 1 0 1 1 1 1 1 0 0 0 0 0 0 0 0 1 1 0 0 1 0 0 0 0 1 0 1 1 0 1 1 1 1 1 0 1 1 1 1 1 0 1 0 0 0 1 1 0 0 0 1 0 1 0 0 0 1 1 1 1 0 1 0 1 1 0 1 1 
0 1 0 0 1 32 1 1 0 0 0 0 0 1 1 0 1 0 1 1 1 1 1 0 0 1 0 0 1 1 1 0 0 0 1 0 1 0 1 0 1 0 1 0 1 0 1 0 1 0 1 1 1 1 1 1 0 0 0 0 0 0 1 0 1 0 1 1 0 1 0 1 1 1 0 0 1 1 0 1 0 0 0 1 1 0 1 0 1 1 0 0 0 0 0 1 1 0 1 1 0 1 1 0 0 0 1 0 0 0 0 0 0 0 0 0 1 0 1 1 1 0 1 1 1 0 0 1 0 1 0 1 0 0 1 1 1 0 0 1 0 0 1 1 0 0 0 0 0 0 
1 1 0 0 0 1 94 0 1 0 1 0 0 0 1 1 1 0 0 1 0 0 1 0 0 0 0 1 1 1 0 0 0 1 0 1 1 0 0 0 1 0 0 1 0 0 1 1 1 0 0 1 0 0 0 1 0 1 0 1 0 0 1 0 0 1 0 1 1 1 1 1 1 0 0 1 0 1 1 1 0 1 1 0 1 0 1 0 1 0 0 1 1 0 0 0 1 0 0 1 1 1 1 1 0 1 0 0 1 1 0 1 1 0 1 0 0 1 0 0 1 0 1 0 0 1 0 1 0 1 1 0 0 0 0 1 1 1 1 1 0 0 1 0 1 1 1 1 1 1 
1 1 1 0 1 0 0 21 0 1 1 1 1 1 0 0 0 1 0 1 1 0 1 1 1 0 0 0 1 1 0 1 1 1 0 0 1 0 1 0 1 1 1 1 0 0 1 1 0 1 1 0 0 1 0 0 0 0 0 1 0 1 1 0 0 0 0 0 1 1 1 0 1 0 0 0 1 1 1 1 1 0 1 0 0 1 0 0 0 1 0 1 1 1 0 0 0 1 0 1 0 0 1 0 0 0 0 1 1 1 1 1 0 0 0 1 1 1 0 1 0 0 0 1 1 0 1 1 0 1 0 0 0 0 1 0 1 1 1 1 1 1 1 0 0 1 1 1 1 1 
0 1 0 1 0 0 1 0 49 1 0 1 0 0 0 0 1 1 0 1 0 1 0 1 0 0 1 1 1 0 0 1 1 0 0 0 1 0 1 0 0 1 0 1 0 1 0 1 0 1 1 1 1 1 0 1 0 1 0 1 0 1 0 1 1 0 0 1 0 0 1 1 1 1 1 1 1 1 1 0 0 1 1 1 0 0 0 0 1 0 0 0 0 1 0 0 0 1 1 0 1 0 0 0 1 1 1 0 1 1 0 0 0 1 1 0 0 0 1 1 0 0 0 1 0 0 1 0 0 1 1 1 0 1 0 1 1 0 0 0 0 1 0 1 1 1 1 0 0 0 
0 0 0 1 1 1 1 1 1 12 1 1 1 1 1 0 0 1 1 1 0 1 0 0 0 0 0 1 0 0 0 0 0 1 0 0 0 1 0 1 0 1 0 0 0 0 0 1 0 1 1 0 0 1 1 1 1 1 1 1 0 0 0 1 0 1 1 1 1 1 0 1 1 1 1 0 0 1 0 0 0 1 0 0 0 0 1 0 1 0 1 1 0 1 0 1 0 0 1 1 1 0 0 1 1 0 1 1 1 1 1 1 0 1 0 0 1 0 1 0 1 1 0 1 0 0 1 0 0 0 0 0 1 1 1 0 0 0 1 0 0 0 0 0 0 1 0 1 0 1 
1 0 0 1 1 1 1 1 0 1 98 0 1 1 1 1 1 1 1 0 1 0 0 1 1 1 1 0 0 1 0 1 1 0 0 0 0 1 1 1 1 0 1 0 0 1 1 1 0 0 1 1 1 0 0 1 1 0 0 1 0 0 0 0 1 1 1 1 0 1 1 0 1 0 1 1 1 0 0 0 1 1 0 0 1 0 1 1 0 0 1 1 1 1 1 1 0 0 1 0 0 0 1 0 1 1 1 1 1 0 0 0 0 1 0 1 1 0 1 0 0 0 1 0 0 1 1 1 0 1 1 0 0 0 0 1 1 1 0 0 0 1 1 1 0 0 0 1 0 1 
1 1 1 0 1 1 1 0 0 1 1 5 0 1 1 0 0 0 0 0 0 1 0 1 0 0 1 1 0 1 0 0 1 0 0 1 1 1 1 1 0 0 1 1 0 0 0 1 1 0 0 1 1 0 0 0 0 0 0 0 1 0 1 1 1 0 0 0 0 1 0 0 0 0 1 0 1 1 1 1 0 1 0 1 0 1 0 0 1 1 0 1 1 1 1 1 0 0 1 1 0 1 1 0 0 1 0 1 1 0 0 0 0 1 0 1 1 0 0 0 1 0 0 1 1 0 1 1 0 0 1 0 0 0 1 1 1 1 1 1 0 1 0 0 0 0 1 1 0 1 
1 0 1 0 1 0 1 0 1 1 0 1 90 1 1 1 0 0 1 1 1 1 1 0 0 1 0 0 1 1 0 1 0 0 0 0 0 1 1 1 1 1 1 1 0 0 0 1 0 0 0 0 1 0 0 0 0 1 1 0 1 1 0 0 1 1 1 1 1 1 0 0 1 0 0 1 0 0 1 0 0 1 1 1 1 0 1 0 0 0 1 1 0 0 1 1 1 0 0 0 1 1 1 1 0 0 1 1 0 1 0 0 1 1 0 1 0 0 0 0 0 0 1 0 1 1 0 0 1 0 0 1 0 1 0 0 0 1 1 0 1 1 0 0 1 1 0 0 0 0 
1 1 0 1 1 1 1 1 1 1 1 0 0 47 1 1 1 0 1 1 0 0 0 1 0 0 1 0 1 0 1 0 1 1 1 0 1 1 0 1 1 0 0 1 1 0 1 1 1 1 0 0 1 0 1 0 0 1 0 0 1 1 1 1 0 1 0 1 1 1 0 1 1 1 0 0 0 1 0 0 1 1 0 1 1 1 0 0 1 1 0 1 1 1 1 0 0 0 0 1 1 1 1 1 1 1 1 0 1 1 1 0 1 0 0 1 1 1 1 0 0 1 1 1 0 1 1 0 0 0 0 1 0 1 0 1 0 1 0 0 1 1 1 0 0 0 0 1 0 0 
1 1 1 1 1 0 0 0 0 1 0 1 1 0 88 0 1 0 1 0 0 0 0 1 1 0 1 1 1 0 1 1 0 1 1 0 0 0 0 1 0 0 1 1 1 0 0 0 0 0 1 1 0 0 1 1 1 0 1 0 0 0 0 1 0 0 1 1 1 1 1 1 1 1 0 0 0 1 1 0 0 1 0 1 0 1 0 1 0 1 1 0 0 1 0 0 1 1 0 1 1 0 1 1 0 1 0 0 0 0 0 1 0 0 1 1 0 0 0 1 0 1 1 0 1 1 1 1 1 1 1 1 0 0 1 0 0 1 1 0 1 1 1 1 0 0 0 1 0 1 
1 1 1 0 1 0 0 1 1 1 0 0 0 0 0 77 1 0 1 1 0 1 0 0 0 1 0 1 0 0 0 1 0 1 1 0 0 1 1 0 0 0 1 0 1 1 0 0 0 1 0 0 0 1 1 1 0 1 1 0 0 1 1 1 0 1 1 0 0 0 0 1 0 0 0 0 0 0 0 1 1 1 1 1 0 0 1 0 1 0 1 0 0 0 0 0 1 0 0 0 1 0 1 0 1 0 1 1 1 1 0 0 0 0 0 0 0 0 0 1 1 0 0 0 1 0 1 1 1 1 0 1 0 1 1 1 1 1 1 1 1 1 0 0 0 0 0 0 1 0 
1 1 0 0 0 1 1 0 0 0 1 0 0 1 0 1 0 1 1 1 0 0 0 0 0 0 0 1 1 1 0 0 0 1 0 1 1 0 0 1 1 0 0 0 0 0 0 0 0 1 1 1 1 1 1 1 1 0 1 0 0 1 0 0 1 1 1 0 0 0 0 0 1 1 0 1 1 0 0 1 1 0 1 1 1 1 0 0 0 0 0 1 1 1 1 1 1 1 1 1 1 0 1 1 0 1 1 1 1 1 0 0 1 1 0 1 1 1 1 0 0 0 1 0 1 1 0 0 0 0 0 0 0 0 0 1 1 1 0 1 1 0 1 0 1 0 1 1 0 1 
1 1 1 1 1 1 1 0 0 1 0 1 0 1 1 0 1 26 1 1 1 1 0 0 0 1 1 1 1 0 1 1 0 0 1 1 0 1 1 1 0 1 1 1 1 1 0 1 0 0 1 0 1 0 1 0 1 1 0 0 1 1 0 0 0 0 0 0 1 0 0 0 1 1 1 0 1 0 1 0 0 1 0 1 1 0 0 1 1 1 1 1 1 1 0 1 0 1 1 0 1 0 1 1 1 1 1 1 1 0 1 0 1 1 1 0 0 0 0 1 1 1 0 0 0 0 1 1 1 1 0 1 1 0 0 0 0 0 0 1 0 0 0 1 1 0 1 0 0 0 
1 1 0 0 0 1 0 0 0 1 0 1 0 0 0 1 0 0 31 1 1 1 1 1 1 0 1 1 1 0 1 1 0 1 1 1 0 1 0 0 1 1 1 1 0 1 0 1 0 0 1 0 1 1 1 1 0 1 0 1 1 0 1 1 0 1 1 0 0 1 1 1 1 0 0 1 1 1 0 0 1 1 1 0 1 1 1 0 0 0 1 0 1 1 0 1 1 0 1 0 1 1 1 0 0 1 0 0 1 0 1 1 0 1 1 1 1 0 1 1 0 1 1 1 0 1 0 0 1 0 0 1 0 1 1 0 1 1 0 0 0 1 0 0 0 1 1 1 1 0 
0 1 1 0 0 1 0 1 0 1 1 0 0 1 0 1 0 1 0 66 1 1 0 0 1 1 0 0 1 1 0 0 0 0 1 1 1 0 0 1 1 1 0 1 1 0 1 0 0 1 0 1 0 0 0 1 1 1 1 0 0 1 1 1 0 1 0 1 1 0 1 0 0 0 1 0 0 1 0 1 0 1 1 0 0 1 0 1 1 1 1 1 1 0 1 0 0 0 1 0 1 0 1 0 0 1 1 1 0 1 0 1 1 1 1 0 0 1 1 1 1 0 1 0 1 1 1 1 0 0 1 1 0 1 1 1 0 1 0 1 0 1 0 0 0 0 1 1 1 1 
1 1 1 0 0 0 0 1 0 1 0 1 1 1 0 1 1 0 0 1 24 0 1 0 0 0 1 1 1 0 0 0 1 1 1 0 1 1 0 1 1 0 0 1 0 0 0 0 1 0 1 1 0 1 1 0 1 1 0 0 0 1 0 1 0 0 0 1 1 1 0 0 0 1 0 0 1 1 0 1 0 1 1 0 0 0 1 1 1 0 0 1 0 0 0 0 1 1 0 0 1 1 1 1 0 0 1 0 1 0 0 0 0 1 0 0 0 1 0 0 0 0 0 0 0 1 0 1 0 0 0 1 1 0 1 0 1 1 0 1 0 0 1 0 0 1 1 0 1 1 
0 1 1 0 1 0 0 1 1 0 1 0 0 0 0 0 1 0 1 0 0 92 1 0 0 1 0 1 1 0 0 1 1 1 1 1 0 0 1 1 1 0 1 0 0 0 1 1 0 1 1 0 1 1 0 1 0 1 1 0 1 0 1 0 1 1 0 1 0 0 1 1 0 0 1 1 0 1 0 1 1 0 0 1 1 1 0 0 1 0 0 0 0 0 0 1 1 0 1 1 0 1 0 1 0 0 0 0 0 0 0 0 0 1 1 0 1 1 1 0 1 0 1 0 0 0 1 1 0 0 1 0 1 0 0 0 1 1 0 0 1 1 1 1 1 0 0 0 1 1 
1 0 1 1 1 1 0 0 1 1 1 0 1 0 0 0 1 1 0 0 1 1 91 0 0 0 0 1 0 0 0 1 1 1 1 0 0 1 1 1 1 1 0 1 1 1 1 0 1 1 1 1 0 0 0 0 1 1 1 0 1 1 1 0 0 0 0 0 1 1 0 1 0 1 0 1 1 1 0 1 0 0 0 1 1 1 1 0 0 0 0 0 1 1 0 0 0 0 0 0 0 0 1 1 0 1 0 0 1 1 0 1 1 1 0 1 1 1 0 1 0 0 1 1 0 0 1 1 0 0 0 1 0 0 0 1 1 0 1 0 0 0 0 1 0 1 1 0 1 1 
1 1 1 0 1 1 1 1 1 1 1 0 0 1 1 1 0 0 1 0 1 1 1 76 0 1 0 1 1 1 0 0 1 0 1 1 0 1 1 0 1 1 0 1 1 0 0 0 1 0 1 1 0 1 0 0 0 1 1 1 1 0 1 0 0 1 0 0 0 1 1 1 0 0 0 0 0 1 1 0 1 1 0 0 0 0 0 1 0 0 0 0 0 0 1 0 1 0 0 1 1 0 0 1 1 0 0 0 1 1 1 1 0 0 0 0 0 0 0 1 0 0 1 0 1 1 0 1 0 1 1 0 1 1 0 1 0 1 1 1 0 0 1 0 0 1 1 0 0 1 
0 0 1 1 0 0 0 0 1 1 0 1 1 0 0 0 1 1 0 0 1 0 1 1 2 1 1 1 1 1 0 0 0 0 0 0 0 1 1 1 0 0 1 1 0 1 1 0 0 0 0 0 0 0 0 0 1 0 0 1 1 1 0 1 0 0 0 0 0 0 0 1 1 0 0 1 1 0 1 0 0 0 1 0 0 0 0 1 0 1 1 1 0 1 1 1 1 0 1 0 0 0 1 0 1 1 0 0 1 0 0 1 0 1 1 1 0 0 1 0 1 0 1 0 0 1 1 1 0 1 0 0 1 0 1 0 1 1 1 0 1 1 0 0 1 0 1 1 0 0 
0 1 1 0 0 0 1 0 1 1 1 0 0 0 1 0 0 0 1 0 1 0 1 1 1 77 1 0 0 1 1 0 0 0 1 1 1 0 0 0 0 1 1 0 0 1 0 1 1 0 1 1 1 1 0 0 0 0 1 0 0 0 0 0 1 0 0 0 1 0 0 0 1 1 1 0 1 0 1 0 0 0 0 1 1 0 0 1 1 1 1 0 0 0 1 0 1 1 1 1 0 1 1 0 0 0 0 0 0 1 0 0 0 1 1 0 0 0 0 0 1 0 1 0 1 1 0 0 1 0 1 1 1 0 0 0 1 0 0 0 0 0 1 0 0 1 0 0 1 0 
0 1 0 1 1 1 1 0 0 1 0 1 1 1 1 0 0 0 0 1 1 1 0 1 0 1 96 1 1 0 0 1 1 0 1 1 0 1 0 1 1 1 1 0 1 0 1 1 0 0 1 1 1 1 1 1 1 0 1 1 0 0 1 0 1 1 1 1 1 0 1 1 0 0 1 0 1 0 0 0 1 1 0 0 0 0 1 1 0 0 1 1 0 0 1 1 1 0 0 1 1 1 0 0 1 1 1 1 1 0 0 0 0 1 1 0 1 0 1 0 0 0 0 1 1 0 1 0 1 1 0 1 0 1 0 0 0 0 1 1 0 1 0 0 1 0 1 1 1 0 
1 0 1 1 0 0 0 1 1 1 0 1 0 0 0 1 0 0 0 1 1 0 1 0 0 0 0 59 1 1 1 1 0 1 1 1 0 0 1 0 1 0 0 0 1 0 1 0 1 1 0 0 1 0 0 0 0 0 1 1 1 1 1 0 1 1 0 1 1 0 0 1 0 0 1 1 0 1 0 0 1 0 0 1 0 1 0 0 1 1 1 0 1 1 0 1 0 1 1 1 1 1 0 0 1 1 0 1 0 1 0 0 1 1 0 0 1 0 1 1 0 1 1 0 0 0 0 1 0 1 1 0 0 1 1 1 0 1 0 1 0 1 1 0 1 1 1 1 0 0 
1 0 0 1 1 0 0 0 1 1 0 0 1 0 0 1 1 1 0 1 0 1 0 1 1 1 1 1 18 1 0 0 1 0 0 1 1 0 0 0 1 1 0 1 1 1 0 0 1 0 1 1 0 1 1 0 0 1 0 1 0 1 1 1 1 0 0 0 1 0 1 0 1 1 1 1 0 0 0 0 1 1 1 0 1 1 1 0 0 0 0 1 1 1 1 1 1 1 1 1 1 0 0 1 1 1 0 0 1 0 0 1 1 1 0 0 1 0 0 0 0 1 1 1 0 0 1 1 0 1 0 0 1 1 1 1 0 1 0 0 0 1 0 1 0 1 0 0 1 1 
1 0 0 0 1 1 0 0 1 0 1 0 0 0 0 0 1 1 1 0 1 0 1 0 1 1 0 0 1 45 1 0 1 0 0 0 1 0 1 1 0 0 0 1 1 1 0 1 1 1 1 1 1 1 0 1 0 1 1 1 0 1 0 1 0 0 0 1 0 1 1 0 0 0 1 0 0 0 0 1 0 1 1 1 1 1 1 1 1 0 0 1 0 0 0 1 0 1 0 1 0 0 1 0 0 1 1 1 0 1 0 0 1 1 0 0 0 0 0 0 0 0 0 1 0 0 1 0 0 1 0 0 1 0 1 0 0 0 0 1 0 0 1 1 1 1 1 0 1 0 
1 0 0 1 0 0 0 0 1 0 1 1 0 0 1 0 0 0 0 1 0 1 0 0 1 1 1 0 0 1 67 1 0 1 0 0 0 1 1 0 1 1 1 1 1 0 0 0 1 0 0 0 0 0 1 1 0 1 0 1 1 1 1 0 1 1 0 0 1 0 1 0 0 1 1 1 1 1 0 0 1 0 0 0 1 1 0 0 0 0 1 0 0 0 1 1 1 0 1 0 1 1 1 0 1 1 0 0 0 0 0 1 1 0 1 1 0 1 0 0 1 0 1 0 1 0 0 0 0 0 1 1 0 0 0 1 0 1 0 1 1 0 1 1 1 1 1 1 0 0 
0 1 1 1 1 0 1 0 0 0 0 0 0 1 1 1 0 1 1 0 0 0 1 0 1 1 0 1 1 1 0 4 0 1 0 0 1 0 0 0 0 0 1 0 0 1 1 0 1 1 0 0 1 1 0 1 0 0 0 1 0 0 1 0 0 1 1 1 1 0 1 0 1 1 1 1 0 1 0 1 1 1 1 0 0 1 0 0 0 0 0 1 0 1 0 0 1 0 0 0 1 0 0 1 1 1 1 1 1 1 0 0 1 0 0 0 1 0 1 0 1 1 1 1 0 0 1 0 1 1 1 1 1 1 0 0 0 1 0 1 1 0 1 0 1 1 1 0 0 1 
0 1 0 0 0 1 0 0 0 0 1 0 1 0 1 0 1 0 1 0 0 1 0 0 0 0 1 1 0 0 1 1 8 1 1 1 1 1 0 0 1 0 1 1 1 1 0 1 1 0 0 0 1 1 1 1 0 1 1 0 1 1 0 1 1 0 0 0 1 0 1 1 1 0 0 0 0 1 0 0 0 1 1 0 1 0 1 1 1 0 0 0 1 1 0 1 1 1 0 1 1 1 1 0 1 1 0 0 0 0 0 0 0 0 1 0 1 0 1 0 0 1 1 0 1 1 0 1 1 0 0 1 1 0 1 1 1 1 1 0 1 0 0 0 0 1 0 0 0 0 
0 1 1 1 0 0 0 0 1 0 1 1 1 1 1 0 0 1 1 0 0 1 0 1 0 0 0 0 0 1 1 1 0 97 0 1 0 0 1 1 0 1 1 1 1 0 0 0 1 0 0 0 0 1 1 0 0 0 0 0 0 1 0 1 0 1 0 0 0 1 0 1 0 0 0 0 1 1 0 0 0 0 0 1 0 0 1 1 0 1 1 0 0 0 0 0 0 1 1 0 0 1 0 1 0 1 1 1 0 0 0 1 1 0 0 1 0 0 1 1 1 1 0 0 1 1 0 1 0 1 1 1 1 0 0 1 1 0 0 0 0 1 1 0 0 1 0 1 0 0 
0 1 1 1 0 1 0 0 0 1 0 0 1 1 1 1 0 1 1 0 1 0 0 0 1 0 1 0 0 1 0 1 1 0 7 0 1 0 0 0 1 1 0 0 0 1 0 1 0 1 0 1 0 0 0 0 1 1 1 1 1 1 0 0 1 0 1 1 0 0 0 0 0 1 0 0 0 0 0 0 1 0 1 1 0 0 0 0 0 1 1 1 1 0 0 1 0 0 1 0 1 1 1 1 0 0 0 1 1 0 1 1 0 1 1 0 1 0 0 0 1 1 0 0 0 0 1 1 0 0 1 1 1 0 1 1 0 1 0 1 1 0 0 1 1 0 1 1 0 1 
0 1 1 1 1 0 0 0 1 0 1 0 0 0 0 1 0 0 1 0 1 1 1 1 0 0 0 1 1 0 1 0 0 1 0 84 1 1 0 0 0 0 0 1 1 1 1 1 0 0 0 1 1 0 0 0 1 1 1 1 0 1 0 1 1 0 0 1 1 0 1 1 0 0 1 0 1 1 0 1 0 1 1 1 1 1 0 0 0 0 0 0 1 1 0 0 0 0 1 0 1 1 0 1 1 0 1 0 1 0 0 0 1 0 0 1 0 0 1 0 0 0 0 1 0 0 0 0 1 1 1 1 0 0 1 0 0 0 0 1 1 1 0 1 1 1 1 0 0 0 
0 0 1 0 1 1 1 1 0 0 1 0 0 1 0 1 0 1 0 0 0 0 0 0 1 1 0 0 0 1 1 0 0 0 0 0 30 1 0 0 1 1 0 1 1 1 1 0 1 0 0 1 0 0 0 1 0 1 1 0 0 1 0 0 1 0 1 1 0 1 0 0 0 0 1 1 0 1 0 1 1 0 1 1 1 0 0 1 0 0 0 0 1 1 0 1 1 0 0 0 0 1 0 0 0 1 1 1 1 0 0 1 0 1 1 0 1 0 1 1 0 0 1 1 0 1 1 0 0 0 0 1 0 0 0 0 0 0 0 0 0 0 1 0 0 0 0 0 1 1 
1 0 0 1 1 1 0 1 1 1 1 1 1 1 1 0 1 0 0 0 1 0 0 0 0 1 1 0 1 1 0 1 1 1 0 1 1 19 0 1 1 0 1 1 0 0 0 1 0 0 0 0 1 1 0 1 0 0 1 0 0 0 0 1 0 0 1 0 0 1 1 1 0 0 0 1 0 0 0 0 1 1 1 1 1 0 1 1 1 0 1 1 1 1 1 1 1 0 0 1 0 0 0 1 1 0 0 0 1 1 0 0 1 0 1 0 1 0 1 0 0 1 1 0 0 0 0 1 1 1 1 1 1 0 0 0 0 0 1 1 1 0 1 0 1 1 0 0 1 0 
1 0 0 1 0 0 1 1 1 1 0 1 1 1 0 1 0 1 1 0 1 1 1 0 0 1 1 0 0 1 1 1 0 0 1 0 1 1 21 0 1 0 0 0 1 0 0 0 1 1 1 0 1 1 1 1 0 0 0 1 1 0 1 1 1 1 0 0 1 1 0 1 0 0 1 1 0 0 0 1 0 0 1 0 1 1 1 1 1 1 0 1 0 1 1 1 0 0 0 0 1 0 0 0 0 0 1 1 0 0 0 1 1 0 1 0 1 0 0 1 1 0 1 0 0 1 1 0 0 1 1 1 0 1 0 1 1 1 1 1 1 1 0 1 0 0 1 1 0 0 
1 0 1 0 0 1 0 1 1 0 0 1 1 0 0 0 1 1 1 1 0 1 0 0 0 1 0 0 1 1 1 1 1 0 1 1 1 1 1 47 0 1 0 0 1 0 0 0 1 1 0 0 1 0 1 1 0 1 1 0 1 1 0 0 0 0 0 1 1 0 0 1 0 1 1 1 0 0 1 1 0 1 0 0 1 1 0 0 0 1 1 0 0 1 1 0 0 1 1 1 0 1 1 0 1 0 0 1 0 0 1 0 1 0 1 0 0 1 0 1 1 0 1 0 1 1 1 1 0 0 0 0 0 0 1 1 0 0 1 1 1 1 1 0 1 0 0 0 1 1 
0 1 1 1 1 1 1 0 1 1 0 0 0 1 1 0 1 0 0 1 0 1 1 0 1 1 0 0 1 1 0 0 1 1 0 0 1 0 0 0 22 0 0 0 0 0 1 0 0 1 1 0 0 0 0 1 1 1 0 1 1 1 1 0 0 1 0 0 1 0 1 0 0 0 0 1 0 0 0 1 0 0 1 1 1 0 1 1 0 0 1 0 1 1 1 1 0 0 0 1 0 0 0 0 1 0 0 0 0 0 1 0 0 1 1 0 1 1 1 0 0 1 0 1 1 1 1 0 1 1 1 0 1 1 0 0 0 0 0 1 0 1 0 0 1 0 1 1 1 1 
1 1 1 0 0 1 0 1 1 1 0 1 1 1 1 0 0 1 1 0 0 1 1 0 1 1 0 1 1 0 0 0 1 1 1 1 1 0 1 0 0 39 0 0 0 1 0 0 0 1 0 0 1 0 0 1 0 0 0 0 1 1 0 0 0 1 1 1 0 1 1 1 0 1 1 1 1 0 0 1 1 1 0 1 1 1 0 0 1 0 1 0 0 0 1 1 0 0 1 1 1 1 1 0 0 0 0 0 0 1 1 1 1 0 0 1 0 1 0 1 0 1 0 0 0 0 0 1 1 0 0 1 0 0 0 1 0 0 1 0 0 1 1 1 1 0 1 0 1 1 
1 1 0 0 1 0 1 0 0 1 0 1 0 0 1 1 0 0 1 1 0 0 1 1 1 1 1 0 1 0 1 1 1 0 1 0 0 1 1 0 1 0 6 1 1 1 1 1 0 1 0 0 1 0 0 0 0 0 1 0 0 1 1 1 0 0 0 0 1 0 0 1 1 0 1 0 0 1 0 1 0 0 1 1 1 0 1 0 1 1 1 0 1 0 1 1 0 1 0 1 1 1 1 1 1 0 0 0 0 0 0 0 0 1 1 1 0 0 0 1 0 0 0 0 1 0 1 1 1 0 0 0 1 1 1 0 0 0 0 0 0 1 0 1 1 0 0 1 1 1 
1 0 1 1 1 1 1 0 1 0 0 1 1 1 1 0 1 0 1 0 0 1 1 0 1 1 1 0 1 0 1 0 1 0 1 0 0 0 1 0 1 0 1 64 1 1 1 0 0 0 1 0 1 0 0 1 1 0 0 1 1 1 1 0 1 1 0 0 1 0 1 0 1 1 0 0 1 1 1 1 0 1 1 0 0 1 0 1 0 0 0 1 1 1 1 0 1 1 0 1 1 1 0 1 0 0 0 0 1 0 1 0 0 0 1 1 0 0 0 1 1 0 0 1 1 1 0 1 0 1 1 1 0 1 1 1 0 1 0 0 0 1 0 0 0 0 0 1 1 0 
1 0 0 0 0 1 1 1 0 0 0 1 1 1 0 0 0 1 1 1 0 1 1 1 0 1 1 1 0 0 1 1 0 0 1 0 0 1 1 0 1 1 0 0 50 0 0 1 0 1 1 0 0 0 0 1 0 1 1 1 0 1 0 1 1 1 1 0 0 0 0 0 1 1 0 0 0 1 0 1 1 0 1 0 1 1 1 0 0 1 1 0 1 1 0 0 1 0 0 1 0 1 1 0 1 0 1 1 1 1 1 1 0 0 1 0 1 1 1 0 1 1 1 1 1 1 0 0 0 1 1 0 1 0 1 0 0 1 1 0 1 1 0 1 1 1 1 1 0 0 
0 1 1 0 1 0 0 0 0 0 1 0 0 1 1 1 0 1 1 0 0 0 1 1 1 1 0 1 1 0 1 1 0 0 0 1 0 1 1 1 1 1 0 0 0 44 1 0 0 1 0 0 1 1 0 1 1 1 1 1 1 0 0 1 0 1 0 1 0 0 0 1 1 0 1 0 1 1 0 0 1 1 0 0 1 0 1 0 0 1 1 0 1 1 0 0 0 1 0 1 1 0 0 0 1 0 1 0 0 1 0 0 0 1 0 1 1 1 0 1 1 1 1 1 1 1 0 0 1 1 1 1 1 1 1 0 0 1 1 1 0 1 0 0 1 0 1 0 1 0 
0 1 1 0 0 1 0 0 0 0 1 1 0 0 0 1 1 0 1 1 0 0 1 0 1 0 0 0 0 0 0 0 0 0 0 0 0 0 1 1 0 1 0 0 0 1 68 1 1 1 1 0 1 1 0 0 0 1 1 1 1 0 1 0 0 1 0 0 0 1 0 1 1 1 0 0 1 0 0 0 1 0 1 0 0 1 1 1 1 0 0 1 0 0 0 1 1 0 0 1 1 1 1 1 0 0 1 0 0 0 1 1 1 1 1 1 0 0 0 0 1 0 0 0 0 1 0 1 0 1 0 1 1 1 1 1 0 1 1 1 0 1 0 0 0 1 0 1 1 0 
0 0 1 0 0 1 1 1 1 0 0 1 1 1 0 1 1 1 1 0 0 1 1 1 1 0 1 0 1 1 0 1 0 0 0 1 1 0 0 0 1 1 1 1 1 1 1 6 0 0 1 1 0 0 0 1 0 1 1 1 1 0 1 1 1 0 1 1 0 0 1 1 1 0 1 0 1 1 0 0 1 1 0 0 1 1 0 1 0 0 0 1 0 0 1 0 0 1 0 0 1 0 0 1 1 0 1 1 1 0 0 1 1 0 1 0 1 1 0 0 0 1 0 1 1 1 0 0 1 0 0 0 0 0 1 1 0 1 0 1 1 0 0 1 0 0 1 1 0 0 
0 1 0 0 0 1 1 0 1 0 0 0 1 1 0 1 0 1 1 1 1 1 0 1 1 0 0 0 1 1 1 0 0 0 1 1 1 1 1 1 0 0 0 1 1 0 0 1 88 0 1 1 1 0 1 1 0 1 1 1 0 1 1 0 0 0 0 1 1 0 0 1 0 0 0 1 1 1 1 1 0 1 1 0 0 1 1 1 1 1 1 0 1 1 1 1 0 1 1 0 1 1 0 0 0 1 1 1 0 1 0 1 1 0 1 1 1 1 1 0 0 1 1 1 1 1 0 0 0 1 0 1 1 0 1 0 0 0 1 1 1 1 0 0 1 0 1 0 0 1 
0 0 1 0 1 0 0 0 0 1 1 1 1 1 0 0 0 1 0 1 1 0 1 1 0 1 1 0 1 1 1 0 0 1 0 0 0 1 1 1 0 1 0 1 0 1 0 0 1 47 1 0 0 0 1 0 0 0 1 0 1 1 1 1 0 0 1 1 1 1 1 0 1 0 0 0 1 1 0 1 0 1 0 1 0 0 1 1 0 0 1 0 0 0 1 0 0 1 0 1 1 0 1 1 0 1 1 1 0 1 0 1 0 1 1 0 1 0 1 0 0 1 0 0 0 1 1 1 0 1 0 1 1 0 0 1 1 0 0 0 0 0 0 1 1 0 0 0 1 0 
0 0 0 0 1 1 0 0 0 1 1 0 1 1 1 1 1 0 0 1 1 1 0 1 0 0 0 1 0 1 0 0 1 0 1 1 1 0 1 1 0 0 0 1 0 1 1 1 1 1 40 1 0 1 1 0 1 1 1 0 0 1 0 1 1 0 0 1 1 1 1 1 0 1 0 0 0 0 1 0 0 1 1 1 0 1 0 0 0 1 1 1 1 0 1 0 0 1 0 1 0 1 1 1 0 1 0 0 0 0 0 1 1 0 1 1 1 0 1 0 0 1 0 0 0 0 1 1 1 1 0 1 0 1 0 1 0 1 1 1 1 0 0 0 0 0 0 0 0 1 
1 1 0 0 1 1 1 1 0 1 1 1 0 0 1 1 1 0 0 0 1 0 0 1 0 1 0 0 1 1 1 1 1 1 0 1 0 1 1 0 1 1 0 0 0 1 0 0 0 0 1 9 1 0 1 0 0 1 1 1 0 0 0 0 0 1 0 0 1 0 1 0 1 1 1 1 1 1 0 1 0 0 1 0 0 0 0 1 1 1 0 1 1 1 0 1 0 1 0 1 0 1 1 1 1 1 1 0 0 0 0 1 1 0 0 1 1 0 1 0 1 1 1 0 1 0 1 0 1 1 1 0 0 1 1 1 0 1 0 0 1 0 1 0 0 0 1 0 0 0 
0 1 1 0 1 0 1 1 1 0 1 1 1 1 0 0 1 0 0 1 1 1 0 0 0 0 0 0 0 1 0 1 0 0 0 0 1 0 0 0 0 0 1 0 0 0 1 0 1 0 0 1 74 1 1 0 0 0 1 0 0 1 1 1 1 1 0 0 1 0 1 1 1 0 0 0 1 0 0 0 1 1 1 0 1 0 0 0 0 0 1 0 0 1 1 0 0 0 1 0 1 0 1 0 0 1 0 1 1 1 0 0 1 0 0 0 0 1 0 1 0 1 0 0 0 1 0 1 1 0 1 1 1 1 1 0 0 0 1 0 1 0 1 1 0 0 1 1 1 0 
1 0 1 0 0 1 0 0 1 1 0 1 1 0 0 0 0 0 0 1 1 0 1 1 0 0 1 1 0 1 0 0 1 1 0 1 1 0 1 0 1 1 1 1 1 0 0 0 1 0 1 0 0 83 1 1 0 0 0 0 1 1 1 0 0 1 1 0 1 1 1 1 1 1 1 0 0 0 1 1 0 1 1 0 0 0 1 0 0 0 1 0 0 0 1 0 1 0 0 0 1 1 0 0 1 0 1 1 0 1 0 1 1 1 0 0 1 0 1 1 0 0 1 0 0 1 0 0 1 0 0 0 0 1 0 1 1 0 1 0 1 0 1 0 0 1 0 0 0 0 
1 1 0 0 0 0 1 0 0 0 1 0 1 0 0 0 1 0 0 1 1 0 0 0 1 0 1 1 1 1 0 0 0 0 0 1 0 0 1 1 1 0 0 0 1 0 0 1 1 0 1 0 0 1 15 1 1 1 1 1 1 0 1 0 1 1 0 0 0 0 0 0 0 0 0 1 1 1 1 1 1 0 0 1 1 0 1 1 1 1 1 1 1 0 0 1 1 1 1 0 0 1 1 0 1 0 1 0 1 1 1 1 0 0 0 1 0 0 1 1 1 0 0 1 1 0 1 1 0 0 1 0 0 0 1 0 0 1 1 0 0 0 0 1 1 0 1 0 1 0 
1 0 1 1 1 1 1 0 1 1 1 1 0 1 1 0 0 1 0 0 1 0 0 1 0 0 1 0 1 0 0 0 1 0 1 1 0 0 1 0 1 1 0 0 0 0 0 1 1 0 1 0 0 1 0 6 0 1 1 1 0 1 0 0 1 0 1 0 1 1 1 1 0 1 0 0 0 0 1 0 0 0 0 0 1 0 0 1 0 1 0 0 0 0 0 0 1 0 1 0 0 0 1 1 0 1 1 1 1 1 0 0 1 0 0 0 1 0 1 0 0 0 1 0 1 1 0 1 0 1 1 0 1 1 0 0 0 1 1 1 1 0 0 0 0 0 1 0 1 1 
0 0 0 1 0 1 1 1 0 0 1 0 0 1 1 0 1 0 1 1 0 0 1 1 0 0 1 0 1 1 1 0 0 0 1 1 1 0 0 1 0 1 1 1 0 1 0 1 0 1 0 1 0 1 0 1 74 1 0 1 1 0 1 1 1 1 0 0 1 0 1 1 1 0 0 1 1 1 0 0 0 0 0 0 0 1 0 0 0 0 1 0 1 1 0 0 1 1 1 1 0 1 0 0 1 1 1 1 0 1 0 0 1 1 1 1 1 1 0 0 1 0 1 0 1 1 1 1 1 1 1 1 1 1 0 1 1 1 1 1 1 0 0 0 0 1 0 0 0 0 
1 0 1 0 0 0 1 0 0 0 1 1 1 0 1 0 0 0 1 1 0 1 0 0 0 1 0 1 1 0 1 1 0 1 0 0 0 1 1 1 0 1 0 1 0 0 1 1 0 1 1 1 0 1 1 1 0 16 1 0 0 1 1 0 1 1 0 0 0 1 0 1 0 1 0 0 1 0 1 0 0 1 1 1 0 1 1 0 0 1 1 0 1 1 1 0 0 0 1 1 1 0 0 0 1 1 1 1 1 0 0 1 0 0 1 0 0 0 0 0 0 0 1 1 1 1 1 0 0 1 1 0 0 0 1 0 0 0 0 0 0 0 0 1 1 1 1 0 0 1 
0 1 0 0 0 1 0 0 1 0 0 0 1 0 1 1 0 0 1 0 0 1 0 1 0 1 0 0 1 0 1 0 0 1 1 1 0 0 1 0 1 1 1 1 1 1 1 1 1 1 1 0 1 0 1 0 0 0 93 0 0 1 0 1 0 0 1 0 1 1 1 1 1 0 1 0 1 1 0 0 1 1 1 0 0 1 0 1 0 0 1 1 1 0 1 1 1 0 0 1 0 0 1 0 1 1 0 1 0 0 0 1 1 0 1 1 1 0 1 0 1 1 1 0 1 1 1 0 0 1 1 0 1 0 1 0 0 0 0 0 0 0 0 0 0 1 1 0 0 1 
0 1 1 1 1 0 1 1 0 0 0 1 1 0 1 0 0 1 1 0 1 1 0 0 0 0 1 1 1 1 1 0 0 0 1 0 0 0 0 0 1 0 1 1 1 0 1 0 0 0 1 1 0 0 1 0 1 1 0 84 0 1 0 1 1 0 0 0 0 1 1 0 1 0 1 0 1 0 0 0 1 1 0 0 1 1 1 1 1 0 0 1 1 0 1 1 1 0 1 0 1 0 1 0 0 1 0 0 0 1 0 0 1 1 1 0 1 0 0 0 0 1 0 0 0 0 0 1 1 0 1 0 1 0 1 0 1 1 1 1 1 1 0 1 0 1 1 1 0 0 
0 1 1 1 0 0 0 0 1 0 0 0 0 1 1 0 1 1 0 1 1 1 1 0 0 0 0 1 0 0 1 1 0 0 1 1 1 0 1 1 0 1 1 1 0 1 1 0 0 1 0 1 1 1 1 0 1 1 1 0 22 0 0 1 0 0 1 0 1 0 0 0 0 1 0 1 0 1 0 0 0 0 0 1 1 0 1 1 1 0 0 0 1 1 0 0 1 1 0 0 1 0 1 0 0 1 1 0 1 0 1 0 1 0 1 0 1 1 1 0 0 1 0 0 0 0 0 1 0 0 0 0 1 1 1 1 1 0 1 0 0 0 1 1 1 1 0 1 0 0 
1 0 0 1 1 1 1 1 1 0 1 1 0 1 1 0 0 1 0 0 0 1 0 0 0 1 1 1 0 1 1 1 1 0 1 1 1 0 1 1 1 0 1 0 1 0 0 1 0 1 0 1 1 1 0 1 1 1 1 0 0 31 0 0 1 0 0 1 1 1 1 0 0 0 1 1 0 0 0 1 0 0 0 1 1 1 1 1 0 1 1 1 0 0 0 1 1 0 1 1 0 1 0 1 0 0 1 1 1 1 1 0 1 0 0 1 1 0 1 0 0 1 1 0 0 1 1 0 0 0 0 0 0 0 0 1 1 0 0 0 0 1 1 0 0 1 1 0 0 1 
1 0 1 1 1 0 0 1 1 0 0 1 0 1 1 0 1 0 1 0 1 0 1 0 1 0 1 0 1 0 1 1 1 0 0 0 0 0 0 0 0 1 0 0 0 1 1 0 0 1 0 1 1 0 0 0 0 0 1 1 1 0 32 1 0 1 0 0 1 1 1 1 1 0 0 0 0 1 1 0 1 1 0 0 0 0 0 1 0 1 1 1 1 0 0 0 0 1 0 1 1 1 1 0 1 0 0 0 1 0 1 0 0 0 0 1 1 1 0 1 1 0 0 0 1 1 1 1 0 0 0 0 0 1 0 1 0 0 0 0 1 0 1 0 0 0 0 0 1 0 
1 0 0 1 0 0 1 1 1 0 1 1 1 1 1 0 0 0 0 1 0 1 1 1 1 1 0 1 1 1 0 1 0 1 0 0 1 1 0 1 0 1 1 1 0 1 0 1 1 1 1 0 1 1 0 0 1 1 0 0 1 1 0 47 1 1 1 1 1 0 0 0 1 0 0 1 0 0 0 0 1 0 1 1 0 1 0 0 0 1 1 0 1 1 0 1 1 0 1 0 0 0 1 0 0 1 1 0 0 1 1 0 1 1 1 1 0 0 1 1 0 0 1 0 1 1 0 1 0 0 1 0 1 0 1 0 1 1 0 0 1 0 0 1 1 1 1 0 1 0 
0 0 1 1 1 0 1 1 1 1 0 0 1 0 0 1 0 1 0 0 0 0 0 0 0 0 1 1 1 0 1 0 1 0 0 0 1 1 1 1 1 0 0 1 0 1 0 1 0 0 0 0 1 1 1 0 0 0 1 0 1 0 0 1 65 1 1 1 0 1 0 1 1 0 0 1 1 0 0 1 1 1 1 0 1 1 0 1 0 0 0 0 1 1 1 0 0 1 1 0 0 1 0 0 1 1 0 1 0 1 1 1 1 0 0 0 1 0 0 1 1 0 0 0 1 0 1 0 0 0 0 0 1 0 0 1 0 0 0 0 1 0 1 0 1 1 0 1 0 1 
0 0 1 1 0 0 1 0 1 0 0 0 0 1 1 0 0 1 1 0 0 0 0 1 0 1 0 0 1 0 0 0 0 1 0 0 0 0 1 1 1 1 1 1 0 0 1 1 1 0 0 1 1 0 0 0 1 0 1 0 0 1 0 1 1 97 1 1 1 1 0 0 1 1 0 1 0 0 1 0 1 0 0 0 1 0 1 0 1 1 0 0 1 0 1 1 0 0 0 1 0 1 1 1 1 1 1 1 1 1 1 0 1 1 0 1 1 0 0 0 1 0 1 0 1 1 0 0 0 1 0 0 0 1 0 1 0 1 0 0 0 1 1 1 1 1 0 1 1 1 
0 1 1 0 1 0 1 1 1 0 1 0 1 1 1 0 0 0 1 0 0 0 1 1 0 1 1 0 0 0 1 1 0 1 0 0 1 1 1 1 1 1 0 1 0 1 1 1 0 0 1 1 1 0 1 0 1 1 0 0 0 0 0 1 0 1 51 1 0 0 1 1 0 0 1 1 1 0 0 0 0 0 1 0 0 0 1 1 0 0 1 1 1 1 0 1 0 1 1 1 0 1 0 1 1 1 1 0 1 0 1 0 0 0 0 0 0 1 1 1 0 0 1 0 1 0 1 0 0 0 0 0 1 1 1 0 1 0 0 0 0 0 0 1 1 0 0 1 1 1 
0 1 0 0 1 0 0 0 1 1 1 1 0 1 0 1 1 1 0 1 0 1 1 1 0 0 1 1 1 0 1 1 1 0 1 0 0 0 1 1 0 1 1 1 0 0 1 1 1 0 1 0 1 0 0 0 1 0 1 0 0 1 1 1 1 1 1 22 0 0 0 0 0 0 0 0 1 1 0 0 1 1 1 0 0 1 1 1 1 1 0 1 0 0 0 1 0 0 0 0 0 1 1 0 0 0 0 0 0 0 1 0 1 1 1 0 1 1 1 0 1 1 1 1 0 1 0 0 1 0 0 1 1 0 0 1 1 1 0 0 1 0 1 1 1 1 0 0 1 1 
1 1 0 0 0 0 0 0 0 1 1 1 0 1 0 0 0 1 0 0 1 1 1 1 0 1 0 1 1 0 1 1 0 1 1 1 0 1 0 1 1 1 1 0 1 1 0 1 1 1 1 1 0 1 1 1 1 1 0 0 1 1 0 0 1 0 1 0 97 0 0 1 0 1 1 1 0 0 1 1 1 0 0 0 1 1 0 0 0 0 0 0 1 1 0 0 1 0 0 0 0 1 0 1 1 1 0 1 1 0 1 1 0 0 0 1 1 1 0 1 0 0 0 1 1 1 0 0 1 1 1 0 1 0 1 0 0 0 0 0 1 0 0 0 1 0 0 0 0 0 
0 1 0 0 0 1 0 0 1 1 0 0 1 1 1 0 1 0 1 1 0 0 0 0 0 1 0 1 0 0 1 0 1 1 0 0 0 0 1 0 1 0 1 1 1 1 0 0 0 0 1 1 1 1 0 1 0 1 1 0 1 0 0 1 0 1 0 1 0 78 0 0 1 0 0 1 1 0 0 1 0 0 1 0 0 1 1 1 1 0 1 0 0 1 1 1 0 1 1 0 0 0 1 1 1 0 0 0 1 1 0 0 0 1 0 1 1 0 0 1 0 0 1 0 0 0 0 0 0 1 0 1 0 1 1 1 0 0 1 0 0 1 0 0 0 1 0 0 1 1 
1 0 0 0 1 1 1 0 1 0 0 1 0 1 1 0 0 0 1 1 0 1 0 1 0 1 0 0 1 1 1 0 1 1 1 0 1 0 1 0 1 0 0 1 1 1 0 1 0 0 1 0 1 1 1 0 0 0 0 0 0 0 1 0 0 0 0 1 0 1 73 0 0 1 0 0 0 1 0 0 1 1 1 0 1 0 0 1 1 0 0 1 1 1 0 1 0 0 1 0 1 0 0 1 0 1 1 1 0 0 0 0 0 1 0 1 1 0 1 0 1 0 1 0 1 1 0 1 1 1 1 1 1 0 1 1 0 0 0 0 1 0 0 0 0 1 1 0 1 1 
0 0 0 0 0 1 1 1 0 1 0 0 1 0 1 0 1 0 0 1 0 0 1 0 1 1 1 1 1 0 0 1 1 1 0 1 1 1 1 0 0 0 1 0 0 1 0 0 1 1 1 1 0 0 1 0 0 0 1 0 0 1 1 0 0 1 1 0 0 0 0 74 1 1 0 0 0 1 1 1 1 1 1 1 0 1 0 0 0 1 1 1 1 0 1 1 0 1 1 0 1 1 0 1 0 0 0 1 1 0 1 1 1 0 0 0 1 0 1 0 0 1 0 1 1 0 0 1 1 0 0 1 0 1 0 1 1 1 0 1 1 1 1 1 0 0 0 1 1 0 
1 0 1 1 0 1 1 1 0 1 1 0 1 0 0 1 0 1 0 1 0 0 0 0 0 1 1 0 0 1 1 0 1 0 1 0 1 1 1 0 0 0 1 1 1 0 0 0 1 1 0 1 0 0 1 1 1 0 1 1 1 1 0 0 1 0 0 1 0 0 1 1 99 0 0 1 1 0 1 1 0 0 1 1 0 0 1 1 1 1 1 0 1 1 1 0 1 0 1 1 1 0 1 0 1 1 0 1 1 0 0 1 0 0 0 0 1 0 0 0 0 0 1 0 0 0 1 1 0 1 1 1 0 1 0 1 1 1 1 1 0 1 1 0 0 1 0 0 0 1 
1 0 1 1 0 0 1 0 1 0 0 0 0 0 1 1 1 1 1 0 0 1 0 1 1 1 0 1 1 0 1 1 0 1 1 0 1 0 0 0 1 1 0 1 1 1 0 1 1 1 0 1 1 0 1 0 0 1 0 0 0 0 1 1 0 1 0 0 0 1 0 0 1 72 1 0 1 0 1 0 1 0 0 1 1 0 0 0 0 1 1 0 0 0 0 1 1 0 1 0 0 1 0 0 1 1 1 1 0 1 0 1 0 1 1 0 0 1 1 1 1 1 1 0 0 0 0 1 1 1 0 0 1 1 1 0 0 0 0 0 1 0 0 0 1 1 0 1 0 1 
1 0 0 1 1 0 1 0 0 1 1 0 0 1 1 1 0 0 1 0 0 0 0 1 1 1 1 1 0 0 0 0 0 0 1 0 0 1 1 0 0 0 0 0 1 0 1 1 0 1 1 1 0 1 0 1 0 1 0 0 0 1 1 0 1 0 0 1 1 1 0 0 0 1 25 1 1 0 1 1 0 0 0 0 0 0 1 0 1 0 0 1 1 0 0 0 0 0 0 0 1 1 0 0 1 1 0 0 1 1 1 0 1 0 0 0 1 0 0 1 1 0 0 1 1 1 0 1 0 0 1 1 1 1 0 1 0 1 1 0 1 1 0 1 0 0 0 0 1 0 
0 1 1 1 1 1 1 0 0 1 0 1 0 1 0 1 1 0 0 1 0 1 0 0 0 1 1 1 0 0 0 1 0 0 1 1 0 1 0 1 0 0 0 0 1 1 0 1 0 0 1 1 0 0 1 0 0 0 1 0 1 0 0 1 0 1 1 0 0 0 1 1 1 1 1 62 1 1 1 1 0 1 1 0 0 1 1 0 1 1 1 0 1 0 1 1 1 0 1 0 1 1 0 0 1 0 1 0 0 0 1 0 0 1 0 1 1 1 0 0 0 0 0 0 0 0 0 1 0 0 0 1 0 1 1 1 1 1 1 0 0 0 1 0 0 1 0 1 0 0 
0 0 0 0 0 1 0 0 1 0 0 0 0 0 1 0 0 0 0 0 0 1 0 0 1 1 1 0 0 0 0 1 0 1 1 1 0 0 1 0 1 0 0 1 0 1 1 1 0 0 1 1 1 1 0 0 0 1 1 1 1 1 0 1 0 0 1 1 1 1 1 1 1 1 0 0 43 1 1 1 1 0 0 0 1 1 1 0 1 0 1 0 1 0 0 0 0 0 1 0 0 0 1 1 1 0 0 1 0 1 1 0 1 0 0 0 0 1 0 1 1 1 0 1 1 1 1 0 0 0 1 0 0 1 1 0 1 0 1 0 0 1 0 0 1 1 1 0 0 0 
0 0 1 1 0 0 1 0 0 0 1 0 1 0 1 0 0 0 1 0 1 1 0 1 1 0 1 1 1 1 1 1 0 0 1 1 0 0 0 1 1 1 1 1 1 1 1 0 0 1 1 1 0 0 0 0 1 1 1 1 1 0 1 0 0 0 0 1 1 0 0 1 1 1 0 0 1 9 1 1 0 0 0 0 1 1 1 0 1 0 1 1 0 1 1 1 1 0 0 0 1 1 0 1 1 0 0 0 0 0 1 1 0 0 1 1 1 0 0 0 1 0 0 0 0 1 0 1 1 1 1 0 1 0 1 0 0 0 0 0 1 1 1 1 0 0 1 0 0 1 
0 0 1 0 0 1 0 1 0 0 0 1 0 0 1 0 0 0 1 1 0 1 1 1 0 0 0 1 1 0 0 0 0 0 0 0 0 0 1 1 1 1 0 0 1 1 0 1 1 1 0 0 0 0 1 1 1 1 0 1 1 0 1 0 0 0 1 1 0 0 1 1 0 0 1 0 1 1 73 0 1 0 1 1 1 0 1 1 1 0 0 0 1 0 1 0 1 0 1 0 0 1 0 1 1 0 1 1 0 0 0 0 1 0 1 1 0 0 1 1 0 0 1 0 0 0 0 1 0 1 1 0 1 0 1 1 1 1 0 0 1 1 1 0 1 0 0 0 0 0 
0 1 1 0 0 1 1 1 1 1 0 1 1 1 1 1 1 0 1 1 0 1 1 0 1 0 1 1 0 1 1 0 0 0 0 0 1 0 0 1 1 0 1 1 1 0 0 1 1 0 1 1 0 1 1 0 1 1 0 0 1 0 0 0 0 1 1 0 0 0 1 0 1 0 1 1 0 1 1 5 0 0 1 0 1 0 0 0 0 1 0 1 1 1 1 1 1 0 1 0 0 0 1 1 1 0 0 1 1 0 0 1 1 1 1 0 1 1 0 0 1 0 0 1 1 0 1 1 0 0 0 1 0 1 1 1 1 1 0 1 1 1 0 0 0 1 1 1 1 0 
0 0 0 1 0 0 1 0 1 1 0 0 0 1 1 0 0 1 1 1 1 0 0 1 1 0 0 0 0 1 1 1 1 0 1 0 0 0 1 1 0 0 1 0 0 0 1 1 0 0 0 0 0 1 1 1 1 1 1 1 0 0 0 1 1 0 1 0 1 0 1 0 0 0 1 0 1 0 1 0 99 1 0 0 0 1 1 0 1 0 0 0 1 0 0 1 0 0 0 1 0 0 0 0 1 0 1 0 0 0 1 1 0 0 0 0 0 1 0 1 0 1 0 0 0 1 1 1 1 0 1 1 0 1 0 0 0 0 0 0 1 1 1 0 0 1 0 0 0 1 
1 0 1 0 0 1 0 0 0 1 0 1 1 1 1 1 0 1 1 1 1 1 1 1 1 0 0 1 0 1 1 0 0 0 1 1 0 1 0 1 1 0 1 1 0 0 1 1 0 1 0 1 1 0 0 1 1 0 1 0 0 0 1 0 0 1 0 0 1 0 1 0 1 1 0 0 0 0 0 1 0 44 0 1 1 0 1 0 1 1 1 1 0 1 0 0 0 1 0 1 0 1 0 0 0 1 0 1 0 0 1 0 1 1 0 1 1 1 1 0 0 1 1 0 1 0 1 0 1 0 1 0 1 1 0 0 1 0 1 1 1 0 1 0 0 1 0 0 1 1 
0 1 0 0 1 1 1 1 1 0 0 1 1 0 0 0 0 1 1 1 0 1 1 1 1 0 1 1 1 1 1 1 0 1 0 0 1 1 1 1 0 0 0 1 1 0 0 0 0 0 1 0 0 0 1 0 0 1 0 0 0 1 0 1 0 1 1 1 1 0 0 1 1 1 1 0 1 0 0 0 0 1 67 0 0 0 1 0 1 1 1 1 0 1 1 1 0 0 0 1 1 0 1 1 0 1 1 0 0 1 1 1 1 1 0 0 1 0 1 1 1 1 1 1 0 1 0 0 0 0 0 0 1 0 0 0 0 1 1 0 0 1 0 0 1 0 0 0 1 1 
1 0 0 0 1 1 1 0 1 1 0 0 0 1 1 1 1 1 0 0 1 1 1 0 0 0 1 0 0 1 1 1 1 0 0 1 0 1 1 1 1 1 0 0 1 0 0 1 0 0 1 1 0 0 1 0 1 1 1 0 0 1 0 1 0 1 0 0 0 1 0 0 0 0 0 0 1 1 1 1 1 0 0 48 0 0 1 0 1 1 1 1 0 1 0 1 0 0 1 0 1 0 0 0 1 0 0 1 0 0 0 1 0 1 0 1 1 0 0 0 1 0 1 0 1 0 0 1 0 0 1 0 1 1 0 0 0 0 0 1 1 0 0 0 1 1 1 0 0 1 
0 0 0 0 1 0 0 0 0 1 1 0 0 0 1 0 0 0 1 1 1 1 1 1 0 0 1 0 0 0 1 0 1 0 0 0 0 0 1 1 1 1 1 1 0 1 0 0 0 0 1 0 0 1 1 1 1 0 1 1 1 0 1 0 0 1 1 1 0 1 1 1 1 1 1 1 0 1 1 1 1 0 0 1 64 1 1 1 1 0 1 1 0 0 1 1 1 0 0 0 1 1 0 1 0 0 0 0 0 1 1 1 0 1 1 0 0 1 1 0 0 1 0 1 0 1 1 1 0 0 0 1 0 0 1 1 0 0 1 0 1 1 0 0 0 1 1 0 1 0 
0 1 0 0 0 1 0 0 1 1 1 1 1 1 1 0 1 1 1 1 0 1 1 0 0 0 0 1 0 0 0 0 1 1 0 0 0 0 1 0 1 0 0 0 0 1 0 0 0 1 1 0 0 0 0 0 1 0 0 1 1 1 0 1 0 0 1 1 0 1 0 0 1 0 1 1 1 1 0 1 1 1 1 0 1 77 1 0 0 1 0 1 1 1 0 0 0 1 1 1 0 1 0 1 1 0 0 1 1 0 1 1 1 1 0 1 1 0 0 0 1 0 0 1 1 1 0 0 1 1 1 0 0 1 0 1 1 1 0 0 0 0 1 0 1 1 1 0 1 1 
0 0 0 1 0 1 0 1 1 0 1 0 1 1 1 1 0 0 1 0 0 0 1 1 1 1 1 0 0 0 1 1 1 1 1 1 1 1 1 0 0 1 0 1 1 0 0 0 0 0 0 0 1 0 0 1 1 0 0 1 1 0 1 0 0 0 1 1 0 0 0 1 0 1 1 0 1 1 0 1 1 0 1 0 0 0 85 0 1 0 0 1 1 0 1 1 0 1 0 0 0 0 0 0 0 0 1 1 1 0 1 0 0 1 0 0 1 0 1 1 1 0 1 0 0 0 0 1 1 0 1 1 0 1 0 0 1 0 0 0 1 0 1 0 0 1 0 0 0 1 
0 0 1 1 1 0 0 1 0 1 0 1 1 1 1 1 1 1 1 1 1 1 1 1 1 1 0 0 1 1 0 0 0 1 0 1 0 0 0 1 0 1 1 0 1 1 0 1 1 0 0 1 0 1 0 0 1 0 1 1 1 1 0 0 0 1 0 1 0 1 1 0 1 1 0 1 1 0 1 0 0 0 0 1 0 0 1 24 1 1 0 1 0 0 0 1 1 1 0 1 0 0 0 1 0 0 1 1 0 0 0 1 0 0 0 1 1 0 1 0 0 0 1 1 1 1 1 0 0 1 1 0 0 1 1 0 0 0 0 0 1 0 0 1 0 1 1 0 0 0 
1 1 1 1 0 0 0 0 0 0 0 1 0 0 1 1 0 0 0 1 1 0 0 0 0 1 1 0 0 1 0 0 0 0 1 0 1 0 1 0 0 1 0 1 1 0 1 0 0 1 1 1 1 1 1 1 1 1 1 1 0 0 1 0 1 1 0 1 0 0 0 1 1 0 1 1 1 1 0 0 0 0 0 0 0 0 1 1 7 1 0 1 1 0 0 1 0 0 0 0 1 1 0 0 0 0 0 0 1 0 0 0 1 0 1 0 1 0 0 0 1 0 1 1 1 0 1 0 0 1 0 0 1 1 0 0 1 1 1 0 1 1 1 1 1 1 1 0 0 0 
1 0 1 0 1 0 1 1 0 1 1 0 1 0 1 1 0 1 0 0 0 0 1 0 0 1 1 0 1 1 1 1 0 0 1 0 0 1 0 1 1 1 1 0 0 1 0 1 1 0 1 1 0 0 1 1 1 1 0 1 1 0 1 1 1 1 0 0 0 0 1 0 0 1 1 1 1 0 1 0 1 1 1 1 1 1 0 1 0 22 0 0 0 1 1 0 1 1 1 0 1 1 0 1 1 1 1 1 0 1 0 1 0 0 0 1 0 0 1 1 1 1 1 1 0 1 1 1 0 0 1 0 0 1 0 1 0 0 1 0 0 0 1 1 1 0 0 0 0 0 
1 1 1 1 0 0 0 1 1 0 0 1 0 1 1 0 1 0 0 0 0 0 0 0 1 1 1 0 1 0 1 1 1 0 1 0 0 0 1 0 0 1 1 1 1 1 1 1 0 0 1 0 1 0 1 1 0 0 0 0 1 1 0 1 1 0 0 0 0 0 0 0 1 1 0 1 1 0 0 1 1 1 0 0 1 0 1 0 0 0 41 0 0 0 0 0 1 0 1 1 0 0 1 0 1 0 0 1 0 0 0 1 0 1 0 0 0 1 1 1 0 0 0 1 1 1 1 0 0 0 0 0 1 1 0 1 1 1 1 0 0 0 1 1 0 1 0 0 1 0 
0 1 0 1 1 1 1 1 1 1 1 1 1 0 1 0 0 1 1 0 0 0 0 1 1 0 0 0 0 0 1 1 1 0 0 1 0 0 0 1 0 1 0 0 1 0 0 1 0 0 1 1 1 1 0 1 0 1 1 0 0 0 0 0 1 1 1 0 0 1 0 0 1 0 0 0 1 1 0 0 1 1 1 0 0 0 1 1 1 0 0 48 1 1 0 0 0 1 1 1 0 1 0 1 1 1 0 0 0 1 1 1 1 0 0 0 0 0 0 0 0 0 0 1 0 1 1 0 0 0 0 0 0 1 1 0 1 0 0 0 1 0 0 0 1 0 0 0 1 1 
0 1 1 1 0 1 1 0 1 0 1 1 1 1 0 0 0 0 1 0 0 0 1 0 1 1 0 1 0 1 1 0 1 1 0 1 0 1 0 0 0 0 0 0 1 1 0 0 0 0 1 0 1 1 1 0 0 0 0 1 1 1 0 1 1 1 1 1 1 1 0 0 1 1 1 1 1 0 1 0 1 0 0 1 1 0 1 0 1 0 1 0 13 1 1 1 0 0 0 0 1 1 0 0 0 0 1 0 1 0 0 0 0 0 0 1 0 1 1 1 1 1 1 1 0 0 0 0 1 1 0 1 0 1 0 1 0 1 0 1 0 1 1 1 0 1 1 1 0 0 
1 0 1 0 0 1 1 0 1 0 0 1 0 1 1 0 1 1 0 0 0 0 1 1 1 0 1 1 1 0 0 0 0 1 0 1 1 0 1 0 0 1 1 1 1 0 1 0 0 0 1 1 0 1 0 1 1 0 0 0 1 1 1 0 1 0 0 1 0 1 1 1 0 0 1 1 0 0 1 0 1 1 1 0 0 1 0 1 1 0 1 1 0 1 1 0 1 1 1 0 1 1 0 0 0 0 1 1 1 1 0 1 0 1 0 0 0 1 0 1 0 1 0 0 0 0 0 1 0 1 0 1 0 1 1 1 0 0 0 0 1 1 1 0 1 1 0 1 0 1 
0 1 0 0 1 1 0 1 1 0 0 1 1 1 1 0 1 1 0 1 1 0 0 0 1 0 1 0 0 1 1 0 0 1 0 0 1 1 0 1 0 1 1 0 0 0 0 0 1 1 0 0 0 1 0 0 0 0 1 1 0 1 0 0 0 1 0 0 1 1 0 0 1 0 1 1 1 0 1 1 1 0 1 0 0 0 1 0 0 1 1 0 1 1 10 0 0 1 1 1 0 0 0 0 1 1 1 1 1 1 1 1 1 0 1 0 1 0 0 0 0 1 1 1 1 1 1 1 1 1 0 1 0 1 0 0 1 1 1 0 1 1 1 1 1 0 0 1 1 0 
1 1 0 0 1 0 1 0 0 1 0 0 0 0 0 0 0 1 1 1 0 0 1 0 0 0 0 0 0 1 0 0 0 1 0 1 0 1 1 1 0 1 0 1 1 0 0 1 1 0 1 1 1 0 1 0 1 1 0 1 1 1 1 0 0 0 1 0 1 0 1 1 1 0 0 0 0 1 1 0 0 1 0 0 1 1 1 1 0 1 1 0 1 0 1 70 1 0 0 1 0 0 0 1 0 0 0 1 1 1 0 1 0 0 1 1 0 0 1 1 0 1 1 1 1 0 0 0 0 1 1 1 0 1 0 0 0 0 1 0 1 1 1 0 0 1 1 1 1 0 
0 0 0 0 0 1 0 0 0 1 1 0 0 1 0 0 0 0 0 1 1 0 1 1 0 0 0 1 1 0 1 1 1 0 1 0 0 0 0 0 1 0 1 0 0 0 0 1 1 1 1 1 0 0 1 0 0 0 1 1 0 0 1 0 0 1 1 0 1 0 0 1 1 0 1 0 0 1 0 1 1 0 0 1 0 1 0 1 1 0 0 0 0 0 0 1 86 0 0 1 0 0 1 1 1 0 1 1 1 1 1 0 0 1 0 0 0 0 1 0 0 0 1 1 0 1 0 0 0 1 0 0 1 0 1 1 0 0 0 0 1 0 1 0 1 0 0 1 1 0 
0 0 1 1 0 0 1 1 0 1 0 1 1 1 1 1 1 1 1 1 0 0 1 1 1 1 1 0 1 1 1 0 0 1 0 1 0 1 1 0 0 1 1 0 0 1 1 0 0 0 0 0 1 0 0 0 1 1 0 0 0 1 1 0 1 1 0 1 0 0 0 0 1 1 1 0 0 0 0 0 1 1 0 1 0 0 0 0 0 0 0 0 1 0 1 0 1 39 0 1 1 0 0 1 1 1 1 1 1 1 1 1 0 1 1 0 1 0 1 0 0 0 0 0 1 1 0 1 1 1 0 1 1 0 0 1 0 0 1 1 0 1 0 1 1 1 1 0 0 0 
1 1 0 0 1 1 1 0 0 1 1 0 1 0 1 1 0 0 0 0 1 1 0 1 0 0 0 1 0 1 0 0 0 1 1 1 0 0 0 0 0 0 0 1 0 1 0 0 1 1 1 1 0 1 0 1 0 1 1 0 1 0 1 0 1 0 1 1 0 0 0 1 0 0 1 1 0 0 0 1 0 1 0 1 0 0 1 0 1 0 0 1 0 1 1 0 1 1 50 0 1 0 0 0 0 0 1 1 1 1 0 0 0 0 0 0 0 1 0 1 1 1 1 0 1 0 1 1 1 0 0 1 1 0 0 1 1 1 0 0 1 1 0 1 1 1 0 0 0 0 
1 1 1 0 0 0 1 1 1 0 0 1 1 0 1 1 0 0 1 0 1 0 1 0 0 0 1 0 0 0 1 1 0 0 1 0 0 1 0 0 1 1 0 1 0 1 0 1 0 1 0 0 1 1 1 0 1 1 0 0 0 0 0 1 0 0 0 0 0 1 1 1 0 1 0 0 1 1 0 1 0 1 1 0 0 0 0 1 1 0 1 0 0 1 1 1 0 1 0 28 1 0 0 1 1 1 1 0 0 0 1 1 1 1 1 0 0 0 1 1 1 1 1 0 1 1 1 0 0 0 0 0 0 0 1 1 0 1 1 1 1 1 1 1 1 1 1 1 0 0 
0 0 0 0 1 0 1 1 0 1 1 0 1 1 1 0 0 0 0 1 1 1 1 0 0 0 0 1 1 0 0 0 0 1 0 0 1 1 1 0 0 1 0 0 0 1 1 0 0 0 0 1 1 1 0 1 1 0 0 1 1 0 1 1 0 1 0 1 0 1 1 0 0 0 0 0 1 0 1 0 0 1 1 1 1 0 0 0 0 0 0 0 1 1 1 1 1 0 1 0 38 1 0 1 0 1 1 1 0 1 0 0 0 0 0 0 0 0 1 0 0 0 1 1 1 0 1 0 0 0 1 1 1 1 0 0 1 1 1 1 1 1 1 0 1 0 1 0 1 0 
1 1 0 0 1 1 0 0 0 1 1 0 0 1 0 0 1 1 0 0 0 0 0 1 1 1 1 0 0 0 1 0 0 0 1 0 0 0 1 0 0 1 0 1 1 0 1 0 0 1 1 0 0 1 1 1 1 1 1 1 0 1 1 1 0 1 1 0 1 0 0 1 0 1 1 1 0 1 0 1 1 1 0 1 0 1 1 0 0 1 0 1 1 0 0 1 0 0 1 0 0 18 0 1 0 1 0 1 1 0 1 1 0 1 1 1 0 0 1 0 0 0 1 1 0 1 0 1 1 0 0 1 1 0 0 0 0 0 1 1 0 0 1 1 0 1 1 0 1 0 
1 1 1 0 1 0 1 1 1 0 1 0 1 1 0 0 1 0 1 1 0 1 1 0 1 1 0 0 0 0 1 1 0 0 0 0 1 1 1 0 1 0 0 1 0 0 0 0 0 1 1 1 0 0 0 1 1 0 1 1 0 0 0 1 0 1 1 0 1 1 0 0 1 0 0 1 1 1 1 0 1 0 1 0 0 1 1 1 1 0 0 0 0 0 0 1 0 0 0 0 1 0 14 0 0 0 1 1 0 1 1 1 0 0 1 0 0 1 0 0 1 1 1 0 1 1 0 1 1 1 0 0 0 1 0 1 1 0 1 0 0 0 0 1 0 1 0 0 0 0 
0 0 1 0 1 1 1 0 0 1 0 1 0 0 0 1 1 1 1 1 0 1 0 1 1 0 0 0 1 1 1 1 1 1 0 0 0 1 0 1 0 1 1 1 1 1 1 0 1 0 1 0 1 1 0 1 1 0 0 0 1 0 1 1 0 1 1 1 1 0 1 1 0 0 0 0 1 1 0 0 0 1 1 1 1 0 1 0 0 1 0 0 1 0 1 1 0 0 0 0 0 0 1 29 1 0 1 1 0 0 0 1 1 1 0 1 1 1 0 1 0 0 0 0 0 1 1 0 0 1 0 0 1 1 0 0 0 0 1 0 1 1 1 0 0 1 0 1 0 0 
0 1 0 0 0 0 0 1 1 1 1 1 1 0 0 0 1 1 0 1 0 0 0 0 0 0 1 0 0 0 0 1 0 0 1 0 0 0 0 0 1 1 0 0 1 0 0 1 1 1 0 1 0 1 1 0 1 1 0 1 1 0 1 1 1 1 1 0 0 0 1 0 0 0 0 1 0 1 1 1 1 1 1 1 0 0 0 0 0 1 0 1 0 0 0 0 1 0 1 0 1 0 0 0 9 0 0 1 0 1 1 1 0 0 0 1 0 1 1 1 1 1 1 0 1 1 0 0 1 0 0 1 1 0 1 1 1 1 0 1 0 1 0 1 0 1 1 1 0 1 
1 0 1 1 1 1 0 1 1 0 1 0 0 0 0 0 1 1 1 0 0 0 1 1 0 1 0 0 1 0 0 0 1 0 1 0 0 1 0 0 1 1 1 0 0 0 0 0 1 0 0 1 0 0 1 0 1 1 1 0 0 0 1 1 0 0 0 0 1 0 0 0 0 0 0 0 0 0 0 0 0 0 0 0 0 0 0 0 0 0 1 1 0 0 0 1 0 0 0 0 1 0 1 0 0 88 1 0 1 1 1 0 0 1 0 0 1 1 1 1 1 0 0 0 0 0 0 0 1 0 0 0 0 0 1 0 1 0 1 1 0 0 1 0 1 0 1 0 1 1 
1 1 0 1 0 1 0 0 0 0 1 1 1 1 1 0 0 0 1 1 0 0 0 1 1 0 1 0 0 1 0 1 1 1 1 1 0 1 0 1 1 0 1 1 0 0 1 0 0 0 0 0 1 1 1 1 0 1 1 0 0 1 1 1 1 0 1 1 1 0 0 1 1 1 0 1 1 0 1 0 1 0 1 0 0 1 0 0 0 0 1 0 0 0 0 0 0 1 0 1 1 1 1 1 1 1 12 1 0 0 0 1 0 0 0 0 0 1 0 0 1 0 1 0 1 0 0 1 0 0 0 0 0 0 0 1 1 1 1 0 1 1 1 0 0 1 0 1 1 1 
0 0 1 0 0 1 1 1 0 0 1 1 0 1 1 0 0 1 0 1 0 0 1 0 1 1 1 0 1 1 0 1 1 1 1 0 1 1 1 1 0 0 0 0 0 1 0 1 0 0 1 0 0 1 1 0 1 0 1 1 1 1 0 0 0 0 0 0 0 1 0 1 0 0 0 0 0 1 1 1 1 0 0 0 0 1 1 1 0 0 1 1 0 1 0 0 1 0 0 1 1 0 1 1 1 0 1 85 1 1 0 0 0 0 1 0 1 0 1 1 1 1 0 0 1 1 0 1 0 1 1 0 1 1 0 1 0 1 1 0 1 0 0 0 0 1 1 0 0 1 
0 1 1 0 1 0 1 1 0 0 0 1 1 0 0 0 0 1 0 1 1 0 1 1 1 1 0 1 1 1 0 1 1 1 1 0 0 1 1 1 1 0 1 0 0 0 1 1 0 1 0 1 1 1 0 1 1 1 0 1 0 0 0 1 0 1 0 1 1 1 0 1 1 0 1 0 0 0 0 1 1 1 0 0 1 0 0 1 1 1 1 0 1 0 1 1 0 0 0 1 0 1 0 1 0 0 1 1 27 0 0 1 1 1 1 1 0 1 0 1 1 0 1 0 1 0 1 0 1 0 1 1 0 1 0 1 0 1 1 0 0 0 0 1 0 0 0 1 0 0 
0 0 0 1 0 1 0 1 1 0 1 0 0 1 1 0 1 1 0 0 1 0 0 1 0 1 1 0 1 1 0 0 0 1 1 1 1 1 0 0 1 0 0 0 0 1 0 0 1 0 1 0 1 1 0 0 1 0 1 1 1 0 1 1 0 0 0 1 1 1 1 0 1 0 0 1 0 1 1 1 0 1 0 1 1 0 1 1 0 0 1 1 1 0 1 0 0 1 1 0 0 0 1 0 1 1 1 1 0 5 1 0 1 1 0 0 1 1 1 0 1 1 1 0 1 0 0 0 1 1 1 1 1 0 1 0 0 1 0 1 0 0 0 1 0 1 0 0 0 0 
1 0 0 0 0 0 1 1 1 0 0 1 1 0 0 0 0 0 0 0 0 0 0 1 0 0 0 1 0 1 0 1 1 0 0 1 0 0 1 0 1 0 0 1 1 0 1 0 0 1 0 1 0 0 1 1 1 1 0 0 0 1 0 1 0 1 1 0 1 1 0 0 1 1 0 1 0 0 1 1 1 0 1 1 1 1 1 1 1 1 0 0 1 0 1 0 1 0 1 0 0 1 0 1 0 1 1 1 0 1 12 1 1 0 1 1 0 0 0 0 0 1 0 0 0 0 1 1 0 0 0 0 0 0 1 0 1 0 0 1 0 0 0 0 0 0 0 0 0 0 
0 1 1 1 1 1 0 0 0 1 0 0 0 1 0 1 1 0 0 0 0 1 1 1 1 1 0 1 1 1 0 1 0 1 0 1 1 0 1 1 1 0 1 0 0 0 0 1 0 0 0 1 0 0 0 0 0 1 1 1 1 0 1 0 1 0 1 0 0 1 1 1 1 1 1 1 1 1 0 1 1 1 1 0 0 0 0 1 1 0 0 1 0 0 1 1 0 0 1 1 1 0 1 1 1 1 0 1 1 0 1 6 1 0 0 1 1 1 1 0 1 0 1 0 0 1 1 1 0 1 0 0 0 0 0 1 0 0 0 1 1 1 1 1 0 0 0 0 0 1 
0 1 1 1 1 1 1 1 1 1 1 1 1 1 0 1 0 1 0 0 0 0 1 0 1 0 1 1 0 1 0 1 0 1 1 0 1 1 0 0 1 1 1 0 1 0 0 1 0 0 1 0 1 1 0 0 0 0 1 1 0 0 0 1 0 1 1 1 1 0 1 1 1 0 0 0 1 1 1 0 0 0 0 1 0 1 1 0 0 0 1 1 0 1 0 0 0 1 0 1 0 0 1 1 1 0 1 1 1 0 0 0 83 0 1 0 1 0 1 1 0 0 0 1 0 1 1 0 1 0 0 0 1 0 0 1 0 1 0 0 0 1 1 0 1 1 1 0 1 1 
0 0 0 1 0 1 1 1 0 0 1 0 1 0 0 0 1 0 0 1 1 1 1 0 0 0 0 1 0 0 0 1 1 1 1 1 1 1 0 0 1 1 0 1 1 1 0 0 1 0 1 1 1 0 0 0 1 1 0 1 1 0 1 0 0 1 1 1 0 0 1 0 0 0 0 1 1 0 0 0 0 1 0 0 0 1 0 1 0 0 1 1 1 1 1 0 1 0 0 1 1 1 0 1 1 0 0 0 0 0 0 0 1 77 0 1 0 1 0 1 0 0 0 0 0 0 0 0 0 1 0 0 1 1 0 0 0 0 0 1 0 0 1 0 0 0 1 0 1 1 
0 1 1 1 1 0 1 0 1 1 1 0 0 0 0 0 0 0 1 1 1 0 1 0 1 1 1 1 0 0 0 1 0 1 1 1 0 0 1 0 0 1 0 1 0 0 0 0 0 1 0 0 0 0 0 1 1 1 0 1 0 1 1 0 1 0 1 0 1 0 1 1 1 0 0 0 1 0 1 1 1 0 0 0 1 0 0 0 1 1 1 1 0 0 0 0 0 0 0 0 1 1 1 1 1 1 1 1 0 1 1 0 1 0 57 1 1 1 0 1 1 1 0 1 1 1 1 1 1 1 1 1 1 1 1 1 1 0 1 0 0 0 1 1 0 0 0 0 0 0 
1 0 0 0 1 1 1 1 0 1 0 0 0 1 0 0 0 1 0 0 0 0 1 1 1 1 0 0 1 1 1 0 0 1 1 1 0 0 1 1 1 0 0 1 0 0 1 1 0 0 1 0 1 0 0 1 0 1 0 1 0 1 0 0 0 1 1 0 0 1 1 1 1 0 1 0 0 1 0 0 1 1 0 1 1 0 1 1 0 0 0 0 1 1 1 1 0 0 1 0 1 0 1 0 1 0 1 1 0 1 1 0 0 1 1 48 1 0 0 0 1 1 0 1 0 1 1 0 1 0 1 0 1 0 1 1 1 1 0 1 0 0 0 1 1 0 1 1 1 1 
0 0 0 1 1 1 0 0 1 0 0 0 1 1 0 0 0 0 1 0 0 1 1 0 1 0 0 1 0 1 0 0 1 0 1 1 1 0 0 1 1 1 1 1 1 1 1 1 0 1 1 1 0 0 1 1 1 0 1 0 0 1 0 1 0 0 1 1 1 0 0 0 1 1 1 1 1 0 0 1 0 1 0 1 0 0 0 1 0 0 0 1 0 0 0 0 1 0 0 0 0 0 0 1 1 0 1 1 1 0 0 0 0 0 0 0 4 1 0 0 0 0 0 1 1 1 1 1 1 0 0 1 1 1 1 1 0 1 1 1 1 0 0 0 0 1 1 0 0 0 
0 1 0 0 1 0 1 1 1 0 1 1 1 0 0 0 1 0 0 0 1 0 0 0 0 1 1 0 0 0 1 1 0 1 1 0 0 0 1 1 1 1 0 1 0 1 1 0 0 1 0 0 0 0 0 1 1 0 0 0 0 0 0 0 0 1 1 1 0 0 1 0 1 0 1 1 0 1 0 1 0 1 0 1 0 1 1 0 0 0 1 1 0 1 1 1 0 0 1 0 0 1 1 1 1 1 1 0 0 0 1 1 0 0 0 0 1 10 1 1 0 0 1 1 0 0 1 0 1 0 0 0 1 1 0 0 1 1 1 0 0 0 0 0 1 1 1 1 1 0 
0 1 1 0 1 0 0 1 0 0 1 1 1 1 1 1 1 0 1 0 0 0 1 0 1 0 0 0 0 1 0 1 1 0 1 1 0 1 1 1 0 1 0 0 1 1 0 1 1 0 1 0 0 1 0 0 1 1 0 0 1 1 0 0 1 0 1 1 0 1 0 1 1 0 1 1 0 1 0 0 1 0 1 0 0 0 1 0 1 1 1 1 0 1 0 0 0 1 1 0 0 1 1 1 1 0 0 1 1 0 0 1 0 0 1 1 1 0 11 1 0 0 1 1 0 0 0 1 0 0 1 0 1 0 1 0 0 1 0 0 0 0 1 0 1 1 0 0 0 1 
0 0 1 0 0 1 1 0 0 1 0 0 1 1 1 1 1 1 1 1 0 1 0 0 0 0 1 0 0 0 1 0 1 1 1 1 0 0 0 0 1 0 0 1 0 1 1 0 0 0 1 1 1 0 1 0 1 1 0 0 1 0 0 1 1 1 1 1 1 0 0 0 1 0 0 0 1 1 0 1 0 1 0 1 1 0 0 1 0 0 0 1 1 1 0 1 1 0 0 0 0 0 0 0 1 0 1 1 0 1 1 1 1 0 0 1 0 0 0 81 0 1 0 1 0 0 1 1 0 0 1 0 0 0 0 1 1 0 0 1 0 0 1 1 0 0 1 0 1 1 
1 0 0 1 0 0 0 1 1 1 1 1 0 0 1 1 0 0 1 0 1 0 0 0 0 1 0 0 1 1 1 0 0 1 1 1 1 0 0 0 1 1 1 0 0 0 0 1 0 1 1 0 0 0 1 0 1 1 0 1 0 1 0 0 1 1 1 1 0 1 0 0 1 0 1 0 0 0 1 1 1 1 1 1 0 0 1 0 0 1 0 0 1 0 0 0 1 1 0 0 1 0 1 1 1 0 1 0 1 1 1 1 0 1 1 0 0 1 1 1 44 1 0 0 0 0 0 0 0 1 1 1 0 0 1 0 1 0 0 0 0 1 1 1 1 1 0 1 1 1 
0 1 0 0 1 1 0 1 0 1 0 0 1 1 1 1 1 1 1 0 1 1 1 1 0 0 0 0 0 1 0 1 1 0 1 1 0 0 0 1 0 1 0 1 0 0 1 1 1 1 1 0 0 1 0 0 0 0 1 1 0 1 1 0 1 1 1 0 0 1 0 0 1 1 0 1 0 0 1 1 1 0 0 1 1 1 1 0 0 0 1 0 1 0 0 1 1 0 0 1 1 1 1 1 1 0 0 1 1 0 1 0 1 0 0 0 1 1 1 1 0 62 1 0 1 0 0 1 1 0 1 0 0 0 1 0 1 1 1 1 1 1 0 0 0 0 0 0 0 0 
1 1 0 1 1 1 0 1 0 1 1 1 0 0 0 1 0 1 1 1 1 0 1 1 1 0 1 0 0 1 0 1 1 0 1 1 0 1 0 0 0 0 1 0 1 0 1 0 1 1 1 0 1 0 1 1 0 0 0 1 0 0 0 1 1 1 0 1 1 0 0 0 0 0 1 1 1 0 1 0 0 1 1 0 0 1 0 1 0 1 0 1 0 1 1 1 1 0 1 1 0 0 1 0 0 0 0 1 1 0 1 0 0 0 1 1 1 1 0 0 1 1 91 0 1 0 0 1 0 0 0 0 1 0 0 0 1 1 1 0 1 0 0 1 0 0 0 0 0 0 
0 1 1 1 0 0 1 0 1 0 0 0 0 0 1 0 1 1 1 0 0 0 1 1 1 1 0 1 1 0 0 0 0 1 1 1 1 0 0 1 0 1 1 1 0 0 1 0 0 1 0 0 1 0 0 0 0 1 1 0 1 0 0 0 0 0 0 0 0 0 0 0 1 0 0 0 0 0 1 0 0 0 1 1 1 0 1 1 1 0 0 1 1 1 1 1 0 0 1 1 1 1 0 1 1 1 1 0 1 0 1 0 0 1 0 1 0 0 1 1 1 1 1 28 1 0 1 1 0 1 0 0 0 1 1 1 0 1 1 0 1 0 1 0 0 0 0 0 0 0 
1 0 0 1 1 1 1 1 1 0 1 0 0 1 0 0 1 1 0 0 0 1 1 1 0 0 1 1 1 1 0 1 0 0 1 0 0 0 1 0 1 0 1 1 0 0 1 0 1 0 0 1 0 0 0 1 1 0 1 0 0 0 1 0 1 1 1 0 0 0 0 0 0 1 1 0 1 0 0 0 0 1 0 0 0 0 0 0 0 1 0 1 1 0 1 1 0 1 0 1 0 1 0 1 1 1 0 1 1 0 1 1 0 1 0 1 1 1 1 1 0 1 0 1 17 0 0 1 0 1 0 0 1 0 1 0 0 0 0 1 1 1 1 1 0 1 1 0 1 0 
0 1 0 0 1 1 0 1 1 1 1 1 0 1 0 1 0 1 0 0 1 1 1 0 0 1 0 1 1 0 0 1 0 0 0 0 1 1 1 0 0 1 1 1 1 1 1 1 0 0 1 0 1 1 0 0 1 0 0 1 1 0 0 1 1 0 1 1 0 0 1 0 1 0 1 1 1 1 0 0 1 0 0 0 0 1 0 1 0 1 1 0 1 1 0 0 1 1 0 0 1 0 0 0 1 1 0 0 0 1 1 0 0 0 0 1 0 1 0 1 1 1 1 0 0 65 0 0 0 1 0 0 1 1 0 0 0 1 1 0 0 0 0 0 0 0 0 1 1 1 
0 1 1 0 1 0 0 0 0 1 1 0 0 0 1 0 1 0 1 0 0 1 0 0 0 1 0 1 0 1 0 1 0 1 1 0 1 0 0 1 1 1 1 1 0 0 0 1 1 0 0 0 1 1 1 1 1 1 0 1 0 0 1 0 1 1 1 0 1 1 1 0 1 0 0 1 1 1 0 1 1 1 1 1 0 1 0 0 1 0 1 1 1 1 1 0 0 0 1 1 0 0 1 0 0 1 0 0 1 0 0 1 0 1 1 0 1 0 1 0 1 1 0 1 0 0 58 0 0 1 0 0 0 1 0 0 1 1 0 1 1 0 1 0 1 0 0 0 1 1 
0 0 1 1 0 0 0 1 0 1 0 0 0 0 0 1 1 0 0 1 1 1 0 0 0 1 1 1 1 1 1 0 0 1 1 1 1 1 0 1 0 0 1 1 1 1 0 1 0 0 0 1 0 1 1 0 1 1 1 0 1 0 1 0 1 1 1 1 1 1 1 1 1 0 1 1 1 0 1 0 0 0 1 1 1 0 1 1 1 0 0 1 1 0 0 0 1 0 1 0 0 1 1 1 0 0 0 1 0 0 1 0 1 0 0 1 0 0 1 0 1 1 1 1 0 1 1 96 1 0 1 0 0 0 0 1 1 1 0 0 1 0 1 1 1 1 0 1 1 0 
0 0 0 0 0 1 1 1 0 1 1 0 1 1 0 1 0 1 0 1 0 0 0 1 0 0 0 0 1 0 1 0 0 0 0 0 0 1 0 0 0 0 1 1 0 0 0 0 1 0 1 0 1 0 0 0 0 1 0 0 0 1 0 0 1 0 1 1 0 0 0 1 1 1 1 0 0 0 1 1 0 0 0 1 0 1 1 1 0 1 0 0 1 1 0 1 0 0 1 1 1 1 0 1 0 1 0 1 1 1 1 1 0 0 1 0 1 1 1 1 0 1 1 1 0 1 0 1 77 0 0 1 0 0 0 1 0 1 1 0 1 1 0 0 0 0 0 0 1 0 
0 1 0 1 0 0 1 1 0 1 1 1 0 1 0 0 1 0 0 0 1 0 1 1 0 1 0 0 0 1 1 1 0 1 0 1 1 1 0 1 1 1 0 0 0 1 1 1 1 0 0 1 1 0 0 1 0 1 1 1 0 0 1 0 1 1 1 1 0 1 1 1 1 0 1 1 0 0 0 0 1 1 0 0 1 1 0 1 1 0 0 1 1 0 1 0 0 0 1 0 0 0 0 1 0 1 1 0 0 0 0 0 0 0 0 1 0 0 0 0 0 0 0 0 1 1 0 0 1 46 0 0 0 0 1 0 0 1 0 0 1 1 0 1 1 1 1 0 0 1 
0 1 0 1 1 0 0 0 0 0 0 0 0 0 1 1 1 0 0 0 0 1 1 0 0 0 1 1 1 1 0 1 0 0 1 1 0 1 0 1 1 1 1 1 1 0 1 1 0 1 1 1 0 0 0 0 0 0 1 1 1 1 1 1 0 1 0 1 1 1 0 1 1 0 1 0 1 0 1 0 1 1 1 0 0 0 0 0 0 1 1 1 1 1 0 1 0 0 1 0 1 0 1 1 0 0 1 0 1 1 1 0 1 1 0 0 0 0 1 0 1 1 1 0 1 0 0 0 1 0 80 0 0 1 0 0 0 0 0 0 1 1 0 0 0 1 0 1 1 0 
1 0 1 0 1 1 0 1 1 1 0 1 0 0 0 1 0 1 0 1 1 0 0 1 1 1 0 1 1 0 1 1 1 0 0 1 0 1 0 1 0 0 0 0 1 0 0 1 0 1 0 0 0 0 1 0 0 1 1 1 1 1 0 1 0 0 0 0 0 1 1 0 1 0 0 1 1 0 0 0 0 1 0 1 1 1 1 1 1 1 0 1 0 1 0 0 1 0 0 1 1 0 0 0 1 0 1 0 0 1 0 1 1 0 0 1 0 1 0 0 1 0 0 1 0 0 1 0 0 1 0 67 0 1 1 0 0 1 1 1 0 1 1 0 1 0 1 1 1 0 
0 0 0 0 0 0 1 1 1 0 0 0 0 1 1 1 0 1 1 1 1 1 0 1 0 1 0 0 1 1 0 1 1 0 0 0 1 1 1 1 0 1 1 0 0 0 0 1 1 1 1 1 1 0 1 0 0 1 0 0 1 0 1 0 0 1 0 0 1 0 1 1 0 0 1 0 0 0 0 1 0 0 1 0 0 1 0 0 1 1 1 1 1 1 0 1 1 1 1 0 0 1 1 1 0 1 0 0 1 0 1 0 0 1 1 0 0 1 0 1 1 1 0 0 0 1 1 0 1 1 1 1 50 1 0 0 1 0 1 1 1 0 1 1 0 1 1 0 1 1 
0 0 0 0 0 1 0 0 0 0 0 0 0 1 1 0 1 0 0 0 1 0 1 1 0 1 0 0 0 0 0 1 0 0 1 0 0 1 1 0 1 0 0 0 1 1 1 1 0 0 0 1 1 0 0 1 1 0 0 1 1 1 1 0 0 0 0 0 0 1 1 1 1 1 0 0 0 0 1 0 1 0 0 1 1 1 1 0 1 1 0 1 0 1 0 0 0 1 0 0 0 1 0 0 0 1 1 0 0 1 0 1 0 0 1 1 0 0 0 1 1 1 1 0 0 1 1 0 1 1 1 0 0 65 0 1 1 0 1 0 1 1 0 1 1 0 1 0 1 0 
0 0 1 1 1 0 0 1 1 0 1 0 1 0 0 0 1 1 0 0 1 1 0 0 1 0 0 0 0 1 0 1 0 1 0 0 0 0 0 0 1 0 1 0 1 0 0 0 1 0 0 1 1 0 1 1 0 1 0 0 1 0 0 1 1 0 0 1 1 1 0 0 0 0 1 1 1 0 0 0 0 0 1 0 1 1 0 1 0 0 1 0 0 0 0 0 1 1 1 1 1 1 1 0 1 0 0 1 0 1 0 0 1 1 0 0 0 0 1 1 0 0 0 0 0 0 0 0 1 1 1 1 0 1 26 0 0 1 1 0 1 1 0 0 1 1 0 0 0 1 
1 1 0 0 1 0 1 1 1 0 0 0 1 1 1 1 0 0 1 1 1 0 1 1 0 0 1 0 0 1 0 1 0 0 1 0 1 1 1 0 0 1 1 0 0 0 0 1 0 1 0 0 0 0 0 0 0 0 1 1 1 1 1 0 0 1 0 0 0 0 0 1 0 1 0 0 0 0 0 1 1 0 1 1 0 1 1 1 0 0 0 1 1 1 0 1 1 0 0 0 1 0 0 1 1 0 0 0 0 1 1 1 1 1 0 0 1 0 1 0 0 1 1 1 1 0 1 0 0 1 0 1 0 1 0 34 0 0 0 0 1 1 1 0 1 0 1 1 0 0 
0 0 1 0 1 1 0 0 1 0 1 0 1 0 1 0 0 0 1 1 0 1 1 0 0 0 0 0 1 0 0 1 1 1 0 1 1 0 1 1 1 1 1 1 0 0 0 0 0 0 1 0 1 1 0 1 1 0 0 1 0 0 1 1 1 1 0 1 1 1 0 0 0 0 0 1 0 1 1 1 1 0 0 1 1 1 0 0 1 0 1 0 0 1 1 0 1 1 0 0 0 0 0 0 0 0 1 0 0 1 1 1 1 0 1 0 0 0 0 0 1 0 1 0 0 0 1 1 1 0 1 0 1 0 0 0 4 1 1 0 1 0 0 1 0 1 0 0 0 0 
1 0 0 0 0 0 0 0 1 1 0 1 0 0 0 0 1 0 0 0 1 0 0 1 0 1 0 0 0 1 1 0 0 0 1 1 0 1 1 0 0 1 0 0 0 1 1 0 0 0 0 1 0 0 0 1 0 1 0 1 1 0 1 1 1 1 0 1 1 0 1 1 1 0 1 0 0 1 1 1 1 1 0 1 0 0 1 1 0 1 1 0 0 0 1 1 0 1 1 0 0 0 0 0 1 0 1 1 0 0 0 0 0 1 1 1 0 1 1 0 0 0 0 0 1 1 0 1 0 0 0 0 1 1 0 0 0 19 0 1 0 0 0 0 1 1 0 1 1 0 
1 0 1 1 0 1 0 1 1 1 0 0 0 1 0 0 1 1 1 0 1 1 0 1 0 1 0 1 1 1 0 0 1 0 1 1 1 0 0 0 0 0 1 1 1 1 0 1 0 0 1 0 0 1 1 1 0 1 0 0 1 0 0 0 0 1 1 1 1 1 0 1 0 1 1 1 0 1 0 1 0 1 0 0 0 1 1 1 1 1 1 0 0 0 0 0 1 0 0 0 0 1 0 0 0 1 1 0 0 1 1 0 0 0 0 0 0 1 1 0 0 1 0 0 1 0 1 0 0 0 1 0 0 0 0 1 1 0 76 1 1 1 1 1 0 0 1 0 0 0 
1 0 1 1 0 1 1 1 0 0 1 0 1 1 1 1 0 0 1 1 1 0 1 1 0 1 1 0 1 0 0 1 0 1 1 0 1 0 0 1 1 0 1 1 0 0 1 0 1 1 0 1 1 1 0 1 0 1 0 1 1 0 1 1 1 0 0 0 0 0 1 1 0 0 0 0 1 0 0 0 0 1 1 1 1 1 0 0 0 1 1 1 1 0 0 0 1 1 0 0 0 1 0 1 1 0 1 0 0 0 0 0 1 1 1 0 0 0 1 0 0 1 1 1 1 1 0 1 0 1 1 0 0 0 0 0 0 1 0 32 0 1 1 0 0 0 0 0 1 0 
1 0 1 0 0 0 1 0 0 1 1 0 1 0 0 0 1 1 0 0 1 0 0 0 1 0 0 1 1 1 1 0 1 0 0 1 1 1 1 1 0 0 0 1 0 0 0 0 0 1 1 1 0 0 1 1 1 1 1 1 0 0 0 0 0 0 1 1 0 0 0 0 1 1 0 1 1 0 1 0 0 1 1 0 0 0 0 0 1 0 0 1 0 1 1 0 0 0 0 1 1 0 1 1 1 1 0 1 1 0 1 1 1 0 0 1 0 1 1 0 1 1 0 0 0 1 1 0 1 0 1 0 1 1 0 0 1 0 1 1 83 0 1 1 0 0 1 0 1 1 
1 1 0 0 1 0 0 1 1 1 1 1 1 1 0 0 0 1 0 1 0 0 0 0 1 1 1 1 1 1 0 1 0 0 0 0 0 1 0 0 1 0 1 1 0 0 1 0 1 1 0 0 0 0 1 1 0 1 1 1 1 0 0 1 1 1 0 1 0 0 0 1 0 0 0 0 1 1 0 0 0 0 0 0 1 0 1 1 0 0 0 1 0 1 0 1 1 0 0 1 0 1 0 1 0 1 1 0 0 0 1 0 0 0 0 0 1 1 1 1 1 0 1 1 1 1 1 1 0 1 1 1 1 0 0 1 0 0 1 0 0 28 1 0 0 0 0 1 1 1 
1 0 1 0 1 0 1 1 1 0 1 0 0 1 0 0 1 0 0 0 0 0 0 0 1 0 1 0 1 1 0 0 0 0 0 0 1 1 1 0 1 0 0 1 1 1 1 1 0 1 0 1 1 0 1 1 0 0 0 0 1 1 1 0 0 0 1 0 1 1 0 1 0 1 1 1 0 1 1 0 1 0 1 1 0 0 1 1 0 1 1 0 1 0 1 0 0 0 1 1 1 1 1 1 1 1 0 1 0 1 1 1 0 1 0 1 0 0 0 1 1 1 1 1 0 0 0 0 0 0 0 1 1 1 0 0 0 1 1 0 0 1 47 0 0 0 1 1 0 0 
0 0 1 0 0 1 1 1 1 0 1 0 0 0 0 1 1 1 1 1 0 0 1 0 1 0 0 1 1 0 1 1 1 0 0 1 0 1 1 0 0 1 0 0 0 1 0 0 0 1 0 1 0 1 1 0 0 0 0 0 1 1 1 1 1 1 1 1 1 1 1 0 0 0 1 0 0 1 1 1 0 1 0 1 1 1 1 0 1 0 0 1 0 0 1 0 1 0 0 1 1 0 0 0 0 0 1 0 1 1 1 0 1 0 0 1 1 1 1 0 0 0 1 0 0 1 1 1 1 0 1 0 1 0 1 0 0 0 1 1 0 1 0 25 0 1 1 1 1 1 
1 1 0 1 0 1 1 0 0 1 1 0 1 1 0 0 1 1 1 1 0 0 0 0 1 0 0 0 1 1 1 1 0 0 1 0 1 1 0 1 1 1 1 0 0 1 1 1 0 0 1 1 1 1 1 1 0 1 1 1 0 0 1 1 1 0 0 0 0 1 1 0 0 0 0 0 0 0 0 1 1 0 0 1 0 1 0 0 0 1 1 0 1 0 1 1 1 0 0 0 0 1 0 1 0 0 1 0 1 0 0 0 1 1 1 0 1 0 1 0 0 0 1 0 1 0 1 1 1 1 1 1 0 1 1 1 0 1 0 1 0 1 1 1 55 1 0 0 1 0 
0 0 1 0 1 0 1 1 0 1 1 1 1 0 0 0 1 0 1 0 1 1 1 1 1 0 1 0 1 1 0 1 1 0 0 0 0 0 1 1 1 0 0 1 1 1 0 1 0 1 0 1 0 1 1 0 1 0 1 0 1 1 1 1 1 1 0 1 1 1 0 0 1 0 1 0 1 0 0 1 0 0 0 1 0 0 0 0 0 1 0 1 1 0 1 0 1 0 0 0 0 1 1 1 0 0 0 0 0 1 1 0 1 0 1 1 1 1 1 1 0 1 0 0 0 1 0 1 1 1 0 1 1 1 0 0 1 0 0 1 0 1 0 1 1 16 1 1 0 0 
1 0 1 1 0 1 0 0 1 1 1 0 0 0 0 1 1 1 1 0 0 0 0 0 1 1 0 1 1 0 1 0 1 0 1 0 1 1 1 1 0 1 0 0 0 1 0 1 0 1 0 1 1 0 0 1 0 0 0 1 1 1 1 1 0 0 1 1 1 0 0 1 1 1 0 0 0 0 1 1 0 1 1 0 0 1 0 0 0 0 1 0 0 0 0 1 0 1 0 0 0 1 1 1 0 0 1 1 1 1 1 1 1 0 0 1 0 1 1 1 0 0 0 1 1 0 1 1 1 0 1 1 0 0 0 1 1 0 0 0 1 0 0 0 1 0 92 0 0 0 
0 1 1 1 1 0 0 1 1 1 0 0 0 1 1 0 0 0 0 0 1 1 1 1 1 1 1 0 0 1 0 0 0 0 1 0 1 1 0 0 0 1 1 0 1 1 1 0 0 1 1 1 1 1 0 1 0 1 1 1 1 1 1 1 1 0 0 0 1 1 0 0 0 0 0 0 1 0 1 1 1 0 0 1 1 0 1 1 0 0 0 1 1 0 0 1 0 0 0 0 0 1 0 0 1 1 1 0 1 0 0 1 0 0 0 0 0 1 1 0 0 0 0 0 1 0 0 0 1 1 1 1 0 0 1 1 1 1 1 1 0 0 0 0 1 1 0 95 1 0 
0 0 0 1 1 0 1 1 0 1 1 1 0 0 0 1 1 0 1 0 1 0 1 1 0 0 0 0 1 1 0 1 0 0 1 1 1 1 0 0 1 0 1 1 1 0 1 0 0 0 0 0 0 1 0 1 0 0 0 1 1 1 1 0 1 0 0 0 0 0 0 1 1 0 1 1 1 0 0 0 1 0 1 1 1 1 0 0 1 0 0 1 0 0 0 0 0 0 1 0 1 1 0 1 0 1 0 1 1 0 0 1 1 0 1 1 0 1 0 1 1 1 0 0 1 1 1 0 1 0 0 1 0 1 0 1 0 1 0 0 1 0 0 0 1 1 1 1 26 0 
0 1 0 0 0 1 1 0 0 0 0 0 0 1 1 1 1 0 1 1 0 1 0 1 0 1 1 1 1 1 0 1 0 1 0 1 0 1 0 0 0 1 0 1 0 1 1 0 0 1 1 1 0 1 1 1 1 0 1 1 0 0 1 0 1 1 1 0 0 1 1 1 0 0 0 1 0 1 0 1 1 0 1 0 0 1 0 0 1 1 1 1 1 1 0 1 0 1 0 0 1 1 1 1 0 1 0 0 0 0 1 0 0 0 0 0 1 0 0 0 0 0 0 1 1 1 1 0 1 1 1 1 0 0 1 0 1 0 1 0 1 1 0 0 1 0 1 1 1 30