200
30 0 0 0 1 1 1 1 1 1 0 1 0 0 1 0 0 0 0 1 0 1 1 1 0 0 1 1 0 1 1 0 1 1 1 0 1 0 1 1 0 0 0 0 1 0 1 0 0 1 0 0 1 1 0 0 0 1 1 1 1 1 1 1 1 1 0 1 0 1 1 0 0 0 1 1 1 0 1 0 1 0 0 1 1 1 1 1 1 0 1 0 0 1 1 0 0 1 1 1 0 1 0 0 0 0 1 0 1 0 1 0 1 0 0 1 1 1 0 0 0 1 1 0 0 1 1 1 1 0 0 0 0 1 0 0 1 0 1 0 0 0 1 0 0 1 1 1 0 0 1 0 0 1 0 1 1 1 0 1 1 1 0 0 0 1 0 1 0 0 1 1 0 0 0 0 1 1 0 0 0 1 0 0 1 1 1 0 1 1 1 0 1 0 1 1 0 1 1 1 
0 40 0 1 1 0 0 0 1 1 0 1 1 0 0 0 1 0 0 0 1 0 1 1 1 1 0 0 1 0 0 1 1 1 1 1 1 0 1 0 1 0 1 1 1 0 1 0 1 0 0 0 1 1 0 1 0 0 1 1 0 1 0 1 0 1 0 0 0 1 1 1 0 0 0 0 1 1 0 0 0 0 1 0 1 1 1 0 1 1 1 1 1 0 0 1 1 1 1 1 0 0 1 1 0 0 0 0 0 0 0 0 1 1 0 1 1 1 0 0 1 1 1 1 1 0 0 1 0 1 0 1 0 0 1 0 1 0 1 0 1 0 1 1 0 1 0 0 1 1 1 1 0 1 1 1 1 0 0 1 1 0 1 1 1 0 1 1 0 1 0 0 0 0 1 0 0 1 0 1 0 0 0 0 0 1 0 1 0 1 1 1 1 1 1 1 1 1 0 0 
1 1 19 0 0 0 1 1 0 0 0 1 1 1 1 1 1 0 0 0 1 1 0 0 1 1 1 0 0 0 1 1 1 1 0 1 1 0 1 1 1 0 1 0 1 0 0 1 0 1 0 0 1 1 1 0 0 0 1 0 0 1 0 0 1 1 1 0 1 0 1 0 1 1 0 1 1 1 0 0 1 0 1 1 1 0 1 0 1 1 0 1 1 1 1 0 0 0 0 1 0 0 1 1 0 1 0 1 1 1 1 1 0 0 0 1 1 1 1 1 1 0 0 1 1 1 0 1 1 0 1 1 1 1 1 0 0 0 0 1 1 1 1 0 1 1 1 1 1 0 1 1 1 0 0 1 0 0 0 1 1 0 1 1 1 0 0 0 0 0 1 0 0 0 0 0 0 1 0 1 0 1 0 1 1 0 1 0 1 1 1 0 0 0 1 0 0 0 1 1 
0 1 0 2 0 1 0 1 1 1 1 0 1 1 0 0 1 1 0 0 1 0 0 1 0 1 1 1 0 0 0 1 0 1 0 1 1 1 0 1 0 0 0 1 1 1 0 1 0 0 1 0 1 1 0 0 0 0 1 0 1 1 0 0 1 0 1 0 0 0 1 1 0 0 0 1 0 1 1 1 1 1 0 0 0 1 1 0 1 1 1 1 1 1 0 0 0 1 1 1 1 1 0 0 1 0 0 1 0 0 0 0 1 0 0 1 1 1 0 0 1 1 1 0 0 1 1 1 1 1 0 0 0 0 1 1 0 0 0 1 1 1 0 0 1 1 0 1 1 0 0 1 1 0 0 0 0 0 1 0 0 1 1 0 1 0 0 1 1 0 1 1 0 0 0 1 0 0 0 1 0 1 1 0 0 0 0 1 0 0 1 0 1 1 1 1 1 1 1 1 
0 0 1 1 77 1 0 0 0 1 1 0 1 1 0 1 1 1 1 1 1 1 1 0 0 1 0 1 1 1 1 0 0 1 0 1 0 1 0 0 0 1 0 1 0 0 0 1 1 1 0 0 1 1 1 1 0 1 1 1 0 1 0 0 1 0 0 0 1 1 0 1 1 1 1 1 1 1 1 0 1 0 1 0 1 0 0 1 0 0 1 1 0 1 1 0 0 0 0 1 1 0 1 1 0 0 1 1 0 1 0 1 1 0 1 1 1 0 1 0 0 1 1 1 1 1 1 0 1 0 1 0 0 0 1 1 1 0 1 1 0 1 0 0 1 1 0 0 0 1 1 0 1 0 0 0 0 1 1 0 1 0 1 0 1 1 0 0 0 0 0 0 0 0 0 1 1 1 0 0 1 0 1 1 0 0 1 1 1 1 1 1 1 0 1 0 0 0 0 0 
1 0 1 0 0 75 1 0 0 0 0 1 1 0 0 0 1 1 1 0 1 1 0 0 1 0 0 0 1 0 1 1 1 0 0 0 0 1 0 0 1 0 1 1 1 0 0 0 1 0 1 1 0 1 0 1 1 1 0 1 0 0 1 1 1 0 0 0 0 0 0 1 0 1 1 1 1 0 0 0 0 0 1 1 0 0 1 0 0 0 0 1 0 0 1 0 1 1 1 0 1 0 1 0 1 1 1 0 0 1 1 1 1 1 1 1 1 1 0 0 0 0 0 0 0 0 1 1 0 1 0 1 0 0 1 1 1 1 1 0 1 1 1 0 1 0 1 1 0 0 1 1 1 0 1 1 1 1 1 1 0 1 1 0 0 0 0 0 1 1 0 0 0 0 0 0 0 1 1 0 0 0 0 0 0 1 1 0 0 1 1 0 1 1 1 1 1 0 1 0 
1 1 1 0 0 0 10 1 0 0 1 0 0 1 1 1 0 0 0 0 0 0 0 0 1 0 0 1 1 1 1 0 1 1 0 0 0 0 1 1 1 0 1 0 1 1 0 1 1 1 0 1 1 1 1 0 1 0 0 0 1 1 1 1 1 0 1 0 1 0 1 0 0 0 0 1 0 0 0 1 1 1 0 1 0 1 1 0 1 1 0 1 1 0 1 0 1 1 1 1 1 1 0 0 0 0 0 1 1 1 0 1 1 0 1 1 0 0 1 1 0 0 0 1 1 0 0 0 1 1 1 0 1 0 0 0 0 0 0 0 1 0 0 1 1 0 1 1 1 1 0 0 1 0 0 1 1 1 0 0 0 1 0 0 1 0 1 0 0 0 1 0 0 0 0 1 0 0 1 0 1 1 1 1 1 0 1 0 1 0 1 0 1 0 1 1 1 0 0 1 
0 0 1 0 1 0 0 81 1 0 1 0 0 0 0 0 1 0 1 1 1 1 1 0 1 1 0 0 0 0 0 1 1 1 0 1 1 1 1 1 0 0 1 0 0 0 0 1 0 1 1 0 1 1 0 1 0 0 1 0 1 1 0 0 1 0 1 1 1 1 0 0 1 1 1 1 1 1 0 0 0 1 1 1 1 1 1 0 0 0 0 0 1 0 0 0 1 0 0 1 1 1 0 0 0 0 1 1 1 0 0 1 0 1 1 1 1 0 0 1 1 0 0 1 0 0 1 1 0 0 0 1 1 1 0 0 1 0 0 1 0 0 0 1 0 0 0 0 1 1 0 1 0 0 0 0 1 1 0 1 0 0 0 1 1 0 1 0 0 1 1 0 1 0 1 1 0 1 1 0 0 1 0 0 1 0 1 1 0 0 0 1 1 0 0 1 1 0 0 1 
0 1 1 1 1 0 1 1 56 0 1 0 0 0 0 1 1 0 1 0 0 0 0 0 0 0 0 1 0 0 1 0 1 1 1 0 0 0 0 1 1 0 0 1 0 0 1 1 1 0 1 1 0 0 0 0 0 0 1 0 0 1 1 1 1 1 0 1 0 0 0 0 0 1 1 0 1 0 0 1 1 0 0 1 1 0 1 1 1 1 1 0 1 1 0 1 1 0 0 0 1 1 1 1 1 0 0 0 1 0 1 1 1 0 1 1 0 1 1 1 1 0 0 0 1 0 0 0 0 0 1 1 1 0 1 1 1 1 1 1 1 0 1 1 1 1 1 0 0 1 1 0 0 0 0 0 0 0 0 0 0 0 1 1 1 0 0 0 1 1 0 1 0 0 1 0 1 1 1 1 0 0 1 0 1 0 1 1 0 0 0 1 1 0 1 0 0 0 1 1 
0 1 0 0 0 1 1 1 0 54 0 0 1 1 1 1 0 1 0 0 0 1 0 0 0 1 1 1 1 1 0 1 1 0 0 1 0 0 1 1 1 1 0 1 0 1 1 0 0 1 1 0 1 0 0 1 0 0 1 1 0 1 1 1 0 0 0 0 0 0 1 1 1 1 1 1 0 0 1 0 0 0 1 0 1 0 0 1 0 1 0 1 0 0 0 1 0 0 1 0 1 1 1 0 1 1 1 0 0 0 0 1 0 0 0 0 1 0 0 0 0 0 0 0 1 0 1 0 1 0 0 1 1 0 1 0 0 1 0 0 0 0 1 0 0 0 0 1 1 1 1 1 1 0 1 0 0 0 1 0 1 1 1 1 0 1 0 0 1 0 0 0 0 1 0 1 0 0 1 0 0 1 1 1 0 0 1 1 1 0 1 1 1 0 0 0 0 1 0 1 
1 1 1 0 0 1 0 0 0 0 89 1 0 0 0 1 1 0 1 0 1 0 0 0 0 0 0 0 0 1 0 0 1 1 0 1 0 1 0 0 1 1 0 0 1 1 0 1 1 0 0 0 0 1 0 1 0 1 1 1 1 0 1 1 1 0 1 0 1 0 1 0 1 1 1 1 1 1 0 1 1 0 1 0 1 0 0 1 1 0 0 1 0 0 0 1 0 1 0 0 0 0 1 1 0 1 0 1 0 1 1 0 0 0 1 0 1 1 1 0 1 1 0 0 0 1 0 0 1 1 1 0 0 0 1 0 1 0 1 0 0 1 1 0 1 0 1 0 1 1 1 1 1 1 0 1 0 1 0 0 0 1 0 1 0 0 1 0 1 0 1 0 0 1 1 0 0 0 1 0 1 1 0 0 0 0 1 0 0 0 0 1 0 1 1 0 0 1 1 0 
1 0 0 1 1 0 0 0 0 0 1 43 1 0 1 1 0 0 1 0 0 0 1 1 0 1 1 0 1 0 0 1 0 1 1 1 1 0 0 1 0 1 0 0 1 1 1 1 1 1 1 0 1 1 0 1 1 0 0 1 1 0 1 1 0 0 1 1 1 0 0 0 0 1 1 0 1 1 1 0 1 1 1 1 1 1 1 1 1 1 0 0 0 0 0 1 0 1 1 1 1 1 1 1 0 1 1 1 1 1 1 0 1 1 0 1 0 1 0 0 1 0 0 0 1 0 1 0 1 1 0 1 1 1 1 0 1 0 1 1 0 1 1 1 0 0 1 1 0 0 1 0 1 1 0 1 1 0 1 1 1 0 0 1 1 0 0 0 1 1 1 1 1 1 0 1 0 1 0 1 0 1 0 0 1 0 0 1 0 0 1 1 1 1 0 1 1 0 0 0 
1 0 1 1 1 1 0 1 0 0 0 0 75 1 0 0 1 1 0 0 0 1 1 0 0 1 1 0 0 0 1 0 0 0 0 0 0 0 1 0 1 1 0 0 1 0 0 0 1 1 0 1 1 0 0 0 1 1 1 0 0 1 0 1 1 1 0 0 0 1 0 0 1 0 1 1 1 0 1 1 0 1 0 0 1 1 1 0 1 1 0 1 1 0 1 0 0 0 0 0 0 1 0 0 0 1 1 0 1 1 0 0 0 1 0 1 0 1 0 0 0 0 1 1 0 0 0 1 1 0 1 0 0 0 0 0 1 1 0 1 0 0 0 0 0 0 1 0 0 1 1 1 1 0 1 1 1 0 1 1 1 1 1 1 0 1 0 1 0 0 0 1 0 0 0 0 0 1 0 0 0 1 1 0 0 1 1 1 0 0 0 0 1 0 0 1 0 0 1 1 
1 0 0 1 1 1 1 0 0 0 1 0 0 2 1 1 0 0 0 0 1 1 0 0 1 0 0 1 1 1 1 1 1 0 0 1 0 0 0 0 0 0 0 1 1 0 0 1 0 0 0 0 1 1 0 1 0 1 1 0 0 1 1 1 1 1 0 1 1 0 1 1 0 0 1 0 1 1 1 1 0 0 0 0 1 1 0 0 1 1 1 0 0 1 0 1 0 0 1 0 0 1 0 1 1 1 1 1 0 0 0 1 0 0 0 1 1 1 1 1 1 0 0 0 1 1 0 0 1 1 1 0 0 1 0 0 0 0 0 1 1 1 0 1 1 1 0 0 0 0 1 1 0 1 0 1 0 0 0 0 0 0 0 1 1 0 0 1 1 0 1 1 0 1 0 0 1 0 0 1 0 0 0 1 0 1 1 1 0 1 0 1 1 0 0 0 0 1 0 0 
0 1 0 1 1 1 1 0 1 1 0 1 0 1 84 1 1 1 1 0 0 1 0 0 0 0 0 0 0 1 0 1 0 0 0 0 1 0 0 0 1 1 1 0 0 1 0 0 1 0 1 0 1 0 0 1 1 0 0 1 0 0 1 1 1 1 1 1 1 0 1 1 1 0 0 0 0 0 1 1 1 1 0 0 1 1 0 1 1 0 0 0 1 0 0 1 1 0 0 1 1 1 0 1 0 1 0 0 1 0 0 1 1 1 1 1 0 0 0 1 1 0 1 0 0 1 0 1 1 1 0 0 1 0 1 0 0 1 1 0 1 1 1 1 0 1 0 1 1 0 0 1 0 0 1 1 1 0 1 0 0 1 1 1 1 1 1 0 1 0 1 1 0 1 1 1 0 0 0 1 0 0 1 0 1 1 1 1 0 0 0 1 0 0 1 1 1 1 0 0 
0 0 1 1 0 1 1 1 1 1 0 0 1 0 1 14 0 1 0 1 0 0 0 1 1 0 0 0 1 0 1 0 0 1 1 1 1 0 1 0 0 1 1 0 0 0 1 0 0 1 0 1 1 1 1 1 1 1 1 0 1 0 1 1 0 1 1 0 0 0 0 1 0 0 0 0 0 1 0 1 1 0 0 0 0 0 1 1 0 0 0 0 1 0 1 1 0 1 0 0 1 1 0 0 1 1 0 0 1 1 0 1 0 1 1 1 1 0 1 0 0 1 1 0 0 1 1 1 1 1 1 1 0 0 0 0 1 1 0 1 1 1 1 0 1 0 0 0 0 1 1 1 0 1 1 1 1 0 1 1 1 1 0 0 1 1 0 0 0 0 0 0 1 0 1 0 1 1 1 0 0 0 1 0 0 0 1 1 0 1 0 0 0 0 0 0 1 1 1 0 
0 1 0 0 1 0 0 0 1 0 1 0 0 0 0 0 44 1 1 1 0 0 0 0 1 0 1 1 1 0 1 0 1 0 0 0 1 1 1 1 1 0 0 0 1 1 0 1 0 0 0 1 0 0 1 1 0 1 0 0 0 0 1 1 1 1 1 1 0 1 1 0 1 0 0 1 1 0 0 0 0 0 0 1 1 1 1 0 1 1 0 0 1 0 0 1 0 0 1 0 1 1 1 1 0 0 0 1 1 1 0 0 0 0 0 0 1 0 0 0 1 1 1 1 1 1 0 0 1 0 0 1 0 0 1 0 0 1 0 1 0 1 0 0 1 0 0 1 0 0 0 0 1 0 1 1 1 0 1 1 1 0 0 1 0 1 1 1 1 0 1 1 1 0 0 1 0 0 0 1 1 1 0 1 1 1 0 0 1 1 0 0 1 0 0 0 0 0 1 1 
0 0 1 0 0 1 0 0 1 1 0 1 0 1 1 1 1 14 0 0 0 0 0 0 0 1 1 0 0 0 0 1 0 1 0 0 1 0 1 0 0 1 1 1 1 1 0 0 0 0 0 1 1 1 1 1 1 0 1 1 1 0 0 1 1 1 0 0 0 1 1 0 1 1 1 1 0 1 0 1 0 0 1 0 1 0 0 1 1 0 1 1 0 1 0 1 0 0 0 1 1 0 1 0 1 0 1 0 0 1 0 1 0 1 1 1 0 0 1 1 1 1 1 1 0 0 1 0 0 0 1 0 1 0 1 0 0 0 0 0 0 0 1 0 0 0 0 1 0 1 1 1 0 1 0 1 0 1 1 0 0 1 0 1 0 1 1 1 0 0 1 1 1 0 0 0 0 1 0 0 1 1 1 0 1 1 0 1 1 0 1 1 0 0 1 0 1 1 1 0 
1 0 1 0 0 0 0 0 1 0 0 0 0 0 0 0 1 1 52 0 1 0 0 1 1 0 1 0 1 0 0 0 0 1 1 0 1 1 1 1 1 0 0 0 1 1 0 0 0 1 1 1 1 1 0 1 1 0 1 0 1 1 1 1 0 0 0 0 1 1 1 0 1 0 0 1 0 0 0 0 1 1 0 0 1 0 1 1 1 1 1 0 1 0 0 1 0 0 0 0 1 1 1 1 1 1 0 0 1 1 1 1 0 1 1 0 1 0 1 1 0 1 0 0 1 1 1 1 0 0 0 1 1 0 1 0 1 0 0 0 1 1 1 0 0 1 0 1 1 1 1 1 1 1 1 0 0 0 1 1 1 1 1 1 0 0 0 0 1 0 0 0 1 1 1 1 0 1 1 0 1 1 0 1 1 0 1 0 0 0 1 1 1 1 0 0 0 0 0 1 
0 1 0 0 0 0 1 1 1 1 1 1 0 1 0 0 1 1 0 82 1 1 0 1 0 1 1 0 0 0 1 0 1 0 1 0 1 1 1 0 0 0 0 0 0 0 0 0 0 0 0 0 1 1 0 0 0 0 0 0 0 0 0 1 0 0 0 1 0 0 1 0 0 1 0 1 0 1 1 1 1 1 0 0 0 1 0 1 1 0 0 0 1 1 1 0 0 1 0 1 1 1 1 0 1 1 1 0 1 1 1 0 1 0 0 1 1 0 0 0 1 0 1 0 0 0 1 1 1 0 0 0 1 1 0 0 0 1 1 1 0 0 0 0 1 0 0 0 0 1 1 1 1 1 1 0 1 0 1 0 0 1 0 0 1 0 1 1 1 1 0 1 0 0 0 1 1 1 0 1 1 1 1 1 0 0 0 1 1 0 0 1 0 0 1 1 0 1 1 1 
0 1 1 1 0 0 0 0 0 1 1 1 0 1 0 1 0 0 0 0 10 1 0 0 0 1 0 1 1 0 0 1 1 0 0 0 1 1 0 0 0 0 0 0 1 1 0 1 1 1 0 1 1 0 1 0 0 0 0 1 0 1 0 1 1 0 1 1 1 0 1 0 0 0 0 1 0 1 1 1 0 0 0 0 1 0 1 0 1 0 1 0 1 0 0 0 0 0 0 0 0 0 1 0 1 1 1 0 0 0 0 0 1 0 1 1 0 1 1 0 0 0 1 0 0 1 0 1 0 1 0 0 0 1 0 1 0 0 0 0 0 1 0 0 1 1 0 1 0 0 1 1 1 0 1 0 0 0 1 1 0 1 1 1 0 0 0 1 1 1 0 1 0 1 1 1 1 0 1 0 1 1 0 0 0 0 1 0 1 0 0 0 1 1 0 0 0 1 1 1 
0 0 0 0 0 1 1 1 0 1 1 0 0 0 1 0 0 0 1 1 1 74 0 0 0 1 1 0 1 1 1 1 0 1 1 1 0 1 0 1 1 1 0 0 0 0 1 1 0 1 1 1 1 0 0 0 1 1 1 0 0 1 0 0 0 1 1 0 0 1 0 0 0 1 0 0 1 0 0 1 1 0 1 1 0 1 1 1 1 0 1 1 1 1 1 1 1 0 0 0 0 0 0 1 0 1 0 0 0 0 0 1 1 1 1 1 1 0 0 0 0 0 1 0 1 1 0 1 1 0 0 1 0 0 0 0 1 1 0 1 0 1 0 0 1 1 0 1 1 0 0 0 1 1 0 0 1 0 0 0 0 1 0 1 0 0 0 0 0 0 0 1 1 0 1 0 0 0 1 0 0 1 1 1 0 1 1 1 1 0 0 0 0 1 0 0 0 0 1 1 
1 1 1 0 0 1 1 0 0 0 0 1 1 0 1 0 0 0 1 0 1 0 91 0 1 0 1 1 1 1 1 0 0 0 0 0 0 1 1 1 1 1 0 1 0 0 1 1 1 0 0 1 1 0 0 0 1 0 0 0 0 0 0 0 1 1 1 0 0 0 0 1 1 0 0 1 0 0 0 0 0 0 1 0 1 1 0 0 1 0 0 1 0 1 0 1 0 1 1 1 1 1 0 0 0 0 1 1 0 1 1 1 0 1 1 0 0 1 0 1 0 1 0 1 0 1 1 1 1 0 0 1 0 1 0 0 0 1 1 1 1 1 0 0 0 1 1 0 1 1 0 0 0 1 0 1 0 0 1 0 0 1 1 0 1 0 0 0 0 0 0 1 0 1 1 0 0 1 1 1 1 1 1 0 0 1 0 0 0 0 0 0 1 0 1 0 1 1 0 0 
1 0 1 0 1 1 1 1 1 1 1 0 1 0 0 1 0 0 1 0 0 1 1 46 1 1 0 1 0 1 0 1 1 0 1 0 0 1 1 0 0 1 1 1 1 1 1 0 1 1 1 1 1 1 0 0 1 0 1 0 0 1 0 1 1 1 0 0 0 1 0 1 1 1 0 1 0 0 1 0 1 0 0 1 0 0 1 1 0 1 1 1 1 1 0 1 1 0 0 0 0 0 1 1 0 0 1 1 0 1 1 0 1 1 0 0 1 1 0 0 1 1 1 1 1 1 0 0 0 1 0 0 0 1 1 0 1 1 0 1 0 0 1 1 0 1 1 0 0 0 1 1 1 0 1 0 0 1 0 0 1 0 1 0 1 1 1 0 0 1 0 0 1 1 1 1 0 1 0 1 1 1 0 1 0 1 0 0 1 1 0 1 1 0 0 0 1 0 1 1 
0 0 0 1 1 1 0 0 0 0 0 1 1 1 1 0 1 1 0 0 1 1 1 0 23 0 1 0 0 0 0 0 0 0 1 0 1 0 0 1 0 0 1 1 0 0 0 1 1 0 1 0 0 0 1 0 0 0 1 1 0 0 0 1 0 0 0 0 0 0 1 0 1 1 1 1 1 1 0 1 1 1 0 0 1 1 0 0 1 1 0 1 1 1 0 0 0 0 1 1 0 0 1 1 1 0 0 0 0 0 0 0 1 1 0 1 0 0 0 1 0 1 0 0 0 1 1 1 0 1 1 0 1 0 1 1 0 0 1 1 1 1 1 0 0 0 0 0 1 1 0 1 0 0 1 0 0 0 0 1 1 0 0 1 0 1 0 0 0 0 1 1 0 0 1 1 0 1 0 0 1 0 0 0 1 1 1 0 0 1 0 0 1 1 1 0 0 1 0 0 
0 0 0 1 0 1 0 0 1 0 1 0 0 1 1 0 0 0 0 0 0 0 1 0 1 96 1 1 0 0 0 0 1 1 0 1 0 1 0 1 0 1 0 0 1 1 1 1 0 0 1 0 1 0 1 0 0 0 1 1 1 1 0 1 0 0 0 0 0 0 0 1 0 0 1 1 1 1 1 0 0 1 0 0 0 0 1 1 0 0 1 0 1 1 0 0 0 0 0 0 0 1 1 1 0 1 1 1 1 1 0 0 1 1 0 1 0 1 1 1 0 1 0 0 0 0 1 1 0 0 1 1 1 1 0 1 0 1 1 0 0 0 1 0 0 1 1 1 1 0 0 1 0 1 1 0 1 1 1 0 1 0 1 1 0 0 1 1 1 0 0 0 0 0 0 1 0 1 1 1 0 0 1 0 0 1 1 1 0 0 1 0 1 1 1 1 0 1 0 1 
0 1 0 1 0 0 0 0 0 1 1 0 1 0 1 1 1 1 1 1 1 0 1 1 0 0 33 0 0 0 0 1 0 1 0 0 0 1 1 0 0 1 1 0 1 1 1 0 1 1 1 0 0 1 0 1 1 0 1 1 0 1 1 1 1 1 1 0 1 1 0 1 0 1 1 0 1 0 1 1 1 1 0 1 1 0 0 0 0 1 1 1 1 1 1 1 0 0 1 0 1 1 0 1 1 1 0 0 0 1 0 1 1 1 1 0 1 1 1 0 0 0 0 1 1 0 1 1 0 1 0 0 1 0 1 1 0 1 0 1 1 0 0 0 1 0 0 0 0 0 1 1 0 0 0 0 1 1 0 1 0 0 1 1 1 1 0 1 0 1 1 1 0 1 1 1 1 0 1 0 1 1 1 1 1 0 1 0 0 1 1 1 0 1 1 1 1 1 1 0 
1 0 1 1 1 0 1 0 0 0 0 0 1 0 1 1 1 1 1 0 1 0 0 0 1 1 1 95 0 0 0 1 0 0 0 0 1 1 0 1 1 1 1 1 1 0 1 1 0 1 1 0 0 0 1 0 0 0 1 0 1 0 0 1 1 1 0 0 1 0 0 0 1 1 1 0 1 0 1 0 1 1 1 0 0 1 1 0 1 0 1 0 0 1 1 1 1 1 0 1 0 0 1 1 1 1 0 0 1 1 0 0 1 1 0 1 0 0 0 1 0 0 1 0 0 1 0 0 1 1 0 0 0 0 1 0 0 0 1 0 1 0 0 0 0 0 0 1 0 1 1 1 0 1 0 1 0 1 1 0 0 0 0 1 1 1 0 0 1 0 0 0 0 1 0 1 0 0 1 0 1 0 1 0 1 1 1 0 1 0 1 0 0 0 1 0 0 1 0 1 
1 1 0 0 1 1 1 1 1 0 0 0 0 1 0 1 1 0 1 0 1 0 0 1 0 1 1 1 87 1 1 1 0 0 0 1 1 1 1 1 1 1 0 1 0 1 0 1 1 1 1 1 1 0 1 0 1 0 1 0 0 0 0 0 1 1 1 0 0 1 1 0 1 1 0 0 0 1 1 0 1 0 1 1 0 1 0 1 0 1 1 0 0 0 0 1 1 0 1 1 0 0 0 0 1 0 1 0 0 1 0 0 1 0 1 1 0 0 0 0 1 1 1 1 1 0 0 0 1 0 0 0 1 1 1 1 0 0 0 0 0 1 1 0 0 1 1 0 1 1 1 0 0 1 0 1 0 1 1 1 1 1 0 0 1 0 0 1 0 0 0 0 1 0 0 0 1 1 1 1 0 1 1 1 1 0 1 1 0 0 0 0 1 1 0 1 1 1 1 0 
1 0 0 0 0 0 1 0 1 1 1 0 1 0 0 1 1 1 1 0 1 1 1 1 0 0 0 1 1 4 0 1 1 1 0 0 0 1 1 0 1 0 0 1 0 1 0 1 1 0 1 0 1 1 0 0 1 0 0 0 1 1 0 1 1 1 1 0 1 1 1 1 0 1 0 0 0 0 1 0 1 1 0 1 1 1 1 0 0 1 0 1 0 0 1 0 1 1 1 1 1 0 1 0 0 1 0 0 1 1 1 0 1 0 0 1 0 1 0 0 1 1 1 0 0 0 0 1 1 0 0 0 1 0 0 0 0 1 1 1 1 0 0 0 1 1 1 1 1 0 1 0 0 1 1 0 0 0 1 1 0 1 0 0 1 0 1 1 0 1 0 0 1 0 0 1 0 1 1 1 1 1 1 1 0 1 0 1 0 0 0 1 1 0 1 1 0 1 1 0 
1 1 0 1 0 1 1 1 1 1 1 0 0 0 1 0 1 1 1 0 0 1 0 0 1 0 0 1 0 1 94 1 0 0 1 0 0 1 1 1 0 1 0 1 1 0 0 1 0 0 0 1 0 0 0 1 0 0 0 1 1 0 1 0 0 0 0 1 1 1 0 1 0 1 0 0 1 1 0 0 0 0 0 0 0 0 1 1 0 0 1 0 1 1 0 1 1 1 0 0 1 1 1 1 0 1 0 1 1 1 0 1 0 1 0 1 1 0 0 0 1 1 0 1 1 0 1 1 0 1 1 0 1 0 0 1 0 1 1 1 1 1 1 0 1 1 1 1 0 1 1 1 0 1 0 0 0 1 0 1 1 0 0 0 0 0 0 0 0 0 0 1 0 0 0 0 1 1 1 0 0 1 0 1 0 0 1 0 1 1 0 0 1 1 1 0 0 1 0 1 
1 1 1 1 0 1 1 1 0 1 0 0 0 0 1 0 0 1 1 1 1 1 0 0 1 1 0 1 0 0 1 27 1 0 1 1 1 0 1 1 1 0 1 0 0 1 0 1 1 1 0 0 0 1 0 1 0 1 1 0 1 1 0 1 1 0 1 1 1 1 1 1 0 1 1 1 1 1 0 1 0 0 0 0 0 1 1 0 1 0 0 0 1 1 0 0 0 1 0 1 1 1 0 0 1 1 1 0 1 0 0 0 0 1 1 1 1 1 1 0 1 0 1 0 0 1 1 1 1 1 1 0 0 0 1 1 0 0 0 1 1 1 0 1 0 0 0 1 1 0 0 0 1 0 0 1 0 0 1 1 0 1 0 0 0 1 0 0 0 0 0 0 0 0 0 0 1 1 0 0 1 1 1 1 0 1 0 0 0 1 0 0 0 0 0 0 0 1 0 1 
1 1 1 1 0 0 0 0 1 1 0 1 1 0 1 0 1 1 1 0 0 1 1 1 0 1 1 0 1 0 1 0 95 0 0 0 1 1 1 0 1 0 1 0 0 0 0 1 0 1 0 1 1 0 1 1 1 0 0 0 0 0 1 0 0 0 0 1 1 1 1 1 1 0 0 0 0 0 0 0 0 0 1 1 0 1 1 0 0 1 1 1 1 0 0 0 1 1 1 0 1 0 1 0 1 0 1 0 0 1 0 1 0 0 0 1 0 0 1 0 0 0 1 0 1 1 0 0 1 0 0 0 0 0 1 0 1 0 1 0 0 0 0 0 0 0 0 1 0 1 0 0 1 0 1 0 1 0 1 1 0 0 0 0 0 1 1 0 1 0 1 0 0 0 1 1 1 0 1 1 0 1 1 1 0 0 1 1 0 0 1 0 1 1 0 1 1 0 1 0 
1 1 1 1 0 1 1 0 0 1 0 0 1 1 1 0 1 0 1 1 1 0 1 1 1 1 0 0 1 1 1 0 0 12 1 1 1 0 0 1 0 1 0 1 1 1 0 1 1 0 1 0 1 0 1 1 1 0 1 0 1 1 0 0 0 1 1 0 1 0 0 1 0 0 0 0 1 1 0 0 0 0 1 0 0 1 1 0 0 0 1 1 1 0 0 0 0 0 0 0 1 0 1 0 0 1 0 0 1 1 0 0 1 1 0 0 0 1 0 1 1 0 0 1 1 0 0 0 0 0 1 1 0 1 0 1 0 0 1 0 1 1 1 1 1 1 1 1 0 0 1 1 1 1 0 1 0 1 0 0 1 1 1 1 0 1 1 1 0 1 0 1 0 0 1 1 1 0 1 0 0 0 1 0 1 0 0 1 0 1 0 0 0 1 1 0 1 1 1 1 
1 1 1 1 0 0 1 0 1 1 0 0 0 0 1 0 0 0 0 0 1 1 1 0 1 1 1 1 1 1 1 1 1 0 38 0 1 1 1 0 1 1 0 1 0 1 1 1 1 1 0 0 1 1 0 1 1 1 0 1 0 0 1 0 0 0 0 1 0 1 1 0 0 1 1 0 1 1 0 0 1 0 0 0 1 0 1 0 0 1 0 0 0 0 1 1 0 0 1 0 0 0 0 1 1 1 0 0 0 1 1 0 1 1 1 0 1 0 1 1 0 1 0 0 0 0 1 0 0 1 0 0 0 0 1 1 0 0 0 1 1 1 1 1 1 1 1 0 1 0 0 0 1 0 1 1 1 0 1 0 0 1 1 0 0 0 1 0 0 1 1 1 0 0 1 1 0 1 0 1 1 0 0 1 0 0 0 0 1 0 0 1 0 0 1 1 1 1 0 0 
0 1 1 1 0 1 0 1 1 0 0 1 0 0 1 1 1 1 0 1 0 0 0 0 1 0 1 1 0 0 1 0 1 1 1 87 0 0 1 0 1 1 1 0 1 0 1 1 0 1 0 0 1 0 1 1 1 0 0 0 0 0 0 0 0 1 1 1 1 1 1 1 0 0 0 1 0 0 0 0 0 0 0 1 0 0 0 1 1 0 1 0 1 1 0 0 1 0 1 0 1 1 0 0 0 1 0 0 0 1 1 1 0 0 0 1 1 0 1 0 0 1 1 1 1 0 0 1 0 1 1 0 0 0 1 1 1 1 0 1 1 0 0 1 1 1 0 0 0 1 0 0 0 0 1 1 1 1 0 1 0 1 1 0 0 1 1 0 0 1 0 1 0 1 0 0 1 1 1 1 1 1 0 1 0 0 1 1 0 0 1 1 1 0 1 0 0 1 0 1 
0 1 1 0 0 1 1 1 0 0 0 1 0 1 1 0 1 1 0 0 1 0 0 1 1 0 1 0 1 1 1 1 1 0 1 1 16 0 0 0 0 0 1 0 1 1 1 0 1 0 1 0 0 1 0 0 1 1 0 1 0 0 1 1 1 0 1 0 0 0 0 0 1 0 0 1 0 0 1 1 0 1 0 0 1 0 1 0 0 1 0 0 0 1 1 0 0 1 1 0 0 0 0 0 1 1 0 0 1 1 0 0 1 0 1 0 1 1 1 1 1 1 0 0 0 1 0 1 1 1 0 0 1 1 0 0 1 1 1 0 0 0 1 0 0 0 0 0 1 0 1 0 0 0 0 0 0 0 1 0 0 0 1 1 0 1 0 1 1 0 0 0 1 1 1 0 0 0 1 1 1 1 1 1 1 1 0 0 1 1 1 0 0 1 0 0 1 0 1 1 
1 1 1 0 0 1 0 0 0 1 0 1 1 0 0 1 0 0 1 1 0 1 1 1 1 0 0 1 0 0 1 0 0 1 1 1 0 40 1 1 1 0 1 0 0 0 0 1 1 0 0 1 0 0 0 1 0 0 0 0 1 0 0 1 0 0 0 0 1 0 1 0 1 0 1 1 1 1 0 1 1 1 0 1 0 1 1 1 1 1 0 1 1 1 1 1 0 0 1 0 1 1 0 1 1 1 0 1 0 0 1 1 1 1 0 0 0 1 1 1 0 0 1 0 0 1 1 0 0 0 1 1 0 0 0 0 1 1 0 0 0 0 0 1 1 0 0 1 0 1 1 1 0 1 0 1 0 1 1 0 1 1 0 0 0 1 1 0 1 1 0 0 1 1 1 0 0 0 1 1 0 0 0 0 0 0 1 1 0 1 0 1 0 0 0 0 0 1 1 1 
0 0 0 1 0 1 0 1 1 1 0 1 0 0 1 0 0 0 1 1 1 0 1 1 0 0 1 0 1 1 1 1 0 1 1 1 0 0 24 0 1 1 0 1 0 1 1 1 0 0 1 0 1 0 0 0 1 1 0 0 0 1 1 0 1 0 0 0 0 1 1 1 1 0 0 0 1 0 0 0 0 0 0 0 0 0 1 0 0 1 0 0 0 1 0 1 0 0 0 0 0 0 0 1 0 0 1 0 1 1 1 1 1 1 1 1 1 1 0 1 1 1 1 1 1 0 0 1 0 1 1 1 1 1 1 1 0 0 1 1 0 0 1 0 0 1 1 1 0 0 1 0 0 0 0 1 0 0 1 1 1 1 0 1 0 0 1 1 0 0 0 1 1 1 1 0 0 1 0 1 0 0 0 1 1 0 0 0 1 0 1 1 1 1 1 0 1 1 0 0 
0 0 0 1 1 0 0 0 0 1 0 1 0 0 1 1 1 1 1 1 0 1 1 0 0 0 0 1 1 1 0 1 1 0 0 0 0 0 1 72 0 0 1 1 0 0 0 0 1 1 1 1 1 1 1 0 1 0 1 1 0 0 1 0 0 0 1 1 0 0 0 0 0 1 1 1 0 1 0 0 0 0 1 0 1 0 0 1 1 1 1 0 1 0 0 1 0 1 1 1 1 0 0 1 1 1 0 0 1 0 1 1 0 0 1 1 1 0 1 0 0 1 1 1 1 0 0 1 1 0 1 1 1 0 0 0 1 0 0 1 0 0 1 1 0 0 0 1 0 0 0 0 1 0 0 1 1 0 1 1 0 0 1 1 1 0 1 1 0 1 1 1 1 0 0 1 0 1 0 0 0 1 0 0 0 1 0 0 0 0 1 1 0 0 0 1 0 1 1 1 
1 1 1 0 1 1 0 0 0 0 1 1 1 1 1 0 1 1 0 1 0 0 1 1 0 0 1 0 0 0 0 1 0 0 0 1 0 1 1 0 63 0 1 0 1 0 1 0 0 0 1 1 0 1 0 1 1 0 1 0 1 0 0 0 1 0 0 0 1 1 0 0 1 1 1 0 0 1 0 0 0 0 1 0 0 1 1 1 0 0 1 0 0 1 1 1 1 1 0 0 0 0 0 1 1 1 0 0 1 1 1 0 1 0 0 0 1 1 0 1 0 0 1 1 1 1 1 1 1 1 1 1 1 1 1 0 1 0 1 0 1 1 0 1 0 0 1 1 1 1 1 0 0 0 1 0 0 0 0 0 0 0 1 0 0 1 0 0 1 0 1 0 0 1 1 1 1 0 1 0 1 1 0 1 0 0 1 0 0 0 1 0 0 0 0 0 0 0 0 1 
1 0 1 0 1 1 1 0 0 0 1 0 1 1 0 0 1 0 0 0 0 1 0 0 1 1 0 1 0 0 1 0 0 0 0 0 0 1 1 1 0 31 0 1 1 1 0 0 0 0 1 0 1 1 1 1 1 0 0 1 0 0 1 1 0 0 1 1 0 1 1 1 1 0 0 0 0 0 0 1 1 0 1 0 0 0 0 0 0 0 0 0 1 1 0 1 1 0 0 1 1 0 0 1 1 0 1 0 0 1 0 0 1 0 0 0 0 1 0 0 0 0 0 0 0 1 0 1 1 1 0 1 1 0 0 1 0 0 0 1 1 1 0 1 1 1 0 1 1 0 0 1 0 1 0 1 1 1 0 0 1 1 0 1 0 1 1 0 0 1 1 0 0 0 0 1 0 0 1 0 0 0 1 1 0 0 1 0 0 1 0 1 0 0 1 0 1 1 0 1 
1 0 0 0 0 1 1 1 1 1 1 1 1 0 0 1 1 1 1 1 0 0 1 0 1 0 1 1 0 1 1 1 1 1 1 0 1 0 0 0 0 1 93 1 1 1 0 0 0 1 0 1 0 0 0 1 1 1 0 1 0 1 0 0 0 0 1 1 0 1 1 1 1 1 1 1 0 1 1 0 0 1 0 0 1 1 0 1 1 1 1 0 1 1 0 1 1 1 1 1 0 0 1 1 1 0 1 0 0 0 1 0 0 0 0 0 1 1 1 0 0 0 0 0 0 0 1 1 0 0 1 0 0 1 0 0 0 1 1 1 0 0 1 1 0 0 1 0 1 0 1 1 1 0 1 1 1 1 0 1 1 1 0 0 0 0 1 0 1 1 0 0 0 0 0 1 1 1 0 1 0 0 1 1 1 0 0 0 1 0 1 1 0 0 1 0 0 0 1 0 
0 0 0 0 0 1 1 1 1 0 1 1 1 0 0 0 0 0 1 0 1 1 0 0 1 1 0 0 1 1 1 0 0 0 1 1 1 0 0 1 1 1 1 25 0 1 1 0 0 0 0 1 0 1 1 0 0 0 0 1 1 1 0 1 1 0 1 0 1 0 1 0 1 0 0 0 1 1 0 0 0 1 1 0 0 0 0 0 1 0 1 1 0 1 0 1 0 0 0 0 1 1 1 0 1 1 1 0 0 1 0 1 1 1 1 0 0 0 1 1 1 0 1 0 0 1 1 1 0 1 1 0 1 1 1 0 0 1 0 1 0 0 1 0 1 0 1 0 1 0 1 0 1 0 0 0 1 0 0 0 0 1 0 1 1 0 0 0 0 1 1 1 0 0 1 0 0 0 0 0 0 0 0 1 1 1 1 0 0 1 0 1 1 0 0 1 0 1 1 1 
0 1 0 1 0 1 0 0 0 0 1 1 1 0 1 1 1 0 0 0 1 0 0 0 0 0 1 1 0 1 1 0 0 1 1 1 0 1 1 1 0 1 1 1 13 0 1 1 0 0 1 0 1 0 0 1 0 1 1 1 0 1 0 1 1 1 0 0 0 0 0 1 1 0 0 0 1 1 0 1 0 0 0 1 0 0 0 0 1 0 1 0 1 1 0 1 0 1 1 1 1 1 0 0 1 0 0 1 0 1 1 1 1 0 0 1 0 1 1 0 0 0 0 1 0 1 0 1 0 1 1 0 1 1 1 1 0 0 1 0 0 0 1 0 1 0 1 0 0 0 1 0 0 0 0 0 1 0 1 0 0 1 1 0 1 0 1 1 0 1 0 0 1 0 1 1 0 0 1 0 1 1 0 1 1 1 0 1 1 1 1 0 1 1 0 0 0 0 1 0 
0 1 1 1 0 0 0 0 0 0 1 1 0 1 1 1 1 1 0 1 0 1 1 1 1 0 0 1 1 1 0 1 1 0 0 1 0 1 0 0 1 1 1 1 1 40 1 0 0 1 1 1 0 1 1 0 0 0 0 1 1 1 0 0 0 0 1 1 0 1 0 1 0 0 0 1 0 0 1 1 0 0 1 1 0 0 1 0 0 1 1 0 1 1 0 1 1 0 1 0 0 1 1 0 0 1 0 0 1 0 1 0 1 0 0 1 0 1 0 0 0 1 1 1 0 1 0 0 1 0 0 0 1 1 0 1 0 1 0 1 0 1 0 1 0 0 0 1 1 1 0 1 1 0 0 1 0 0 0 0 0 0 1 0 0 1 0 0 1 1 0 0 1 1 1 1 1 1 1 1 0 1 0 0 0 0 0 0 1 1 1 1 1 1 1 0 1 1 0 1 
0 0 0 0 1 1 0 1 0 1 1 0 0 0 1 1 1 0 0 0 0 0 0 1 0 0 0 0 0 0 1 0 0 1 0 0 1 1 0 0 1 0 0 1 1 1 87 1 1 1 0 0 0 1 0 1 1 0 1 0 0 1 0 1 0 1 0 1 0 0 1 0 1 0 1 1 1 0 1 1 1 0 1 0 1 1 1 1 1 0 0 1 1 0 0 0 1 1 1 1 0 0 1 1 1 0 0 0 0 1 0 0 0 1 0 1 0 0 1 1 0 0 0 0 1 0 0 0 0 1 1 1 0 1 1 1 1 1 0 0 0 0 0 0 0 1 0 1 1 1 1 0 1 1 1 0 1 1 0 0 1 1 1 1 0 0 0 1 0 1 1 1 1 1 1 0 0 1 0 0 0 0 1 0 1 0 1 0 1 1 0 0 0 0 1 1 0 1 0 0 
0 0 1 1 0 0 0 1 1 1 0 0 1 1 1 0 0 1 0 1 0 1 1 0 0 0 0 1 0 0 1 1 0 1 0 0 0 0 1 1 0 0 0 1 0 0 1 22 0 0 1 0 0 1 1 0 0 0 0 1 0 0 0 1 1 0 1 1 1 1 0 1 0 1 1 0 1 1 0 1 0 1 1 0 0 1 0 0 0 0 1 0 0 1 1 0 0 1 1 1 0 1 0 0 1 1 0 0 1 1 1 1 0 1 1 0 1 1 1 1 0 0 0 1 0 0 0 0 0 1 1 1 0 0 1 0 1 0 0 0 1 0 1 1 1 1 1 0 1 1 1 1 1 0 1 1 1 0 1 0 1 0 0 0 0 0 1 0 0 1 0 1 0 1 1 0 0 1 1 0 1 0 0 0 0 0 1 0 0 1 0 0 0 1 1 1 0 1 1 0 
0 0 1 0 0 1 0 0 1 1 0 0 0 0 0 0 0 0 1 0 1 0 0 0 0 1 0 0 1 0 0 1 0 0 1 1 1 1 1 1 1 1 0 1 0 0 1 0 56 1 1 1 0 1 0 0 1 0 1 0 1 1 0 0 1 0 0 1 0 0 1 1 0 1 0 0 0 1 1 1 1 0 1 1 0 0 0 1 1 1 1 1 1 1 0 1 0 0 0 1 0 0 1 1 0 1 1 1 0 0 0 1 1 1 0 1 0 0 1 1 0 0 1 1 1 0 1 1 0 1 1 0 1 0 1 0 1 0 0 1 1 0 1 1 0 0 0 0 0 0 0 1 1 1 0 0 1 1 1 1 1 1 0 0 1 0 1 0 1 1 1 0 1 0 1 1 1 1 0 0 1 0 1 1 1 0 0 0 0 0 0 0 1 1 0 1 0 0 0 1 
0 1 1 1 0 1 0 0 0 1 1 1 1 1 1 1 0 0 1 1 1 0 1 0 1 1 1 0 1 0 0 1 0 1 0 0 1 0 1 0 0 1 1 0 1 0 1 0 0 13 0 0 0 0 0 0 0 0 0 1 1 0 1 0 1 0 0 0 1 1 1 1 0 1 0 1 1 0 0 1 1 1 1 1 0 1 0 1 0 0 1 0 1 1 0 0 1 1 1 1 0 1 1 1 1 0 0 0 1 0 1 0 1 0 1 0 1 1 1 1 1 1 0 0 0 0 0 0 0 1 0 0 1 1 1 1 1 0 0 1 1 0 0 0 1 0 0 0 1 0 0 1 0 0 0 1 0 1 0 0 1 0 1 0 0 0 1 0 0 0 0 0 0 0 0 1 1 1 1 1 1 0 0 0 0 0 0 1 1 1 1 1 1 0 0 0 0 0 0 1 
1 1 0 0 0 1 1 0 0 0 1 0 1 1 0 0 0 1 1 1 1 1 0 0 1 1 0 0 0 1 0 1 1 0 1 0 1 0 0 1 1 0 0 0 1 1 1 0 0 0 90 1 0 0 0 1 1 0 0 0 0 1 1 0 1 0 1 0 0 0 1 1 0 1 1 0 1 1 0 1 0 0 0 0 1 1 1 1 0 1 0 0 1 0 0 1 1 1 1 0 0 1 0 0 1 0 0 1 0 1 0 1 1 0 1 0 0 0 0 0 1 1 0 1 0 1 1 1 1 1 1 1 0 0 0 1 1 0 1 1 0 1 0 0 1 1 1 0 0 1 0 0 1 1 1 1 0 0 0 1 1 1 0 0 0 1 1 1 0 0 1 0 1 0 1 1 0 1 1 1 0 1 0 1 1 1 1 1 1 1 1 0 1 0 1 1 0 1 1 0 
0 1 0 1 1 1 0 1 1 1 0 1 0 0 1 0 1 0 1 1 0 1 0 1 0 0 0 1 0 0 1 1 0 0 1 1 0 0 0 1 0 1 0 0 0 1 0 0 0 0 1 9 1 0 1 0 0 1 0 0 1 0 1 1 1 0 0 1 1 1 0 1 1 1 1 1 1 0 0 0 1 0 0 0 1 0 0 0 0 0 0 0 0 0 0 1 1 0 1 0 1 0 0 0 0 0 1 1 1 1 0 0 1 1 1 0 1 0 0 0 1 0 0 1 0 1 0 1 0 0 1 1 1 0 1 1 1 1 1 1 0 0 0 0 1 0 1 0 0 0 0 0 0 0 1 1 0 0 1 1 0 0 0 0 1 1 1 0 0 1 1 1 0 0 1 0 1 1 1 1 0 1 1 1 1 1 0 0 1 1 0 1 0 0 0 0 1 0 1 0 
0 0 0 0 0 1 1 1 0 0 1 0 1 0 0 0 1 0 0 1 1 1 0 1 0 1 1 0 1 1 1 1 1 1 1 0 0 1 0 0 1 1 0 1 0 0 1 0 0 1 0 0 65 1 1 1 0 1 0 0 0 1 1 1 1 1 1 0 1 0 1 0 1 0 0 1 0 0 1 1 1 0 0 0 1 1 0 1 0 1 0 1 0 0 0 1 1 0 1 0 1 0 1 0 1 0 1 1 0 1 1 1 1 0 0 1 0 0 0 0 1 1 1 1 0 1 0 0 0 0 1 0 1 1 1 1 1 0 1 1 0 1 1 1 1 0 1 0 0 1 0 0 1 1 1 0 0 1 0 1 0 1 1 1 1 0 1 0 1 1 0 1 0 1 1 1 1 0 0 0 1 0 0 0 0 0 0 0 0 0 0 0 0 0 0 0 1 1 1 0 
1 1 1 0 0 1 1 1 0 1 1 0 1 1 1 0 0 0 0 1 1 1 0 1 0 1 1 0 1 1 1 0 1 0 0 1 0 1 0 0 0 1 1 1 1 0 0 1 1 1 1 0 0 46 1 0 1 1 0 0 0 1 0 0 1 1 1 0 0 0 1 1 0 1 1 1 0 0 0 0 0 1 1 0 1 0 0 1 0 0 1 1 0 0 0 0 0 0 1 1 0 1 0 0 0 0 1 1 0 0 1 0 1 0 1 0 0 1 0 0 1 0 0 0 0 1 0 1 1 1 0 1 0 1 0 0 1 0 0 0 1 1 1 1 1 0 0 0 0 0 1 1 1 1 1 1 1 1 1 1 1 0 0 0 1 1 1 0 1 0 0 1 0 0 0 1 0 0 0 1 1 0 1 0 0 0 0 1 0 1 0 0 0 0 0 1 0 0 1 1 
1 1 0 1 0 1 0 1 0 0 0 1 0 1 1 1 1 0 1 0 1 1 0 0 0 0 1 0 0 0 1 1 0 0 0 1 0 1 1 1 1 0 0 0 0 1 0 1 0 0 0 1 1 1 17 0 1 1 1 0 1 0 0 0 0 0 0 1 0 0 0 0 1 0 0 1 0 0 0 1 1 1 0 1 1 0 1 0 1 1 1 0 1 0 0 1 0 0 0 0 0 1 1 1 1 1 0 1 1 0 1 0 1 1 0 0 0 1 0 1 0 1 1 1 0 1 1 1 0 0 1 0 1 0 0 0 1 0 1 1 1 0 1 0 1 1 0 1 1 1 1 1 0 0 0 1 1 0 0 0 1 1 1 1 0 1 1 1 0 1 0 1 1 1 0 0 0 0 1 1 0 0 0 0 0 0 0 1 0 1 1 1 0 1 1 1 1 0 1 1 
0 0 1 0 0 1 0 1 1 0 1 0 0 0 0 1 1 0 0 0 1 1 1 0 1 1 1 1 0 1 1 0 1 0 1 0 0 0 0 1 1 0 0 0 1 1 1 1 0 0 1 1 1 1 0 7 0 0 1 1 0 1 1 0 1 1 1 1 1 1 0 1 1 1 1 1 0 1 1 1 0 0 0 0 0 0 1 1 1 1 0 0 1 1 0 0 0 1 0 1 1 1 0 0 1 1 1 1 0 1 1 0 1 1 1 0 0 1 1 1 0 0 1 0 1 0 0 0 0 1 1 1 0 1 1 0 0 1 0 0 0 1 0 1 0 1 1 1 1 1 0 1 1 1 1 0 0 0 0 0 0 1 0 1 0 0 1 1 1 1 1 0 0 0 0 1 0 1 0 0 1 0 1 0 0 1 1 1 0 1 1 0 1 0 1 1 0 0 1 0 
1 0 0 0 0 0 1 1 0 1 1 1 0 0 1 0 1 0 0 1 0 0 0 0 0 0 1 1 1 1 1 1 0 0 0 0 1 1 0 0 0 0 1 1 0 1 0 1 1 1 1 1 1 0 1 1 6 0 0 0 0 0 0 1 0 1 1 0 1 1 0 0 0 0 1 0 0 0 0 0 1 0 0 0 0 0 0 1 1 0 0 0 0 0 0 0 1 1 1 1 0 0 1 1 1 0 1 1 0 0 1 0 0 1 0 1 0 1 0 1 0 1 0 1 1 1 0 0 1 1 0 0 0 1 1 1 1 1 1 0 0 0 1 1 1 0 0 0 0 0 0 0 1 0 1 1 1 1 0 0 0 1 1 1 0 1 1 1 1 1 0 0 1 1 1 1 1 1 1 0 1 0 1 1 0 1 1 0 0 1 0 0 1 1 0 1 0 1 1 0 
1 0 1 1 1 0 1 0 0 0 0 0 1 0 0 1 1 1 0 0 0 1 0 0 0 1 1 0 1 1 1 1 1 0 1 1 1 0 1 1 0 1 0 0 0 1 1 0 0 0 0 0 0 0 1 1 0 55 1 1 0 1 1 0 1 0 1 1 1 0 1 1 0 1 1 1 1 1 0 1 1 0 1 0 1 1 0 1 1 1 0 0 0 0 1 1 0 1 0 0 0 1 0 0 0 0 1 1 0 0 0 1 1 1 0 1 0 1 1 1 0 0 1 0 1 1 0 1 0 0 1 0 1 0 0 0 0 1 0 0 0 0 0 1 0 1 0 1 1 1 1 0 1 0 0 0 0 0 0 0 0 0 0 0 0 1 0 0 0 0 0 0 1 1 0 0 0 1 0 1 1 1 0 1 0 1 0 1 0 1 0 0 1 0 0 0 1 0 0 1 
0 1 1 1 0 1 1 1 1 0 0 1 0 0 1 1 1 0 0 1 1 1 1 0 0 1 1 1 1 0 0 0 1 1 1 0 1 1 0 0 0 1 1 1 1 0 0 0 0 0 0 1 1 1 1 1 0 0 53 1 0 1 1 0 0 1 0 0 1 1 1 1 0 1 1 0 1 0 1 0 1 0 1 0 1 0 0 1 1 0 1 1 0 0 0 1 0 1 0 1 0 0 1 0 0 1 0 1 1 0 1 1 0 1 1 1 1 0 1 0 0 0 1 0 1 0 1 0 1 0 0 1 1 0 1 0 0 1 1 0 0 0 1 1 0 0 0 0 0 1 0 0 1 0 1 0 1 1 1 0 1 0 0 1 1 0 1 0 1 1 1 1 1 1 0 0 0 0 1 0 0 0 1 0 0 1 1 0 1 1 1 1 0 0 0 0 1 1 1 0 
0 1 1 0 0 1 1 1 1 0 1 0 1 0 1 1 1 1 1 1 0 1 0 1 0 1 0 1 1 0 1 0 0 0 0 0 0 1 1 0 1 1 0 0 0 1 0 1 1 0 1 1 0 1 1 0 1 1 0 23 1 1 0 0 1 1 0 1 0 1 1 1 1 0 0 1 1 1 0 0 0 0 1 1 0 0 0 1 1 1 1 1 0 0 1 1 0 1 1 1 1 0 0 1 1 1 0 0 1 0 0 0 1 1 0 1 0 1 0 1 0 1 1 1 0 1 0 1 1 0 0 1 0 1 1 0 0 1 1 0 1 1 0 1 0 1 1 0 1 0 0 0 0 0 0 0 1 1 0 1 1 1 1 1 0 0 0 1 0 1 1 1 0 0 1 0 0 1 1 1 0 1 1 0 1 1 1 1 0 0 0 0 0 1 1 1 1 1 1 0 
0 1 0 0 1 0 1 0 1 1 0 1 0 0 0 0 1 0 0 1 1 0 1 1 1 0 1 1 0 1 1 1 1 0 1 0 0 1 1 1 0 0 1 0 1 0 1 0 0 1 0 0 1 1 1 1 0 0 1 0 59 0 0 1 1 1 0 0 0 0 0 0 1 0 1 0 1 0 0 1 1 0 1 1 0 1 1 1 0 1 1 0 1 1 1 0 0 0 1 0 1 1 0 1 0 0 1 1 1 0 1 0 0 0 0 1 1 1 1 0 0 0 0 0 1 1 0 1 1 1 1 1 0 0 0 0 0 0 0 1 1 0 1 0 0 1 1 0 1 1 0 1 0 0 1 0 0 1 0 1 1 1 1 0 0 0 0 0 1 0 0 0 0 0 1 1 1 1 0 1 1 1 1 0 0 1 0 1 0 0 0 1 0 0 0 1 1 1 1 0 
1 0 1 1 0 1 0 1 1 1 1 0 0 0 1 1 1 0 0 1 1 1 0 1 1 0 0 0 0 0 1 1 1 0 1 0 0 0 0 1 0 1 0 1 0 0 1 1 1 1 0 0 0 0 1 1 0 0 1 0 1 36 1 0 1 0 1 1 1 0 0 0 1 1 0 0 1 1 0 0 1 1 1 1 1 1 1 1 0 0 1 0 1 1 1 1 1 1 0 0 1 0 1 0 1 1 1 1 0 1 0 0 1 1 1 0 1 1 0 0 1 1 1 1 0 1 0 1 0 0 0 1 1 1 1 1 0 0 1 0 0 1 0 0 1 0 1 0 1 0 0 1 1 1 0 0 0 0 1 0 0 1 1 0 0 1 0 1 0 0 1 1 1 0 1 0 0 0 0 1 1 1 0 1 1 0 1 0 0 0 1 1 1 1 1 0 0 1 0 1 
1 1 0 1 0 1 0 0 1 0 0 0 0 0 1 1 1 0 0 1 0 0 1 1 1 0 1 0 0 1 1 0 0 0 1 1 1 1 0 0 1 0 1 1 1 1 0 1 0 0 1 1 1 0 0 0 0 1 1 0 1 1 49 0 1 0 1 1 1 0 1 0 1 1 0 1 0 0 1 0 0 0 1 0 1 1 1 0 1 1 0 1 0 0 0 1 0 1 1 1 0 0 1 0 1 0 0 1 0 1 0 1 1 1 0 1 0 0 1 0 0 0 0 0 1 0 0 0 0 1 1 0 1 0 0 0 1 1 0 0 1 1 0 0 0 0 1 1 1 0 0 1 1 0 1 1 0 0 1 1 0 1 1 0 0 1 0 1 0 1 0 0 0 1 0 0 1 0 0 0 0 0 1 0 0 1 0 1 0 0 0 1 1 1 0 1 0 0 1 1 
0 0 0 1 1 0 0 1 0 0 0 1 0 0 0 1 1 1 1 1 0 1 1 0 0 1 0 0 1 1 0 0 0 0 0 1 0 0 0 1 0 0 0 1 0 1 0 1 1 1 1 1 0 1 0 1 1 1 1 0 1 1 0 78 1 0 0 1 1 0 1 1 0 1 1 0 0 0 0 0 1 0 1 0 0 0 1 0 0 1 1 0 0 0 1 1 0 1 1 0 1 0 1 0 0 1 1 0 1 0 0 0 1 0 1 0 0 0 0 1 0 0 0 0 1 1 1 0 0 0 1 0 0 0 1 0 1 1 1 0 0 1 0 1 0 1 1 1 1 1 0 1 1 0 1 0 1 0 0 1 1 0 1 1 0 1 0 0 0 0 0 1 1 0 0 0 1 0 0 0 0 1 0 1 1 1 0 0 1 1 1 0 1 1 1 1 1 0 1 1 
0 1 1 1 1 0 1 1 1 0 0 0 1 1 0 1 0 0 1 1 1 0 0 1 0 0 0 1 1 0 1 1 0 1 1 0 1 0 0 0 0 0 0 1 1 0 0 0 0 0 1 1 1 0 0 1 1 0 1 1 0 0 0 0 25 1 0 0 0 1 1 1 0 0 1 0 0 1 1 1 1 1 0 0 1 0 1 1 1 0 0 0 1 1 1 0 0 0 0 0 0 0 1 1 1 0 0 1 0 0 0 1 0 0 1 1 1 0 1 0 0 1 0 1 0 1 0 1 0 1 0 0 1 0 1 1 1 0 0 1 1 1 1 1 0 1 0 0 0 0 1 0 0 0 1 1 1 0 0 0 1 1 0 1 1 1 0 1 1 0 0 0 0 1 1 1 0 0 1 1 1 0 0 0 0 0 1 0 1 0 0 0 1 0 1 0 0 0 1 1 
0 0 1 0 0 1 0 1 1 0 0 0 1 1 1 0 0 0 1 1 1 1 0 1 0 1 0 0 1 1 1 1 0 1 1 1 1 1 0 0 0 1 1 1 0 0 1 1 1 1 1 1 0 1 1 1 1 0 0 1 1 1 0 1 1 52 1 0 1 1 1 0 0 0 1 0 1 1 0 1 0 1 1 0 1 0 1 0 1 0 0 0 0 0 0 0 0 0 1 1 0 0 0 0 1 0 1 1 1 0 1 1 0 0 0 1 0 1 1 0 0 1 1 0 1 1 0 0 1 0 0 1 0 0 1 0 1 0 0 0 1 1 1 0 1 1 1 0 0 1 1 0 0 0 0 0 0 0 1 0 0 0 0 0 1 0 0 0 1 0 1 1 1 0 0 1 1 1 0 1 0 1 0 0 0 1 0 1 0 1 0 0 1 0 0 0 1 0 1 0 
0 0 0 0 1 0 0 0 1 0 1 0 0 1 0 1 1 0 1 1 1 1 0 1 0 1 1 1 1 1 1 0 1 0 0 0 0 1 0 0 0 1 0 0 1 1 1 1 0 1 0 1 1 1 0 0 1 1 0 0 1 1 0 1 0 1 8 1 1 1 0 0 1 1 0 1 0 0 0 1 1 0 1 0 0 0 0 1 0 0 0 1 0 1 1 0 0 1 0 0 0 0 1 1 1 1 0 0 0 1 0 1 1 0 0 1 0 1 1 1 1 1 0 1 1 0 1 1 1 0 0 1 0 1 0 0 0 1 1 1 1 1 1 1 1 0 0 1 1 0 0 1 1 1 1 1 1 0 1 0 0 0 0 0 1 0 1 0 1 1 1 0 1 0 0 0 0 0 1 0 1 0 1 1 1 1 0 0 0 0 1 0 0 1 1 0 0 1 1 0 
0 0 0 0 0 0 0 0 0 1 1 0 0 0 1 1 0 0 1 0 1 0 0 1 1 1 0 1 0 1 1 1 0 0 0 0 1 0 1 1 1 1 1 0 0 0 0 1 0 1 1 1 0 0 0 1 1 0 1 0 0 1 0 0 1 1 1 81 0 0 0 0 1 1 1 0 0 1 0 0 0 1 0 0 0 1 1 0 1 1 0 0 1 0 0 1 0 0 0 1 0 1 0 1 0 1 1 0 0 1 1 1 0 0 1 0 0 0 1 1 0 1 1 0 0 1 0 1 1 0 1 0 0 1 1 0 0 0 1 1 0 0 1 0 1 1 0 1 1 0 0 0 0 1 1 1 0 0 0 0 0 1 1 1 1 1 0 0 1 0 1 1 0 1 0 0 1 0 1 1 1 1 0 0 0 1 0 1 0 1 0 0 0 1 0 0 1 1 1 1 
0 0 1 1 0 1 0 1 0 1 1 0 0 1 1 0 0 1 1 0 0 1 0 0 1 1 0 1 1 0 1 1 0 0 1 1 0 0 1 0 0 1 1 1 1 1 0 0 0 1 0 1 0 0 0 0 0 0 1 0 0 0 1 1 0 1 1 1 42 0 0 1 1 1 1 0 1 0 0 1 1 1 0 1 1 1 1 0 1 1 1 1 1 0 1 1 0 1 0 1 1 0 1 0 1 1 1 1 1 1 0 0 1 0 0 1 0 0 1 0 1 1 0 0 1 0 0 1 1 0 0 1 1 1 1 1 1 1 1 1 0 1 0 0 1 0 0 0 0 0 1 1 1 0 0 0 0 0 0 1 0 1 0 0 0 0 1 0 0 1 0 0 1 1 0 0 0 1 0 1 0 0 1 1 1 0 0 0 1 0 1 0 0 0 1 0 1 1 1 1 
1 0 1 1 0 1 0 1 0 1 1 1 1 1 0 0 1 1 1 1 1 1 1 0 1 1 0 1 1 1 0 1 0 1 0 1 1 0 0 1 0 0 0 1 1 0 1 0 0 1 1 0 0 1 0 0 0 1 0 1 0 1 0 1 1 0 0 1 1 90 1 1 1 0 0 0 1 0 0 1 0 0 1 1 1 0 1 0 1 0 0 1 0 0 0 0 0 1 1 1 0 0 0 0 1 1 1 0 1 0 0 1 1 1 0 1 0 0 0 1 1 0 1 1 0 0 1 0 0 0 1 0 1 0 0 0 0 1 1 0 0 1 1 1 0 1 1 0 0 0 1 1 1 0 1 0 0 0 0 0 0 0 0 0 0 0 1 0 1 1 1 0 0 1 1 1 1 0 0 0 0 1 1 0 0 0 1 0 0 0 1 0 1 0 1 1 0 0 1 1 
0 1 1 0 0 1 0 1 1 1 0 0 1 0 0 0 1 1 0 0 0 1 0 0 0 1 0 0 0 1 1 1 0 0 1 0 0 1 1 1 0 0 1 0 1 1 0 1 1 0 0 0 1 0 0 0 0 0 0 1 1 0 1 0 1 0 1 1 0 0 72 1 1 0 0 1 1 1 0 0 1 0 1 1 1 0 0 0 0 1 1 0 0 1 0 1 0 1 0 1 1 1 1 0 0 1 0 1 0 0 1 1 0 1 0 1 1 0 0 0 1 1 1 1 1 0 1 1 0 1 1 0 1 0 1 0 1 1 1 0 1 0 0 1 0 1 1 1 0 1 1 0 1 1 1 1 0 0 0 1 0 0 0 1 1 1 0 1 0 0 1 1 1 1 1 1 1 1 1 0 0 0 0 1 0 1 0 0 1 0 1 0 1 1 1 0 1 0 1 1 
0 0 0 1 0 1 1 1 1 1 0 0 0 0 1 1 1 1 0 0 1 0 1 1 1 0 0 0 0 0 0 0 1 1 1 0 0 0 0 1 0 0 1 0 0 0 1 0 0 1 0 0 0 0 1 1 1 0 0 0 0 0 0 1 1 0 1 1 0 1 1 11 1 1 1 1 0 1 1 1 0 0 1 1 0 0 0 0 0 1 0 0 0 1 0 1 0 0 0 1 1 1 1 1 0 0 0 1 0 1 1 1 0 0 0 0 0 1 1 0 0 1 0 1 1 1 0 1 0 0 0 0 0 1 1 0 1 1 0 1 1 0 0 1 0 1 1 1 1 0 1 1 0 1 0 1 0 1 1 0 1 1 1 1 0 0 1 1 0 0 0 0 1 1 1 0 1 1 1 1 0 1 0 0 0 0 0 1 0 0 1 0 0 1 0 1 1 1 1 1 
0 1 0 1 0 0 0 1 0 1 0 1 1 0 1 1 1 0 0 1 1 0 1 0 0 1 1 0 1 0 1 0 1 1 0 0 0 1 0 0 0 0 0 0 1 1 0 0 1 1 1 1 1 1 1 0 0 0 1 0 0 1 1 1 1 1 1 1 1 1 0 1 67 1 0 1 0 0 0 0 1 0 1 0 0 1 1 0 0 1 0 0 1 1 0 1 0 1 1 1 1 1 0 0 1 0 0 1 0 0 1 0 0 1 1 1 0 0 1 0 0 0 1 0 1 0 0 1 1 0 0 1 1 0 0 0 1 0 1 0 0 1 1 0 0 1 0 0 1 0 0 0 0 0 0 1 0 0 0 0 0 1 1 1 0 1 0 0 1 0 0 0 1 1 1 0 0 0 0 0 1 0 0 1 1 1 1 0 0 0 1 0 0 0 0 1 1 0 1 0 
1 0 1 1 0 0 1 0 0 1 1 0 0 0 1 0 0 0 1 1 0 0 0 1 0 0 0 1 1 0 0 0 1 1 1 0 1 0 1 0 0 1 1 1 1 1 1 0 1 0 1 1 1 1 1 1 1 0 0 0 1 1 0 1 1 0 0 0 1 1 0 1 0 88 1 1 1 0 1 1 0 0 0 0 0 1 0 0 0 1 0 0 0 0 1 0 1 1 1 0 0 0 1 0 1 0 1 1 1 0 1 0 1 1 1 0 1 0 1 1 0 0 0 1 1 0 1 0 1 1 0 0 1 1 0 1 0 0 1 1 1 1 0 0 1 0 0 0 1 1 1 1 1 1 1 0 1 1 0 0 1 0 0 0 1 0 1 1 0 0 1 1 0 0 1 1 1 0 0 1 1 0 1 0 1 0 0 0 1 0 1 1 0 0 1 0 0 1 0 0 
1 0 1 1 0 1 0 0 0 0 0 0 0 1 1 1 0 0 1 0 0 1 0 1 1 1 0 0 0 1 0 1 1 1 0 1 0 1 0 1 0 0 0 0 1 1 0 0 0 1 0 1 1 1 1 0 0 0 1 0 0 1 1 0 1 1 0 1 0 0 1 0 1 0 73 0 0 1 1 1 1 0 0 1 1 1 1 0 0 1 0 1 1 1 0 1 0 1 0 0 1 0 0 1 1 0 1 0 1 0 1 0 1 1 0 0 0 0 0 1 0 1 0 1 1 0 1 0 0 0 0 0 0 0 0 1 0 0 1 0 1 0 0 1 0 1 1 1 0 0 0 0 0 0 1 1 1 0 0 0 1 1 0 1 1 0 0 1 0 0 1 1 1 0 0 0 0 0 0 0 1 1 1 0 1 0 1 0 1 1 1 1 1 1 1 0 0 1 1 0 
0 0 0 0 1 1 1 1 1 1 1 1 0 1 0 1 0 1 0 1 0 1 0 1 1 0 0 1 1 0 0 1 1 1 1 0 0 0 1 0 1 1 0 0 1 1 0 0 0 0 0 0 0 0 1 1 0 1 1 1 1 1 1 1 0 1 1 0 0 0 1 0 1 1 0 11 1 1 1 1 1 1 1 0 1 1 0 0 0 1 1 1 0 0 1 0 1 0 1 0 1 0 1 0 0 1 0 0 0 1 1 0 0 1 0 1 0 1 1 0 0 1 0 0 0 1 0 1 0 0 0 0 1 1 0 0 1 1 1 1 1 0 0 0 0 1 0 1 0 1 0 1 1 0 1 0 1 0 0 0 1 0 0 0 0 0 0 1 0 0 0 1 0 0 0 1 1 1 0 0 0 0 0 0 1 1 0 0 0 0 1 0 1 1 0 1 1 1 1 1 
0 0 0 0 0 0 1 0 1 0 1 1 1 0 0 0 0 1 1 0 0 0 0 0 0 0 0 1 1 1 0 1 0 0 0 0 0 0 0 1 1 1 1 1 0 1 1 1 0 1 0 1 0 1 1 1 0 0 1 0 0 1 0 1 0 1 1 0 0 1 0 1 1 0 1 0 34 1 1 0 1 1 1 1 0 1 1 0 0 1 1 0 0 0 1 0 1 0 1 0 1 1 0 1 1 0 1 1 0 1 1 1 1 0 1 0 1 0 1 0 1 1 1 1 0 0 0 1 1 0 0 0 0 1 1 0 0 1 1 1 1 1 0 0 1 0 0 0 1 0 1 1 0 0 0 0 1 1 0 1 0 0 0 0 1 1 0 1 0 0 1 0 0 1 0 0 1 1 1 1 1 0 0 0 0 0 0 0 1 0 0 1 0 1 1 0 1 0 0 0 
1 1 1 1 1 1 0 0 0 1 1 0 0 0 0 0 1 0 0 0 1 1 1 0 0 0 0 0 0 0 0 1 0 1 0 0 1 0 1 0 1 0 0 0 0 1 0 0 0 0 1 1 1 1 1 0 1 1 0 1 1 0 0 0 1 0 1 1 1 1 1 0 0 1 0 1 1 48 0 1 0 0 0 0 1 0 1 1 0 0 1 1 1 0 0 0 1 1 0 0 0 1 0 1 1 0 0 1 0 1 1 1 1 1 1 0 0 1 1 0 1 1 0 0 0 1 1 1 1 0 0 1 0 0 0 0 1 1 0 1 1 0 1 0 0 1 0 0 0 1 0 1 1 1 0 0 0 1 1 0 1 0 1 1 0 1 0 0 1 0 1 0 0 1 0 1 1 1 1 1 0 1 1 1 0 0 0 0 0 1 1 0 1 0 0 0 1 0 1 0 
0 1 0 1 1 1 0 1 1 0 0 0 1 0 0 1 0 0 1 0 1 1 1 0 0 1 1 1 0 1 0 1 1 0 0 0 0 0 1 1 0 0 0 1 0 0 0 1 0 0 1 0 1 0 0 0 1 1 0 0 1 1 0 1 0 1 0 1 0 1 0 1 0 1 1 1 0 1 35 1 0 1 0 1 1 0 1 0 0 1 0 0 1 1 0 1 0 1 1 1 1 1 1 1 0 0 1 1 1 1 0 1 1 1 0 0 0 0 0 0 0 1 0 0 0 0 1 1 1 1 1 1 1 1 0 0 1 0 0 1 0 0 1 0 1 1 1 0 1 0 0 1 1 1 1 1 1 1 0 1 1 1 0 0 1 1 0 1 1 0 1 0 1 1 1 1 0 1 1 0 1 0 1 0 1 0 1 0 0 1 0 1 0 0 1 1 1 0 1 0 
1 0 0 1 1 0 1 0 0 0 0 0 0 1 1 1 0 0 1 0 1 0 0 1 1 0 0 1 1 0 0 1 1 1 1 0 0 0 1 0 1 0 1 0 0 1 1 1 1 1 0 1 0 0 1 0 1 0 1 1 1 0 0 1 0 1 1 1 1 1 1 0 0 1 1 1 1 0 0 62 0 1 1 1 0 1 0 0 0 1 0 1 1 0 0 0 1 0 1 0 0 1 1 1 0 1 1 1 0 1 0 0 0 0 0 0 0 0 1 0 1 0 0 1 0 0 1 1 0 1 1 1 1 0 1 0 0 1 0 1 1 0 0 0 1 0 0 1 0 0 0 1 1 1 1 0 0 1 1 1 0 1 1 0 0 1 1 1 1 1 0 1 1 0 1 1 1 0 0 1 1 0 0 1 0 1 0 0 1 1 0 0 0 0 0 0 0 0 1 1 
0 1 1 0 1 0 0 1 1 1 1 1 0 0 0 1 0 0 1 0 0 0 0 1 0 1 1 0 1 1 1 0 0 1 0 0 1 1 1 0 0 0 0 1 1 0 1 0 0 1 1 0 0 0 0 0 0 1 1 1 1 1 1 0 0 1 1 1 1 1 0 1 0 0 1 1 1 1 1 0 72 1 0 1 0 0 1 1 1 0 1 0 1 1 0 0 1 0 0 1 1 1 0 1 0 1 0 0 0 1 0 0 1 1 0 1 0 0 1 0 1 0 1 0 0 0 1 1 1 0 0 1 1 1 0 0 1 0 1 1 0 1 1 1 1 1 0 1 1 1 1 0 0 0 0 1 0 0 1 1 1 1 0 0 1 0 1 0 1 1 1 0 1 1 1 1 1 1 1 1 1 1 0 0 1 1 0 1 1 0 1 0 0 0 0 1 1 1 0 1 
1 0 0 0 0 1 1 1 1 0 1 1 0 0 1 0 1 0 0 0 0 1 1 1 1 1 1 1 0 0 1 1 1 1 1 1 0 0 0 0 0 0 1 1 1 1 1 0 0 1 0 1 0 0 1 1 1 0 0 0 1 1 0 1 1 1 0 0 0 0 0 1 0 1 1 1 0 0 0 0 1 42 0 0 0 1 1 0 0 1 0 0 1 1 1 1 0 1 0 1 1 0 1 0 0 1 0 0 0 1 1 1 0 1 1 0 0 1 0 1 0 0 0 1 1 0 0 0 1 1 1 0 0 0 0 0 0 0 1 0 0 0 0 1 1 0 0 0 1 1 1 0 0 1 0 1 1 0 1 0 1 1 0 1 0 1 1 0 0 1 0 1 1 1 1 1 0 0 1 0 1 0 0 0 1 1 1 0 1 0 0 1 1 1 0 0 0 0 0 0 
1 1 0 1 0 0 1 0 1 1 0 0 1 0 0 1 0 0 1 0 1 0 1 1 0 1 1 1 0 0 1 0 1 0 1 0 1 1 0 1 1 1 1 1 1 0 1 1 0 1 1 0 1 0 0 1 0 0 1 1 1 1 0 1 0 0 1 1 1 0 0 0 1 1 0 1 1 0 0 0 1 1 84 0 1 1 1 1 0 0 0 1 1 1 1 0 0 1 1 1 0 1 0 0 1 0 0 0 1 0 1 0 1 0 0 0 1 0 0 1 1 0 1 0 1 1 0 1 0 0 1 0 1 0 1 1 1 1 0 1 1 0 1 0 0 1 0 0 0 0 0 0 0 1 0 0 0 0 1 1 0 1 1 0 0 1 0 0 1 1 1 0 1 0 1 0 0 1 1 1 0 0 0 1 0 0 1 1 1 0 1 0 0 0 0 0 0 0 1 1 
0 1 0 1 0 1 0 1 1 0 0 1 1 1 0 0 0 0 0 0 1 1 0 0 1 1 1 0 0 0 0 0 0 0 1 0 0 0 1 0 0 0 1 0 0 1 0 0 1 0 0 1 1 0 1 1 1 1 0 1 1 1 0 1 1 0 1 0 1 0 1 0 1 0 1 0 1 1 1 1 0 1 0 4 0 1 1 1 0 0 0 1 1 1 1 1 1 1 1 0 1 0 0 0 1 1 0 0 1 0 1 1 0 1 1 1 0 1 0 1 0 1 0 1 0 0 0 0 0 1 1 0 0 0 0 0 0 1 1 0 1 1 0 1 1 1 0 1 1 1 0 0 0 0 1 1 1 0 1 0 0 1 0 0 0 0 0 1 1 0 1 1 1 0 0 1 1 0 1 0 0 0 0 0 1 1 1 0 0 1 0 0 1 1 1 0 0 0 1 0 
0 0 0 0 0 0 0 1 0 0 0 1 0 1 0 0 0 1 1 0 0 1 0 0 0 0 0 0 1 0 1 0 0 1 0 0 1 0 1 0 1 1 0 0 1 1 0 1 0 0 0 0 0 1 1 1 0 1 0 0 0 0 0 0 1 0 0 1 0 0 0 0 1 0 0 1 1 0 0 0 0 0 0 0 76 1 1 1 0 0 0 0 1 1 0 1 0 1 0 0 0 0 1 0 1 1 1 1 0 1 0 0 1 0 1 0 0 0 1 0 1 1 0 0 1 1 0 0 0 1 1 1 1 0 1 1 1 1 1 1 0 0 1 0 1 0 0 0 1 1 0 1 0 0 0 1 1 0 0 1 1 1 0 1 0 1 0 1 0 0 1 0 0 1 1 0 0 1 1 0 0 1 0 1 1 1 1 1 0 0 0 1 0 0 0 1 1 0 0 0 
1 0 0 0 1 0 0 1 1 1 1 1 1 1 1 1 1 0 1 1 0 0 1 1 0 1 0 1 0 0 0 0 1 1 0 0 1 0 0 1 0 0 1 0 1 1 1 1 0 1 1 0 0 0 1 0 1 0 1 1 0 0 1 1 0 0 1 0 1 1 0 0 0 1 0 1 1 0 0 1 0 0 0 1 1 95 1 1 0 1 0 1 1 0 0 0 1 1 0 1 1 0 0 0 1 1 0 0 0 0 1 1 0 0 1 1 1 1 1 1 0 1 0 1 0 1 0 0 0 1 1 0 1 1 0 0 0 1 1 1 1 1 0 0 1 0 0 1 0 1 1 1 1 1 1 1 0 1 0 0 1 0 0 0 1 0 0 0 1 0 0 1 0 0 1 1 0 1 0 1 1 0 0 0 1 0 0 0 1 0 1 1 1 0 1 1 0 1 0 0 
1 1 1 1 1 0 1 0 0 0 0 0 1 0 0 0 1 0 1 0 0 1 1 0 1 1 1 1 0 0 1 1 1 1 0 1 1 1 1 1 0 1 1 1 1 1 0 1 0 1 1 0 1 1 1 1 0 1 1 0 1 0 1 0 0 1 0 0 0 1 0 0 0 0 1 0 1 1 0 1 1 1 1 1 0 0 77 0 1 0 0 1 0 1 1 1 0 1 0 1 1 0 1 0 1 0 0 0 1 0 1 0 0 1 1 1 0 1 1 1 1 1 1 1 0 0 0 1 1 1 0 1 0 1 1 1 1 0 0 0 1 1 1 1 1 1 1 0 0 1 1 1 0 1 1 0 1 1 0 0 0 1 1 0 0 0 1 0 0 1 0 0 0 0 0 0 1 1 1 0 0 1 0 1 1 1 0 0 0 0 1 1 0 1 0 0 0 0 0 1 
1 0 0 1 0 1 1 1 0 0 1 1 1 1 0 0 0 1 0 1 0 0 1 1 1 0 0 0 0 0 1 1 0 1 1 1 0 1 0 0 1 1 0 1 1 1 0 1 0 1 0 1 1 0 0 0 0 0 1 1 1 1 1 1 0 0 1 0 0 1 1 0 0 0 0 1 0 1 0 1 0 1 1 0 1 1 0 54 0 1 0 0 1 0 0 0 1 0 1 0 0 0 1 0 0 1 0 1 0 1 1 1 1 1 0 0 0 0 1 1 1 1 1 0 0 1 1 0 1 1 1 0 0 0 1 0 1 0 0 1 1 0 1 0 0 1 0 0 1 1 1 0 1 0 0 1 1 0 1 1 1 0 1 0 1 1 0 1 1 1 0 0 0 1 1 1 0 0 1 0 1 0 1 1 1 0 1 1 0 0 0 1 1 0 1 0 1 1 0 0 
0 0 1 1 1 0 1 0 1 1 0 0 0 0 1 0 1 1 1 0 0 1 0 0 0 1 1 1 1 1 1 1 0 1 1 1 1 0 0 0 0 1 0 1 1 1 0 0 1 0 0 1 1 1 1 1 1 0 0 0 1 0 0 0 0 0 1 0 1 1 1 1 0 1 1 0 0 1 0 0 0 0 0 0 1 0 0 1 19 1 1 0 1 1 1 0 1 0 1 1 0 1 0 1 1 0 1 1 0 1 1 1 1 1 0 1 1 0 1 0 1 0 0 1 0 1 1 0 1 0 1 0 1 1 1 1 0 0 1 0 0 0 1 0 1 1 1 1 0 1 1 0 0 1 1 1 1 0 0 1 0 0 1 1 0 1 0 1 1 1 0 0 0 1 1 1 1 0 0 1 1 0 1 0 1 0 0 0 1 1 0 0 1 0 1 0 0 0 1 1 
1 0 1 1 0 1 0 0 1 1 0 1 0 1 0 0 1 1 0 1 0 1 1 0 0 0 1 0 1 0 1 0 1 1 1 0 1 1 1 0 1 1 1 1 0 1 0 0 0 1 1 0 0 0 0 1 1 0 1 0 0 0 1 1 0 1 0 0 1 0 1 1 0 1 0 0 1 0 0 0 0 0 1 1 0 0 1 1 1 31 0 0 0 1 0 1 1 1 1 0 1 0 1 0 1 1 1 0 1 1 0 1 0 0 0 0 1 1 1 0 1 1 1 1 0 0 1 0 1 1 0 0 0 0 1 1 0 1 1 0 0 0 0 1 0 0 0 1 0 1 1 1 1 1 1 0 0 0 0 0 0 0 1 0 0 0 0 1 1 0 1 1 1 1 0 0 1 1 1 0 1 0 1 0 1 0 0 1 1 1 0 0 1 0 1 0 1 0 1 0 
0 1 1 0 1 1 0 0 1 0 1 0 0 0 1 1 1 1 0 0 1 0 0 0 0 0 1 0 0 1 0 0 1 1 0 0 0 0 1 1 0 0 0 1 1 0 0 0 1 0 1 0 1 0 0 0 0 1 1 1 0 1 0 1 0 0 1 0 1 1 0 0 1 0 0 1 1 0 1 0 1 1 0 1 1 1 0 0 0 0 31 1 0 0 0 0 1 0 1 0 0 1 1 1 1 0 1 0 1 0 0 0 0 1 0 1 1 1 1 1 0 0 0 1 0 0 1 0 0 0 1 0 0 1 0 0 1 0 1 0 1 1 0 1 0 0 1 0 1 0 0 1 0 0 0 0 0 1 1 1 1 0 0 0 0 1 1 0 0 0 1 0 1 0 0 0 0 1 1 1 1 1 1 1 0 1 0 1 1 0 0 0 1 1 0 1 0 1 1 1 
1 0 0 0 1 0 1 0 1 1 0 1 0 0 0 0 1 1 0 1 0 0 0 0 0 0 0 0 0 0 1 1 0 1 1 1 0 1 1 0 1 0 0 1 0 0 0 1 1 0 0 1 0 0 1 0 1 1 1 0 1 0 1 0 1 0 0 1 1 1 0 1 1 1 0 0 1 1 0 1 0 0 1 0 0 0 0 0 1 0 0 2 1 1 0 0 1 1 0 0 0 1 1 0 0 0 0 1 0 0 0 1 1 0 0 0 0 1 0 0 1 0 0 0 0 0 0 0 0 1 1 0 1 1 0 0 1 1 0 0 0 1 0 1 0 0 1 0 0 1 1 1 0 1 1 0 1 0 1 0 0 1 1 0 1 1 1 1 0 1 0 1 1 1 1 0 0 1 0 0 1 0 0 1 1 1 0 0 0 0 0 0 0 1 1 1 0 1 0 1 
1 0 1 1 0 1 1 1 0 0 1 1 1 1 0 1 0 0 0 0 1 0 0 0 1 0 1 1 0 1 1 0 0 1 0 0 1 1 1 0 0 1 1 0 0 1 0 1 0 0 1 1 0 0 0 0 1 1 0 0 0 1 0 1 0 0 1 1 0 1 1 0 0 0 0 0 1 1 1 0 1 1 0 1 1 0 0 1 1 0 1 1 55 1 0 1 1 1 0 0 0 1 1 1 0 1 1 0 0 1 1 1 0 1 0 1 1 0 1 1 1 1 1 0 0 0 0 1 0 1 0 0 0 0 0 0 1 1 1 0 0 0 0 1 1 0 1 0 0 1 1 1 1 0 1 1 1 1 1 0 0 1 1 1 0 0 0 1 0 1 0 1 1 0 0 0 1 1 0 1 1 0 1 1 0 1 1 1 1 1 1 1 1 0 0 0 0 1 0 0 
0 1 0 0 1 0 1 1 1 0 0 1 1 0 0 0 1 1 0 1 1 1 0 0 1 1 0 0 1 1 0 1 0 0 0 0 0 0 0 0 0 0 1 1 1 1 1 0 1 0 1 0 1 0 0 0 0 0 1 1 1 0 0 0 0 0 0 1 1 0 0 1 1 0 0 0 0 0 0 1 0 0 0 1 1 1 0 0 0 1 0 1 0 12 1 1 0 0 0 1 1 0 0 0 0 1 1 0 0 0 0 1 1 1 1 1 1 0 1 1 1 1 0 1 0 0 0 1 1 0 0 1 1 1 0 0 1 0 1 1 1 1 1 0 0 1 0 0 0 1 1 0 1 1 1 1 0 0 0 1 1 0 1 1 1 1 0 0 0 1 1 0 0 1 0 1 1 0 0 0 1 1 1 1 1 1 0 0 0 0 0 1 1 0 0 0 1 1 0 1 
0 1 1 0 0 1 1 0 1 1 1 0 1 0 1 0 1 1 0 1 0 0 1 0 0 0 0 0 0 1 1 0 1 0 0 0 1 1 1 0 1 1 1 1 1 0 0 1 1 1 1 0 1 0 1 1 1 0 1 0 1 1 0 1 1 1 0 0 0 1 0 1 0 0 1 0 1 1 0 0 1 1 0 0 1 1 0 1 1 1 0 1 0 1 9 1 1 0 0 0 1 0 1 0 0 1 0 1 0 0 0 1 0 0 0 0 1 1 0 0 0 1 0 1 1 0 1 1 0 0 0 0 0 0 1 1 1 1 0 0 0 1 1 0 1 0 0 0 0 1 1 1 1 1 1 0 0 0 1 0 1 0 0 0 0 0 0 1 0 0 0 0 0 1 0 1 1 0 1 1 0 0 1 1 1 1 1 1 1 1 1 1 0 1 0 0 0 1 1 1 
1 1 1 1 1 1 1 0 0 0 1 1 0 0 1 1 0 1 0 1 1 1 1 0 0 0 0 1 1 0 0 0 0 0 1 0 1 0 1 1 0 0 1 1 0 1 0 1 0 0 0 0 1 0 0 1 0 1 0 0 1 0 1 1 1 1 1 0 0 1 0 1 1 0 0 0 0 0 0 1 0 0 1 1 1 0 0 1 0 0 0 0 0 0 1 60 0 0 0 0 1 1 1 1 1 0 1 1 1 1 0 0 1 0 0 1 0 1 1 0 0 0 0 1 1 1 1 0 0 1 1 0 0 0 0 0 1 0 0 1 1 1 1 1 1 1 1 1 1 1 0 1 1 0 1 0 1 1 0 1 0 1 1 0 0 1 0 1 0 0 0 1 1 1 0 0 0 1 0 1 0 1 0 0 0 1 0 1 0 0 0 1 0 1 1 1 0 0 1 0 
0 0 1 1 1 0 0 0 1 0 1 0 1 0 1 1 1 0 1 1 1 1 0 0 0 0 1 0 0 0 1 1 1 0 1 1 1 1 0 0 0 0 1 1 1 0 1 1 1 1 0 0 0 0 0 0 0 1 0 0 0 0 0 0 0 1 0 1 0 1 1 1 0 0 0 0 0 1 0 0 1 1 0 0 1 1 1 0 1 0 1 0 1 0 1 0 50 0 0 0 1 1 1 1 1 0 1 0 1 0 0 1 0 1 1 0 1 1 0 0 0 0 0 0 0 1 1 1 0 0 0 1 1 0 1 0 0 0 1 0 0 1 0 1 1 0 1 0 0 0 0 1 1 0 0 0 0 1 0 1 0 1 0 1 1 0 0 0 0 1 1 1 0 1 0 1 0 1 0 0 0 1 0 0 1 0 0 0 0 1 0 0 0 0 0 1 1 0 1 0 
0 0 1 1 1 1 1 1 1 1 1 1 1 0 1 0 0 0 0 0 0 1 1 1 1 1 0 0 1 1 1 0 0 0 0 1 0 0 1 1 1 1 0 1 0 1 0 1 0 1 0 1 0 0 0 0 1 1 1 1 0 1 1 0 0 0 1 1 1 1 0 0 1 0 1 0 1 1 0 1 1 1 1 0 0 1 1 1 0 0 1 1 0 1 0 1 0 85 1 0 1 1 0 1 1 1 1 0 1 1 1 1 0 0 0 0 0 1 1 1 1 0 1 0 1 1 0 0 0 1 1 1 1 1 1 0 1 0 0 0 0 1 0 1 1 1 1 0 0 1 1 1 0 1 0 1 0 0 1 1 1 1 0 0 0 0 0 0 1 1 0 0 1 0 1 1 0 0 1 1 0 0 1 0 0 1 0 1 1 1 0 1 1 0 1 0 1 1 0 1 
0 0 0 0 0 0 1 0 0 0 1 0 1 0 1 1 1 1 0 1 0 1 0 1 1 0 1 1 0 0 1 0 1 1 0 1 1 1 0 0 1 0 0 1 0 0 0 0 0 1 1 0 1 0 0 0 0 0 1 1 1 0 0 0 1 1 0 0 1 0 0 0 0 1 0 1 0 0 0 1 0 0 1 0 1 0 0 1 1 1 0 1 0 1 1 0 1 1 37 1 1 1 0 0 0 1 1 1 1 0 1 0 1 1 1 0 0 1 0 1 0 0 1 1 0 1 1 1 0 0 0 0 0 1 0 1 0 1 1 1 0 0 1 0 0 0 1 1 0 1 0 1 1 0 1 0 0 1 1 0 0 0 0 1 1 1 1 1 0 1 0 1 0 0 0 0 1 0 1 0 1 1 0 1 1 0 1 1 0 0 1 0 1 1 0 0 0 1 1 0 
0 1 1 0 1 1 0 0 0 0 1 1 0 0 0 0 0 0 0 1 0 1 1 0 1 1 1 1 0 0 0 1 0 0 0 1 1 1 0 0 1 0 1 0 1 0 1 1 0 0 1 1 0 0 0 0 0 0 1 1 1 1 1 0 1 1 0 1 0 1 0 1 0 0 1 1 0 0 0 1 0 0 0 1 1 1 0 1 0 0 1 0 1 1 0 1 0 1 1 78 0 1 0 0 0 1 0 0 0 0 1 1 0 1 1 0 1 1 0 1 1 1 0 1 1 0 0 0 1 0 0 0 0 0 1 0 1 0 0 0 1 1 0 0 0 0 0 1 0 0 1 0 0 0 0 1 1 1 1 0 1 1 0 1 0 1 1 0 1 1 1 1 1 0 0 1 1 1 1 1 1 0 0 1 0 1 1 1 1 0 0 1 1 1 1 0 1 0 1 0 
0 0 1 0 0 0 0 0 1 0 1 0 0 1 0 1 1 0 1 1 1 1 1 1 1 1 0 0 0 1 0 1 1 0 1 0 1 0 0 0 1 1 1 1 0 0 0 0 0 1 0 1 0 0 0 1 1 1 1 0 1 1 0 1 0 1 1 0 1 1 1 0 1 0 1 1 1 1 1 1 0 1 1 1 1 0 0 0 0 0 0 1 0 1 1 0 0 1 1 0 84 0 0 1 0 1 1 1 0 0 0 0 1 1 1 1 0 1 1 1 0 1 0 1 0 1 1 0 1 0 1 1 0 0 1 1 1 0 0 0 1 1 0 0 0 1 0 0 0 1 1 0 0 1 0 1 0 0 1 1 0 1 1 0 1 0 1 0 0 0 0 1 0 0 1 1 0 0 1 1 1 0 0 0 1 1 1 1 1 0 0 1 0 0 1 0 0 0 0 0 
1 0 0 0 1 0 1 0 1 0 1 0 1 0 1 0 1 0 1 0 1 0 1 0 0 1 1 0 1 1 1 1 0 0 1 1 1 0 0 1 0 0 0 1 1 1 0 1 1 0 0 1 1 1 0 1 0 1 0 1 0 0 1 0 1 0 1 0 1 0 0 0 1 0 1 0 1 0 1 0 1 0 1 0 0 0 0 0 1 1 0 1 1 1 1 1 0 0 1 1 0 68 1 1 0 0 1 0 1 1 1 0 1 0 0 1 1 1 0 1 1 1 0 0 0 0 0 0 1 0 0 1 0 0 1 1 0 1 0 1 1 0 0 1 1 1 1 1 0 1 0 0 0 0 0 1 0 1 0 0 1 1 1 0 1 0 0 1 1 1 0 0 0 1 1 1 1 0 1 0 0 1 0 1 0 0 1 0 0 1 1 0 0 0 0 1 1 0 0 0 
0 0 0 1 1 0 0 1 0 0 0 0 0 1 1 0 1 0 1 1 1 0 1 1 1 0 0 1 0 0 1 1 1 1 0 0 1 1 1 1 0 0 1 0 1 0 0 1 1 0 0 1 0 0 1 0 0 1 1 0 0 1 1 0 1 0 1 0 0 0 1 1 0 0 1 1 1 1 1 1 0 1 0 1 0 0 1 0 0 0 0 0 1 1 1 0 0 0 1 0 0 0 17 1 1 1 1 0 0 0 0 0 0 1 1 0 0 1 0 1 1 0 1 0 1 0 0 1 0 0 0 0 0 1 1 0 1 0 0 0 0 0 1 0 0 1 0 1 1 0 1 0 1 0 0 1 1 1 0 1 1 1 1 0 1 0 1 0 0 0 1 0 1 1 0 1 1 1 1 0 0 0 0 1 0 0 0 0 1 0 0 1 0 0 0 0 0 0 1 1 
1 1 1 1 0 1 0 0 1 0 1 0 1 0 1 1 0 1 0 1 0 1 1 1 1 1 1 0 1 0 0 0 0 1 0 0 1 0 0 0 0 1 0 1 1 1 1 1 1 0 0 0 1 1 0 0 0 1 0 1 1 0 0 0 0 0 1 0 1 0 1 1 1 0 1 0 1 1 1 1 1 0 0 0 0 1 0 0 0 1 0 0 1 1 0 0 1 1 0 0 1 1 1 24 0 0 0 1 0 0 0 1 1 0 0 1 0 1 0 1 0 1 1 1 1 0 0 1 1 0 1 0 1 1 1 1 1 0 0 1 0 0 0 1 1 0 0 1 0 1 0 0 0 0 1 0 1 0 0 1 0 1 1 1 0 0 0 1 1 0 0 0 1 0 1 1 1 0 1 0 0 1 0 1 1 1 0 0 0 1 0 0 1 0 0 1 1 1 0 1 
0 1 1 1 1 1 1 1 0 0 1 0 1 0 0 0 1 0 1 0 1 1 1 0 1 1 1 0 1 0 1 1 1 1 1 0 0 0 1 0 1 1 0 1 1 1 1 0 1 1 0 1 0 0 1 1 1 0 1 0 0 0 1 1 0 1 1 1 0 0 1 1 0 0 1 1 1 1 1 0 1 1 1 1 0 1 1 0 1 1 1 1 0 0 0 1 0 0 1 1 0 0 1 0 14 1 1 1 0 1 1 1 1 1 1 1 0 0 1 0 0 0 0 1 0 0 1 0 1 1 1 0 1 0 0 1 1 0 0 1 0 0 0 0 0 1 0 0 1 1 1 0 0 1 0 1 1 1 1 1 0 1 0 0 1 0 1 1 1 0 1 0 1 0 1 1 1 1 0 0 1 1 0 1 1 0 1 1 0 0 0 0 1 0 1 1 0 1 0 0 
0 0 1 0 1 1 0 1 0 0 0 0 0 1 1 1 1 0 0 1 1 0 0 0 1 1 0 0 1 1 1 0 1 1 1 0 0 1 1 0 1 0 0 1 1 1 1 1 1 1 1 1 1 1 1 1 0 0 1 1 1 0 0 1 1 1 0 1 0 1 1 1 1 1 0 1 0 0 1 1 1 1 1 1 1 0 0 1 1 0 0 0 0 1 1 0 0 1 0 1 1 1 0 0 1 12 1 0 0 1 0 1 1 1 0 0 1 1 0 1 1 0 0 1 0 1 0 1 0 0 0 0 0 1 0 1 0 0 1 0 1 1 0 0 0 0 0 0 0 0 1 0 0 0 0 0 0 0 0 1 1 0 1 1 0 1 0 0 0 1 0 1 1 0 0 1 0 1 0 1 1 0 0 1 1 0 0 0 0 0 1 1 1 1 1 0 1 1 0 1 
0 0 1 0 0 1 0 0 0 0 1 0 0 1 0 0 0 1 0 1 1 1 1 0 0 0 0 0 1 1 1 1 1 1 0 0 1 1 1 1 0 0 1 0 0 0 0 0 1 1 1 0 1 1 1 1 0 0 1 0 1 1 1 1 0 1 1 1 0 0 0 1 1 1 1 1 0 1 1 0 0 0 0 0 1 0 1 1 0 0 0 1 1 1 1 1 0 1 1 0 1 0 0 0 0 1 61 1 0 0 1 0 0 0 1 0 1 1 0 0 0 1 0 1 1 0 1 1 1 0 1 1 1 1 0 1 1 0 0 0 1 0 1 0 0 0 0 0 1 1 0 1 0 0 1 1 0 1 0 0 1 0 1 0 1 1 1 1 0 1 0 1 0 0 1 0 0 0 1 1 0 1 0 0 1 0 0 1 1 0 1 1 0 0 0 0 1 0 0 0 
1 0 1 1 0 0 1 0 1 0 0 1 1 0 0 1 0 0 1 0 1 1 1 0 0 0 0 1 0 0 0 1 1 0 0 0 1 1 1 0 0 1 1 0 1 0 1 0 0 1 1 0 0 1 1 0 0 1 1 0 0 1 0 1 0 1 1 1 1 1 0 1 0 0 0 0 1 1 0 0 0 0 0 0 0 1 1 1 1 0 0 1 0 1 0 0 0 0 0 0 1 0 0 1 0 1 1 5 0 1 0 1 0 0 1 0 0 0 0 1 0 1 1 1 0 1 1 0 1 0 0 0 0 0 1 0 0 1 1 0 0 1 0 0 0 1 1 1 1 0 0 0 1 0 0 1 0 0 1 1 1 1 1 0 1 1 0 1 0 1 1 0 1 0 0 0 0 1 0 0 0 0 0 0 0 1 1 0 1 0 0 0 1 1 1 0 1 1 0 1 
1 0 1 0 0 0 0 0 0 1 0 0 1 0 0 1 1 1 1 1 0 0 0 1 1 1 0 1 0 0 1 1 1 1 1 0 1 0 0 0 0 1 1 0 1 1 1 0 1 0 1 0 1 0 0 1 0 1 0 0 0 0 0 1 0 0 1 1 0 0 0 1 0 1 0 1 1 1 1 1 0 1 0 1 1 1 1 0 0 0 1 0 1 0 0 0 1 0 1 0 1 0 0 0 0 0 1 1 81 1 1 1 0 0 1 0 1 0 0 0 0 0 0 1 0 1 0 1 1 1 0 0 0 1 0 0 0 0 0 0 0 1 1 1 1 1 1 1 1 0 0 0 1 1 1 1 0 1 1 1 1 1 1 0 0 1 1 1 1 1 1 0 0 1 1 1 0 0 0 1 0 0 0 0 0 0 1 0 0 0 1 0 0 1 0 0 0 1 1 1 
0 1 0 0 0 0 1 1 0 1 1 0 0 0 0 0 1 1 0 1 0 1 0 1 1 0 0 0 1 1 0 1 0 1 0 1 0 1 0 0 1 1 1 0 0 0 0 1 1 1 0 1 1 1 0 1 0 1 0 0 1 0 1 0 0 1 1 0 0 0 1 0 1 1 1 0 1 0 0 0 1 1 1 1 0 0 1 0 0 0 1 1 1 0 0 0 0 1 1 1 1 0 0 1 0 0 0 1 0 31 1 1 1 0 0 0 0 1 0 0 0 0 1 0 1 0 1 1 1 0 0 1 0 1 1 1 1 1 0 0 1 0 0 0 1 1 0 1 0 0 1 0 0 0 0 1 1 1 0 0 1 0 0 0 0 0 0 0 0 0 0 0 0 1 0 1 1 0 0 1 0 1 0 0 0 1 0 1 1 1 1 0 1 0 0 1 1 1 1 1 
1 0 1 0 0 1 0 1 0 1 0 1 1 0 1 0 1 1 0 0 0 0 0 0 0 0 0 1 0 1 0 0 0 1 0 1 1 1 0 1 1 0 0 1 1 0 0 1 0 0 0 1 0 1 0 0 1 0 1 1 1 0 1 0 0 1 0 1 1 0 0 1 0 0 0 0 1 0 1 1 0 1 0 0 0 1 1 0 0 1 0 0 1 0 1 0 1 1 0 0 0 1 0 1 0 1 1 1 1 0 48 1 1 1 1 1 1 0 0 1 0 1 1 0 0 1 1 0 1 0 0 0 0 1 0 1 1 1 1 0 1 0 1 1 0 1 0 0 1 0 0 1 0 0 1 0 0 0 0 0 0 0 1 0 1 0 1 1 1 1 0 1 0 0 0 0 1 0 1 1 1 1 0 0 1 1 1 0 1 1 0 1 1 0 0 1 1 0 1 1 
0 0 1 1 0 1 1 0 0 1 0 1 0 0 0 0 0 1 1 1 0 1 1 0 1 1 1 0 1 1 0 0 1 1 0 0 1 0 1 0 1 1 0 1 1 1 0 0 1 1 1 1 0 1 0 1 0 0 1 0 0 0 0 1 1 0 1 0 0 0 1 0 1 0 1 1 0 0 0 1 0 0 0 1 1 0 1 0 1 0 0 1 1 1 1 1 1 1 0 1 0 1 1 1 1 0 1 1 1 1 0 57 1 0 1 0 1 0 1 0 1 0 1 1 0 0 1 0 0 0 1 0 0 1 1 1 1 1 0 0 0 1 0 1 1 1 0 1 1 1 1 1 1 1 0 1 0 0 1 1 1 0 0 1 1 1 0 1 0 1 0 1 0 1 1 0 0 1 1 1 0 0 1 0 0 0 1 0 1 0 1 0 1 1 1 0 0 1 0 0 
1 1 0 1 1 0 1 0 1 1 1 0 1 0 0 1 1 1 1 0 1 0 0 1 1 1 1 1 1 1 0 1 1 1 0 1 1 1 0 1 0 1 1 0 1 1 0 0 1 1 1 1 1 0 1 1 0 1 1 1 0 0 1 1 1 1 1 0 1 0 0 0 1 0 1 0 0 1 1 1 1 0 1 1 1 0 0 1 0 0 1 0 0 0 1 0 1 0 1 0 1 0 0 0 0 0 0 1 0 0 1 0 1 0 1 0 0 1 1 0 0 0 0 1 0 0 0 0 1 0 0 0 1 0 1 0 1 1 0 1 0 0 0 0 0 1 0 1 0 0 1 1 1 0 0 1 1 0 1 0 1 0 1 0 1 0 1 0 0 0 1 0 0 1 1 0 1 1 0 0 0 0 1 0 1 1 0 0 1 0 0 0 0 0 1 0 0 1 1 0 
1 0 1 1 1 0 0 0 1 1 1 1 1 0 0 1 0 0 1 1 0 0 0 0 1 0 0 0 1 0 1 1 1 1 0 0 0 1 1 0 1 0 0 0 0 0 1 1 0 0 0 0 1 0 1 1 0 1 1 0 0 1 1 1 0 0 0 1 1 0 0 1 1 1 1 0 1 0 1 1 0 0 1 1 1 1 1 0 0 1 1 1 1 0 0 1 1 0 1 1 0 0 0 0 1 1 1 1 1 0 0 0 0 95 1 0 1 1 0 0 1 0 0 1 1 0 1 1 1 1 0 0 0 1 1 0 0 0 1 1 0 0 0 0 0 1 1 1 1 0 0 1 1 0 0 1 0 1 0 0 1 0 1 1 0 0 1 0 1 0 0 0 1 0 1 1 1 1 0 0 0 0 1 1 0 1 1 1 0 1 0 1 1 0 1 0 1 1 1 0 
0 0 1 0 0 1 0 1 1 1 0 0 0 1 1 0 1 1 1 0 1 1 1 0 0 0 1 0 0 1 0 0 1 0 1 1 0 1 0 1 1 0 0 1 0 0 0 0 0 1 0 1 1 0 1 1 0 1 1 0 1 0 0 1 0 1 0 0 1 0 0 0 0 1 0 0 1 0 0 1 1 1 1 0 1 1 0 0 1 1 0 1 1 1 0 0 0 1 1 0 0 0 0 1 1 1 1 1 0 1 0 1 1 1 11 1 0 1 1 1 1 0 1 1 1 1 1 1 1 1 1 0 1 0 0 1 0 1 0 0 1 0 1 0 1 1 1 0 0 1 1 0 0 0 1 0 1 1 0 0 1 1 1 0 0 0 0 0 0 0 0 1 1 1 0 1 0 1 1 1 0 1 0 0 1 1 0 1 1 0 1 1 1 1 1 0 1 0 1 0 
0 1 0 1 1 0 0 1 0 0 0 0 0 0 1 0 0 1 1 0 1 1 1 0 1 0 0 0 0 0 0 0 1 1 0 1 1 0 1 0 0 0 1 1 0 0 0 1 1 0 0 0 0 1 0 1 0 0 1 0 1 1 0 1 0 1 1 1 1 1 0 1 0 0 0 1 1 1 0 1 1 1 1 1 0 1 1 1 1 0 0 0 0 0 0 1 1 0 0 1 0 1 0 0 1 0 0 0 0 0 0 1 0 1 0 17 1 0 1 0 0 0 0 0 1 1 1 0 1 0 1 1 1 0 1 1 0 0 0 0 0 1 0 1 1 0 0 0 1 0 0 1 0 1 1 1 1 1 1 1 1 1 1 1 0 0 1 0 0 1 0 1 0 0 1 0 0 0 0 1 0 0 1 0 0 0 1 1 0 0 1 0 0 0 1 1 0 1 0 0 
0 1 1 0 0 0 0 1 1 0 1 1 0 0 1 1 1 1 1 1 1 0 0 1 0 0 0 0 1 1 1 0 0 1 1 0 1 1 0 0 1 1 0 1 1 0 0 1 0 0 0 1 0 1 0 1 0 0 0 1 0 1 0 1 0 0 1 0 1 0 1 0 0 0 1 1 0 0 0 0 1 0 1 0 0 0 1 0 1 0 0 1 1 0 1 1 0 1 0 0 1 0 1 1 0 0 0 0 0 1 1 1 1 0 1 0 51 1 1 1 1 0 1 0 1 0 0 1 1 0 1 0 1 0 1 1 0 0 1 0 1 1 0 1 1 0 0 1 0 1 0 1 1 0 0 0 1 0 1 0 1 0 1 0 1 0 0 1 0 0 0 0 0 1 1 0 1 1 1 1 1 0 1 1 0 1 0 0 1 0 0 1 0 0 0 1 1 0 0 0 
1 1 0 0 0 1 0 0 1 0 1 0 1 0 1 0 1 0 0 0 1 0 0 0 0 1 0 1 0 1 0 1 0 1 1 0 0 1 0 1 0 1 0 1 0 1 0 1 0 1 0 0 1 0 0 1 1 0 0 1 0 0 1 0 1 0 1 1 1 0 0 1 1 0 0 1 0 0 1 0 1 0 1 0 0 0 0 1 0 0 1 1 0 0 0 0 1 0 0 0 0 1 1 1 0 0 1 0 0 0 0 1 1 0 1 0 1 38 1 1 0 1 0 1 0 1 1 1 0 0 1 0 1 1 1 1 1 0 1 0 1 1 0 1 1 1 0 0 0 1 1 1 1 0 1 0 1 1 0 1 1 1 0 0 0 1 1 0 1 0 0 1 0 0 1 0 1 1 1 0 0 0 1 0 0 0 1 1 0 0 1 0 1 1 1 1 0 0 1 1 
0 0 0 0 0 1 1 1 0 1 0 0 0 0 0 1 0 1 1 0 1 1 0 0 1 0 1 0 1 1 1 0 1 1 0 1 0 0 0 0 0 0 0 1 0 1 0 0 1 1 1 1 1 0 1 1 0 1 1 1 1 0 1 0 1 1 0 1 0 1 1 1 0 1 1 0 1 0 1 1 0 0 1 1 0 0 0 0 0 0 0 0 1 0 0 1 1 1 1 1 1 0 0 1 1 0 0 1 1 0 0 1 1 0 1 0 1 1 47 0 1 0 1 0 0 1 1 0 1 1 1 1 1 0 0 0 1 1 1 1 0 0 0 0 1 0 0 1 1 1 0 0 0 0 0 0 0 0 0 1 1 1 1 1 1 1 1 1 1 1 0 1 0 0 1 1 1 0 0 1 0 1 1 0 0 0 0 0 0 0 1 1 0 0 1 0 1 1 1 1 
1 0 1 1 1 0 1 1 1 0 0 0 0 1 0 0 0 1 0 1 1 1 0 0 1 1 1 0 1 1 1 0 0 1 1 1 0 1 1 0 1 0 0 0 1 1 1 0 0 0 0 1 1 1 1 1 0 0 0 1 1 0 1 0 1 0 1 0 1 0 0 0 1 0 0 0 1 0 0 0 1 0 0 0 1 0 0 1 1 1 0 1 0 0 1 0 0 1 1 0 0 0 1 1 0 1 1 1 0 0 1 0 0 1 1 0 1 0 0 46 0 1 1 0 0 1 0 1 1 1 0 0 0 0 0 0 1 1 0 1 0 1 1 1 0 0 1 0 1 1 1 0 1 0 0 0 0 0 1 0 1 1 1 1 1 0 1 1 0 1 0 1 1 1 0 1 0 0 0 0 1 0 0 1 1 0 1 0 0 1 1 0 0 1 1 0 0 1 0 1 
0 1 1 0 1 1 1 0 1 0 1 0 1 0 0 1 0 0 0 0 0 0 0 1 0 1 1 1 1 1 1 0 0 1 0 0 1 0 0 0 0 0 1 0 1 1 1 1 1 0 0 1 1 0 0 0 1 0 0 0 1 1 0 1 1 1 0 0 0 0 0 0 0 1 1 1 0 1 0 0 0 1 0 0 1 1 0 0 0 1 1 1 0 0 0 1 0 0 1 1 0 0 1 0 0 0 0 0 0 0 0 0 0 0 1 1 1 1 1 0 16 0 1 1 1 0 1 1 0 1 0 1 0 1 0 0 0 0 1 1 1 1 0 1 1 1 1 1 1 0 0 1 0 0 1 0 1 0 0 0 1 1 0 1 0 1 1 0 1 0 0 0 0 0 0 0 0 0 1 0 0 0 0 1 0 0 1 0 1 0 0 0 0 1 1 0 0 0 1 1 
1 1 1 0 1 1 1 1 1 0 0 1 1 0 1 0 0 0 1 0 1 0 0 1 0 0 0 0 1 0 0 1 1 1 0 0 0 0 1 0 0 0 0 0 0 0 0 1 0 1 0 1 0 1 0 1 0 0 1 1 0 0 0 1 1 0 0 0 0 0 1 0 1 0 0 1 1 0 1 1 0 1 1 1 1 1 0 0 1 1 1 1 0 0 0 0 1 0 1 0 1 0 1 0 1 1 0 1 1 0 1 0 0 1 0 1 0 1 0 1 0 97 1 0 0 1 0 0 1 0 0 0 0 1 1 0 1 0 0 0 0 1 1 1 1 0 0 1 1 0 0 0 1 0 0 1 0 0 1 0 0 1 0 0 1 1 1 0 0 0 0 0 0 1 0 0 1 0 0 1 0 0 0 0 0 0 0 1 0 1 0 0 1 0 1 0 0 0 1 0 
0 1 1 1 1 1 0 1 0 0 1 1 0 1 1 1 0 0 1 1 0 1 1 0 1 0 0 0 0 0 1 1 1 1 1 1 0 0 1 1 0 1 1 1 1 1 1 1 0 1 1 1 1 0 1 1 0 0 0 0 1 0 1 1 0 1 1 1 0 1 0 0 1 1 1 1 0 0 0 1 0 1 0 0 0 0 1 0 0 0 1 0 0 0 1 1 1 0 0 0 1 0 0 0 1 1 1 1 0 0 1 1 0 0 1 1 1 0 0 1 0 0 24 0 1 0 1 0 0 0 0 1 1 0 1 1 1 1 1 1 1 0 1 1 0 1 1 0 0 1 0 0 0 1 1 1 0 1 0 0 0 1 0 1 1 1 1 1 1 0 0 1 0 0 1 0 0 1 0 0 1 0 1 0 1 1 1 0 0 1 1 0 0 0 0 0 0 1 0 0 
1 0 1 0 1 1 1 0 1 0 1 0 0 1 0 0 1 1 0 0 1 1 1 1 0 1 0 0 0 1 0 1 0 0 1 0 0 0 1 1 1 1 1 0 0 1 1 1 0 0 1 1 0 0 1 1 1 1 1 1 0 1 1 0 1 1 0 0 1 1 0 1 0 1 1 0 1 1 0 1 1 0 0 0 0 1 1 0 1 0 1 1 0 1 0 0 0 0 1 1 0 1 0 1 1 1 0 0 1 0 0 0 0 0 1 1 0 1 1 1 0 0 0 54 1 1 0 0 1 0 0 1 1 0 0 0 0 0 0 1 0 1 1 1 1 0 1 1 0 0 1 1 0 0 1 1 1 0 0 1 1 1 0 1 0 1 0 1 0 0 1 1 1 0 1 1 1 1 0 0 1 0 0 1 0 0 0 1 1 1 0 1 1 1 0 0 1 0 1 0 
0 0 1 1 1 1 1 1 1 1 0 1 0 1 0 0 0 0 0 0 0 1 0 1 1 1 1 0 0 1 0 0 1 0 1 1 1 1 0 0 1 0 0 1 0 1 0 1 0 1 0 1 0 1 0 1 0 1 1 0 0 1 0 1 1 0 1 1 0 1 0 1 0 0 1 0 0 0 1 1 0 0 0 1 1 1 1 0 0 0 1 1 0 1 0 1 1 0 1 1 1 0 1 1 1 0 1 0 0 0 0 1 1 1 1 0 0 1 1 0 1 1 0 1 93 1 0 0 1 1 1 1 0 0 1 0 0 1 1 1 0 0 1 0 1 0 1 0 1 0 0 1 0 0 1 0 1 0 1 1 1 1 1 0 1 1 0 0 0 1 1 0 0 0 1 1 0 1 0 0 1 1 1 0 0 1 1 1 0 1 1 0 1 1 0 0 1 0 1 0 
1 1 1 0 0 0 0 1 1 0 1 1 0 0 1 0 0 0 1 0 0 1 0 1 1 1 1 0 0 0 0 0 0 0 0 0 0 0 0 1 1 1 1 0 0 0 0 1 1 1 1 1 1 1 0 0 0 0 0 0 1 0 0 0 1 1 0 1 0 1 0 0 0 1 1 1 0 0 0 0 0 1 1 1 0 0 0 1 1 0 1 1 0 1 0 1 1 1 0 1 1 0 1 1 1 0 1 1 1 1 1 0 0 1 1 1 1 1 0 1 1 1 1 0 1 81 0 1 1 1 1 1 1 1 0 1 0 0 1 0 1 1 0 1 1 1 0 0 0 1 0 1 1 0 1 1 0 0 1 1 1 0 1 0 1 0 1 1 1 0 0 0 0 1 1 0 1 1 1 1 1 0 1 0 0 0 0 0 1 1 0 0 1 0 0 0 1 0 0 1 
1 1 0 0 1 0 1 1 1 1 1 0 1 1 0 0 1 0 1 0 0 0 0 0 0 0 1 1 1 0 1 0 1 0 1 1 0 0 1 0 0 0 0 1 1 0 1 0 1 0 1 1 0 0 1 0 0 1 1 0 0 1 0 0 1 0 1 0 0 0 0 1 1 0 0 0 1 1 1 0 1 1 1 0 0 1 0 0 1 0 1 0 1 0 1 0 0 0 1 1 0 1 1 0 1 0 0 1 0 0 0 0 1 1 1 0 1 1 1 1 1 1 1 1 0 0 66 1 0 0 1 0 0 1 0 1 0 0 0 1 1 0 1 0 1 0 1 1 1 0 0 1 0 1 1 0 1 0 1 0 0 1 0 1 1 1 0 1 1 1 1 1 0 1 0 1 1 0 1 1 0 0 1 0 1 0 1 0 0 0 1 0 1 1 1 0 1 1 0 0 
0 0 0 1 1 1 0 0 1 0 0 0 1 1 0 1 1 1 0 0 1 1 0 0 1 1 0 0 1 0 0 0 0 1 0 1 1 1 0 0 0 0 0 1 1 0 1 1 1 1 1 0 1 1 0 1 1 1 0 0 1 0 1 1 0 0 0 1 0 0 1 1 1 1 1 0 1 0 1 0 1 0 1 0 1 1 0 0 0 1 0 0 1 1 0 0 1 1 1 1 1 0 0 1 0 1 1 0 1 1 1 0 1 0 1 0 0 0 1 0 1 1 0 1 1 0 1 80 1 0 1 0 1 1 0 0 0 0 1 1 0 1 0 1 0 0 1 0 1 0 0 1 0 0 1 1 1 1 1 0 0 1 1 0 0 0 1 1 0 1 1 0 0 1 1 0 1 0 0 0 0 1 0 0 1 1 0 0 1 1 0 0 0 0 1 0 1 1 1 1 
0 0 0 0 0 1 0 0 0 1 0 0 1 1 0 0 0 0 0 0 1 0 0 0 0 0 1 1 1 1 0 1 0 1 1 0 0 1 0 1 0 1 0 1 0 0 1 0 0 1 1 1 1 1 0 0 0 1 1 0 1 0 0 0 0 1 0 1 0 1 0 0 1 1 0 0 1 0 0 1 1 0 1 0 0 0 0 0 0 1 0 1 0 1 1 1 0 0 0 1 0 0 1 1 1 0 1 0 0 0 1 1 1 0 1 0 0 1 1 0 1 0 0 0 0 1 0 0 5 0 0 0 0 1 0 0 1 0 0 0 0 0 0 1 1 1 1 1 1 1 1 1 0 0 0 0 1 0 1 0 1 1 0 1 1 1 1 0 0 1 0 0 0 1 1 0 0 0 1 0 0 0 0 0 0 1 0 1 0 0 1 0 0 1 1 1 0 0 0 1 
1 0 1 1 1 0 1 1 1 1 0 0 0 0 0 0 1 0 0 0 0 0 1 1 1 0 0 0 0 1 0 0 0 1 1 1 1 1 1 0 1 0 0 1 0 0 1 1 0 1 0 1 1 0 0 0 0 0 0 0 1 1 1 0 0 1 0 0 0 1 0 1 1 0 0 1 1 0 1 0 1 1 1 1 0 0 1 1 1 1 0 1 0 1 1 0 0 0 1 0 0 0 0 1 1 1 1 0 1 1 1 1 1 1 1 1 1 0 0 0 1 1 1 1 0 0 1 1 0 44 1 1 1 0 1 1 1 0 1 0 1 1 1 0 0 1 1 0 1 1 0 1 0 0 1 0 1 1 1 0 1 0 1 0 1 1 0 1 1 0 1 1 0 1 1 0 1 1 0 0 1 1 0 1 0 1 0 1 1 1 0 1 1 0 0 0 0 1 1 0 
0 0 0 1 1 0 0 0 1 0 0 0 0 0 0 1 1 0 1 1 1 0 1 1 1 0 0 0 0 1 0 1 0 0 0 0 0 1 0 1 0 0 1 0 0 0 0 1 0 1 0 0 1 0 0 1 0 0 1 0 0 0 0 0 0 1 1 0 0 1 0 0 0 0 0 0 1 0 1 1 0 1 0 0 1 1 1 1 0 1 1 0 0 1 0 1 0 1 1 1 1 1 1 0 0 1 1 0 0 0 0 1 1 1 0 0 0 1 0 0 0 0 1 1 1 0 0 1 1 1 63 1 0 1 0 0 0 0 0 0 1 0 0 1 0 0 0 1 1 1 1 0 1 1 1 0 1 1 0 0 1 1 1 1 1 1 1 0 0 1 0 0 1 1 1 0 0 1 0 0 0 1 1 0 1 0 1 0 1 1 0 0 1 1 1 0 1 1 1 0 
0 0 1 1 0 1 0 1 0 1 0 0 0 0 1 0 0 0 0 1 1 1 0 1 1 0 0 1 0 0 0 1 0 0 1 1 1 1 1 0 1 1 1 0 1 1 0 0 1 1 1 0 0 0 1 0 1 1 0 0 0 1 0 0 1 1 0 0 0 0 0 0 0 1 1 0 1 0 1 1 0 1 0 0 1 1 1 0 1 1 0 1 1 0 0 0 0 1 1 1 0 1 1 0 0 1 0 1 1 1 1 0 0 1 1 1 1 1 0 0 1 1 1 0 0 1 0 1 1 1 1 52 0 1 1 0 1 1 1 0 0 0 0 0 1 0 1 1 1 1 1 1 1 1 1 0 0 1 0 0 0 1 1 1 0 0 1 1 1 1 1 1 0 0 0 1 1 0 1 1 1 1 1 0 1 1 1 1 1 0 1 1 1 1 0 1 1 0 0 1 
1 0 1 0 1 1 0 1 0 1 0 1 1 0 1 1 1 1 1 1 0 0 0 1 1 1 0 0 0 0 0 0 0 0 1 0 0 0 0 1 1 0 1 1 0 1 1 0 1 0 0 0 1 0 1 1 1 0 1 0 0 0 0 1 0 1 0 1 0 1 0 1 1 0 0 1 0 1 0 1 0 1 1 1 1 0 0 0 0 0 1 1 1 1 1 1 0 0 0 1 1 0 1 0 0 1 0 0 0 0 1 1 1 0 0 1 0 1 0 0 0 1 0 0 0 1 1 1 1 0 1 1 27 0 0 1 0 0 1 1 0 0 0 1 1 0 0 0 1 0 1 1 0 1 1 0 1 1 1 1 0 1 0 0 0 1 1 0 0 0 0 1 1 1 1 1 1 0 1 0 0 0 0 1 0 0 0 0 0 1 1 0 1 1 0 0 0 1 1 0 
0 1 0 1 1 0 0 0 0 1 1 1 1 0 1 1 1 1 0 0 1 0 1 0 0 1 1 0 1 0 0 0 1 0 0 1 1 0 0 1 0 0 0 1 0 0 0 1 1 1 1 0 1 1 0 1 0 1 1 0 0 1 1 0 0 0 0 1 1 0 1 0 0 1 1 0 0 1 1 1 1 1 1 0 1 0 1 0 1 0 0 1 1 1 1 1 1 0 0 0 1 0 0 0 1 1 1 0 0 0 1 1 1 0 0 0 0 1 0 0 1 1 0 1 0 1 0 0 1 0 0 1 0 67 1 1 0 0 0 0 0 1 0 0 0 1 0 1 0 1 1 0 0 1 1 1 1 1 0 0 1 1 0 1 0 0 0 1 0 0 0 0 1 1 0 1 1 0 0 1 0 1 1 0 1 1 1 1 0 0 0 1 0 0 1 0 1 0 1 0 
1 0 1 0 0 0 1 0 0 0 1 1 0 1 1 1 0 1 0 1 1 1 1 0 1 0 0 0 1 0 1 0 1 1 1 1 1 1 0 0 1 1 0 1 1 1 1 0 0 0 0 1 0 1 0 1 0 1 0 0 1 1 0 1 0 1 1 0 0 0 0 1 0 1 1 1 0 1 0 0 1 0 1 0 1 0 1 0 0 0 0 0 1 0 0 1 0 1 0 1 0 1 0 1 0 0 0 1 0 1 0 0 0 1 0 1 1 0 0 0 1 1 0 0 0 1 0 0 1 0 1 1 0 1 20 1 0 1 1 1 1 0 0 0 0 0 1 0 0 1 1 0 0 0 0 0 0 1 1 0 1 0 1 0 0 1 1 1 0 1 1 1 1 0 0 1 1 1 0 0 1 0 0 1 1 1 0 1 1 0 0 1 1 0 0 1 0 1 0 0 
1 1 1 0 0 0 0 0 1 1 0 0 0 1 1 1 1 1 0 0 1 1 1 1 1 1 1 0 1 1 0 1 0 1 1 1 1 1 0 1 0 0 1 0 1 0 1 0 1 0 1 0 1 1 1 1 0 1 1 1 1 0 0 0 0 0 0 1 0 1 1 0 1 1 1 1 1 1 1 0 1 1 1 1 0 1 0 1 0 1 1 1 0 1 0 0 0 0 1 0 1 1 1 1 0 0 1 0 1 0 1 0 0 1 0 0 1 1 1 1 0 0 0 1 0 0 1 0 0 0 1 0 1 0 1 35 1 0 1 0 1 1 0 0 0 0 1 1 0 1 1 1 0 1 1 0 0 0 0 0 0 0 1 0 0 0 0 1 0 0 1 1 1 1 1 0 0 1 0 0 0 0 1 0 0 1 0 0 1 1 1 0 0 0 0 1 0 1 1 1 
0 1 1 1 1 0 1 1 1 0 0 1 1 0 0 1 1 1 0 1 1 0 0 1 1 0 0 0 0 1 1 0 0 0 1 1 1 1 0 0 0 0 0 1 1 0 0 0 0 1 0 1 0 0 1 0 0 0 0 1 0 1 0 0 0 0 1 1 0 1 0 0 1 0 1 1 1 0 0 0 1 1 0 0 0 1 0 1 1 1 1 1 1 1 1 1 1 0 1 1 0 0 0 0 1 0 1 1 1 0 0 1 0 0 1 1 1 1 1 1 1 0 1 0 1 0 1 1 0 0 0 1 1 0 1 0 62 1 1 1 1 0 0 0 0 1 1 1 0 0 1 1 1 0 1 1 0 0 0 1 0 1 0 0 0 0 0 1 1 1 1 0 1 1 1 0 0 1 0 1 0 0 0 1 1 1 1 1 0 0 0 0 0 1 1 0 0 1 1 1 
1 1 0 1 0 0 1 1 0 1 1 0 0 0 1 1 0 1 1 0 1 1 0 1 1 1 0 1 1 1 1 1 1 0 0 0 1 1 0 1 1 0 0 1 0 0 1 1 1 1 0 0 0 0 1 1 1 1 0 0 1 1 1 0 0 1 0 1 0 0 1 1 1 1 1 0 0 0 1 1 1 0 1 0 0 0 1 1 0 0 0 1 0 0 1 0 0 1 1 0 0 0 1 1 1 0 1 0 0 0 1 1 1 1 0 0 0 0 0 0 0 1 0 1 1 1 0 1 0 1 1 0 0 0 0 1 1 35 1 0 0 1 0 0 0 1 1 1 0 0 1 1 0 0 1 1 1 0 0 0 1 1 1 1 1 1 1 1 0 1 0 0 1 0 0 0 0 1 1 0 1 1 0 0 0 1 1 1 0 0 1 0 1 1 0 1 0 1 1 0 
1 0 1 1 0 1 0 0 1 1 1 0 0 0 0 0 0 1 1 1 1 0 1 1 1 0 0 1 0 0 1 1 0 1 0 1 0 1 1 1 0 1 1 0 1 0 0 1 0 0 1 0 0 0 0 1 0 1 1 1 1 0 0 1 0 1 1 1 1 1 1 0 0 1 1 0 0 1 0 0 1 1 0 0 0 1 1 1 0 1 0 0 0 1 1 1 0 0 0 0 0 1 0 0 0 1 1 0 0 1 0 0 1 1 0 0 1 0 0 0 0 0 0 0 1 0 0 0 0 1 1 0 0 1 1 1 0 0 97 0 0 0 1 0 1 0 1 1 1 1 0 1 0 0 0 0 1 0 0 0 1 1 1 1 1 1 0 1 0 0 1 1 1 0 1 1 1 0 1 0 1 0 1 1 0 0 0 0 1 1 1 1 1 1 1 1 1 0 1 0 
0 0 0 0 0 0 0 0 1 1 1 1 0 0 1 0 0 1 1 0 1 0 1 0 0 1 0 1 0 0 1 1 1 0 0 0 1 1 1 1 1 1 0 1 1 0 0 1 0 0 1 1 1 1 1 0 1 0 1 0 0 0 0 0 1 1 0 0 0 1 1 0 0 1 1 1 1 1 0 0 1 1 1 0 1 1 1 0 0 0 0 1 0 0 0 0 0 1 1 0 0 0 0 1 0 1 0 1 1 0 1 1 1 1 0 1 0 0 1 0 0 1 1 0 0 1 1 1 1 0 0 1 0 1 0 0 1 1 1 57 1 0 1 1 1 0 1 0 1 1 0 0 0 1 1 0 0 0 1 0 0 1 0 0 0 1 1 0 0 0 1 1 0 0 0 0 0 0 1 1 0 0 1 0 1 1 1 0 0 1 0 1 1 0 0 1 0 0 1 0 
0 0 1 1 1 0 0 0 0 0 0 0 0 1 0 0 1 0 0 0 1 0 0 0 0 0 0 0 0 0 1 0 1 0 0 1 0 1 0 0 0 0 1 1 1 1 1 0 1 1 1 0 1 0 1 1 0 0 0 1 0 1 0 0 0 1 0 0 1 0 1 1 1 1 1 0 0 1 1 0 1 1 1 0 1 0 0 0 0 0 1 0 0 1 0 0 1 1 0 0 1 0 0 0 0 1 1 1 1 0 1 1 0 0 1 0 1 1 1 1 1 1 1 0 0 1 0 1 0 1 0 0 1 1 1 1 0 0 1 1 68 0 0 1 0 0 0 1 1 0 1 1 0 0 1 1 1 1 0 0 1 0 0 1 1 0 0 1 1 0 1 0 0 1 0 1 1 1 1 1 1 0 0 0 0 1 1 0 0 1 1 0 1 0 0 1 1 0 0 1 
1 1 0 1 0 1 1 0 0 0 0 1 1 0 1 0 0 1 1 0 1 1 0 0 1 0 1 0 1 0 0 0 0 1 1 1 0 1 0 1 1 0 1 1 1 0 0 0 1 1 1 0 0 1 0 0 1 1 1 1 0 1 0 0 1 0 1 1 1 1 0 1 1 0 1 1 0 0 0 1 0 1 1 1 0 1 1 0 1 0 1 0 0 0 1 0 1 0 0 0 1 0 1 1 1 0 0 0 1 0 1 1 1 1 1 1 0 0 1 0 0 0 1 0 1 0 0 1 0 0 0 0 0 0 0 0 1 1 1 1 0 83 1 1 0 1 0 1 1 1 1 1 0 1 1 0 0 0 1 0 1 1 0 1 1 1 1 0 1 1 0 1 1 1 0 0 0 1 0 1 0 0 1 0 1 1 0 0 0 0 1 0 0 0 1 0 1 1 0 0 
1 1 0 0 1 0 1 0 1 1 1 0 1 0 1 1 1 1 0 0 1 0 0 1 0 0 0 1 1 1 0 0 1 0 0 1 0 0 0 0 0 0 1 1 1 1 0 0 0 0 1 1 1 0 1 0 1 0 1 0 0 1 1 1 1 0 0 0 0 0 1 1 0 1 1 1 0 1 0 0 1 0 0 0 0 0 0 1 0 0 1 0 0 0 1 1 0 0 0 0 1 0 1 1 1 0 1 1 1 1 1 1 0 1 1 1 1 0 0 1 1 0 0 0 1 1 0 1 0 0 0 0 0 1 1 0 1 1 1 0 1 1 55 0 0 0 1 1 0 1 1 1 1 0 0 0 1 0 0 1 0 0 0 1 1 1 1 1 0 0 0 1 0 0 1 1 1 1 0 0 1 1 0 0 1 0 1 1 1 1 1 0 0 0 0 0 1 1 1 1 
0 0 0 1 0 1 0 1 0 0 1 1 1 1 0 0 1 0 0 1 1 0 0 1 1 0 0 0 0 0 1 1 0 0 1 1 1 0 0 0 1 0 1 1 0 0 0 0 0 0 1 0 0 0 0 1 1 0 1 1 0 1 0 0 0 0 0 0 1 1 1 0 0 1 0 1 1 1 1 1 1 1 0 0 0 0 0 0 0 1 1 1 1 0 1 1 0 1 1 0 0 0 0 1 1 1 0 1 0 1 1 0 0 1 1 0 0 1 0 0 0 1 0 1 0 0 0 1 1 1 1 1 1 0 1 1 0 0 1 1 0 0 1 66 0 1 0 0 1 1 0 1 0 1 1 0 1 0 0 1 1 0 0 0 1 1 0 1 0 0 0 0 0 0 0 1 1 0 0 1 1 0 1 0 0 1 0 0 1 0 1 1 1 0 1 1 0 1 1 0 
0 1 0 1 0 1 0 1 1 0 1 0 1 1 1 0 1 0 1 0 1 0 0 0 0 1 1 0 0 0 0 1 1 0 1 0 1 0 0 1 1 1 1 0 1 0 1 0 0 0 0 1 0 1 1 1 1 1 0 1 0 0 1 1 1 1 1 0 0 0 0 0 1 1 0 0 1 0 0 1 0 1 0 0 0 1 0 1 0 1 0 0 0 1 1 1 0 1 1 0 1 0 0 0 1 1 1 0 1 0 0 1 1 0 0 1 0 0 0 1 1 0 0 1 1 1 1 0 1 1 0 0 0 0 1 1 1 1 0 0 0 0 1 1 55 0 0 0 0 1 0 1 0 1 1 1 1 0 1 0 1 0 0 0 1 0 1 0 0 1 0 1 0 1 1 0 0 0 1 0 0 0 1 0 0 0 1 1 1 1 0 1 0 1 0 1 1 0 0 1 
0 1 1 1 0 0 0 1 0 1 1 0 1 1 0 0 0 1 1 0 0 0 0 1 1 0 1 0 1 0 0 1 0 1 1 0 0 1 1 0 1 0 1 0 1 1 1 0 1 1 0 0 0 1 0 1 0 1 0 0 1 0 0 1 1 1 1 0 1 1 0 0 1 1 0 0 0 0 0 0 0 1 0 1 0 0 0 0 1 1 0 0 0 0 1 1 0 1 0 0 0 1 0 1 0 0 1 1 0 0 1 1 0 1 1 1 0 1 1 0 1 1 0 1 0 1 0 1 0 1 0 0 0 0 0 0 1 1 0 0 1 1 0 0 1 19 0 0 1 0 0 1 0 1 0 0 0 0 1 0 0 0 1 1 1 0 0 1 1 0 1 0 1 0 1 1 0 1 1 0 0 0 0 1 0 1 1 0 0 1 1 1 0 0 1 1 0 1 1 1 
1 1 0 1 1 1 0 1 0 0 0 0 0 1 0 1 0 1 1 0 0 1 1 1 1 0 0 0 1 0 1 0 0 1 1 0 0 1 1 0 1 0 1 1 0 0 1 0 0 0 0 1 0 1 1 1 1 0 0 0 0 0 0 0 0 0 0 1 1 0 1 1 0 1 1 0 1 0 0 1 0 1 0 0 0 1 0 1 1 1 1 0 1 0 1 0 0 1 0 0 0 0 0 0 1 0 1 1 1 0 0 1 0 0 1 0 1 1 0 1 1 1 1 0 0 1 0 1 0 0 0 0 1 1 1 1 1 1 0 1 0 0 1 1 1 1 43 1 1 1 0 0 1 1 0 0 0 0 1 0 1 0 0 1 1 1 0 1 0 0 1 1 0 1 1 0 1 0 1 1 0 1 0 1 1 0 0 0 0 0 1 1 1 1 0 1 0 1 0 1 
1 0 0 0 0 1 0 1 1 0 0 0 0 0 1 1 0 0 1 0 0 1 0 0 1 0 0 1 0 0 0 0 0 0 0 0 0 0 0 1 0 1 1 0 0 1 0 0 0 1 1 0 1 1 1 1 0 0 0 0 1 0 0 0 0 0 0 0 1 1 1 0 0 0 1 1 1 0 1 1 1 1 1 1 1 0 0 1 0 0 1 0 1 0 0 1 0 0 0 1 0 0 1 0 1 1 1 1 0 0 0 1 1 1 1 1 0 1 1 0 0 1 1 0 1 1 1 0 1 0 0 0 0 0 0 0 0 1 0 1 1 1 1 0 1 1 0 80 0 0 1 0 0 0 1 0 0 0 1 0 0 0 0 0 0 0 1 1 0 0 0 0 0 0 0 0 1 1 1 1 1 1 0 1 0 0 0 0 1 1 1 1 1 0 0 1 0 0 1 1 
0 0 1 1 1 0 1 0 0 0 1 1 1 1 1 0 0 1 0 0 0 0 1 0 1 0 0 0 1 1 1 1 1 1 0 0 1 1 0 0 1 1 1 0 0 1 1 1 0 0 0 1 0 1 0 0 1 0 1 0 0 0 0 0 0 0 0 1 0 0 1 1 0 0 0 1 0 1 0 0 0 1 0 0 0 1 1 1 0 0 1 1 1 0 1 0 0 0 0 0 1 1 1 1 0 1 1 0 1 0 1 0 0 1 0 0 0 0 0 0 0 0 0 0 1 0 1 0 0 0 0 1 0 1 0 0 0 1 0 1 0 0 1 0 1 1 1 1 14 1 1 0 0 1 1 1 0 1 0 0 1 1 1 0 0 1 0 0 1 1 1 1 0 0 1 1 0 1 0 0 0 1 0 1 1 0 1 0 0 1 0 1 0 0 1 0 0 1 1 1 
1 1 1 0 0 1 0 1 1 0 0 1 0 0 1 0 1 1 0 1 0 1 0 1 1 0 0 1 0 0 0 1 1 1 0 1 1 0 0 1 1 0 0 1 0 0 1 0 0 0 1 1 0 1 1 1 1 0 1 0 0 0 0 0 1 1 1 0 1 0 0 1 0 1 0 0 0 0 1 1 1 1 1 0 0 0 1 0 1 0 1 1 0 0 1 0 1 0 1 0 1 1 1 0 1 0 1 1 0 0 1 1 0 0 1 0 0 1 0 0 1 1 1 1 1 1 1 1 0 1 0 0 1 1 1 1 0 1 0 1 0 0 1 1 1 1 0 0 0 75 1 1 0 1 0 0 1 1 1 1 0 0 0 0 0 1 1 0 0 0 0 1 0 1 1 1 0 0 1 1 1 0 0 1 1 1 1 0 0 0 1 1 1 0 1 1 1 0 0 0 
0 1 1 0 1 1 1 0 1 0 1 1 1 1 0 0 1 0 1 0 1 1 0 0 1 0 1 1 1 1 0 0 0 1 1 0 1 1 1 0 1 0 0 0 1 0 1 1 1 0 1 1 0 0 0 1 1 0 0 0 1 0 1 0 1 1 1 1 1 0 0 0 0 1 0 0 0 0 0 1 1 1 1 1 0 1 1 0 1 1 1 1 1 0 0 1 1 0 0 1 0 0 1 1 0 1 0 1 0 1 1 1 0 0 0 1 1 1 1 1 1 1 0 0 0 0 0 0 1 0 1 1 0 1 1 0 1 1 0 0 1 0 0 0 0 1 1 1 1 1 52 0 0 1 0 1 0 1 0 0 1 0 1 0 1 1 0 1 1 0 1 0 1 0 1 1 1 1 0 1 0 1 1 1 1 1 1 1 0 0 0 1 0 1 1 0 1 1 0 0 
0 1 0 0 1 0 1 0 0 1 1 1 0 1 1 0 0 1 1 0 0 0 1 1 1 1 0 0 1 1 0 1 0 0 1 1 0 0 0 1 1 1 0 0 0 0 0 1 0 1 1 1 1 0 1 1 1 0 0 1 0 0 1 0 0 0 0 1 0 0 1 0 1 1 1 1 0 0 1 1 1 1 1 0 1 1 0 0 0 1 1 0 0 0 0 1 0 0 1 1 1 0 0 0 0 1 1 0 1 1 0 0 1 1 1 0 1 0 0 0 0 0 1 1 1 0 0 1 0 1 0 0 0 1 1 1 1 1 1 0 0 0 1 1 1 1 1 0 0 0 0 36 0 0 1 1 1 0 0 0 0 1 1 0 0 1 0 0 0 0 1 0 1 1 1 1 0 0 1 0 1 0 1 1 1 0 1 0 1 1 0 1 1 0 0 1 0 0 0 1 
1 0 0 0 1 1 0 1 0 1 0 0 1 1 1 1 1 0 0 0 1 0 1 0 0 1 1 1 0 0 0 0 1 0 0 0 1 0 1 0 0 0 0 0 1 0 0 0 1 0 1 0 0 0 0 1 0 0 1 0 1 1 1 1 0 0 1 0 0 1 0 1 0 1 0 0 0 1 0 1 0 0 1 1 0 1 1 0 0 0 1 1 1 0 0 1 1 0 1 0 0 1 1 0 1 0 1 1 0 0 0 1 1 1 1 0 1 0 0 0 1 0 0 1 0 0 0 0 0 0 0 1 1 0 0 0 0 0 0 0 0 1 1 0 1 0 1 0 1 1 0 0 92 0 0 1 1 0 0 1 1 0 0 1 1 1 1 1 1 0 0 1 0 0 0 1 0 1 0 1 1 0 1 1 0 1 0 0 1 0 0 0 0 0 1 0 0 1 0 0 
0 1 1 0 1 0 1 0 0 1 1 0 1 1 0 0 1 1 1 1 1 0 0 1 0 1 0 1 1 1 0 0 0 0 0 1 1 0 1 0 0 1 0 1 0 0 0 1 0 1 1 0 0 0 0 0 0 0 0 1 1 1 0 1 0 0 0 0 0 1 0 1 0 0 1 0 0 0 1 1 1 1 1 0 1 0 1 0 1 0 0 1 1 1 0 1 1 1 0 1 1 0 1 0 0 1 0 1 0 0 0 0 1 1 1 0 1 1 1 1 0 1 0 0 1 0 0 1 0 0 1 1 1 1 0 0 0 0 0 0 1 1 1 1 1 0 0 0 0 0 1 1 0 68 0 1 1 0 0 0 1 1 0 1 0 0 1 0 1 1 0 1 1 0 1 0 1 0 1 1 1 0 0 0 0 0 1 1 1 1 0 0 1 1 1 0 1 0 0 0 
1 1 0 0 0 0 0 0 1 0 1 1 0 1 0 1 0 0 0 1 0 0 0 0 1 1 1 1 0 0 0 1 0 0 1 0 0 1 1 1 0 1 0 1 0 0 1 0 0 0 0 1 1 0 0 0 1 1 1 1 0 1 0 1 1 0 1 0 1 1 0 1 1 0 0 1 1 1 1 0 0 0 1 0 1 1 1 1 1 1 1 0 0 1 0 0 0 0 1 1 1 0 0 1 1 0 0 0 1 1 0 1 1 0 1 1 0 1 1 1 1 1 0 0 1 0 1 1 1 0 0 0 1 0 1 1 1 0 1 0 0 1 1 0 0 0 0 1 0 0 1 1 0 1 32 0 1 1 0 1 0 0 1 1 0 0 0 1 1 1 0 0 1 0 0 0 0 1 1 0 1 0 0 1 1 0 1 0 0 1 1 0 1 0 0 1 0 0 0 0 
1 0 0 0 0 0 0 0 0 0 0 0 1 0 1 1 1 0 0 0 1 1 1 1 0 1 0 0 0 1 1 1 0 1 0 0 1 0 1 1 0 1 0 0 0 1 0 1 1 0 1 0 1 1 1 1 0 1 1 0 0 1 0 0 0 1 0 1 1 1 1 1 0 1 1 1 0 1 1 0 0 1 1 0 1 1 0 0 0 1 0 1 1 1 0 0 0 0 0 0 0 1 0 1 1 1 0 0 1 1 0 0 1 0 0 1 0 1 1 1 1 0 1 0 0 1 0 0 0 0 0 1 0 0 1 0 0 0 0 1 1 0 1 1 1 1 1 0 1 1 0 1 0 1 1 77 1 0 0 0 0 1 1 1 0 1 0 0 1 1 1 0 1 1 1 0 1 1 0 1 1 0 0 1 1 1 1 0 0 1 0 1 1 0 0 1 0 1 1 0 
1 1 1 1 1 0 1 0 0 1 0 0 0 1 1 1 0 1 0 1 0 1 0 0 0 1 1 0 1 1 0 1 0 1 1 1 1 1 0 1 1 0 0 0 1 1 0 1 0 1 0 0 1 0 0 0 0 1 1 0 0 0 1 1 0 1 1 1 1 1 1 0 1 1 1 0 0 1 0 0 1 1 1 0 1 1 1 1 1 0 0 1 0 0 1 0 0 1 1 0 1 1 1 1 0 0 0 1 0 0 0 1 0 1 1 0 0 0 0 0 1 1 1 0 0 1 0 0 1 0 0 0 1 1 1 1 1 0 1 0 0 1 1 1 0 1 1 1 0 0 0 0 1 0 0 0 5 1 1 0 0 0 0 1 0 1 1 0 0 0 0 1 0 0 0 1 1 0 1 0 1 0 0 1 1 1 0 1 1 1 1 0 1 0 1 0 0 0 0 0 
1 1 0 1 0 1 1 0 0 0 1 1 0 1 0 0 0 0 0 0 1 1 0 1 1 1 1 0 0 1 0 0 1 0 0 0 1 0 0 1 0 0 0 0 0 1 0 0 1 1 1 1 0 0 1 0 1 1 0 0 1 1 0 0 0 0 1 1 0 0 1 1 0 1 1 0 0 1 1 0 1 1 1 0 1 0 1 1 0 1 0 1 1 1 0 0 1 1 1 0 1 1 1 1 0 0 0 1 1 1 1 0 0 1 0 0 0 0 1 1 0 0 0 1 0 1 1 0 1 0 1 1 0 0 0 0 0 1 0 0 1 0 0 1 0 1 1 1 1 0 0 1 1 0 1 0 1 71 0 0 1 1 0 0 0 0 1 1 1 1 1 1 0 1 1 1 0 1 1 1 1 1 1 1 1 1 1 1 0 1 1 0 0 0 1 1 1 0 0 0 
0 1 0 1 1 1 0 0 0 0 1 0 0 1 1 0 0 0 0 1 1 0 0 1 1 0 0 1 0 1 1 1 0 1 1 1 0 1 1 0 0 1 1 0 0 0 1 1 1 1 0 0 0 1 1 1 0 0 1 1 1 1 0 0 1 0 0 1 1 1 0 1 0 1 0 1 0 1 0 1 1 0 0 0 0 0 0 1 0 0 1 1 1 1 1 0 1 1 1 0 1 1 0 1 1 1 1 0 0 0 1 0 1 1 0 1 1 0 1 1 0 0 1 0 0 1 0 1 0 0 1 1 1 0 0 0 1 0 0 0 0 0 0 0 1 0 1 0 1 1 1 1 0 1 0 1 1 1 63 1 1 0 1 1 1 1 1 0 1 0 1 1 0 0 0 1 0 0 1 1 0 1 0 1 1 0 0 0 1 0 0 1 1 1 1 0 0 1 0 0 
0 0 1 1 0 0 1 0 0 0 0 0 1 1 1 0 0 0 1 1 1 1 0 1 0 1 0 1 1 0 1 1 0 0 1 1 1 1 1 1 0 0 0 0 1 0 1 1 0 1 1 1 1 0 1 0 0 0 0 0 0 0 0 1 0 0 0 1 1 1 1 1 0 1 0 0 0 1 1 1 0 0 0 1 1 0 0 1 1 1 0 1 1 0 0 0 0 1 0 0 0 0 1 1 0 0 1 1 0 1 1 0 1 1 1 0 0 0 1 0 1 1 0 0 1 0 0 0 0 1 1 1 0 0 1 0 1 0 1 0 0 1 0 0 1 1 0 0 1 1 0 1 0 0 0 0 0 1 1 47 1 0 1 1 1 0 1 0 0 0 0 0 1 0 1 0 1 0 1 1 1 0 1 1 1 1 1 0 0 1 0 0 1 0 1 1 0 1 0 1 
0 1 1 0 1 0 0 0 1 1 1 0 0 1 1 0 1 0 1 0 1 0 1 0 1 1 1 1 1 1 0 0 0 1 1 0 1 1 0 1 1 1 1 0 1 0 1 0 0 0 1 1 1 1 0 1 0 1 0 1 1 0 0 0 1 1 0 0 1 0 0 0 0 1 0 1 1 0 1 0 1 0 1 1 1 1 0 0 0 1 1 0 0 1 0 0 1 1 0 1 1 0 1 1 0 1 0 0 0 0 1 1 1 1 0 1 1 0 0 0 1 1 1 0 1 0 1 0 1 1 0 1 1 0 0 0 1 0 1 1 1 0 1 0 0 0 1 0 0 1 1 0 0 1 0 0 1 0 0 1 43 1 0 1 1 1 0 1 1 0 0 0 1 1 0 0 1 1 1 0 0 0 1 1 1 0 1 0 1 0 0 0 1 0 1 1 1 0 0 1 
0 0 1 1 1 1 1 1 0 1 1 1 1 0 0 0 0 1 1 0 1 0 0 1 1 0 1 0 1 1 0 0 0 1 1 0 0 0 1 0 0 0 0 1 1 0 0 1 1 1 0 0 1 1 0 0 0 1 1 1 0 0 0 0 0 0 0 0 0 1 0 1 0 1 1 1 0 1 0 0 1 1 1 1 0 0 1 1 0 0 1 0 1 0 1 1 0 1 0 0 1 1 0 1 0 1 1 1 1 1 1 0 1 1 1 0 0 0 1 1 1 1 0 0 0 0 0 1 0 0 1 0 1 0 0 0 0 0 1 0 0 1 0 1 1 1 1 0 1 0 0 0 0 0 0 0 0 1 0 0 0 4 1 0 1 0 1 0 1 0 1 0 1 1 0 1 1 0 1 1 0 1 1 1 0 0 1 0 1 1 1 1 0 0 1 1 0 1 1 1 
0 0 0 1 1 1 0 0 1 0 1 0 1 0 1 1 0 1 0 1 0 0 0 0 0 0 1 0 1 1 1 0 1 0 0 0 1 1 1 0 0 0 1 1 1 0 1 0 0 1 0 0 1 0 0 1 1 0 1 1 0 0 0 0 1 0 1 0 0 0 1 1 1 0 1 0 0 0 1 1 0 0 1 1 1 1 1 1 0 1 0 0 0 1 1 0 1 1 1 1 1 1 0 1 0 1 1 1 0 1 1 0 1 0 0 1 0 0 1 1 1 0 0 1 0 0 1 0 1 0 0 1 0 0 0 1 1 1 0 0 0 0 0 0 0 1 1 1 1 1 0 1 0 0 1 1 1 1 0 1 1 1 22 0 1 0 0 0 0 1 0 1 1 1 0 1 0 0 1 1 1 1 0 1 0 1 1 0 1 0 0 1 1 1 1 0 0 0 1 0 
1 1 1 1 0 1 1 0 0 1 1 1 1 1 1 0 1 0 0 1 1 0 0 0 0 0 1 1 0 1 0 1 1 0 1 0 1 1 0 0 1 1 0 0 1 1 0 0 1 1 0 1 0 1 1 1 0 0 0 1 1 0 1 0 1 1 0 0 1 0 1 0 1 0 0 1 0 1 1 1 0 0 1 0 1 0 1 0 0 0 1 1 0 1 1 0 1 0 1 0 0 1 0 0 1 0 1 1 0 1 1 1 0 1 0 0 0 0 0 0 0 1 0 1 1 0 1 0 0 1 1 1 1 0 1 1 0 0 0 0 0 0 1 0 1 0 0 0 0 1 1 0 0 0 1 0 0 0 1 0 0 0 0 48 1 0 0 1 0 1 0 1 1 1 0 1 0 1 1 0 0 0 0 1 1 0 1 1 0 1 0 1 0 1 0 1 1 0 1 0 
1 0 1 1 0 0 1 0 0 0 0 0 1 1 0 1 0 1 0 0 0 1 1 0 1 0 0 1 1 1 0 0 0 0 0 1 0 1 1 0 1 0 0 0 0 0 0 1 0 0 1 1 0 1 0 1 0 1 1 0 1 0 1 1 1 0 1 1 1 1 1 1 1 0 1 0 0 0 0 1 0 0 1 0 0 1 1 1 1 1 1 1 0 1 1 1 0 0 1 1 0 1 1 1 0 0 0 1 0 1 0 1 0 1 0 0 0 0 1 0 0 1 0 0 0 1 0 1 1 0 0 1 0 0 1 1 0 1 1 1 0 0 0 0 1 0 0 1 0 1 1 1 1 0 1 0 1 1 1 0 0 0 1 1 50 0 0 1 1 0 0 1 0 0 0 1 1 0 0 1 1 1 1 0 0 1 0 0 1 1 1 1 1 1 0 0 0 0 0 1 
0 0 1 1 0 1 1 0 1 0 1 1 1 0 0 0 0 0 1 0 1 0 0 1 1 1 0 0 1 0 0 1 1 1 0 0 1 0 1 1 0 0 0 1 0 1 0 1 0 0 0 0 1 1 0 0 0 0 1 1 1 1 1 0 1 1 1 1 0 1 1 1 1 0 0 1 1 1 0 0 0 1 0 0 0 0 0 0 0 0 0 0 0 0 1 0 1 1 0 1 1 1 0 0 1 0 0 0 0 0 1 1 1 1 1 0 0 1 0 0 0 0 1 1 0 0 0 0 1 1 1 0 1 1 1 0 0 1 0 1 1 0 0 0 0 0 0 0 1 0 1 1 1 0 0 0 1 0 1 1 1 0 1 0 1 69 1 1 0 0 0 0 1 0 1 0 1 1 0 0 0 0 1 1 0 0 1 0 0 0 1 1 0 0 0 0 0 1 0 0 
0 0 1 1 0 1 1 1 0 1 0 1 0 1 1 0 1 0 1 1 1 1 1 1 0 1 0 0 1 0 1 0 1 1 1 1 0 1 0 0 1 1 1 0 1 0 0 0 1 0 1 0 1 0 0 1 0 0 0 0 0 1 1 0 0 0 0 1 1 1 1 1 1 1 0 1 0 0 1 0 0 0 1 1 0 0 1 0 0 1 1 1 0 0 0 1 1 1 0 0 1 0 0 1 0 1 0 0 0 0 0 1 0 1 1 1 0 0 1 0 1 0 0 1 1 0 0 1 1 1 1 1 0 0 0 0 1 0 0 1 1 0 1 0 1 0 0 0 0 1 1 1 1 1 1 1 1 0 1 1 0 0 0 0 0 1 44 1 1 1 0 0 0 0 1 1 1 1 1 0 0 0 0 0 0 0 0 0 1 0 1 0 1 0 0 1 0 1 1 1 
1 0 0 0 0 1 1 0 1 1 0 1 0 1 1 1 1 1 0 0 1 1 1 0 1 1 1 0 0 0 1 1 0 0 0 0 1 1 0 1 1 1 0 0 1 1 0 0 0 1 0 0 1 1 0 1 0 0 1 0 1 0 0 0 0 1 0 1 1 1 1 0 1 0 0 0 1 0 1 0 1 1 0 0 1 1 0 1 0 0 1 1 0 0 0 1 1 1 1 1 0 1 0 1 1 0 0 0 0 1 0 1 1 0 1 0 0 1 0 0 1 1 0 1 1 1 0 0 0 1 1 1 0 0 1 0 0 1 1 0 1 0 0 0 1 0 1 0 0 0 1 1 0 0 0 1 0 0 1 1 0 1 0 0 1 1 1 59 1 0 0 1 0 1 1 1 1 0 1 1 0 1 0 0 1 1 1 0 0 0 1 1 1 0 0 0 1 1 1 0 
1 1 1 1 0 1 0 1 0 1 1 1 0 0 0 0 0 1 0 1 1 0 1 1 0 1 1 1 1 0 0 0 0 0 1 1 1 1 0 0 1 0 1 1 0 1 0 1 1 0 0 1 1 1 0 0 0 0 0 0 0 1 1 1 0 0 1 0 0 0 0 1 0 0 1 1 1 1 0 0 0 0 1 1 1 1 1 0 0 1 0 0 0 0 0 1 1 1 1 0 1 0 1 0 1 1 0 0 1 1 1 1 0 1 0 1 1 1 1 1 0 0 1 1 1 0 0 0 0 1 1 1 0 0 0 1 0 1 0 0 0 1 0 0 0 1 1 1 1 0 1 1 1 0 0 0 1 1 1 1 0 0 1 0 0 0 0 1 21 1 0 0 1 0 1 1 0 1 1 0 0 0 0 1 0 1 1 1 0 0 0 0 0 1 0 0 1 0 0 1 
0 1 0 1 1 0 0 0 1 0 0 0 1 1 0 1 1 0 1 0 1 1 1 0 0 1 0 0 0 1 1 0 1 0 0 0 1 0 1 1 0 1 1 1 0 0 1 1 0 1 1 1 0 0 1 0 0 1 0 0 1 0 0 0 1 0 1 0 1 0 1 1 0 0 1 0 1 1 1 0 0 0 1 0 1 0 0 1 0 1 1 1 0 0 1 1 0 1 0 0 0 1 1 0 1 1 0 0 1 1 0 1 0 0 0 1 1 0 0 1 1 0 0 0 0 0 1 1 1 0 1 1 0 0 0 1 1 1 0 0 1 0 1 1 0 0 1 0 0 0 1 1 0 1 1 1 0 1 0 1 1 1 1 0 1 0 1 1 0 52 1 1 0 1 0 1 1 1 1 0 0 1 0 0 1 1 1 1 1 0 1 1 0 0 0 1 1 1 1 1 
1 0 0 0 0 1 1 0 1 0 0 1 1 0 1 1 1 1 1 1 0 0 1 1 0 0 1 1 0 0 0 1 0 1 0 0 0 1 1 1 0 1 0 1 1 1 0 1 1 1 0 1 1 0 1 1 0 1 1 1 0 0 1 0 1 1 0 0 0 0 0 0 0 0 1 1 0 1 0 1 0 1 1 1 0 0 0 1 0 0 0 1 1 1 0 0 1 0 0 0 1 0 1 0 0 0 0 1 0 0 0 1 1 1 1 1 0 0 1 0 1 0 0 1 0 1 1 0 0 1 1 0 0 1 0 0 1 1 0 0 1 1 0 0 1 0 0 1 1 1 0 1 0 0 0 1 1 1 0 0 1 1 1 0 1 1 0 0 0 1 95 1 1 0 1 1 0 1 1 0 0 1 1 0 0 1 0 0 1 0 0 1 1 1 1 0 1 0 0 1 
0 0 1 1 1 0 1 0 1 1 1 1 1 1 1 1 1 1 1 0 1 0 0 1 0 0 0 0 1 1 0 0 0 0 1 1 1 1 1 1 0 1 0 1 0 1 1 1 0 1 0 1 0 0 0 0 0 0 1 0 0 0 0 0 1 0 1 1 1 1 0 0 0 1 0 1 1 0 0 1 1 0 1 0 0 0 0 0 0 0 0 1 1 1 1 1 0 0 0 1 1 1 0 0 1 1 1 0 0 0 0 1 1 0 0 0 0 0 0 0 1 1 0 1 1 0 1 1 0 1 1 0 1 1 0 1 1 0 1 0 0 0 1 1 0 1 0 0 0 1 1 1 0 0 0 1 0 0 1 0 0 0 0 0 0 1 0 1 0 1 0 44 1 0 0 0 1 0 0 1 0 0 0 0 0 0 1 1 1 0 0 0 0 1 1 0 0 0 1 0 
0 0 1 0 0 0 0 0 0 1 0 1 1 1 1 1 1 0 1 1 0 1 0 0 0 0 1 0 1 1 0 1 1 1 1 1 0 0 1 0 1 0 1 1 1 1 1 0 0 0 1 0 1 1 1 1 0 1 1 0 0 1 1 0 0 1 1 0 0 0 0 1 0 0 1 0 0 0 1 0 0 1 0 1 0 1 0 0 0 1 1 1 1 1 1 1 1 0 0 1 0 0 0 0 1 0 1 1 1 1 0 1 0 1 1 0 1 0 0 1 1 0 1 0 0 0 0 1 1 1 1 1 0 0 0 0 0 0 0 1 1 0 0 1 0 0 1 0 1 1 0 1 1 1 0 1 1 0 0 1 0 1 1 0 1 0 1 1 1 0 1 1 42 0 0 1 0 0 1 0 1 0 1 0 1 0 1 0 0 0 0 1 0 0 1 0 1 0 1 1 
1 0 0 0 0 0 0 1 0 1 0 1 0 1 1 1 1 0 1 1 1 0 1 1 0 1 0 1 1 1 1 1 1 1 1 0 0 0 1 1 0 0 0 1 1 0 0 1 1 1 0 1 1 0 0 0 0 1 1 1 0 1 0 0 1 0 0 0 1 0 1 0 1 1 0 1 1 1 1 0 0 1 0 0 0 0 1 0 1 1 1 1 1 1 1 1 1 0 0 1 1 0 1 0 1 0 0 0 0 0 1 1 0 1 1 1 0 1 1 0 0 1 0 0 1 1 1 1 1 1 1 1 0 1 0 1 0 1 0 1 0 1 1 0 1 1 1 0 0 1 1 1 0 0 1 1 0 1 1 1 1 0 1 0 1 0 0 1 1 1 0 1 1 20 1 1 0 0 0 0 1 0 0 0 1 0 0 1 0 1 1 0 1 0 0 1 0 0 1 1 
1 0 1 1 1 1 1 1 0 1 1 0 0 1 1 1 1 0 0 1 0 1 0 1 1 0 1 1 1 1 1 0 0 0 1 1 1 1 1 1 0 0 1 1 0 1 1 1 0 1 0 1 1 1 0 1 0 0 0 0 1 0 1 0 0 1 1 0 0 0 0 1 1 0 0 0 0 1 1 0 1 1 1 0 0 0 1 0 1 1 0 1 0 1 1 1 1 1 0 0 0 1 1 1 1 1 1 0 0 0 1 1 1 1 1 0 1 1 0 0 0 0 1 0 0 0 1 1 0 0 1 1 0 1 0 1 1 0 0 0 0 1 0 0 0 1 0 1 1 1 1 0 1 0 1 1 1 1 1 0 0 1 0 1 1 0 1 1 1 1 0 0 1 1 61 0 0 0 0 1 1 1 1 1 0 0 1 0 1 1 1 0 0 1 1 0 1 0 1 0 
0 0 1 1 0 0 1 0 0 1 1 1 0 1 1 1 1 1 1 1 1 1 1 1 0 0 0 1 1 0 0 1 0 0 1 1 0 1 0 0 0 0 1 0 0 1 0 1 1 1 1 0 1 0 0 0 0 0 1 1 0 0 1 1 0 1 0 0 1 1 1 0 1 1 1 1 1 0 0 0 1 0 1 1 1 1 1 0 1 0 0 0 1 1 1 1 1 0 1 1 1 1 0 1 1 0 0 0 1 1 0 0 0 1 0 1 1 0 1 1 1 1 0 1 0 1 0 1 1 0 1 0 0 1 1 1 0 1 1 1 1 0 1 1 0 0 1 1 1 1 1 0 0 1 0 1 1 1 0 0 0 0 0 0 0 0 1 0 1 1 0 0 1 1 0 78 1 0 1 0 0 1 1 1 0 0 1 0 1 1 1 0 0 0 1 1 0 0 0 1 
1 0 0 1 0 1 1 1 1 1 1 1 0 0 1 0 0 0 1 1 0 1 1 1 1 1 1 0 1 1 1 1 0 0 0 1 1 1 0 1 0 0 0 0 1 1 1 0 0 0 0 1 0 1 1 0 1 1 0 1 1 0 0 1 1 1 1 1 1 0 1 1 1 0 1 1 1 0 1 0 0 1 0 0 0 1 1 1 0 0 0 0 0 0 0 0 0 1 0 0 1 0 1 1 0 0 1 0 0 1 1 1 0 0 1 1 1 0 1 1 0 0 0 1 1 1 1 0 0 0 1 0 0 0 0 1 0 0 1 0 1 0 1 1 1 1 0 0 0 1 1 1 1 0 0 1 1 1 1 0 1 0 1 1 1 0 1 1 0 0 0 1 1 1 0 1 4 1 1 1 1 1 1 0 0 0 0 0 1 1 0 1 1 1 0 0 1 0 1 0 
0 0 1 0 1 0 0 0 0 1 0 0 1 1 0 0 1 1 1 0 1 0 0 0 0 0 1 0 1 0 0 1 0 0 1 1 1 0 1 0 1 0 1 1 1 0 0 1 0 1 1 1 1 1 1 1 0 1 1 1 1 0 1 1 1 1 1 1 1 0 1 1 1 1 0 0 1 0 1 0 1 1 0 1 1 1 1 0 0 1 1 0 0 1 1 0 0 1 1 1 1 1 1 0 1 1 1 0 0 1 0 1 1 1 0 1 0 1 0 0 1 0 1 1 1 0 0 1 1 0 0 0 0 1 0 0 1 0 1 1 0 0 1 0 0 0 1 0 0 0 1 0 1 1 1 0 0 0 0 0 1 0 0 1 0 1 0 1 1 0 1 1 0 0 1 0 1 16 1 0 0 0 0 1 0 0 0 1 1 0 0 0 0 1 1 1 0 0 0 0 
0 1 0 0 0 0 1 0 1 0 1 0 0 1 1 0 0 1 1 1 1 1 0 0 0 0 0 0 0 1 1 1 0 0 1 1 0 1 0 0 1 0 1 0 0 1 0 0 0 1 0 1 0 0 1 0 0 1 1 0 0 1 0 0 0 0 1 0 1 0 0 1 1 1 1 0 1 0 1 1 1 0 1 1 1 0 1 0 0 0 1 1 0 0 0 0 1 0 0 1 1 0 0 1 1 1 0 0 1 0 1 0 1 1 0 0 1 1 1 1 1 0 1 1 1 1 1 1 1 0 0 1 1 0 1 1 0 1 1 1 1 0 0 1 0 0 1 0 1 0 0 0 1 0 1 0 0 1 0 1 0 1 1 0 0 1 1 0 1 1 1 1 1 1 0 1 0 1 40 0 0 1 1 1 1 0 0 1 1 1 1 0 0 0 0 1 1 1 0 0 
0 0 0 1 1 1 0 0 1 1 0 0 1 1 0 1 0 1 1 0 1 0 0 1 1 0 1 0 1 0 1 0 0 0 1 0 0 1 0 1 1 0 1 0 0 0 0 1 0 0 1 0 1 1 1 1 1 0 1 0 1 0 1 0 1 1 0 1 0 1 1 0 0 1 1 1 1 0 1 0 1 0 0 1 0 0 1 0 0 1 1 0 1 0 0 0 0 0 1 0 1 1 1 1 1 0 1 1 1 1 1 0 1 1 1 0 1 1 1 1 1 1 0 1 0 0 0 0 0 0 1 0 0 1 0 1 0 0 0 0 0 0 1 0 1 0 0 0 1 0 0 0 0 1 1 1 0 1 1 1 0 0 0 0 1 0 0 0 0 0 0 1 0 0 0 1 0 1 0 20 0 0 0 1 0 1 0 1 0 0 1 1 0 0 0 0 0 1 1 0 
0 0 0 1 1 0 0 0 0 1 0 0 1 1 0 0 1 1 1 1 0 0 1 0 1 1 1 0 1 1 1 1 0 1 0 1 1 0 0 1 0 0 0 1 1 0 0 1 1 1 1 0 0 1 1 1 0 1 0 0 1 1 1 0 1 1 1 1 1 0 0 0 1 0 1 1 1 1 0 0 0 1 0 0 0 0 0 1 0 1 1 1 1 1 0 0 0 0 0 0 1 0 1 1 1 0 0 0 0 0 1 1 0 0 1 0 0 1 0 0 0 0 1 0 1 1 1 0 0 0 0 1 0 0 1 0 0 1 1 1 0 1 1 0 1 1 1 1 0 1 1 0 1 0 1 1 0 0 0 1 0 1 0 1 1 1 0 0 0 0 1 1 0 1 1 1 0 0 0 1 16 1 1 1 0 1 1 0 1 0 0 0 0 0 0 1 1 1 1 1 
0 1 0 1 1 1 0 1 1 0 0 1 0 0 1 1 1 1 0 1 0 1 0 0 1 1 0 1 1 1 0 0 1 1 1 1 1 0 1 0 0 1 1 1 0 1 0 1 0 0 0 0 1 0 0 1 0 0 1 1 0 1 1 1 1 0 1 0 1 1 0 0 0 0 1 1 0 1 1 1 1 0 1 0 0 1 1 1 0 0 1 1 0 1 0 0 0 0 1 1 1 0 1 1 1 0 0 0 1 0 0 0 0 1 1 0 0 0 1 1 1 0 1 0 0 0 1 1 1 1 1 0 0 0 1 1 0 0 0 1 0 0 0 1 0 0 0 0 1 1 0 1 1 1 1 0 1 0 0 0 1 0 1 0 0 1 0 0 1 0 1 0 1 0 0 1 1 1 1 0 1 81 1 1 1 1 0 0 0 0 1 0 1 0 0 0 0 1 1 0 
1 1 0 0 0 1 0 1 1 1 0 1 1 0 0 0 0 0 1 1 1 0 0 0 0 0 1 0 1 0 1 0 1 0 0 1 1 0 0 1 0 1 1 0 0 0 0 1 1 0 1 1 1 0 1 1 1 1 1 0 1 0 0 0 0 0 0 1 0 1 0 1 1 0 1 0 0 1 1 1 1 1 0 0 1 0 0 0 0 1 0 1 0 1 0 1 1 1 0 1 1 1 0 0 1 0 0 1 1 0 1 1 1 1 1 1 0 0 0 1 1 0 0 1 1 0 0 0 0 0 1 1 1 1 1 0 0 1 1 0 0 0 1 0 0 0 0 0 0 0 0 0 1 1 1 0 1 0 1 1 0 0 0 1 0 1 0 1 1 0 1 0 1 1 0 0 0 0 1 1 0 0 88 1 1 1 0 1 1 0 1 1 0 0 1 0 0 0 0 0 
1 1 1 0 1 0 0 1 1 1 0 0 0 0 1 0 0 1 0 1 0 0 0 1 1 0 0 1 1 0 0 1 1 1 0 0 0 1 1 0 0 1 1 0 0 0 1 1 0 0 0 1 0 0 0 0 1 1 1 1 1 1 1 0 1 0 0 1 0 1 0 1 0 1 0 1 1 0 1 1 0 0 0 0 1 0 0 0 0 0 0 0 0 1 1 1 0 1 0 0 1 0 1 0 0 0 1 1 0 1 0 0 0 0 1 1 1 1 0 1 1 0 1 1 1 1 1 1 0 0 1 0 1 1 1 0 0 1 0 0 0 0 1 0 1 1 1 0 0 0 1 1 1 0 0 0 1 1 0 1 1 0 0 1 1 1 0 1 0 0 0 0 0 1 1 0 0 0 0 1 0 1 1 39 1 1 0 1 0 1 1 1 1 1 1 1 1 0 1 0 
0 1 1 1 1 1 0 1 0 1 1 1 1 0 0 0 0 1 1 0 0 1 1 0 0 0 1 1 1 0 0 0 0 1 1 1 0 0 0 1 0 0 0 0 0 1 0 0 0 1 0 1 1 0 1 0 0 0 1 1 0 1 1 1 1 0 1 1 0 1 0 0 0 1 0 0 1 0 0 1 1 0 1 1 0 1 0 1 1 1 0 1 1 1 1 1 0 0 1 0 1 1 1 1 0 1 1 1 0 0 0 0 1 1 1 0 0 0 1 1 0 1 0 0 1 1 0 1 1 1 0 1 1 1 1 0 1 0 1 0 1 0 1 0 1 1 0 1 1 0 0 0 1 1 0 0 0 1 0 1 0 0 1 1 0 1 0 1 1 0 1 1 1 1 1 1 1 1 0 0 1 0 0 0 19 0 0 1 1 1 0 0 1 1 1 1 1 0 1 1 
0 1 1 1 1 0 0 1 0 1 1 0 1 0 1 0 1 1 1 0 1 0 1 0 1 0 1 1 0 0 0 1 0 0 0 0 1 0 0 1 1 0 0 0 0 1 1 0 1 0 0 0 1 0 0 1 1 1 1 1 0 1 0 0 0 0 0 0 1 1 1 0 1 0 0 1 0 0 0 0 0 0 1 0 0 0 1 0 0 0 1 1 1 1 1 0 1 0 0 1 1 0 0 0 1 0 1 1 0 1 1 1 0 0 0 0 0 0 1 0 0 0 1 0 1 1 0 1 1 1 1 0 1 1 1 0 1 1 1 1 0 1 1 0 0 0 0 0 1 1 0 0 0 1 1 1 1 1 0 1 1 0 1 0 1 0 1 1 1 1 0 1 1 0 1 0 0 0 0 0 1 0 1 0 0 58 1 0 1 1 0 1 0 0 1 0 0 1 1 0 
1 0 0 0 1 0 1 1 0 0 1 1 0 1 1 0 0 0 1 0 0 0 1 0 1 0 0 1 0 0 1 1 0 1 1 0 0 0 1 0 1 1 0 1 1 0 0 0 1 0 1 0 1 0 1 1 1 1 1 0 1 0 1 0 0 1 1 1 0 0 0 1 0 0 1 0 1 1 0 1 0 1 0 1 0 0 1 1 1 0 0 0 1 0 0 0 0 1 1 0 1 1 0 1 1 0 1 1 1 0 1 0 1 1 1 0 1 0 0 0 0 1 0 1 1 0 0 0 1 0 1 0 0 0 0 0 1 1 0 1 1 0 1 1 0 1 0 0 1 1 0 0 0 1 1 0 1 1 0 0 1 1 1 0 0 1 0 1 1 1 0 0 0 1 0 1 0 1 1 0 0 0 0 0 1 1 63 0 1 0 0 0 1 0 0 0 1 1 0 0 
1 1 1 1 1 1 0 0 0 1 1 1 0 1 0 1 1 0 1 1 1 0 0 1 0 0 1 1 0 0 0 0 1 0 1 0 1 1 1 0 0 1 0 0 0 0 1 0 1 0 1 1 0 1 0 1 0 1 0 1 1 1 1 0 0 1 0 1 1 1 1 0 0 0 1 0 0 0 0 0 0 0 1 0 1 0 0 0 0 1 1 1 1 0 0 1 1 1 0 0 0 0 0 0 0 1 0 0 0 0 1 0 0 1 1 0 1 1 1 1 1 1 0 0 1 1 0 0 0 1 0 1 1 0 0 1 1 0 1 0 1 1 1 1 0 1 0 1 1 1 0 0 1 0 1 1 0 0 0 0 0 1 0 0 1 0 0 1 1 0 1 0 1 1 1 1 1 0 1 0 0 0 0 1 0 1 0 50 0 1 0 0 1 1 1 1 0 1 1 0 
0 1 0 0 0 1 0 0 0 0 0 0 1 1 0 1 0 0 0 0 1 1 1 0 1 0 1 0 1 0 0 0 0 0 0 0 0 1 0 1 0 0 1 1 1 0 1 0 0 0 1 0 1 1 1 1 0 1 1 0 0 1 0 0 0 1 1 1 1 1 0 1 1 0 1 1 0 1 1 0 0 0 1 1 1 0 1 0 1 1 1 1 1 1 0 1 0 0 1 0 0 1 1 1 1 0 0 0 0 1 0 1 1 0 1 1 0 1 1 1 1 0 0 1 0 1 1 1 1 0 1 1 1 0 0 0 1 0 0 0 1 1 1 1 0 0 1 0 0 0 1 0 0 0 1 0 1 0 0 1 1 0 0 1 0 1 1 1 1 1 1 1 0 0 0 1 0 1 1 1 0 1 1 1 0 1 0 0 79 1 1 0 1 0 0 1 1 1 1 0 
0 1 0 1 0 1 0 1 1 0 0 1 1 0 1 1 1 1 1 1 1 0 0 1 1 0 0 0 1 0 1 0 1 1 1 1 1 0 0 1 0 0 1 1 1 1 1 0 0 0 1 1 0 1 1 0 0 1 1 1 1 0 0 1 1 0 0 1 1 1 1 1 0 0 0 0 1 1 0 0 0 0 1 0 1 0 1 1 0 1 1 0 0 1 1 0 1 1 1 1 0 0 1 0 0 0 1 1 0 1 1 1 0 0 0 0 0 1 0 0 1 0 1 0 1 1 1 1 1 0 1 0 0 0 1 0 0 0 1 1 1 1 1 0 0 1 0 0 1 0 1 0 1 1 1 1 0 1 1 1 1 0 1 1 0 1 1 1 0 0 1 0 1 0 0 1 1 1 1 0 0 0 0 1 1 1 0 0 0 56 1 0 0 0 1 1 1 1 1 0 
1 1 1 1 1 1 0 0 0 0 0 0 0 0 1 0 1 0 0 0 0 0 1 1 0 1 1 1 0 0 0 0 1 1 1 1 0 0 0 1 0 1 1 0 1 0 0 0 0 0 1 0 0 1 1 1 0 0 0 0 1 0 1 0 0 1 1 1 1 1 1 0 1 1 1 1 1 1 1 1 1 1 1 0 0 0 0 1 0 0 0 1 1 0 0 1 1 0 0 1 0 1 1 0 0 1 0 1 1 1 0 0 0 0 0 0 1 1 0 0 1 1 1 1 0 0 0 1 0 0 1 1 0 0 1 1 1 0 1 1 0 0 0 1 1 0 0 1 0 0 1 1 0 0 0 0 0 0 1 1 0 1 0 1 0 0 0 1 0 1 0 1 0 1 1 1 1 0 1 1 1 1 1 1 1 1 1 1 1 0 67 1 0 0 1 0 1 1 0 0 
0 1 0 0 0 1 0 1 1 0 0 1 0 0 0 1 0 1 0 0 1 1 1 0 1 1 1 0 0 0 0 0 1 1 0 1 0 0 0 1 0 1 1 1 0 1 1 1 1 0 1 0 1 0 1 1 0 1 0 1 0 0 0 1 1 1 0 1 0 0 1 0 0 0 1 0 1 1 1 1 1 1 1 0 1 1 0 1 0 0 0 0 0 0 1 1 1 1 0 1 0 1 1 0 0 0 1 1 1 0 1 0 1 0 0 1 0 0 1 1 0 1 0 0 1 0 0 0 0 0 1 1 1 1 0 1 0 1 1 0 1 1 0 0 1 0 1 0 0 0 1 1 0 0 1 1 0 1 1 1 0 1 1 1 0 0 0 0 0 0 1 0 1 1 1 1 0 0 1 0 0 0 0 1 1 1 0 1 1 1 0 38 1 0 0 1 1 0 0 1 
0 1 1 1 0 1 1 0 1 1 1 0 1 1 0 1 0 1 1 1 1 0 1 0 0 1 0 1 0 0 0 1 0 1 1 1 1 0 0 0 0 1 0 0 1 0 1 1 0 1 0 0 0 1 0 1 0 0 0 1 0 0 1 1 1 0 0 1 1 1 0 1 1 1 0 0 1 1 1 1 1 0 0 1 1 1 0 0 0 0 1 1 0 1 0 0 1 0 1 0 0 0 1 0 0 0 1 1 1 0 0 0 0 1 1 1 0 0 0 1 1 0 0 0 1 0 0 0 0 0 0 0 1 0 0 0 0 0 1 0 1 0 0 0 0 1 0 0 0 1 1 0 0 0 1 0 0 1 1 0 1 1 1 0 1 0 1 1 1 0 0 0 1 0 0 0 0 1 1 1 1 0 0 1 1 0 1 1 1 0 1 1 59 0 0 0 0 1 1 1 
0 0 1 1 0 0 0 1 0 0 1 1 0 0 0 0 0 0 0 1 0 1 1 1 1 1 1 0 1 1 0 0 1 0 1 1 1 1 1 0 1 1 0 1 1 1 1 0 0 0 1 0 0 1 0 1 1 0 0 1 0 0 0 1 1 1 0 0 1 0 1 1 1 0 1 1 0 1 1 0 1 1 0 1 1 0 0 1 0 1 1 1 1 1 1 1 1 1 0 1 0 1 1 0 1 1 0 0 1 1 0 1 0 0 1 1 1 1 0 0 0 1 0 0 0 1 1 0 1 0 1 1 0 0 0 1 1 1 0 0 1 0 1 0 0 0 0 0 1 0 1 0 1 0 0 0 0 1 0 0 1 0 1 0 1 0 1 1 1 0 1 0 1 1 1 0 1 1 0 0 1 1 1 0 0 1 1 1 0 0 1 0 1 85 1 0 0 0 0 0 
1 0 1 1 1 0 0 0 1 1 1 0 0 1 1 0 0 0 1 1 0 1 1 0 1 0 0 1 0 0 1 1 0 0 0 0 0 0 0 0 0 0 0 1 1 0 0 1 0 0 1 0 0 1 1 1 0 1 0 1 1 1 1 1 0 0 1 0 1 0 1 0 1 0 1 0 1 0 0 1 0 0 0 1 0 0 0 1 0 1 0 0 1 0 1 1 1 1 1 0 1 1 1 1 0 1 1 1 0 0 1 0 0 0 0 0 0 0 1 1 0 0 1 1 0 0 0 1 0 1 0 1 0 0 1 0 1 1 1 0 0 1 0 0 0 0 1 1 1 0 1 0 0 1 1 1 0 1 1 1 1 1 1 0 1 1 0 1 0 0 0 0 0 1 1 0 1 1 0 1 0 1 1 1 0 1 0 1 0 0 1 0 0 1 90 1 0 1 1 1 
1 0 0 1 1 0 1 0 0 1 0 1 1 0 1 0 1 1 1 0 1 1 0 0 0 0 1 1 1 0 0 0 1 0 0 0 0 0 0 1 0 1 0 0 1 0 0 0 1 1 1 0 0 1 1 0 0 1 0 1 1 0 1 0 0 0 0 0 1 1 1 1 0 0 1 0 0 0 0 0 1 1 0 1 1 1 1 0 1 0 0 0 0 1 1 0 0 1 0 0 1 0 0 0 0 1 1 1 1 1 1 1 1 1 1 1 0 0 1 0 0 0 1 0 1 0 1 1 0 1 0 0 0 0 0 0 0 0 1 0 0 0 0 1 0 1 0 1 1 1 1 0 0 1 0 1 0 1 1 0 1 1 0 1 0 0 0 0 1 0 1 0 1 0 0 1 0 1 0 1 0 1 1 0 1 0 1 0 1 0 0 1 0 0 0 83 1 1 1 0 
0 0 1 1 0 0 0 0 1 1 1 0 0 1 1 0 0 1 0 0 0 1 1 1 1 1 1 0 0 1 1 1 0 0 1 0 1 1 1 0 1 0 1 0 1 1 1 1 0 0 1 1 1 0 1 0 1 0 1 1 0 0 0 0 1 1 1 1 1 0 0 0 0 1 1 0 0 1 0 1 1 1 0 0 0 0 1 1 0 0 1 1 0 1 1 0 0 1 0 1 1 0 1 1 0 1 1 1 1 1 1 1 0 1 1 1 0 0 1 1 1 1 1 0 0 0 0 1 1 1 0 0 1 1 1 0 0 0 1 0 1 0 0 1 1 0 0 0 0 0 0 0 0 1 0 1 0 1 1 1 0 0 0 1 1 1 0 0 0 0 0 0 1 1 1 1 0 1 1 1 1 0 0 0 0 0 0 1 1 1 0 0 0 1 1 0 20 1 1 1 
0 1 1 0 1 1 0 0 1 0 0 1 0 1 0 1 0 0 0 1 0 0 0 0 1 0 1 1 1 1 1 1 1 0 1 0 0 1 0 0 0 0 1 0 1 0 1 0 0 0 1 1 1 0 0 0 0 1 1 1 1 1 1 1 0 0 1 0 0 0 1 1 1 0 0 1 0 1 1 0 0 0 0 1 1 1 1 0 1 0 0 1 1 1 0 0 1 0 1 0 0 1 1 1 0 1 1 0 1 1 0 0 1 0 1 1 0 1 1 0 1 1 1 1 1 1 1 1 1 0 0 1 0 0 1 0 1 0 1 1 1 1 0 0 1 0 0 1 1 0 0 1 0 1 0 1 0 0 0 0 0 1 1 1 0 0 1 0 0 1 0 0 0 0 0 1 1 0 0 1 0 1 1 0 1 0 0 1 0 1 1 1 1 1 1 0 1 75 0 0 
1 0 1 0 0 0 1 0 0 1 1 1 0 0 1 1 0 1 1 0 0 1 0 1 0 1 0 1 1 0 1 0 1 0 1 0 1 1 1 0 0 1 0 0 0 1 1 0 1 0 1 0 1 1 1 1 1 1 0 1 0 1 1 1 0 0 1 0 0 1 0 1 0 0 0 0 0 1 0 1 1 0 0 0 1 1 1 0 1 1 1 1 0 0 0 1 1 0 1 1 0 1 1 1 0 1 0 1 1 1 1 0 0 0 0 0 1 1 0 1 1 0 0 1 1 0 1 1 0 0 1 0 0 1 1 0 1 0 1 1 0 0 1 0 0 0 0 0 1 1 1 1 0 0 1 0 0 0 0 0 1 1 0 0 1 0 0 1 1 1 1 1 0 1 0 0 1 1 1 1 0 0 1 0 1 0 1 1 1 0 1 0 0 1 0 0 1 0 88 0 
0 1 1 0 0 0 1 0 0 1 0 0 0 1 1 1 1 1 0 1 1 1 0 0 1 1 1 1 0 1 0 0 1 1 0 1 1 0 0 1 1 0 1 1 0 1 1 1 1 0 1 1 0 0 1 1 0 0 0 0 1 0 1 1 1 1 1 0 1 1 0 1 1 1 1 1 0 1 0 0 1 1 1 0 0 1 0 1 1 0 0 1 0 0 1 0 0 0 1 0 1 1 1 0 0 1 0 0 0 1 1 1 0 1 0 1 0 1 1 0 1 1 1 0 1 0 0 0 0 0 1 0 0 0 0 1 1 1 0 1 1 1 0 0 1 0 1 0 1 1 0 1 0 1 1 1 1 1 1 1 0 0 0 1 0 1 1 0 0 0 0 1 0 1 0 1 1 1 0 0 0 1 0 0 0 0 1 1 1 1 1 0 1 0 1 1 0 1 0 31 
