80
13 0 1 1 1 1 1 1 0 0 0 0 0 1 1 1 0 1 1 1 0 0 0 1 0 1 0 0 1 1 1 1 1 0 0 0 1 1 0 0 0 0 0 1 1 0 1 0 1 0 1 0 1 1 1 0 1 1 0 0 0 1 0 1 1 1 0 1 1 0 0 0 1 0 0 1 0 1 0 0 
1 23 1 0 0 1 1 1 0 0 0 0 0 0 0 1 1 0 0 1 1 0 0 0 1 1 0 0 0 1 1 1 0 1 0 0 1 1 0 0 1 0 1 1 0 0 1 0 0 0 0 1 1 1 0 1 1 1 0 0 0 0 1 0 0 1 1 0 0 1 1 0 0 0 1 0 0 0 0 0 
0 0 17 1 0 0 1 1 1 1 0 0 0 0 0 0 1 0 0 0 0 0 0 0 1 1 1 0 1 0 1 1 1 0 1 0 0 1 1 1 1 0 0 0 1 1 1 1 1 1 1 1 0 1 0 1 1 1 0 0 1 0 0 1 0 0 0 1 1 0 0 1 1 1 1 0 0 0 0 0 
1 1 1 34 1 0 0 0 1 0 0 0 1 0 0 0 0 1 0 0 0 1 0 0 1 1 0 0 0 0 0 1 1 1 1 1 0 0 1 1 0 0 0 0 1 0 0 0 0 1 1 0 1 1 1 1 1 0 1 1 0 1 0 0 0 0 1 1 0 0 0 0 0 1 1 1 1 1 0 1 
0 0 1 0 4 0 0 1 0 1 0 1 1 1 0 0 0 1 1 1 0 1 1 0 1 0 0 0 1 0 0 1 1 0 0 1 1 0 0 0 1 0 0 0 0 1 1 0 1 0 1 1 0 1 0 0 1 1 1 1 1 0 0 1 0 1 0 0 0 0 0 1 1 0 0 1 0 1 0 0 
1 0 0 0 0 45 0 0 0 0 0 0 0 1 1 1 1 1 0 0 1 0 1 0 1 0 1 0 1 0 0 0 1 1 1 0 0 1 1 1 0 0 1 0 1 1 0 1 0 1 1 0 0 0 1 0 1 0 0 0 1 0 0 1 0 1 1 0 0 1 1 1 0 1 1 0 0 1 0 1 
0 1 1 1 0 0 2 0 1 0 0 1 1 0 0 1 1 0 0 0 1 1 1 0 0 0 1 0 1 0 1 1 0 0 0 1 0 0 0 1 1 0 1 1 0 0 0 1 1 1 1 0 0 1 1 1 0 1 0 1 1 0 1 0 1 1 0 0 1 0 0 0 1 0 0 0 0 0 0 0 
1 0 0 1 1 1 1 18 1 1 1 0 1 1 0 0 1 1 1 1 0 0 1 1 1 0 1 1 0 0 1 1 0 1 1 1 1 1 0 0 0 1 1 0 0 1 0 1 1 0 1 0 0 0 0 1 1 1 0 1 1 0 1 1 1 0 0 1 0 0 0 0 0 1 0 1 1 1 1 0 
0 0 0 0 1 0 0 0 29 1 0 1 1 1 0 1 1 1 1 0 0 1 0 0 1 1 0 1 1 1 1 1 0 1 1 0 0 1 1 0 1 0 0 0 0 0 0 1 1 0 0 0 0 1 0 0 0 0 0 0 0 1 0 0 1 1 1 0 1 0 0 0 1 0 0 0 0 1 0 0 
1 0 1 0 0 1 1 0 1 5 1 0 1 0 0 1 1 0 0 1 0 0 0 0 0 1 0 0 0 0 0 0 0 1 0 1 0 1 0 1 1 1 1 1 0 0 0 0 0 1 0 1 0 0 1 0 1 1 0 1 0 0 0 1 1 0 1 1 1 0 1 1 0 1 0 0 0 1 1 0 
0 1 0 0 0 1 0 1 1 0 70 1 0 1 0 1 1 0 0 0 1 1 1 0 0 1 1 1 1 0 1 0 0 1 1 0 0 0 0 1 0 0 1 1 1 1 1 1 1 1 0 0 0 1 0 1 1 1 1 1 1 0 0 1 0 0 1 0 1 1 1 1 0 0 1 1 0 1 0 0 
0 1 1 1 1 1 0 0 1 0 0 31 0 0 0 0 0 1 0 1 1 0 0 0 0 0 0 1 0 1 0 0 1 0 1 0 0 0 0 0 1 1 0 0 1 1 1 0 0 1 1 0 1 0 1 0 0 0 0 1 1 0 0 1 1 0 1 0 0 1 1 1 0 0 0 1 0 0 0 1 
1 1 0 0 0 0 1 1 0 1 0 0 1 0 0 0 0 1 1 0 0 0 0 1 1 1 0 0 1 1 1 0 1 1 0 1 1 0 1 0 0 1 1 0 0 1 1 0 1 0 0 1 1 1 0 1 0 1 0 1 0 0 1 1 0 0 0 0 1 1 0 1 0 1 1 0 0 1 1 0 
0 1 0 0 0 0 1 1 1 1 0 0 1 3 0 1 0 0 0 0 1 1 1 1 1 1 1 0 1 1 1 1 0 0 0 0 1 0 0 0 0 0 0 1 1 0 0 0 0 0 0 0 0 0 0 0 1 0 1 0 1 1 0 1 0 1 1 0 0 1 1 1 0 1 0 1 0 0 1 0  
1 1 1 0 1 0 1 1 1 1 1 1 1 1 7 1 0 1 0 1 0 0 0 1 0 1 1 0 1 1 0 0 0 1 0 0 0 1 1 1 0 0 0 1 0 0 0 0 1 1 1 1 0 0 1 1 0 0 0 1 0 1 1 0 1 0 1 0 0 1 1 1 0 1 1 0 0 0 0 1 
0 0 1 1 0 0 1 1 0 0 1 1 0 1 1 67 0 1 1 0 1 0 1 1 1 0 0 1 0 1 1 1 0 0 0 0 0 0 0 1 0 0 1 1 1 0 1 0 1 1 1 1 1 0 0 0 1 1 0 1 0 0 1 0 0 0 0 0 0 0 1 0 0 0 1 0 0 1 1 1 
1 1 0 1 1 1 0 1 1 0 1 0 1 0 0 1 99 1 1 0 0 0 0 0 0 0 0 0 1 0 1 0 1 1 1 1 0 0 1 1 0 1 0 0 0 0 1 1 0 0 1 1 0 1 1 1 1 1 0 0 0 0 1 1 0 1 0 1 0 0 1 1 0 1 1 0 1 1 1 0 
1 1 0 1 1 1 1 1 0 0 1 1 0 0 1 0 0 60 0 1 1 1 0 1 0 0 0 0 0 0 1 0 1 0 1 1 0 0 0 1 1 1 1 1 0 1 0 0 1 0 1 1 0 1 1 1 0 0 1 0 1 0 0 0 0 0 0 1 1 0 0 1 0 1 0 1 1 0 1 0 
1 0 0 1 0 1 1 1 0 0 1 1 1 0 1 0 1 1 26 1 1 1 0 1 1 0 0 0 1 0 0 1 1 1 0 1 1 1 0 0 1 0 0 1 0 0 1 0 0 0 1 1 0 0 1 0 1 0 1 0 0 1 0 1 0 1 1 1 1 0 1 1 0 1 1 0 0 1 0 1 
0 1 0 0 1 0 1 1 0 1 0 0 0 1 1 0 0 1 1 78 0 0 0 1 1 1 0 1 0 0 0 1 0 1 0 0 1 0 1 1 1 0 1 0 1 1 0 1 0 0 0 0 1 0 1 0 0 0 0 0 1 0 1 1 1 0 0 0 0 0 1 1 0 0 1 1 1 0 1 1 
0 1 0 1 0 0 0 0 1 0 1 0 1 1 0 1 1 1 0 0 29 0 1 1 0 0 0 1 0 1 0 1 1 0 0 0 1 0 0 0 0 1 0 0 0 0 0 0 1 1 0 0 0 0 0 0 0 0 1 1 0 0 1 1 0 1 0 1 0 0 0 0 1 1 0 0 0 0 0 1 
1 1 1 1 1 0 1 0 1 1 0 1 1 0 0 0 0 0 1 0 1 43 0 1 0 1 0 0 1 1 1 1 0 0 0 0 1 0 1 0 1 1 1 0 0 1 0 0 1 1 1 0 0 0 0 1 1 1 1 0 0 1 0 0 0 0 1 0 1 0 1 0 1 0 1 0 1 1 1 1 
1 0 0 0 1 0 0 1 0 1 1 1 0 1 0 1 1 0 1 1 1 1 61 0 1 1 0 1 1 1 0 0 0 1 1 1 1 1 1 1 1 1 1 1 0 0 0 0 1 1 0 0 1 1 1 1 0 1 1 0 1 0 0 0 1 0 0 1 1 0 0 1 1 0 1 0 1 1 1 0 
1 1 1 0 0 1 1 1 0 0 1 0 1 0 1 0 0 0 0 0 1 1 1 75 1 0 0 1 0 0 1 0 1 0 1 0 0 1 1 0 1 1 0 0 0 0 0 1 1 1 1 1 0 1 1 1 0 1 1 1 1 1 0 1 0 1 0 0 1 0 1 1 1 1 0 0 1 0 0 0 
0 1 0 1 0 1 1 0 0 1 0 0 0 1 1 0 0 1 0 1 0 1 1 1 80 0 1 1 1 0 0 0 0 0 0 1 1 0 1 1 0 1 0 0 0 1 0 1 0 0 0 0 0 0 0 1 0 0 0 0 1 1 1 0 1 1 0 0 0 1 1 1 1 0 1 1 0 1 1 1 
1 1 1 1 1 0 0 0 0 1 0 0 0 0 0 0 0 0 0 1 0 1 0 1 1 88 0 0 1 0 0 0 0 0 1 0 1 0 1 1 0 1 0 0 1 0 1 0 0 1 0 1 1 1 0 0 0 0 1 0 1 1 0 0 1 1 0 0 0 0 1 1 0 0 0 1 0 0 1 0 
0 1 1 1 1 1 1 1 0 1 1 1 1 0 0 0 1 1 1 0 0 0 0 1 0 1 90 1 0 1 1 0 0 1 1 0 1 1 1 0 1 0 1 1 0 0 1 0 1 1 0 0 1 1 0 0 0 1 1 1 0 0 1 0 0 0 0 0 0 1 0 1 1 0 0 1 1 1 0 1 
0 1 0 1 0 0 0 1 0 1 1 1 1 1 1 1 0 0 1 0 0 0 1 0 1 0 1 97 1 0 0 0 0 1 0 1 1 1 0 1 0 1 0 0 1 1 0 1 1 0 1 1 1 1 1 0 0 1 0 1 0 0 1 0 1 1 1 1 1 1 0 1 1 0 1 1 1 1 0 0 
1 1 0 1 1 1 0 0 0 0 1 1 0 0 1 1 1 1 1 1 1 1 0 0 0 1 0 0 7 0 0 0 1 1 1 0 0 1 1 0 1 1 0 1 0 1 0 1 1 1 1 1 1 1 1 0 0 0 0 0 1 0 0 0 0 0 0 0 1 1 1 1 1 1 1 1 0 1 1 1 
1 0 0 1 0 0 1 1 1 1 0 1 1 1 1 0 0 1 1 0 1 0 1 0 1 0 1 0 0 23 0 0 1 0 1 0 1 0 1 1 1 0 0 1 1 1 0 1 1 1 0 0 1 1 1 1 1 1 0 0 0 0 0 1 1 0 1 0 1 0 0 0 1 1 0 1 0 1 0 1 
1 1 0 1 0 1 1 1 0 0 0 0 0 0 1 1 0 1 0 1 1 0 1 0 0 1 1 0 1 1 52 0 0 1 0 1 0 1 1 0 1 0 0 0 1 1 1 1 0 0 1 1 0 1 0 0 1 1 0 0 0 0 0 0 0 0 0 0 1 0 1 0 0 1 1 0 1 1 0 0 
0 0 1 1 1 1 1 1 0 0 1 0 0 0 0 1 0 0 0 0 0 1 1 0 1 0 1 0 1 1 1 57 1 0 0 1 0 1 0 1 0 0 1 1 0 0 1 0 1 1 1 1 1 0 0 0 0 1 1 0 0 1 1 0 1 1 0 1 0 1 1 0 1 1 0 1 0 1 1 1 
0 1 0 0 1 0 1 0 1 1 1 0 1 1 1 1 0 1 1 0 0 1 1 0 0 0 1 0 1 1 0 1 76 0 1 0 0 0 0 1 0 0 1 1 1 1 0 0 0 0 1 0 0 1 0 1 1 0 1 0 0 0 0 0 0 0 0 0 1 1 1 1 1 0 0 1 0 1 1 0 
1 0 1 0 1 0 0 1 0 1 1 1 0 1 0 1 1 0 0 1 0 1 1 0 1 0 0 1 0 1 1 0 0 80 0 0 0 1 0 1 1 0 1 0 1 1 0 0 1 1 0 1 1 1 1 0 0 0 1 0 1 0 1 1 0 0 1 0 1 1 1 0 0 0 1 0 0 1 0 1 
1 0 1 0 1 0 1 1 1 0 0 0 1 0 0 0 1 1 1 1 0 1 1 1 0 0 0 1 0 0 0 0 1 1 89 1 0 1 0 1 0 1 0 1 1 0 0 0 1 1 0 0 0 1 0 1 0 0 0 0 0 0 0 1 0 0 0 1 0 0 0 0 1 1 1 0 1 1 0 0 
0 1 1 0 0 1 1 1 0 0 0 0 0 1 0 0 0 1 1 0 1 0 0 1 0 0 0 1 1 0 1 0 1 1 1 97 1 1 1 1 1 1 1 0 1 0 1 0 1 0 0 1 1 0 1 1 1 1 1 1 1 0 1 0 0 0 0 0 1 0 1 0 0 1 1 1 0 1 0 1 
1 1 0 1 1 0 1 1 0 1 1 0 1 1 0 0 0 0 0 1 1 1 1 1 0 0 0 1 0 0 1 0 0 1 1 0 16 1 0 1 1 0 1 1 1 0 1 0 1 1 1 0 1 1 1 0 0 0 0 0 1 1 1 0 1 0 0 1 1 1 0 0 1 1 1 0 0 1 0 0 
0 0 1 0 0 1 1 1 0 0 0 0 1 0 0 1 1 1 1 1 1 0 0 0 0 1 1 1 0 0 0 1 0 0 0 1 1 21 1 0 1 1 1 0 1 1 1 0 1 1 0 0 0 0 0 1 1 1 0 0 0 0 0 1 1 1 1 0 1 0 0 1 1 0 0 1 0 0 0 1 
1 0 1 1 1 0 1 0 1 1 1 1 1 1 1 1 0 0 1 1 0 1 0 0 1 0 0 0 1 0 1 1 1 0 1 0 1 0 26 0 1 1 1 0 1 1 0 0 0 0 0 1 1 0 0 0 0 1 1 1 1 0 1 1 0 0 0 0 1 1 0 0 0 0 0 1 0 1 0 1 
0 0 0 1 1 0 0 0 1 1 1 1 1 1 0 0 0 0 0 0 0 1 1 0 0 0 0 0 0 0 0 1 1 0 0 1 0 1 0 37 1 0 0 0 1 1 1 1 0 0 0 0 0 1 0 1 0 1 1 0 0 1 0 0 0 0 0 1 0 1 1 0 0 1 1 1 0 1 1 0 
1 1 1 0 0 0 1 0 0 0 1 0 1 1 0 0 1 0 1 1 0 0 0 0 1 0 0 1 0 1 1 0 1 1 0 0 0 0 0 0 57 1 1 1 0 1 0 0 0 1 1 1 0 0 1 1 1 1 1 0 0 0 1 0 0 0 1 1 0 0 1 1 1 1 0 1 1 0 1 0 
1 1 0 0 1 0 1 1 1 1 0 1 1 0 0 1 1 1 1 1 0 1 0 1 1 0 1 1 1 1 1 0 1 1 1 0 1 1 0 1 1 62 0 0 1 0 0 0 0 1 0 1 1 1 0 0 1 1 0 0 0 0 1 0 0 1 1 1 0 1 0 0 0 1 1 0 1 0 0 1 
0 0 1 0 1 1 1 0 0 1 1 0 1 0 0 0 0 1 0 0 1 0 1 1 0 1 0 1 0 0 1 0 0 0 1 1 0 0 1 1 1 1 88 1 0 1 0 0 1 1 1 1 0 0 0 0 1 0 0 1 0 0 1 1 0 1 1 0 1 0 0 1 0 0 1 1 1 0 1 1 
0 1 1 1 0 0 1 0 0 1 1 1 1 1 0 1 1 0 1 1 0 0 1 1 1 0 0 1 0 0 0 1 0 1 1 0 0 1 0 0 1 0 1 95 1 0 1 0 1 1 0 0 1 1 0 0 1 0 0 0 1 0 1 0 1 0 1 0 0 0 0 1 1 1 0 0 1 1 0 0 
0 1 1 0 1 0 1 1 0 1 1 0 0 1 1 1 0 0 0 1 0 1 0 0 0 0 1 0 0 1 0 0 1 1 1 1 0 0 0 1 0 1 1 0 9 0 1 0 1 1 0 0 0 0 1 0 0 1 0 0 0 1 0 0 0 0 1 1 1 0 1 1 0 1 0 0 0 0 0 1 
0 0 1 1 0 0 1 0 1 1 1 1 1 0 0 0 0 1 0 1 1 0 0 1 1 1 0 1 0 0 1 1 0 0 1 1 0 0 0 0 0 1 0 0 0 28 0 0 0 0 1 0 1 1 1 0 1 1 0 0 1 0 1 0 1 1 1 0 1 1 1 1 0 0 1 0 1 0 1 0 
1 1 0 1 0 0 0 0 1 0 1 0 0 1 1 0 0 1 1 0 0 1 1 0 0 0 1 1 0 1 0 1 0 1 0 0 0 0 0 0 0 0 0 1 1 1 30 1 1 0 1 1 0 0 0 0 0 0 0 0 0 1 1 0 0 0 1 0 1 1 0 0 0 0 0 1 0 0 0 1 
0 1 0 0 0 1 0 1 0 0 1 0 1 0 1 0 1 0 1 0 0 0 0 0 0 1 0 1 1 1 1 0 1 0 1 0 1 0 0 1 1 1 1 1 1 0 1 39 0 0 1 1 1 0 1 1 1 1 0 0 0 0 0 0 0 0 0 0 1 0 1 1 1 1 1 0 0 1 0 1 
1 0 0 0 0 0 0 1 0 0 1 0 0 1 1 0 1 0 0 1 1 0 0 0 1 1 1 1 0 1 1 0 1 1 0 0 0 1 1 1 0 0 0 0 1 0 1 1 51 1 0 0 0 0 0 0 1 0 1 1 0 0 0 1 1 1 1 0 1 1 0 0 1 1 1 0 1 0 0 0 
0 1 0 0 0 1 0 0 0 0 1 1 1 0 1 1 1 1 0 0 0 1 0 0 0 1 0 1 0 1 1 1 0 1 0 0 0 1 0 1 0 1 1 0 1 0 0 0 1 53 0 1 1 0 0 1 0 0 1 0 1 0 0 1 0 1 1 1 0 1 1 0 0 0 0 1 1 1 0 0 
1 0 0 0 0 0 0 0 0 0 0 1 1 0 0 1 1 0 1 0 1 0 1 0 1 0 0 0 0 1 0 0 0 0 0 1 1 1 0 1 1 0 1 1 1 1 0 1 1 0 62 1 1 1 0 1 0 0 1 0 0 0 0 1 0 1 0 0 0 1 1 0 1 1 1 1 0 1 1 1 
1 0 1 1 0 1 0 1 1 1 1 0 0 1 0 1 1 1 1 1 0 0 0 1 1 1 0 0 0 0 0 0 0 0 1 0 0 1 1 1 0 1 1 0 0 1 0 0 1 0 1 80 0 1 0 1 0 1 0 1 1 0 1 1 1 1 1 0 1 0 1 0 0 1 0 0 1 0 0 1 
0 1 1 1 1 0 1 0 0 1 0 1 1 1 0 0 1 0 1 0 1 0 0 0 0 0 1 1 0 0 1 1 0 0 1 0 0 1 0 1 0 1 0 1 0 0 0 0 0 1 0 1 5 1 0 1 1 0 0 1 1 1 0 0 1 0 0 1 1 0 1 0 0 1 1 1 1 0 1 0 
1 1 1 1 1 1 1 1 0 1 1 1 1 0 0 1 0 0 0 0 1 0 0 0 1 0 0 0 1 1 0 0 0 0 0 1 0 0 0 1 1 1 1 0 1 1 1 1 0 0 0 1 1 14 1 1 0 0 1 1 1 0 0 1 0 1 1 0 0 0 0 1 1 1 1 1 1 1 0 0 
0 0 1 0 1 1 1 0 1 1 0 0 1 0 1 0 0 1 0 0 0 1 1 1 1 0 0 0 0 0 0 0 1 1 0 1 1 0 1 1 0 1 0 0 1 1 0 0 0 0 1 0 1 1 26 1 0 1 1 0 1 1 1 1 1 0 0 0 0 0 1 0 0 0 0 1 1 1 0 0 
1 0 0 0 0 0 1 1 1 1 1 0 0 1 1 0 1 1 0 1 1 1 1 0 1 1 0 1 1 0 1 1 0 0 1 1 1 0 1 1 0 1 0 0 1 1 1 1 1 0 1 0 1 0 0 62 0 1 1 0 1 1 1 0 0 1 1 0 0 1 1 1 1 0 1 0 0 0 0 0 
1 0 0 0 0 1 0 0 1 0 0 0 1 1 0 0 0 1 1 0 1 1 1 0 0 1 0 1 1 0 0 1 0 0 1 0 1 1 0 1 0 1 1 0 0 1 1 0 0 0 1 1 1 1 0 1 84 0 0 1 0 0 0 0 1 0 0 0 1 0 1 1 0 0 0 0 1 0 1 1 
0 1 1 0 1 0 1 0 1 0 1 1 0 1 1 1 0 1 0 0 0 0 1 0 0 1 0 0 0 1 1 0 1 1 1 0 0 1 0 0 1 1 0 1 0 1 0 0 1 1 0 0 1 1 0 0 1 85 1 1 1 0 1 1 1 0 1 0 0 0 0 1 0 1 1 0 0 0 1 0 
0 0 1 1 1 1 0 0 0 1 1 1 0 1 0 1 1 1 0 0 1 1 0 0 0 1 1 1 1 0 1 1 0 0 1 1 0 1 0 0 1 0 1 0 0 0 1 1 1 1 1 1 1 1 1 1 1 0 95 1 1 1 1 1 1 0 1 1 1 1 1 0 1 0 0 1 1 1 0 0 
1 0 0 0 1 0 1 0 0 0 0 0 0 1 0 1 1 0 1 0 0 0 0 1 0 1 0 1 1 1 0 0 1 0 1 0 0 1 0 0 0 0 1 0 0 1 0 1 0 0 0 0 1 0 1 0 1 0 1 96 0 0 1 0 1 1 1 0 1 0 1 1 0 1 0 0 1 1 1 1 
1 0 1 0 0 0 1 1 0 0 1 0 0 1 1 0 0 1 0 0 0 1 1 1 1 0 1 0 1 0 0 0 1 0 0 1 1 0 1 1 1 0 1 0 0 0 0 0 0 0 0 0 1 0 1 1 0 1 0 0 3 0 1 0 0 0 1 0 0 0 1 0 0 1 1 1 0 0 0 1 
0 1 1 1 1 0 1 1 0 0 1 0 1 0 0 0 0 1 1 0 0 0 0 1 1 1 0 0 0 0 1 0 1 0 1 1 0 0 0 0 0 0 0 1 1 0 0 1 0 0 1 1 1 1 1 1 1 1 1 0 1 9 0 0 1 1 1 0 0 1 0 0 1 1 0 1 0 1 0 1 
1 1 0 1 0 1 0 0 1 0 1 0 0 1 0 1 1 1 1 0 1 0 1 1 1 1 0 0 0 0 1 0 0 0 1 1 1 0 0 0 1 0 0 0 1 0 0 1 1 0 1 0 1 0 0 0 0 1 0 1 0 1 27 1 1 0 0 1 0 1 1 0 1 0 1 1 1 1 1 0 
0 1 0 1 0 0 0 0 1 0 1 1 0 0 0 0 1 0 0 1 0 1 1 1 0 0 0 0 1 1 0 1 0 0 0 1 0 1 1 1 1 1 0 1 1 0 0 0 1 1 0 1 0 0 0 0 1 0 1 0 1 1 0 40 0 1 0 0 0 1 1 1 0 1 1 0 0 0 1 1 
0 0 0 1 0 0 0 0 1 0 1 1 1 0 1 0 0 1 1 1 1 1 1 1 0 1 1 0 1 1 1 0 0 1 1 1 1 0 1 0 0 1 0 1 1 1 1 1 1 0 1 0 1 0 1 0 0 0 0 0 0 1 1 0 55 0 0 1 0 1 1 0 0 1 1 0 0 0 1 0 
0 0 0 0 1 1 0 0 1 1 1 1 1 1 1 1 0 1 0 0 1 1 1 1 1 0 0 0 0 0 1 1 1 1 0 1 0 1 0 1 0 1 1 0 0 0 1 1 0 0 1 0 0 1 0 0 1 0 1 1 0 0 0 0 0 75 0 1 0 0 0 1 1 0 0 0 1 0 1 1 
0 1 0 0 1 0 0 1 0 0 0 1 1 1 0 0 0 1 0 0 0 0 0 1 1 0 1 0 0 0 0 0 1 1 0 1 0 0 1 1 0 0 0 0 0 0 1 0 0 0 1 1 1 1 1 1 1 1 1 0 0 0 0 1 1 0 8 0 0 1 1 1 1 1 0 1 1 0 0 1 
0 0 1 1 0 1 1 1 1 0 0 0 0 1 1 1 0 0 1 1 0 1 1 0 0 1 1 0 0 0 1 0 0 1 1 1 1 1 1 0 1 0 1 1 1 1 1 0 0 0 0 1 1 1 1 0 0 1 1 0 1 0 1 1 1 0 0 1 0 0 0 0 1 1 0 0 0 1 0 1 
1 0 0 1 0 0 0 1 1 1 1 1 1 0 1 0 0 1 1 1 1 0 1 0 0 1 0 1 1 1 0 0 0 0 0 1 1 0 1 1 1 1 1 1 1 0 0 0 1 1 1 0 1 1 0 0 1 0 1 0 1 0 1 0 0 1 0 1 12 0 0 1 1 1 0 1 1 0 1 0 
0 1 1 1 0 0 1 1 0 0 1 1 0 1 0 0 0 0 1 1 0 1 0 0 0 0 0 0 1 1 1 1 0 0 0 1 0 1 0 1 1 1 1 1 0 1 0 0 0 1 0 0 0 1 1 1 0 0 1 1 0 0 1 0 1 0 1 1 0 1 1 1 0 1 1 1 0 1 1 0 
1 1 1 0 1 0 0 1 1 1 1 1 0 1 1 0 1 0 1 1 0 0 1 1 1 1 1 0 0 1 0 1 0 1 0 1 0 0 0 0 0 0 0 0 1 0 1 1 1 0 0 0 1 1 1 1 0 0 1 0 1 1 0 1 0 0 0 1 0 0 6 0 1 0 1 1 0 0 0 0 
0 0 1 0 0 0 0 0 1 0 1 0 1 1 1 0 1 0 0 1 1 0 1 0 1 0 0 1 1 1 0 0 0 1 0 0 0 1 1 0 1 1 0 1 1 0 0 1 1 1 1 1 0 1 0 0 1 1 1 1 1 0 1 1 1 1 1 0 1 1 1 1 1 0 1 1 1 1 0 1 
0 1 0 1 1 1 0 1 1 1 1 0 1 0 0 1 0 1 0 1 0 0 1 1 0 0 1 1 1 0 1 1 0 0 1 1 1 0 1 0 1 1 0 1 1 0 0 0 0 0 1 1 1 0 0 1 0 1 1 0 1 1 0 0 0 1 1 0 1 0 1 0 18 0 1 0 1 0 0 0 
0 0 1 0 0 1 1 0 1 1 0 1 0 1 0 1 1 1 0 0 0 1 0 0 0 1 1 0 0 0 1 1 0 0 1 0 1 0 1 0 0 1 0 1 0 0 1 0 0 0 0 1 1 0 0 1 1 1 1 0 0 0 0 0 1 0 0 1 1 0 0 1 1 97 1 1 1 0 1 1 
0 1 0 1 1 0 0 0 1 0 0 0 0 1 1 1 1 0 0 0 1 0 1 0 1 0 0 0 1 1 0 0 0 1 1 1 1 0 1 1 1 1 1 0 1 1 0 0 0 1 1 0 0 0 1 0 0 1 0 0 0 1 1 0 0 0 1 0 0 1 0 0 1 1 39 0 0 0 1 0 
0 0 0 0 0 0 1 0 1 0 1 0 1 1 0 0 0 1 1 0 1 0 1 0 0 1 1 0 1 0 1 0 1 0 1 0 0 1 0 1 0 1 1 0 0 0 0 0 0 1 1 1 0 1 1 0 1 1 0 1 1 0 1 1 1 1 0 1 1 1 0 0 0 1 0 22 0 0 1 0 
0 1 0 0 0 0 1 0 0 1 1 0 0 1 1 1 0 1 1 1 0 1 1 0 1 0 0 1 0 0 1 0 1 0 1 1 1 1 1 1 1 0 0 0 0 0 0 1 0 1 0 0 1 0 1 1 0 1 1 0 1 0 0 0 1 1 1 0 1 1 1 0 1 0 0 1 14 1 0 1 
1 0 0 1 1 0 1 0 1 0 0 1 0 1 0 1 0 0 1 0 0 0 1 1 0 1 1 1 1 0 1 1 1 0 1 0 0 1 0 1 1 1 0 1 1 1 0 0 0 1 1 1 1 0 0 1 0 0 1 0 0 1 1 0 1 0 1 0 0 1 1 1 0 0 0 1 0 91 0 0 
1 1 1 0 1 0 1 1 1 1 0 1 0 1 1 1 0 1 1 0 0 1 1 1 0 1 1 0 0 1 1 0 1 0 0 0 1 0 0 1 0 0 1 1 1 1 0 1 0 0 1 0 0 1 1 1 0 0 0 1 1 1 1 1 0 1 0 1 1 0 1 0 0 1 1 1 1 1 78 0 
1 0 0 1 0 1 1 1 1 0 1 1 0 0 0 1 0 1 1 0 0 0 0 0 1 1 1 0 1 0 0 0 0 0 0 1 0 0 1 1 0 1 0 0 1 0 1 1 1 1 0 1 1 0 0 1 1 0 0 0 1 1 0 1 1 1 1 1 1 0 1 1 1 1 1 1 0 0 0 42 
