170
44 0 0 0 0 0 0 1 0 0 0 1 0 1 0 1 0 0 0 1 0 0 0 1 1 1 1 0 0 1 0 0 1 0 0 1 0 0 1 1 0 1 1 1 0 1 0 0 1 1 0 1 0 0 0 1 0 1 1 1 0 0 0 0 0 1 1 0 1 1 1 0 1 1 1 0 0 0 0 1 0 1 1 1 1 1 0 0 1 1 0 0 1 1 0 1 1 0 1 0 0 0 0 1 1 0 0 1 1 0 1 1 0 1 1 0 0 0 0 0 0 1 1 0 0 1 1 1 0 1 1 0 0 1 1 0 0 1 1 1 0 0 0 1 1 1 1 0 0 1 1 0 0 0 1 0 0 1 1 0 1 0 1 0 0 1 0 1 0 1 
0 32 1 1 0 0 1 1 1 1 1 0 0 0 0 0 0 1 0 1 1 0 0 0 1 0 1 0 1 0 1 0 0 0 0 0 0 1 1 0 0 1 0 0 0 0 0 1 1 1 1 0 0 1 1 0 0 0 0 0 1 1 1 0 1 1 0 1 0 0 1 0 1 1 1 0 0 1 0 1 1 1 1 1 1 0 1 0 0 1 0 0 1 1 0 1 0 1 0 0 0 1 1 0 0 1 0 0 0 1 0 1 0 0 0 0 0 1 1 1 0 1 1 0 0 1 0 1 0 1 1 1 0 0 0 1 0 0 1 0 0 1 1 0 1 0 0 1 1 1 0 0 1 1 0 0 0 0 1 0 1 1 1 1 1 1 1 0 1 0 
1 0 37 0 0 0 1 0 1 0 1 0 0 1 1 0 1 0 1 0 0 1 1 1 0 0 0 0 0 0 0 0 1 0 1 0 0 1 1 1 0 1 0 0 0 1 1 0 0 1 0 0 0 0 0 0 0 0 0 0 0 1 1 0 1 1 1 0 0 1 0 0 1 0 0 1 0 1 1 0 0 1 0 1 1 0 1 1 0 0 1 1 1 0 0 1 1 0 1 1 0 1 1 1 1 0 1 0 1 1 1 0 1 1 0 0 1 1 1 0 1 1 1 1 1 0 0 1 1 0 0 1 1 1 1 1 1 0 0 0 0 0 1 0 0 1 0 0 0 1 1 0 0 1 0 1 0 0 1 1 0 0 1 1 0 0 1 1 0 0 
1 1 0 65 0 0 0 0 1 1 1 0 1 1 0 0 1 1 0 1 1 1 0 0 0 0 0 1 1 0 0 1 1 1 0 1 0 1 0 1 1 1 1 1 1 0 0 0 0 0 0 0 1 0 0 1 1 1 1 0 1 0 1 0 0 1 1 1 1 0 1 0 0 1 1 1 0 0 0 1 1 1 0 1 0 0 0 0 0 1 1 0 1 0 0 1 1 0 1 0 0 0 0 0 0 0 0 1 1 1 1 1 0 1 1 0 1 0 0 0 0 0 0 1 1 1 1 0 0 1 1 0 0 0 1 0 0 1 1 0 0 1 0 1 0 0 0 0 0 1 0 0 1 1 0 1 0 1 1 0 1 1 0 1 1 1 1 1 1 1 
0 1 1 0 35 0 0 0 1 1 1 1 1 0 1 0 0 1 1 0 1 1 0 0 1 1 1 0 0 1 1 0 1 0 0 1 0 0 0 0 1 0 1 1 1 0 0 1 0 0 1 0 0 0 0 1 0 0 1 1 1 0 1 0 1 0 0 0 1 1 0 0 0 1 1 1 1 0 1 1 0 0 1 1 1 0 0 1 0 1 1 0 0 0 1 0 0 0 0 1 0 1 1 0 1 1 0 0 1 0 0 1 1 1 1 1 1 0 1 0 0 0 1 1 0 0 0 0 1 1 1 0 1 1 0 1 1 1 1 0 1 1 0 1 0 1 0 0 0 1 0 0 0 1 0 1 0 0 0 1 0 1 0 0 1 1 0 0 0 0 
0 0 1 1 0 9 0 1 0 1 0 0 1 1 0 0 1 0 0 1 0 1 0 1 0 1 0 1 0 0 0 1 0 1 1 0 1 1 1 0 1 1 0 0 1 0 0 0 0 1 1 1 0 0 0 0 1 0 1 0 1 1 1 0 0 0 0 0 0 1 1 1 1 0 0 0 0 0 1 1 0 1 0 0 0 1 0 1 1 0 1 1 1 1 0 0 1 1 0 0 1 0 0 1 1 0 0 0 0 0 1 0 0 0 1 0 1 0 1 1 0 1 1 0 1 0 1 0 0 0 0 1 0 0 1 0 1 0 1 0 0 0 0 1 1 1 0 1 1 0 0 0 0 0 0 0 0 0 0 1 0 0 0 0 1 0 1 1 0 0 
1 1 1 0 1 1 54 0 0 0 0 1 0 0 0 1 0 0 1 0 1 0 1 1 1 1 0 0 0 1 1 0 0 0 1 0 1 0 0 1 1 0 0 0 1 0 1 0 1 1 1 0 0 0 0 1 0 1 1 1 1 0 1 1 1 0 0 0 0 0 0 0 0 1 1 1 0 1 0 0 1 0 0 1 1 0 1 1 0 0 0 0 1 0 0 1 0 0 1 0 1 1 0 1 0 1 1 0 1 0 1 0 1 1 1 0 0 0 0 1 0 1 0 0 0 0 1 1 0 0 1 1 0 1 1 1 0 1 1 1 1 0 1 1 0 1 0 1 1 0 1 0 0 0 0 0 1 1 1 0 0 0 1 1 0 0 0 0 0 0 
1 1 1 0 1 0 1 27 1 0 0 1 0 0 1 0 0 1 0 1 1 0 1 1 1 1 1 1 0 0 1 1 0 0 0 1 0 0 0 1 0 1 0 1 0 1 0 1 0 1 0 0 0 0 0 0 1 0 1 0 0 0 0 1 0 1 1 0 1 1 0 1 0 1 0 0 1 1 1 1 1 1 1 0 0 1 1 0 1 0 1 0 1 0 1 0 0 1 1 1 1 0 1 0 1 1 0 1 1 1 1 0 1 1 0 1 1 0 1 1 1 0 1 1 0 1 0 1 0 0 1 0 1 1 0 1 1 0 1 0 1 1 1 0 0 0 0 1 0 1 0 1 1 1 1 1 0 0 0 1 1 0 0 1 0 0 0 1 0 0 
1 0 1 1 0 1 0 0 42 1 0 0 1 0 0 0 1 1 1 0 0 1 0 0 0 0 1 0 0 0 1 1 1 0 1 1 0 1 1 0 1 1 1 1 1 0 0 1 1 0 0 1 1 1 0 0 1 1 1 1 1 1 0 0 0 0 0 0 1 1 0 1 0 0 0 0 0 1 0 0 1 1 0 0 1 0 0 0 1 0 1 1 0 0 0 0 1 0 0 1 0 1 1 0 0 1 1 0 1 1 1 0 0 1 0 1 0 0 0 0 0 0 1 1 0 0 1 1 0 0 0 0 1 0 1 1 1 0 0 1 0 0 1 1 1 1 0 1 0 0 0 1 0 0 0 0 1 0 0 1 1 1 0 1 1 0 1 0 1 0 
0 1 1 1 0 0 1 0 1 91 0 1 1 1 0 1 0 0 1 1 1 1 1 1 1 0 0 1 0 0 0 0 1 0 0 1 1 0 0 1 0 1 0 0 1 1 1 0 1 1 1 1 0 0 0 0 0 1 0 1 0 0 1 0 0 0 1 1 1 1 1 1 0 0 0 0 1 0 1 1 1 1 0 0 1 0 0 1 1 1 0 1 1 0 1 0 1 1 1 0 1 1 0 0 0 1 0 0 0 1 0 0 1 0 1 0 1 0 0 1 1 1 1 1 1 0 1 1 1 0 0 0 1 1 0 0 1 1 1 0 1 1 1 0 0 0 0 0 0 0 0 1 1 0 1 1 0 0 0 1 0 0 1 0 0 1 1 0 1 0 
0 1 1 0 1 0 0 1 0 0 17 1 1 1 1 1 1 0 0 1 1 1 0 1 1 1 0 0 0 0 1 0 1 0 0 1 1 0 0 1 0 0 0 1 0 1 1 0 0 1 1 0 1 0 1 0 0 1 0 1 1 1 1 0 1 1 0 0 0 1 1 1 1 0 1 0 1 0 0 0 0 0 1 1 0 1 0 1 1 1 1 0 0 1 1 1 1 0 1 0 0 0 0 1 0 0 0 0 0 1 1 1 1 0 1 0 1 0 0 0 1 1 0 0 0 1 0 0 1 0 1 0 1 0 1 0 0 1 0 0 0 1 0 1 0 0 1 0 0 0 1 1 1 1 0 1 1 0 0 0 0 1 0 1 0 0 0 1 1 0 
1 0 0 0 0 0 0 0 1 0 0 44 1 1 0 0 1 1 1 0 1 0 1 0 1 1 0 0 0 0 1 0 1 0 1 0 1 0 1 1 0 1 0 1 1 0 1 0 0 0 0 0 1 0 0 1 1 1 1 1 1 1 0 1 0 1 0 0 1 1 0 0 1 1 0 1 0 0 0 1 0 1 0 1 0 1 0 0 0 1 0 1 0 0 0 1 1 0 1 1 0 0 0 0 1 1 0 0 1 1 0 1 0 1 1 1 1 0 0 0 0 1 0 1 0 0 0 1 0 1 1 1 1 0 1 0 0 0 1 1 0 0 1 0 0 0 0 1 1 0 1 0 0 1 1 0 1 0 0 0 0 0 1 1 1 1 0 1 1 0 
1 1 1 0 0 0 0 0 1 0 1 1 5 0 1 0 0 0 0 1 1 0 0 0 1 1 0 1 1 0 1 1 1 1 1 1 1 1 1 0 0 1 0 0 1 1 0 0 0 1 1 1 0 1 0 0 1 0 1 1 0 1 1 0 0 1 0 0 1 0 1 1 0 0 1 1 1 0 0 1 0 0 0 0 1 0 0 0 0 1 0 0 0 0 0 0 0 1 0 1 1 0 1 0 0 0 1 0 0 0 1 0 1 0 1 1 0 1 0 1 0 1 1 1 1 0 1 1 0 0 1 0 1 1 1 1 1 1 0 0 1 0 0 1 0 0 1 1 1 0 0 1 1 0 0 1 0 0 1 0 0 1 0 0 0 0 0 1 1 0 
1 1 1 0 1 1 0 1 1 1 0 1 1 88 1 0 0 0 1 1 1 1 0 1 1 0 0 0 0 0 0 0 1 0 0 0 1 0 0 0 0 0 0 0 1 1 0 0 0 1 1 0 0 1 0 0 0 0 0 1 0 1 1 0 0 0 0 0 0 1 1 1 1 0 0 0 0 0 0 1 1 1 1 0 0 0 1 1 1 1 1 1 1 1 1 1 1 0 1 1 1 1 1 0 0 0 0 1 1 0 1 1 1 1 0 0 1 0 1 1 1 0 1 0 1 1 0 0 0 0 0 1 0 0 0 0 0 0 1 0 0 0 1 0 1 0 1 0 0 1 1 1 1 1 1 0 0 0 1 1 1 1 0 0 0 0 1 1 1 0 
1 0 1 1 1 0 1 1 0 1 0 0 0 1 31 1 1 0 0 0 1 1 1 0 1 0 1 1 1 1 0 1 1 0 0 0 1 1 0 0 0 1 0 0 0 1 0 1 0 0 1 0 1 1 0 1 0 1 0 0 0 1 0 1 1 1 1 0 0 0 0 0 0 0 0 0 1 0 0 1 1 1 1 1 0 0 0 1 0 0 1 0 1 0 1 0 1 1 1 0 1 0 1 0 1 0 1 0 1 0 1 1 1 1 0 1 0 0 1 1 1 1 1 1 1 0 0 1 0 1 1 0 0 1 0 1 1 1 1 1 0 1 1 1 0 0 1 0 1 1 1 0 0 1 0 0 0 0 0 1 1 0 0 0 1 0 0 0 0 0 
0 0 0 1 0 1 1 0 0 1 1 0 0 0 1 25 0 1 1 0 0 1 1 0 1 0 0 0 1 0 0 1 1 1 1 0 0 1 0 0 1 0 1 1 0 0 0 0 0 0 1 1 1 0 1 0 0 0 1 0 0 1 0 0 0 0 0 0 1 0 0 1 1 0 0 1 1 1 0 0 1 0 1 1 0 0 1 0 0 0 0 1 1 0 0 0 1 1 0 1 1 0 1 1 0 1 0 1 0 1 1 0 1 1 1 0 0 1 0 0 0 0 1 0 1 1 1 0 1 1 1 0 1 0 1 1 1 0 0 0 1 1 0 1 0 1 0 1 0 1 1 0 0 1 0 0 0 1 1 1 0 0 0 1 0 1 1 0 1 0 
0 0 1 0 0 0 0 1 0 0 0 1 1 0 1 0 63 0 0 0 0 1 1 0 0 0 1 1 0 1 0 0 1 1 0 1 0 1 0 0 1 1 0 1 1 0 0 1 1 1 1 0 0 1 1 0 0 0 1 0 1 1 1 0 1 1 0 1 0 0 1 0 1 1 1 1 0 0 0 1 0 1 0 1 1 1 1 0 0 0 0 1 0 0 0 0 0 0 1 0 0 1 0 1 1 1 1 0 0 1 0 1 0 1 1 0 1 1 1 1 1 0 0 1 1 0 1 0 0 1 0 0 0 1 0 0 0 1 1 0 1 0 0 0 1 1 1 0 0 1 0 1 1 0 1 0 1 1 1 0 0 1 1 0 1 0 1 0 1 0 
1 1 0 0 1 1 0 1 0 1 1 1 1 1 0 1 1 89 0 0 1 1 0 0 1 0 0 0 0 0 0 0 1 0 1 0 1 0 1 1 0 1 0 0 1 0 0 0 0 1 1 1 0 0 0 1 1 1 0 0 0 0 1 0 0 0 0 0 0 0 0 0 1 1 0 1 0 1 1 1 1 1 0 0 0 0 1 1 0 0 1 0 1 1 1 1 1 0 0 1 0 1 0 0 0 1 0 0 0 1 0 1 1 1 0 0 1 1 0 0 0 1 0 0 0 1 1 1 0 0 1 0 1 0 1 0 0 1 1 1 0 0 1 0 1 1 0 1 1 1 1 0 0 1 0 0 0 1 0 0 0 0 0 0 0 0 1 1 0 1 
1 1 0 1 0 0 1 1 1 1 0 0 0 1 1 0 0 0 47 0 0 0 0 0 0 1 1 0 0 0 1 1 0 0 1 0 1 0 1 0 0 0 1 0 1 1 0 1 1 1 1 1 1 0 1 1 1 1 1 1 1 0 0 1 0 0 1 0 1 0 1 1 0 0 1 0 0 1 0 0 1 0 0 1 1 1 0 0 1 0 0 0 0 0 1 0 0 1 0 1 0 1 1 0 0 0 0 0 1 0 1 0 0 0 1 1 1 1 1 1 0 1 1 0 0 0 1 1 0 1 0 0 0 1 0 0 0 1 0 1 0 0 0 1 1 0 1 1 0 0 0 1 1 1 0 0 1 0 0 0 0 1 0 0 0 0 1 0 1 1 
0 0 1 1 1 1 1 1 1 1 0 1 1 1 0 1 0 0 1 48 0 1 0 0 0 0 1 1 0 0 1 0 0 0 0 0 1 1 1 0 0 0 0 0 0 1 1 0 1 0 1 1 1 1 0 0 0 1 0 0 0 1 1 1 1 0 0 1 1 1 1 1 0 0 0 0 0 0 0 1 0 0 1 1 0 0 0 1 1 1 1 0 1 1 0 1 0 1 1 0 1 1 0 0 1 1 0 0 0 1 0 0 0 0 0 0 0 0 1 0 0 1 1 0 1 0 0 1 0 1 1 0 0 1 0 1 0 0 0 0 1 0 0 1 0 0 0 1 0 1 1 0 0 0 0 1 0 1 0 0 1 0 0 0 0 1 1 0 0 0 
1 0 1 0 1 1 0 0 1 0 1 0 0 0 0 0 0 0 0 1 1 1 1 0 0 0 0 0 0 0 1 1 0 1 1 1 0 1 0 0 0 0 0 1 0 1 0 1 1 0 1 1 0 1 1 1 0 1 0 1 1 0 1 1 1 0 0 1 1 1 0 0 1 1 1 1 0 0 1 0 1 0 1 0 1 1 0 0 1 1 1 0 0 1 0 0 0 0 0 1 1 1 1 1 0 1 0 1 0 1 0 1 1 0 1 1 1 0 0 1 1 1 0 0 1 1 0 1 0 0 1 0 1 0 1 1 0 1 1 1 1 0 1 0 0 0 1 0 0 1 0 1 1 1 1 0 0 1 1 0 1 1 0 1 1 0 0 0 1 1 
0 1 0 1 0 1 1 1 0 0 0 1 1 1 0 0 0 1 1 0 0 26 1 0 1 0 1 0 1 1 1 1 1 1 0 0 0 0 0 1 1 0 0 0 1 0 0 0 0 1 0 0 1 0 0 0 0 0 1 1 0 1 1 0 1 0 0 0 1 0 0 1 1 1 1 0 0 0 0 1 1 0 1 0 1 1 0 1 0 1 1 0 0 1 0 1 1 1 0 0 0 0 0 0 1 0 0 0 1 1 0 1 1 1 1 0 0 0 1 1 0 1 1 0 0 1 0 1 1 0 1 1 1 0 0 0 0 0 0 1 0 0 0 0 1 1 0 1 0 0 0 1 0 1 1 0 1 0 1 0 1 0 1 1 0 0 1 1 1 0 
0 1 0 0 1 0 0 0 0 0 0 0 0 1 1 1 0 0 1 0 0 1 55 1 0 1 1 1 1 0 1 1 0 0 1 0 0 1 1 1 0 1 1 0 1 1 1 0 1 1 0 0 0 0 0 0 0 1 0 0 0 0 1 1 1 0 1 0 0 0 1 1 1 0 0 1 1 0 0 1 0 0 1 1 1 1 1 0 1 0 0 0 0 1 0 1 0 0 1 1 1 0 1 1 1 1 1 0 0 1 0 0 1 1 0 0 0 1 0 1 0 1 1 0 1 1 0 0 0 0 0 0 0 0 0 0 1 1 0 0 0 1 1 0 1 0 0 0 0 0 0 1 1 0 0 0 1 0 1 1 1 0 0 1 1 0 1 0 0 0 
0 1 1 1 0 0 0 1 1 0 0 0 1 0 0 0 1 0 0 0 1 0 0 69 1 1 1 1 1 1 1 1 1 0 1 0 0 1 0 1 1 1 0 0 0 1 0 1 1 0 1 0 1 1 1 0 0 1 1 1 0 1 0 0 0 1 1 0 0 1 1 0 0 0 0 1 1 0 1 1 1 1 1 0 0 1 0 1 0 0 0 1 1 1 1 0 0 1 0 0 1 0 1 1 1 1 1 0 0 0 0 1 0 0 1 0 1 1 1 1 1 1 1 0 1 1 1 1 0 1 1 1 0 0 1 1 1 1 0 1 0 0 0 0 1 1 0 0 0 1 0 1 0 0 0 0 1 1 0 0 1 1 1 1 0 1 1 0 0 1 
0 0 1 1 0 1 1 1 1 0 1 0 0 0 0 0 1 0 0 0 0 1 1 0 60 0 0 1 0 1 0 1 0 0 1 0 1 1 0 1 1 0 0 1 1 0 1 0 1 0 1 0 1 1 1 0 1 0 0 0 1 1 0 1 1 0 0 1 0 0 0 1 1 1 1 1 1 1 0 0 1 1 1 1 0 0 0 1 1 1 1 1 1 1 1 1 0 1 1 1 0 1 0 0 0 1 1 0 1 1 0 1 0 0 1 0 1 1 1 0 0 0 1 0 1 0 1 1 1 0 0 0 1 1 1 0 1 0 0 0 1 0 0 0 1 1 0 1 0 1 0 0 1 1 0 1 0 0 1 1 1 0 1 1 1 1 1 0 1 0 
1 1 0 0 0 1 0 0 1 1 0 0 1 1 1 0 1 0 0 1 0 1 0 1 0 22 0 1 1 1 0 0 0 1 1 1 1 1 0 0 1 1 0 1 0 1 1 0 1 0 1 1 0 0 1 1 0 0 0 0 0 0 0 0 0 1 0 0 1 1 0 0 1 0 1 0 0 0 0 0 0 1 0 1 1 0 0 0 1 0 1 1 0 0 0 0 1 0 0 0 1 1 1 0 0 0 0 1 0 0 1 1 0 1 1 0 0 1 1 0 1 0 1 1 1 0 1 0 1 1 1 1 1 0 0 1 1 0 1 0 1 0 1 1 0 0 0 1 1 0 1 1 1 0 0 1 1 1 0 0 1 0 0 1 1 0 0 0 1 0 
1 0 1 0 0 0 1 1 1 1 1 1 0 0 0 1 1 0 0 0 1 1 0 0 1 0 40 1 0 1 0 0 0 1 0 0 1 0 0 0 1 0 1 0 1 0 1 1 1 0 0 0 1 1 1 0 0 1 1 1 0 0 1 0 0 1 0 1 0 1 0 1 1 0 0 0 1 1 0 0 0 1 1 1 1 0 1 0 1 1 0 0 0 1 1 0 0 0 0 0 1 1 0 0 1 0 1 1 0 0 0 0 0 0 0 0 1 1 0 0 1 0 1 1 0 0 1 0 0 0 0 1 1 1 1 0 1 0 1 0 1 0 1 0 1 0 0 1 1 0 0 0 0 0 1 0 0 0 1 0 0 0 0 1 0 1 1 0 1 1 
0 0 0 1 1 0 0 0 0 1 0 0 0 1 1 1 1 1 1 1 1 1 1 0 0 0 1 47 1 1 0 0 0 0 1 1 1 1 1 1 1 0 1 1 0 1 0 1 1 1 1 0 1 0 0 0 0 0 1 1 0 1 0 0 1 1 0 1 0 1 0 1 1 1 0 0 0 1 1 0 0 0 1 1 1 1 1 0 0 0 1 1 0 0 1 0 1 0 0 0 0 0 1 1 1 0 0 0 0 0 0 0 1 0 1 0 0 1 0 1 1 1 1 0 0 1 0 0 1 1 0 0 1 0 1 0 1 0 0 1 0 0 1 1 0 0 0 1 0 0 0 0 1 0 1 0 1 0 0 1 0 1 0 1 1 1 0 1 1 0 
1 1 0 0 0 1 0 0 1 1 1 1 0 1 1 0 1 1 1 1 1 0 0 1 0 1 1 1 61 1 1 0 0 0 1 0 1 0 1 0 0 0 0 1 0 1 1 1 0 1 1 0 1 0 0 1 1 0 0 0 0 1 1 0 0 1 1 0 0 0 0 1 1 1 0 1 1 0 0 0 0 1 0 1 0 0 1 1 0 1 1 1 1 0 0 1 1 0 1 0 1 1 0 1 0 0 0 1 1 0 0 0 0 1 0 0 1 1 0 1 0 1 0 0 0 0 0 0 1 1 0 1 0 0 0 0 1 1 1 1 0 1 1 1 0 1 1 1 0 0 1 0 1 0 1 1 1 1 1 1 1 0 1 0 0 1 0 0 1 0 
0 0 0 0 1 0 0 0 1 0 0 1 0 1 0 0 0 0 1 1 1 0 0 0 1 0 0 0 1 29 0 1 0 1 1 0 0 0 1 1 0 1 1 0 1 0 1 1 1 0 0 0 1 1 0 0 0 0 0 0 1 1 0 1 0 1 1 1 1 0 1 1 1 1 1 0 0 0 1 0 0 0 0 1 0 0 1 1 1 0 0 0 1 1 1 0 0 0 1 1 0 0 0 1 1 1 0 1 1 0 0 1 1 0 1 1 0 1 1 0 0 0 1 0 0 1 1 1 0 1 1 0 1 0 0 0 0 1 1 0 0 1 0 1 1 1 1 0 0 1 0 1 0 0 0 1 0 1 0 0 0 1 1 1 1 0 0 0 0 0 
0 1 0 0 1 1 0 1 1 0 1 1 0 1 0 1 0 0 0 0 0 1 1 1 1 1 1 1 1 1 30 0 1 0 0 1 0 0 0 1 1 1 0 0 0 1 1 1 1 1 1 1 0 1 1 1 0 0 0 1 1 1 0 1 0 1 1 1 1 1 1 1 0 0 1 0 0 0 0 1 1 1 1 1 1 1 0 1 1 1 1 0 0 1 0 1 1 0 1 1 1 0 0 0 1 1 1 1 0 1 1 1 1 1 0 1 1 1 1 1 1 0 1 0 0 0 1 1 0 0 1 0 0 1 0 1 1 1 0 0 1 1 1 0 0 1 0 0 0 1 0 0 1 0 1 1 0 1 0 1 0 1 1 0 1 1 0 1 0 0 
1 0 0 1 1 1 0 0 0 1 0 0 0 1 1 0 0 1 0 1 0 1 0 1 1 0 1 0 1 1 0 23 1 0 0 1 1 1 1 1 1 0 1 1 0 1 1 1 1 1 0 0 0 1 0 0 0 1 1 0 0 0 0 1 1 0 0 0 0 0 1 1 1 0 0 0 0 1 0 0 0 1 1 1 0 1 1 0 1 1 1 0 0 1 0 1 1 1 1 1 0 1 0 0 1 0 1 1 1 1 1 1 0 1 1 1 1 0 0 0 0 0 1 1 0 0 0 1 1 0 0 1 1 1 0 0 0 0 1 1 1 0 1 0 1 0 1 0 1 1 1 1 0 0 1 1 0 0 1 1 0 0 0 1 0 0 1 0 1 1 
1 1 1 0 1 0 1 0 0 1 0 0 1 0 1 0 1 1 1 1 0 1 0 0 0 0 1 1 0 1 1 0 56 0 1 1 0 1 1 1 0 0 0 0 0 1 1 0 1 0 0 0 0 0 1 1 1 1 0 0 0 1 1 1 1 1 1 1 0 0 1 0 0 1 1 1 1 0 0 0 1 1 0 1 0 0 1 1 0 0 1 1 0 0 0 1 0 0 1 1 1 1 1 0 1 0 1 1 0 0 0 0 0 0 1 1 0 1 1 0 1 1 1 0 0 0 0 0 1 1 1 0 1 0 0 0 1 1 1 0 0 0 0 1 1 0 1 0 0 1 1 0 0 0 1 1 0 1 0 0 1 0 1 0 1 1 1 1 0 1 
0 0 0 0 0 0 1 0 1 1 1 1 1 0 0 0 0 0 1 1 1 0 0 1 0 1 1 0 1 0 0 1 0 37 1 1 0 1 1 1 1 1 0 1 1 0 0 1 1 0 0 1 1 1 0 1 0 0 1 0 0 1 0 1 0 1 1 1 0 1 1 0 1 1 0 1 0 0 0 0 0 0 0 0 0 0 1 0 0 0 0 0 1 1 0 1 1 0 0 1 0 0 1 1 1 0 0 0 1 1 1 1 0 0 0 1 1 1 1 1 1 0 0 0 1 1 0 0 0 1 1 0 1 1 1 1 1 0 1 0 1 0 0 0 0 0 0 1 1 0 0 0 1 1 1 1 1 1 1 1 0 0 1 1 1 1 0 1 1 0 
1 1 0 0 0 0 1 1 0 0 1 0 0 0 1 0 0 1 1 1 0 0 1 0 0 0 1 0 0 1 1 0 1 0 74 0 0 1 1 0 0 1 0 0 1 1 1 1 0 1 1 0 1 0 1 1 0 1 1 1 1 1 0 1 1 0 1 1 1 1 0 0 1 0 1 1 0 0 1 0 0 1 0 1 1 0 1 1 0 0 0 0 1 1 0 0 1 1 0 0 0 0 0 0 1 0 1 0 0 1 0 1 0 1 1 0 0 0 1 0 0 1 0 1 1 0 0 1 1 0 1 0 0 0 0 1 1 0 0 1 0 0 1 1 1 0 0 1 1 0 1 0 0 0 1 0 0 0 1 0 0 1 1 1 1 0 1 1 1 1 
0 0 0 1 1 1 1 0 0 0 0 1 1 1 1 0 0 1 1 0 0 1 1 1 0 0 0 0 0 1 0 1 0 1 1 38 1 1 1 0 1 1 0 0 0 1 0 1 1 0 1 1 0 0 1 0 1 1 0 1 0 1 0 0 0 0 0 1 0 0 0 0 1 1 1 1 1 1 0 0 1 0 1 0 1 0 1 0 0 1 0 1 0 1 1 1 0 0 1 1 0 1 1 0 1 1 0 1 1 0 0 0 1 0 0 0 1 0 1 1 0 0 0 1 1 1 1 1 1 0 0 0 0 1 0 0 0 1 1 0 0 0 0 1 0 1 1 1 1 1 0 0 0 0 0 1 1 0 1 1 1 1 1 0 0 1 1 0 1 1 
1 1 1 0 1 0 1 1 1 1 0 0 1 0 0 1 1 1 1 0 0 0 0 1 0 1 0 1 0 1 0 0 1 1 1 0 1 1 1 1 1 1 1 1 0 0 0 0 1 1 1 1 1 0 1 1 0 1 1 0 1 0 1 0 0 1 0 1 1 1 0 0 0 1 0 1 1 0 1 0 1 1 0 0 1 1 1 1 1 1 0 1 1 0 1 0 1 1 0 1 0 0 0 0 0 1 1 0 0 1 1 0 1 1 1 1 1 0 1 0 1 1 0 1 0 0 0 1 1 0 0 0 1 0 0 0 0 0 1 1 0 0 0 0 1 0 1 0 1 0 1 1 1 0 1 1 1 0 1 1 0 0 1 1 0 0 1 0 1 1 
1 0 1 1 1 0 1 0 0 1 0 1 0 1 1 1 1 1 1 0 0 1 0 1 1 1 1 0 1 1 1 1 0 1 1 1 0 76 0 1 1 1 1 1 0 1 1 1 1 0 0 0 1 1 0 1 1 0 1 1 1 0 1 0 1 0 1 1 1 1 1 1 0 0 0 0 1 1 1 1 1 0 1 0 0 0 0 1 0 1 0 0 0 0 0 0 0 0 0 0 0 0 0 0 1 1 1 1 0 1 0 1 1 1 0 0 0 0 0 1 1 0 0 1 1 0 1 1 1 1 1 0 1 0 1 0 0 0 0 0 0 0 0 0 1 1 1 0 0 1 0 0 1 0 0 1 0 1 0 1 1 1 1 0 1 1 1 1 1 0 
1 0 0 0 1 1 1 1 0 1 0 1 1 1 0 1 0 0 1 0 0 0 1 0 0 1 1 1 0 1 0 0 1 1 1 0 1 0 99 0 1 0 0 1 0 0 1 1 0 1 0 1 1 1 0 1 0 1 0 1 1 0 0 1 1 1 0 1 1 0 1 0 0 0 1 1 1 1 1 1 1 1 1 1 1 0 1 1 1 1 1 1 1 1 1 1 1 0 0 0 0 0 0 0 1 0 0 0 0 0 0 0 1 0 0 0 1 0 1 0 1 1 0 0 0 0 1 0 1 0 1 0 1 1 0 1 0 0 0 1 0 0 1 1 0 0 0 0 0 0 1 1 1 0 1 0 1 1 1 0 1 0 1 1 0 0 1 1 1 1 
0 1 1 0 0 1 1 0 0 0 0 0 1 0 1 1 1 1 1 1 1 0 0 0 0 0 0 0 0 0 1 0 0 0 1 0 0 0 0 11 1 1 1 1 1 1 0 0 1 0 0 1 1 0 0 1 1 0 0 1 0 0 1 0 0 1 1 0 0 0 0 0 1 0 1 0 1 0 1 1 1 0 1 1 1 0 1 0 0 0 1 1 0 0 1 1 1 0 0 1 1 1 1 1 0 0 1 1 0 0 0 0 1 1 0 0 1 1 0 1 1 0 1 1 1 0 0 1 0 0 1 1 1 0 1 1 0 0 0 1 0 0 1 1 0 0 0 0 0 1 1 1 0 1 1 1 1 1 0 0 1 0 1 0 1 0 1 1 0 0 
0 1 1 1 0 1 0 1 1 0 0 0 0 0 1 0 0 0 0 0 0 1 1 0 0 0 1 0 1 1 1 1 1 1 1 0 0 1 1 0 38 0 1 0 0 0 1 0 1 1 1 1 0 1 0 1 1 0 1 1 1 1 1 1 1 0 1 0 0 1 0 1 1 0 0 1 1 0 1 1 1 0 1 1 1 0 0 0 1 0 1 1 0 1 1 0 0 0 1 1 0 1 1 0 0 1 1 0 1 0 0 1 1 1 1 0 1 1 0 1 1 0 0 0 1 0 1 0 1 0 1 1 0 1 0 1 1 0 0 1 0 0 0 1 0 0 0 0 1 1 0 1 0 1 0 1 1 0 0 1 1 1 1 0 0 0 0 1 0 0 
0 0 0 0 1 1 1 1 0 0 1 0 0 0 1 0 1 1 0 0 0 1 0 1 0 1 0 0 0 0 0 0 0 1 1 1 1 0 0 1 0 32 1 1 0 1 1 0 1 1 1 1 0 0 0 0 1 0 0 1 1 0 0 0 0 1 0 1 0 0 1 1 1 1 1 1 1 1 1 0 0 0 1 1 1 0 0 1 0 1 1 1 0 1 0 1 1 1 1 0 1 0 1 1 0 0 1 1 0 0 0 0 1 0 1 1 0 1 0 0 1 0 0 1 0 0 0 1 0 1 1 1 0 0 0 0 1 1 1 1 1 0 0 0 1 1 0 0 0 1 0 1 1 0 0 0 0 1 0 0 0 1 0 1 1 1 1 0 0 0 
0 1 0 0 0 0 1 1 1 1 1 1 0 1 1 0 0 0 1 1 1 1 0 1 0 1 0 0 1 1 0 1 1 1 0 1 1 1 1 0 1 1 85 0 0 1 1 0 1 1 0 0 0 1 1 0 0 0 1 1 0 0 1 1 0 0 0 0 1 0 0 0 0 1 0 0 0 0 0 1 0 0 1 1 0 1 0 1 1 0 1 0 1 0 0 1 1 1 0 1 1 0 1 0 1 0 0 0 0 0 0 1 1 1 1 0 0 0 0 0 1 0 1 0 1 0 1 0 0 1 1 1 0 1 0 0 0 1 0 1 1 1 0 0 1 0 1 1 1 0 1 1 0 0 1 1 1 1 0 1 1 1 1 1 0 1 0 1 1 0 
1 1 1 1 0 1 0 0 0 0 1 1 0 0 1 0 1 1 0 1 1 1 0 1 0 0 1 1 0 0 1 1 1 0 0 0 0 0 1 1 0 1 1 55 1 0 0 0 1 1 0 0 1 1 1 1 1 0 0 0 0 0 0 1 0 1 0 0 0 0 1 1 1 0 0 0 1 1 1 0 1 1 1 1 1 1 0 0 0 0 0 1 1 1 1 0 1 0 1 1 1 0 1 0 1 0 0 0 1 1 1 0 0 0 1 0 0 0 1 0 0 0 0 1 0 0 1 1 1 0 1 1 0 1 0 0 0 1 1 0 0 1 0 1 1 1 0 1 1 0 0 0 0 1 1 1 1 1 1 0 1 1 1 1 0 1 0 1 1 0 
1 1 0 1 0 0 0 1 1 1 0 1 0 0 0 0 1 0 1 0 1 0 1 1 0 1 0 1 0 0 1 0 1 1 1 0 1 1 0 1 1 0 1 0 26 1 0 1 0 1 1 0 1 1 0 0 1 0 1 1 1 1 0 0 0 0 1 0 1 1 0 1 0 1 0 1 0 0 0 0 1 0 1 1 0 1 0 0 1 0 1 0 0 0 1 0 0 1 1 0 0 0 1 1 1 0 1 1 1 1 1 1 0 0 0 0 1 1 1 0 1 0 1 0 0 0 0 1 1 0 1 1 0 1 1 0 0 1 1 0 0 1 1 0 1 0 0 1 1 1 0 0 0 0 0 1 1 0 0 1 0 1 1 1 1 1 0 0 0 0 
0 0 0 1 0 0 1 1 1 1 1 1 0 1 0 1 0 1 1 0 1 1 1 1 0 0 1 0 0 0 0 1 1 1 0 0 0 0 1 1 1 0 0 1 0 2 1 0 0 0 1 0 1 0 1 0 1 0 0 1 0 0 0 1 0 0 1 0 1 1 1 1 1 0 0 1 0 1 0 1 0 1 1 1 0 1 0 0 1 1 0 0 0 0 0 1 1 1 1 0 0 0 1 1 0 1 0 1 1 1 1 0 0 0 1 1 1 1 1 0 0 1 1 1 1 0 1 1 0 1 1 1 1 1 1 1 1 0 0 1 1 1 1 0 1 1 0 0 1 0 1 0 0 0 0 1 0 0 1 0 0 1 1 1 1 1 0 0 0 0 
1 0 0 0 1 1 0 1 1 1 0 1 1 0 1 0 0 0 0 1 0 1 1 0 0 1 1 0 0 1 0 1 1 1 0 0 1 1 1 1 0 1 1 0 1 1 63 0 1 1 1 1 0 0 1 1 0 1 0 1 0 1 0 1 0 0 1 0 0 0 0 1 0 0 0 1 0 0 1 1 0 0 1 1 1 0 0 1 0 0 1 0 1 1 0 1 0 0 0 1 1 0 1 0 0 1 0 0 1 1 1 1 0 1 0 1 1 1 1 1 0 1 0 0 0 0 0 1 0 1 0 1 1 1 0 1 0 0 0 0 1 1 0 0 0 0 0 0 0 1 0 0 0 1 0 0 0 0 1 1 0 0 0 0 1 0 0 1 0 1 
1 1 0 0 0 1 0 1 0 1 1 0 0 0 1 1 0 1 0 1 1 1 1 1 1 1 0 1 1 0 1 1 0 1 0 1 0 0 1 0 1 1 0 1 0 1 0 61 1 1 0 1 1 0 1 1 1 1 0 1 0 1 1 1 1 1 0 1 0 1 0 1 1 0 1 0 1 0 1 1 0 0 0 1 0 0 0 1 1 1 0 0 1 0 0 1 1 0 1 1 1 0 0 1 0 1 1 0 0 0 0 1 1 1 0 0 0 0 1 1 0 0 0 1 1 1 0 0 1 1 0 0 0 1 1 1 0 1 0 0 0 1 1 1 1 1 0 0 0 0 1 1 0 1 1 0 1 0 1 0 1 0 1 1 0 1 0 0 1 0 
0 0 1 0 1 1 1 1 0 1 1 0 0 0 0 1 0 1 1 1 0 1 0 0 0 0 1 1 1 1 0 0 0 1 1 1 1 0 0 1 1 0 1 0 1 1 0 0 27 1 0 0 1 1 0 1 0 0 0 0 0 0 1 1 1 0 0 1 1 1 0 1 1 1 0 1 0 0 0 1 1 0 0 1 1 0 0 0 1 1 1 1 1 0 1 1 1 1 0 0 1 1 0 1 1 1 0 1 1 1 0 0 0 1 1 0 0 0 1 0 1 1 0 1 1 1 0 0 1 1 0 0 1 1 0 1 1 0 1 1 0 0 1 0 0 1 1 1 1 0 0 0 0 0 1 0 1 1 1 1 1 1 0 0 0 1 0 0 0 1 
1 0 0 0 0 0 1 1 0 1 0 1 1 0 1 1 1 1 0 1 1 1 0 1 0 1 1 1 1 0 0 1 0 1 1 1 1 0 0 1 0 0 0 0 0 1 0 1 1 37 1 0 1 0 1 1 1 0 0 0 0 0 1 1 0 1 0 1 0 0 1 1 1 1 0 1 0 0 0 1 1 1 0 0 0 1 1 0 0 1 0 1 0 0 0 0 0 1 0 1 0 0 1 0 0 0 0 1 1 1 0 1 0 0 0 0 0 1 1 1 0 1 0 0 1 1 1 1 1 1 0 1 0 1 0 0 1 1 1 1 0 0 0 0 0 0 1 0 0 1 1 0 0 1 1 0 1 0 1 0 1 1 1 0 1 0 0 1 1 1 
1 1 0 0 1 0 0 0 0 1 1 1 1 0 1 0 1 1 0 1 1 1 1 1 1 1 0 0 0 1 0 0 0 0 0 1 1 1 1 0 1 1 1 1 1 0 1 1 1 0 52 1 1 0 1 0 1 0 1 1 1 0 1 1 1 0 1 0 1 1 0 1 0 1 0 0 1 1 1 0 1 1 1 1 0 0 1 0 1 1 0 0 0 1 1 0 0 0 0 1 0 1 1 0 1 1 0 1 0 1 0 0 1 0 1 0 0 0 0 0 0 0 0 0 0 1 0 0 0 1 1 0 0 0 0 1 0 0 0 0 1 0 1 0 1 0 1 0 1 0 0 0 0 0 0 1 0 0 1 1 1 0 0 1 0 1 1 0 1 1 
1 0 0 0 0 0 1 0 0 1 0 0 0 0 1 1 0 0 0 1 0 1 0 1 1 1 0 0 0 0 0 0 0 0 1 1 0 1 0 1 0 0 1 0 0 1 0 0 0 1 1 72 0 1 0 1 1 1 1 1 0 1 1 1 1 1 1 1 0 0 0 1 0 1 0 0 1 0 1 0 1 1 0 0 0 1 1 0 0 0 1 1 1 1 0 1 1 1 0 0 1 0 1 1 0 0 1 1 0 1 1 0 0 1 1 1 1 1 1 1 0 1 1 0 1 0 0 0 1 0 0 0 1 1 1 1 0 0 1 0 0 1 1 0 1 1 1 0 0 1 1 0 0 1 1 0 1 1 1 1 1 0 1 0 1 0 1 0 0 1 
1 0 0 0 0 0 1 0 0 1 1 0 0 1 0 1 1 1 0 0 1 1 0 1 0 1 1 0 0 0 1 1 0 1 1 0 1 1 1 1 1 0 0 0 0 1 0 0 1 0 0 1 66 1 1 0 0 1 1 0 0 1 0 0 0 0 1 0 1 1 1 0 0 0 0 1 0 1 1 1 1 1 1 0 1 1 0 0 0 1 0 0 0 0 0 1 1 1 1 0 1 0 0 0 1 0 0 0 1 1 0 1 1 0 1 0 1 0 0 0 1 0 1 0 1 1 1 1 0 1 1 0 1 1 1 1 1 0 1 1 1 0 0 0 0 0 1 0 1 1 1 0 1 1 0 0 0 1 0 1 0 1 1 1 1 1 1 1 0 1 
1 0 1 1 1 1 1 0 0 1 0 1 1 1 1 0 1 1 0 1 0 1 1 1 1 0 1 0 1 1 1 0 0 1 1 1 0 0 0 1 0 1 1 1 0 0 1 0 1 1 0 0 0 52 1 1 1 0 0 1 0 1 0 0 1 1 0 1 1 0 0 0 1 0 1 1 0 0 1 1 1 0 0 0 1 1 1 0 0 0 1 0 0 1 0 1 0 1 1 1 1 0 1 1 0 1 1 1 1 1 1 0 0 0 1 0 1 1 1 0 0 1 0 0 1 0 0 0 1 1 1 1 0 0 1 0 1 0 1 0 1 1 1 1 0 1 0 1 1 0 0 1 0 0 1 0 1 0 0 0 1 0 1 0 0 0 1 1 1 0 
0 0 0 0 0 1 0 1 1 1 1 0 0 1 0 0 1 1 0 1 0 0 1 1 0 0 0 1 1 0 1 1 1 0 0 0 1 1 0 0 0 1 0 1 0 1 0 0 1 1 0 0 1 1 96 1 0 0 0 0 0 1 1 1 0 1 1 0 0 1 0 0 1 0 0 0 0 0 0 1 1 0 0 1 1 0 0 1 1 1 0 0 1 1 1 0 0 1 1 0 0 1 0 1 1 1 0 1 0 1 0 1 0 0 1 1 1 0 1 1 1 0 1 0 1 0 1 1 1 1 1 1 0 0 0 1 1 1 1 0 0 0 0 0 1 0 0 1 0 0 1 1 0 0 0 0 1 0 1 1 1 1 1 0 0 0 1 0 1 0 
0 0 0 1 0 1 1 1 0 0 0 1 0 1 0 0 0 0 0 1 0 1 0 1 1 0 0 0 0 0 0 0 1 0 0 0 1 0 1 0 0 1 0 1 1 1 1 0 0 0 1 1 1 0 1 28 1 0 1 1 1 0 1 1 0 0 1 0 0 0 1 0 0 1 0 1 0 0 0 1 1 1 1 0 0 1 0 1 0 0 0 1 1 1 0 1 0 1 0 0 1 0 0 1 0 1 1 0 0 0 1 1 1 1 0 0 0 0 0 0 1 0 0 1 0 0 0 0 0 1 1 1 1 1 0 0 1 1 1 1 0 0 1 1 0 1 1 1 1 1 1 1 1 0 1 1 1 0 1 0 0 1 0 1 0 1 0 1 1 0 
1 0 0 0 0 0 1 1 1 0 1 0 0 1 1 1 1 0 0 1 1 1 1 0 1 1 0 0 1 1 1 1 0 0 0 1 0 0 1 0 1 0 1 1 0 1 0 0 1 0 0 0 0 0 0 1 63 0 0 1 1 1 1 1 0 1 0 0 1 0 1 1 0 0 0 1 1 1 1 1 1 0 1 1 0 1 1 1 0 1 0 0 0 0 1 0 0 0 1 1 0 0 0 1 1 1 1 0 1 1 1 0 1 0 0 0 1 0 1 1 1 0 1 0 0 0 0 0 1 1 0 0 0 0 0 0 0 0 1 1 0 0 0 1 1 0 1 0 0 0 0 1 1 0 0 1 0 0 0 0 1 0 1 0 0 0 1 1 0 1 
1 0 1 0 0 1 0 0 0 1 0 0 0 1 1 0 0 0 1 0 0 1 1 0 1 0 1 1 0 1 0 1 0 0 0 1 1 1 0 1 0 0 0 0 1 0 1 0 0 0 0 1 0 0 1 1 0 5 1 0 1 1 0 0 0 1 1 1 1 1 1 0 0 0 1 0 0 1 0 0 1 0 1 0 1 0 0 1 0 0 1 0 0 0 0 1 0 1 1 0 1 0 0 1 0 1 0 0 1 0 1 0 1 0 1 0 1 0 1 1 0 0 1 1 1 1 0 0 0 1 1 0 0 0 1 1 0 0 1 0 0 1 1 1 0 1 1 0 0 1 0 1 1 0 0 0 1 1 1 1 0 1 0 1 1 0 0 1 1 0 
0 0 0 1 1 0 0 1 0 1 1 0 1 0 1 0 0 1 0 0 0 1 1 1 1 0 1 0 0 0 1 1 0 0 0 0 0 0 0 0 0 1 1 0 1 1 1 0 1 0 0 0 0 1 0 1 1 1 30 1 0 1 1 0 1 0 0 0 1 0 1 0 1 1 0 1 1 0 0 1 0 0 0 0 0 0 1 0 0 1 1 0 0 1 0 0 1 0 1 0 0 1 1 1 0 0 0 1 1 0 0 1 1 0 1 1 0 1 1 1 1 1 0 0 0 0 1 0 0 0 0 1 1 1 0 1 1 1 1 0 1 1 1 1 1 1 1 1 0 0 1 1 0 1 1 1 0 1 0 0 0 0 0 1 1 0 1 0 0 0 
1 1 0 1 0 0 0 0 1 0 1 1 0 1 1 0 1 1 0 1 1 0 0 1 1 0 1 1 0 1 1 0 1 0 0 0 0 1 0 1 1 0 1 0 1 0 1 1 1 0 1 0 0 0 0 1 0 0 1 13 1 0 0 0 0 0 0 0 1 0 1 0 1 0 1 1 1 0 1 0 1 0 1 0 1 0 0 1 1 0 1 1 1 1 1 1 1 0 1 1 1 1 0 0 0 1 1 0 1 1 0 1 0 0 1 1 0 0 1 1 0 1 0 0 1 1 1 0 0 1 0 1 0 0 0 1 1 1 0 1 0 0 0 0 1 0 1 1 0 1 0 0 1 0 0 0 0 0 1 1 0 0 0 1 1 1 1 0 0 1 
1 1 1 0 0 1 0 1 1 0 1 0 1 0 1 0 1 1 1 0 1 0 0 0 0 1 0 0 1 0 1 1 1 1 0 0 0 0 0 0 0 0 0 0 1 0 0 1 1 1 1 0 0 1 0 0 1 0 0 1 21 1 0 1 0 1 0 0 0 1 0 1 1 1 0 0 1 0 0 1 0 1 0 1 1 1 0 0 1 1 0 0 0 1 1 0 0 1 1 1 1 0 0 1 0 0 1 1 1 0 0 1 0 0 0 0 1 0 1 0 0 1 0 1 0 1 0 0 1 0 1 1 1 1 0 1 1 1 0 1 0 0 0 0 0 1 0 1 1 0 0 0 0 1 1 0 1 0 0 1 0 0 0 1 0 1 1 1 0 0 
0 0 0 1 0 0 1 0 0 0 0 0 1 0 1 1 1 0 0 0 1 0 1 0 1 1 0 0 1 0 0 1 1 0 0 1 0 0 0 1 1 0 0 1 1 0 1 1 1 1 1 0 0 1 0 1 0 1 0 0 1 4 1 0 0 0 0 0 1 1 1 0 0 0 1 1 1 1 0 0 1 0 1 0 0 1 0 1 1 0 1 1 0 1 0 0 0 0 1 0 1 0 0 0 1 0 0 1 0 1 0 1 0 0 1 0 1 1 1 1 1 1 1 1 0 1 1 1 0 1 1 1 0 0 0 0 0 1 1 0 0 1 0 0 0 0 1 1 1 1 1 0 0 1 1 1 1 1 0 0 1 1 0 0 1 0 0 1 1 0 
0 1 1 0 0 1 0 0 1 1 1 0 1 0 0 0 1 0 0 1 0 1 1 1 0 1 1 0 0 0 0 1 1 0 0 0 0 1 0 0 1 1 0 0 1 0 1 1 1 0 0 1 1 0 0 1 0 1 0 1 1 0 35 0 1 0 0 0 0 1 0 0 1 1 1 1 1 0 1 1 1 1 0 0 1 1 1 1 1 1 0 0 1 0 1 0 0 0 0 1 1 1 1 1 0 1 0 1 1 0 0 0 1 0 0 0 0 0 1 0 1 1 1 0 1 1 1 1 0 1 0 1 0 1 0 0 1 0 1 1 0 1 1 0 0 0 1 1 1 1 1 1 1 0 0 0 1 1 0 0 0 0 0 1 1 0 1 1 1 1 
0 1 0 1 1 1 1 1 1 0 0 1 1 0 0 1 1 0 1 1 1 0 0 0 0 1 0 1 0 0 1 1 0 1 1 1 0 0 1 1 1 0 0 0 1 1 0 1 1 0 1 0 0 0 0 0 1 0 0 1 1 0 1 60 1 1 1 0 1 0 0 1 0 0 1 0 1 1 1 0 0 1 0 1 0 1 1 0 1 0 0 0 0 0 1 1 1 0 0 0 0 0 1 1 0 0 0 1 1 1 0 1 0 1 1 1 0 0 1 1 0 0 1 0 1 0 0 0 0 1 0 0 1 0 0 1 0 1 0 0 1 1 0 1 0 0 0 1 0 0 1 0 0 1 0 0 0 0 1 0 1 0 0 1 0 1 1 1 0 0 
0 0 1 0 1 1 0 0 1 0 0 0 1 0 0 1 1 0 0 1 1 0 1 0 1 0 1 0 0 0 0 0 1 1 0 0 0 1 0 0 0 1 0 1 1 0 0 0 1 0 1 0 0 1 1 1 0 1 1 0 1 1 0 0 50 1 1 1 1 0 1 0 1 0 0 0 0 1 0 1 0 0 0 1 1 0 1 0 0 1 1 1 1 0 0 0 0 0 0 1 1 0 1 0 0 1 0 0 0 1 1 0 0 0 1 1 1 1 0 1 1 1 1 1 1 0 1 0 1 0 1 1 0 1 1 0 0 1 1 1 1 1 1 1 1 0 1 1 1 0 1 1 1 0 1 0 1 0 0 0 0 1 1 1 0 1 1 1 1 1 
1 0 1 1 0 0 0 0 1 0 0 1 1 1 1 0 0 0 1 0 0 0 0 1 0 1 0 1 1 0 0 1 0 1 1 0 1 0 0 1 0 0 0 1 1 0 0 0 0 1 0 1 1 1 1 0 1 1 1 0 0 0 0 0 0 11 0 0 1 0 1 1 0 1 1 0 1 1 1 1 1 0 0 1 1 0 0 0 1 1 1 0 0 0 0 1 0 1 1 1 0 0 1 0 0 0 1 0 0 1 0 0 0 0 1 0 1 0 0 1 1 1 1 1 0 0 0 0 0 0 1 1 1 0 1 1 0 1 1 0 1 1 1 0 0 1 1 0 1 1 0 0 0 0 1 0 0 0 0 1 0 0 1 1 0 1 1 1 1 0 
1 0 0 0 0 1 0 1 1 1 0 1 0 1 1 0 0 1 0 1 1 0 0 0 1 1 0 0 1 0 0 1 0 0 1 0 0 0 0 1 0 0 1 1 1 1 1 0 0 0 0 0 1 1 1 1 1 0 1 1 1 1 0 0 0 1 41 0 1 1 1 0 0 1 1 1 0 1 1 1 1 0 0 0 1 0 0 1 1 1 0 1 0 0 0 1 1 1 1 1 0 0 1 0 0 1 0 0 0 0 0 0 1 1 0 1 0 1 0 0 0 1 1 0 1 1 1 0 1 1 1 1 0 1 1 0 1 0 0 0 0 1 1 0 0 1 1 0 0 1 0 0 0 0 0 1 1 1 0 0 1 0 0 1 0 0 0 1 0 0 
1 1 0 1 0 0 0 0 1 1 1 1 0 1 0 1 1 0 0 0 0 0 1 0 0 0 0 1 0 0 0 0 0 0 1 0 1 0 1 0 0 1 0 1 0 1 0 1 1 0 1 1 1 1 0 1 1 1 1 0 1 1 1 1 1 0 1 95 1 0 1 1 1 0 0 0 1 0 0 1 1 1 0 0 0 0 1 0 0 0 1 0 0 1 1 0 0 1 0 1 1 0 1 0 0 1 0 0 1 1 0 1 0 1 0 1 0 1 1 0 0 1 0 0 0 0 0 1 1 1 1 0 1 1 1 1 1 0 1 0 0 1 0 0 0 1 1 0 1 1 1 1 1 1 0 0 0 0 1 1 1 1 0 0 1 1 0 0 0 1 
0 1 1 0 1 0 1 0 0 0 0 1 0 1 1 0 0 0 0 1 1 1 1 0 1 1 0 1 1 1 0 1 0 1 0 0 0 1 0 0 0 1 1 1 0 1 0 1 1 1 1 0 0 1 0 1 1 0 0 0 1 0 1 0 0 0 0 1 55 0 0 0 0 1 1 1 0 0 0 0 1 0 1 0 1 1 0 0 0 0 0 0 1 0 1 0 1 1 1 1 1 1 1 0 1 0 0 1 0 0 1 1 1 0 0 1 1 1 0 1 1 1 0 1 1 0 0 1 1 0 1 0 1 0 0 1 0 0 0 1 1 1 0 0 1 1 1 1 0 0 0 0 0 0 1 0 1 1 1 1 1 1 0 0 0 1 1 1 1 0 
1 1 1 0 0 0 1 0 1 1 0 0 0 0 1 1 0 1 0 1 0 1 0 0 0 0 0 0 1 1 1 1 0 1 0 1 1 1 1 1 0 1 1 0 0 1 0 0 1 1 1 1 1 0 1 0 1 0 1 1 1 1 0 0 1 0 1 0 0 54 1 1 0 1 1 1 1 0 1 0 1 0 0 1 1 1 0 1 0 0 1 1 0 0 1 1 1 0 1 1 1 0 0 1 0 0 1 0 1 0 1 0 0 0 0 0 1 1 0 1 1 0 1 0 0 0 0 0 1 1 0 1 0 0 0 0 1 1 1 1 1 0 1 0 0 1 0 1 1 1 1 1 0 1 1 1 1 1 1 0 0 1 0 0 1 1 0 0 0 1 
1 1 0 0 1 0 1 0 1 0 0 0 0 0 0 0 1 0 1 0 1 1 0 1 1 1 1 1 0 0 1 0 1 1 0 1 0 1 1 1 0 1 1 0 1 1 0 0 1 1 0 1 0 1 1 1 1 1 1 1 0 1 0 1 0 1 0 1 1 0 30 0 0 1 1 1 0 0 0 0 1 1 0 1 1 0 1 0 1 0 1 0 1 1 0 1 0 1 0 0 1 1 0 0 1 1 1 1 0 1 1 1 1 0 0 1 0 0 1 0 1 1 0 1 0 1 1 1 0 1 1 1 0 0 1 0 1 0 1 1 1 1 1 1 1 1 0 0 1 0 1 0 1 1 0 0 0 0 0 1 0 0 0 1 1 1 1 1 1 1 
0 0 1 1 0 1 1 1 0 0 0 0 0 0 1 0 1 0 0 1 0 1 0 0 1 0 1 0 0 0 1 1 0 0 0 1 1 1 1 1 1 0 1 1 1 1 0 1 0 1 0 0 0 0 0 0 0 0 0 0 1 1 0 1 0 1 0 1 1 0 1 16 1 1 1 1 1 0 0 0 1 0 0 0 1 1 1 0 1 0 0 0 1 1 0 1 1 1 1 1 1 0 0 1 1 0 1 1 0 1 1 1 0 0 1 0 1 0 0 0 1 0 0 1 0 0 0 0 0 1 1 1 1 0 0 0 1 1 0 0 0 0 0 0 0 1 0 1 1 0 0 0 0 1 0 0 1 0 1 0 1 0 1 1 1 1 0 0 1 0 
1 1 0 0 0 1 0 0 0 1 1 0 0 1 1 0 1 1 1 1 1 0 1 1 0 0 1 1 0 0 1 1 1 1 0 1 1 1 0 0 0 1 1 0 1 1 1 1 0 1 1 0 1 0 1 0 1 0 0 0 1 1 1 1 0 1 0 0 1 1 1 1 32 0 0 0 1 0 1 1 1 0 1 0 1 0 0 1 1 0 0 0 1 0 0 1 1 0 1 1 1 1 1 0 0 0 0 0 1 1 1 1 1 0 1 1 1 0 1 1 1 0 1 1 0 0 1 1 0 1 1 0 0 1 0 0 1 1 0 1 1 0 1 1 0 1 0 0 1 0 0 0 0 0 0 1 1 0 1 0 0 1 1 1 0 1 0 1 0 1 
1 0 1 0 0 0 0 1 0 0 1 1 0 1 1 0 0 1 0 1 1 1 1 1 1 1 0 1 1 0 1 1 0 1 0 1 1 1 1 0 0 0 0 0 1 1 1 1 0 0 1 0 0 1 1 1 0 0 0 0 0 1 1 1 0 1 0 0 0 1 0 0 1 62 0 1 0 1 1 1 1 0 0 1 1 0 0 1 0 0 0 0 0 0 0 0 0 0 0 0 1 0 1 0 0 0 0 1 0 1 1 1 0 0 0 1 1 1 0 1 1 1 1 0 0 0 0 0 0 1 0 1 1 0 0 1 1 1 1 0 1 1 1 0 0 1 0 1 0 0 1 0 1 0 1 1 0 0 1 1 1 0 0 1 0 0 0 1 1 1 
0 1 1 0 1 1 1 1 0 1 1 1 0 1 1 0 0 0 1 1 1 1 0 0 1 1 1 0 1 0 1 0 1 0 0 1 0 0 1 0 0 0 1 1 0 1 1 0 0 0 1 1 1 1 0 1 1 0 0 0 0 0 0 1 1 0 1 0 0 0 0 0 0 0 6 0 1 0 1 0 1 0 1 1 1 1 0 1 0 1 0 0 0 1 0 1 0 1 0 1 1 0 1 0 0 0 1 0 0 1 1 1 1 0 0 1 0 0 0 0 0 0 0 0 1 0 0 0 0 0 0 1 1 1 0 1 1 1 0 1 1 1 1 0 1 1 0 0 0 1 1 1 0 0 0 1 1 0 1 0 1 1 0 1 0 1 0 1 0 1 
1 0 0 0 1 0 0 0 1 1 0 0 0 0 1 0 1 1 0 1 0 1 1 0 1 1 0 0 0 1 1 0 1 0 1 1 0 0 0 0 1 0 0 1 0 0 1 1 1 0 1 1 0 0 0 0 0 1 0 0 1 0 0 0 0 1 1 1 0 0 0 0 1 0 1 31 0 1 1 1 0 1 1 0 0 0 1 0 0 0 0 0 0 1 1 1 1 0 0 1 0 0 1 1 0 1 1 1 1 1 0 1 1 1 0 1 0 1 1 1 1 1 1 1 1 0 0 1 0 0 0 0 1 1 0 0 0 1 1 1 0 0 0 0 0 1 0 0 0 0 0 0 1 1 0 1 0 0 0 0 1 1 1 0 1 0 0 0 1 1 
1 0 0 1 1 0 1 0 0 0 1 1 0 1 0 0 1 1 1 0 1 1 1 0 1 0 1 1 1 0 1 1 1 0 1 1 1 1 0 1 1 0 0 0 1 0 0 1 1 1 0 0 0 1 0 0 0 1 0 1 1 0 0 0 0 0 1 1 0 0 1 1 1 0 1 0 4 1 1 0 0 1 1 0 0 0 0 1 1 0 1 1 0 0 0 0 0 1 0 1 0 1 1 0 1 1 0 1 1 0 1 1 0 1 1 0 0 0 1 1 1 1 1 1 0 1 1 1 0 0 0 0 0 1 0 1 0 1 0 1 0 0 0 1 0 0 0 1 1 0 0 1 0 1 0 0 0 0 0 0 1 1 1 0 1 1 0 0 0 0 
1 0 0 1 0 1 1 0 0 1 0 0 1 0 0 1 0 0 0 0 0 0 0 0 1 0 0 1 0 1 1 1 1 1 1 1 1 0 1 1 1 0 1 0 0 0 1 1 0 0 0 0 0 0 0 0 0 1 1 1 1 1 1 0 0 0 0 0 1 1 0 0 1 0 1 0 1 39 0 0 1 0 1 1 0 1 1 0 0 1 0 0 0 0 1 1 0 1 0 1 0 1 0 1 0 1 0 1 1 1 0 1 0 1 0 1 1 0 0 0 0 0 1 0 1 0 0 0 1 0 1 0 1 1 1 1 0 1 0 0 0 0 0 0 0 1 0 0 0 1 0 1 1 1 0 0 0 1 0 0 1 0 1 0 0 0 1 1 1 0 
1 0 0 0 1 0 1 1 0 1 0 1 1 1 0 0 1 1 0 1 1 1 0 1 1 0 0 1 0 1 1 1 0 1 0 1 0 1 0 0 1 0 0 1 1 0 1 0 1 1 0 0 1 0 0 1 0 0 1 1 0 1 0 1 0 1 1 0 1 0 0 1 0 1 0 1 0 0 16 0 1 0 0 1 0 1 0 0 0 1 1 0 0 0 0 1 1 0 1 0 0 0 1 1 1 1 1 0 1 0 1 0 0 1 1 1 0 0 0 1 0 0 1 0 1 0 1 0 0 1 0 0 1 0 0 1 0 1 0 1 1 1 1 1 0 1 1 0 1 0 0 1 1 0 0 1 1 1 0 1 0 0 0 0 1 0 1 0 0 0 
1 1 0 1 1 1 0 0 0 0 1 1 0 1 1 0 1 1 0 0 1 0 1 0 0 0 0 0 1 1 0 0 0 0 1 0 0 1 1 0 1 0 0 0 1 0 1 1 1 0 0 0 1 0 0 1 1 1 0 1 1 1 1 0 1 1 0 1 0 0 0 1 1 1 1 1 0 0 1 80 0 0 0 0 0 0 1 1 1 0 0 1 1 0 0 1 0 1 1 0 1 1 1 1 0 0 1 0 1 0 0 1 0 1 1 0 0 1 1 1 0 0 0 0 1 0 1 1 0 0 0 0 0 0 0 1 1 0 1 1 0 1 1 1 0 0 0 0 0 1 0 1 1 1 0 0 1 0 0 1 1 1 1 1 1 0 1 0 1 0 
1 0 0 0 0 0 0 0 0 1 0 1 0 0 0 1 1 0 1 1 1 1 0 0 0 1 0 1 0 1 1 1 0 0 0 0 1 1 0 0 1 0 0 0 0 1 0 0 0 1 0 0 1 0 1 0 0 0 0 0 1 0 0 1 1 1 0 1 1 0 0 1 1 0 1 0 1 1 0 0 63 1 0 0 1 0 1 0 0 0 0 0 1 0 1 1 0 1 1 0 1 1 0 0 1 1 1 0 0 1 0 0 0 1 1 0 1 1 0 0 0 0 0 1 0 1 0 1 1 0 1 1 0 0 1 0 1 1 1 0 1 1 0 0 1 0 0 0 1 0 1 0 0 0 0 0 1 0 0 0 0 1 0 1 0 1 0 0 0 1 
1 0 0 0 1 1 0 1 1 0 0 1 1 0 1 0 0 0 1 0 0 1 0 1 1 1 1 1 0 1 1 0 0 1 1 1 1 0 1 0 1 0 0 0 1 0 1 1 0 1 1 1 0 1 1 0 1 0 1 0 0 1 1 0 0 1 1 0 0 0 1 0 1 1 0 0 1 0 1 0 1 93 0 0 1 0 1 0 1 0 1 0 0 0 0 1 1 1 0 0 1 1 0 0 1 1 0 0 0 0 0 0 0 0 0 0 1 0 0 0 1 0 0 1 0 0 0 0 1 1 1 0 0 0 0 0 1 1 0 0 0 0 1 1 1 0 0 1 0 1 0 0 1 1 1 1 1 1 0 1 0 0 1 1 1 1 0 1 0 0 
1 0 1 1 0 1 1 1 0 1 0 1 1 1 0 1 1 0 0 1 0 0 0 0 0 1 1 0 1 0 0 1 1 1 1 1 0 0 0 1 0 0 0 0 1 1 1 1 0 0 1 1 1 1 0 1 0 0 1 0 1 0 0 0 1 1 0 1 1 0 0 0 0 1 1 1 1 1 1 1 0 0 65 1 1 1 0 0 0 1 1 1 1 1 0 1 0 0 0 1 0 1 1 1 1 1 0 0 1 0 0 1 1 1 0 1 1 0 1 0 0 0 1 1 0 1 1 1 1 1 1 1 1 1 0 0 0 0 1 0 0 1 1 0 1 1 1 1 0 1 0 1 1 0 1 0 0 0 0 0 1 0 1 1 0 0 0 0 1 0 
1 0 1 0 0 0 1 0 1 1 0 1 0 1 0 0 1 0 1 1 0 1 1 1 1 0 1 0 0 0 0 1 0 0 0 0 0 1 1 0 0 0 1 0 0 0 1 1 0 1 1 1 0 0 0 0 1 1 1 1 1 0 0 0 0 1 0 0 0 1 1 0 1 0 1 1 0 0 0 0 1 0 0 93 1 1 1 1 0 0 0 1 0 0 0 1 1 1 1 0 1 0 0 0 1 0 0 0 0 0 1 0 0 1 1 0 1 0 0 1 1 0 0 0 1 0 1 0 1 1 1 1 1 0 1 1 1 0 0 1 0 0 1 1 1 1 1 0 0 0 1 1 0 1 0 1 1 1 0 0 0 0 1 1 0 1 1 1 1 0 
1 0 1 0 1 1 1 0 1 1 0 1 1 1 0 0 0 0 1 1 0 0 0 1 1 0 1 1 1 0 1 1 0 1 1 1 0 0 1 1 0 0 0 1 0 1 0 0 0 1 1 1 1 0 1 0 0 0 0 1 0 0 1 0 1 1 0 1 1 1 1 0 1 1 1 0 1 0 0 1 1 0 0 0 52 1 1 1 0 0 0 1 0 1 0 0 0 0 1 0 0 0 0 1 0 1 1 1 0 0 0 1 0 0 1 0 1 1 1 0 0 0 0 1 1 0 1 0 1 0 1 1 1 1 1 1 1 1 0 0 0 1 0 1 1 1 0 0 1 0 1 1 0 0 0 1 1 1 1 0 0 0 0 1 1 0 1 1 0 0 
0 1 1 0 0 1 0 0 0 0 1 0 1 1 1 1 0 0 1 1 0 1 0 0 0 1 1 1 0 1 0 1 1 1 1 0 0 0 1 0 0 1 1 1 0 0 1 0 1 0 1 0 1 1 1 0 0 0 0 0 0 0 1 0 0 1 0 0 1 0 1 1 0 1 0 0 0 0 0 1 1 0 0 0 1 97 0 1 1 1 1 0 1 1 1 0 0 0 0 1 0 1 1 0 1 1 1 1 1 0 1 0 0 0 1 0 0 0 1 0 0 0 1 1 1 1 0 1 1 0 0 0 0 1 1 1 0 1 0 1 1 1 1 0 1 1 1 0 1 0 0 1 0 0 1 1 1 0 0 0 0 1 0 0 0 1 0 1 0 0 
1 1 0 0 1 1 0 1 0 1 0 0 0 1 1 0 0 1 0 1 1 1 1 1 0 0 1 0 1 0 1 1 0 1 0 0 0 0 0 1 1 0 1 1 1 1 0 0 1 1 0 1 1 0 0 0 1 0 1 1 0 0 0 0 1 1 1 0 0 1 0 1 0 1 1 0 1 1 1 0 0 0 1 1 1 0 20 0 0 0 0 0 1 0 1 1 1 1 1 0 1 0 1 0 0 1 1 1 0 1 1 1 0 1 0 0 0 0 0 0 0 1 1 1 0 0 1 0 1 1 0 0 1 1 1 0 0 1 0 1 0 0 1 1 1 1 1 1 1 1 0 1 1 1 1 0 1 0 1 1 1 0 0 1 0 1 1 1 1 1 
1 0 1 1 1 1 1 1 0 1 0 0 1 1 1 0 1 0 1 1 1 1 0 0 1 1 0 1 1 1 0 1 1 1 0 0 1 1 1 0 1 1 0 1 0 1 0 0 1 1 1 1 1 1 1 1 0 1 1 1 0 0 1 0 1 0 0 1 0 0 1 0 0 1 0 0 1 0 1 1 1 0 0 1 1 0 1 95 0 1 1 1 0 0 0 1 1 0 0 0 0 1 1 1 0 0 0 1 1 0 0 0 1 1 1 1 1 1 0 1 0 0 1 0 1 0 1 0 1 0 0 0 0 1 1 0 1 1 1 0 0 0 1 0 1 1 1 1 0 1 0 0 1 1 1 0 1 1 0 1 0 1 1 0 1 1 0 0 0 1 
0 1 1 1 1 1 1 0 1 0 1 1 0 1 0 0 1 1 0 0 1 0 0 0 0 0 1 1 1 0 0 1 1 1 1 0 0 1 1 0 1 0 1 1 1 0 1 1 0 1 0 1 0 0 0 0 0 0 1 1 0 1 1 0 0 0 1 0 0 1 1 0 0 1 1 0 0 1 1 0 1 1 0 0 0 1 1 1 1 1 0 0 0 1 0 1 0 1 1 0 1 1 0 1 1 0 1 0 0 0 1 1 0 0 0 1 0 1 0 1 0 0 1 1 0 0 0 1 1 1 0 0 0 0 1 1 1 0 0 0 0 1 0 0 0 1 1 0 1 0 1 1 0 1 0 1 0 1 0 0 0 0 1 0 1 1 0 1 1 0 
0 0 1 0 1 1 1 0 1 0 0 0 1 0 1 0 0 0 1 0 0 1 1 0 1 0 1 1 0 1 1 0 0 1 1 0 0 1 0 0 1 0 0 1 0 0 0 1 0 0 1 0 0 0 1 0 1 1 1 1 1 1 0 1 0 1 0 1 0 1 0 0 1 1 0 0 0 0 0 0 1 0 1 0 1 0 1 0 1 65 1 0 1 0 1 0 1 1 1 1 0 1 0 1 1 0 0 0 0 0 0 1 0 0 1 0 0 1 0 0 1 1 1 1 1 1 1 1 0 0 1 1 0 1 1 1 1 1 0 1 1 1 1 0 1 0 0 1 0 0 0 0 0 1 1 0 1 0 1 1 1 1 0 0 1 1 0 0 1 1 
0 1 0 0 0 1 1 0 0 0 0 0 0 1 1 1 0 1 0 0 1 0 0 1 0 1 0 1 1 0 0 1 1 0 1 0 0 1 1 0 1 0 1 0 1 0 1 0 0 1 0 0 1 1 0 0 1 0 1 1 0 0 0 1 1 1 1 0 0 0 0 1 0 1 1 1 0 0 0 1 1 1 0 0 0 1 1 0 0 1 88 1 1 0 0 1 1 1 0 0 0 0 0 0 0 0 0 1 0 0 1 1 1 0 1 1 1 1 1 1 1 1 1 0 1 0 0 0 1 0 0 1 0 1 1 0 1 1 1 0 1 0 1 1 1 1 0 0 1 0 1 0 1 0 1 1 0 1 1 1 1 0 1 1 0 0 1 1 1 1 
0 1 1 0 0 1 1 1 1 0 0 1 0 0 1 0 0 1 1 1 1 1 0 0 0 1 0 0 1 0 0 1 0 1 0 0 0 0 1 0 0 0 1 1 1 0 0 1 0 0 0 1 0 1 0 1 0 1 0 1 0 1 1 0 1 1 1 1 1 0 0 1 1 1 0 1 1 0 1 1 0 0 0 1 0 0 1 0 0 0 1 15 1 0 1 0 1 1 0 1 1 1 0 0 0 0 0 0 0 0 1 0 1 1 0 1 0 0 1 0 1 0 1 0 1 1 0 1 1 1 1 0 0 0 1 1 0 0 0 0 0 0 0 1 0 0 1 1 1 0 0 0 1 0 0 0 1 1 0 1 0 1 1 1 1 0 1 0 1 1 
1 1 1 1 0 0 1 1 0 0 0 0 0 0 0 1 0 0 0 0 1 1 0 1 1 1 1 1 0 0 1 1 0 0 1 0 0 1 0 1 0 0 1 1 0 0 1 1 0 1 0 0 0 0 0 1 1 0 1 0 1 0 1 1 0 0 1 1 1 0 0 1 1 0 0 1 0 1 0 1 0 0 0 0 0 0 1 1 0 1 1 1 3 1 1 0 1 0 1 0 0 0 1 1 0 0 1 1 1 0 1 0 0 1 0 1 0 1 0 1 0 0 0 1 1 1 0 0 1 0 1 1 1 1 0 1 1 1 1 1 1 0 1 0 1 0 0 1 0 0 1 1 0 0 0 1 0 1 0 1 0 1 1 0 1 0 1 1 0 0 
1 1 1 0 0 1 1 0 1 0 0 1 0 1 0 0 0 0 1 1 1 1 0 1 0 1 0 0 1 1 1 1 0 1 0 0 0 0 0 0 0 0 0 0 0 1 0 1 0 0 1 0 0 1 1 1 0 1 1 0 1 1 1 1 0 0 1 1 0 1 0 0 0 0 1 0 0 1 0 0 0 0 0 1 1 1 1 0 0 1 0 0 0 85 0 1 1 0 1 0 1 0 1 1 1 0 0 0 1 1 1 0 0 1 1 1 1 0 1 0 1 1 0 1 0 0 0 0 1 1 0 1 1 1 0 0 1 0 0 0 1 0 0 1 0 1 1 1 1 0 0 0 0 1 0 1 0 1 0 1 0 1 0 1 0 0 0 1 0 0 
1 0 0 1 1 0 0 0 0 0 0 0 0 0 0 1 1 1 0 1 1 0 0 0 0 0 1 1 0 0 1 1 0 0 0 0 0 1 1 1 1 0 0 0 0 1 1 1 1 1 0 1 0 0 1 0 0 1 1 0 1 1 0 1 0 0 0 0 0 1 1 0 0 1 0 0 1 0 0 0 1 1 0 1 0 0 1 0 0 0 0 0 0 1 63 1 1 1 1 1 0 0 1 1 0 1 0 0 1 0 0 1 0 0 0 0 1 0 1 1 0 0 0 1 1 0 0 0 1 0 0 1 0 0 1 0 1 1 1 1 0 0 0 1 1 1 0 1 1 0 1 1 1 1 1 1 1 1 1 1 0 0 0 0 0 1 1 1 0 0 
1 0 1 0 0 1 0 0 0 0 1 0 1 0 0 0 1 0 1 1 1 0 0 1 0 0 1 1 1 0 0 1 0 1 0 1 0 0 0 0 1 1 1 1 1 0 1 1 0 1 1 0 0 0 1 1 0 0 0 1 0 0 0 0 0 0 0 1 1 0 1 1 0 1 1 1 1 1 1 0 1 0 0 0 1 0 0 1 0 1 1 0 0 1 0 44 1 0 0 1 1 0 0 0 0 0 1 1 1 0 1 1 0 1 0 1 1 0 0 0 1 1 0 0 0 0 0 0 1 1 1 1 1 0 1 1 1 1 0 1 0 1 1 1 1 0 1 0 1 1 0 0 0 1 1 1 0 1 0 0 0 1 0 1 0 0 1 1 1 1 
0 1 1 0 1 1 0 0 1 1 1 0 1 0 1 0 0 1 1 1 0 0 0 0 0 1 1 0 1 0 0 0 1 0 0 0 0 0 0 1 1 1 1 0 1 0 0 1 1 0 1 0 1 1 0 0 1 1 0 1 1 1 0 0 0 1 0 0 0 1 1 1 0 0 1 0 0 0 0 0 0 1 0 0 0 1 1 0 0 1 1 0 0 1 1 1 16 0 1 0 0 0 0 0 0 0 0 0 0 1 1 0 1 0 0 1 1 0 1 1 1 0 0 0 1 1 1 0 0 0 1 0 1 0 1 1 0 1 0 1 0 0 1 1 0 1 1 1 1 0 0 1 0 0 1 0 0 1 1 0 0 0 1 1 1 1 1 0 0 0 
1 0 1 1 1 0 0 0 0 0 0 0 0 1 0 0 0 0 0 1 1 1 1 0 0 0 1 1 1 1 1 1 0 0 0 0 0 0 1 1 0 1 0 0 0 1 0 0 1 0 1 0 1 1 1 1 0 0 1 1 1 1 0 1 1 0 1 1 0 1 0 0 0 1 1 1 0 1 0 0 1 1 1 1 0 0 1 1 1 0 1 0 0 1 1 0 1 11 0 1 0 0 1 1 1 1 1 0 1 1 0 1 0 1 1 1 1 0 0 0 0 1 0 0 1 0 0 0 0 1 0 1 1 1 1 1 1 0 0 1 0 0 0 1 0 0 0 0 0 1 1 0 0 1 0 1 0 0 0 1 1 1 0 1 1 0 1 0 1 0 
1 1 1 1 0 1 0 0 0 0 1 1 1 1 1 0 1 1 1 1 1 1 1 1 0 0 0 0 1 1 0 1 1 1 0 1 1 1 1 0 1 0 0 1 1 0 1 0 0 0 1 1 0 0 0 1 0 0 1 1 1 1 0 1 1 1 0 0 0 1 1 0 0 1 1 0 1 0 0 1 1 1 0 1 1 0 1 0 0 1 0 0 1 1 0 1 1 0 79 0 1 1 1 0 0 1 1 0 0 1 1 1 1 0 0 1 1 1 1 0 1 0 1 0 0 1 1 0 1 0 0 1 0 1 1 0 0 0 0 1 1 1 1 1 0 0 0 1 0 0 1 0 1 0 1 0 1 0 1 0 0 0 1 1 1 1 1 0 1 0 
1 0 0 0 1 1 1 1 0 1 1 1 1 1 0 0 1 0 1 0 1 1 1 1 1 0 1 1 1 1 1 0 0 1 0 0 1 0 1 1 1 0 1 1 1 0 0 1 0 1 1 0 0 0 1 0 1 0 1 1 1 0 0 0 0 1 1 0 0 1 0 0 0 0 1 0 0 0 0 0 1 1 0 0 0 1 1 0 0 1 0 1 0 0 1 0 1 1 0 44 1 1 0 0 1 0 1 1 0 1 0 1 1 0 1 0 0 0 1 1 0 0 0 0 0 0 0 1 0 1 0 1 1 1 0 1 0 0 0 1 0 1 0 1 0 1 1 1 0 0 0 0 1 1 0 0 1 0 1 0 1 1 0 0 0 1 1 0 1 1 
0 0 0 0 0 1 0 1 0 1 0 0 0 1 0 1 0 0 0 1 1 0 1 1 1 1 0 0 1 0 1 0 0 0 0 0 0 1 1 0 0 1 0 1 0 1 1 1 0 0 0 0 0 1 0 1 0 1 1 0 0 0 1 1 0 1 0 1 1 1 0 0 0 1 0 0 0 1 0 0 0 0 1 0 1 0 1 0 0 1 0 1 1 0 1 1 1 1 0 0 37 0 1 1 1 0 0 0 0 1 1 1 1 0 0 0 0 1 1 0 0 1 1 1 0 0 1 0 0 1 0 1 1 1 0 0 0 1 0 1 0 1 0 0 1 1 0 0 1 0 0 1 0 0 0 0 0 1 1 0 1 0 0 0 0 1 0 0 1 1 
1 0 0 1 1 1 0 0 1 0 0 1 0 1 0 1 0 0 0 0 0 0 1 0 0 0 0 1 0 1 0 0 1 0 1 1 1 1 1 0 0 1 0 0 0 0 0 0 1 0 0 1 1 0 0 0 1 1 1 0 1 1 1 0 0 1 0 0 0 0 0 0 0 1 0 1 0 0 1 1 0 1 1 0 0 1 0 1 0 0 1 0 1 0 0 0 0 0 1 0 1 74 1 1 0 1 0 0 1 1 0 0 1 1 0 1 1 0 0 0 1 0 1 1 0 1 0 1 0 1 0 0 0 0 1 1 1 1 1 0 1 0 1 0 0 1 0 0 1 1 1 1 1 0 1 0 1 1 0 0 0 0 1 1 1 0 1 1 1 0 
1 0 1 0 1 0 1 0 1 1 1 1 1 0 1 0 0 0 1 1 1 0 1 1 0 1 0 0 1 1 0 1 1 0 0 1 1 0 0 0 1 1 1 0 1 0 1 1 1 1 0 1 0 0 1 1 1 0 1 1 0 1 1 1 1 1 1 0 0 0 1 0 1 0 0 1 1 0 0 1 1 0 1 0 1 0 0 0 1 0 1 0 0 0 1 0 0 0 0 1 0 0 28 0 1 1 0 0 0 1 0 0 0 1 0 0 0 0 0 0 0 1 1 0 1 1 0 0 0 0 1 1 0 0 1 0 1 1 0 1 1 1 1 1 1 1 1 0 0 0 1 1 1 1 1 0 1 0 1 1 0 1 0 0 0 0 0 1 0 1 
0 0 0 1 1 1 0 0 1 1 0 1 1 0 0 0 0 0 1 1 1 1 1 1 0 1 0 0 0 0 1 0 1 1 0 1 0 0 1 1 1 1 0 0 1 1 0 1 1 1 0 1 1 1 1 1 0 0 1 0 1 1 0 1 1 1 1 1 0 1 1 1 0 0 1 1 0 1 1 1 0 0 0 0 1 1 0 1 0 1 0 0 0 0 0 0 1 1 0 1 0 1 1 59 0 1 1 1 0 1 1 0 0 0 1 1 0 0 1 0 1 1 0 1 0 0 1 1 0 0 1 1 0 1 0 1 0 1 1 0 0 0 1 1 0 0 0 1 1 0 1 1 1 0 0 0 0 1 0 1 1 1 1 0 1 0 0 1 0 0 
0 1 0 0 1 0 1 1 1 1 1 1 1 1 1 0 1 1 1 1 0 1 0 1 1 0 1 0 0 1 0 1 1 0 1 1 0 1 1 1 1 1 0 1 1 1 0 0 0 0 1 1 1 0 1 0 0 1 0 1 0 1 0 1 1 1 0 0 0 1 1 0 0 0 0 1 1 0 0 0 1 0 0 0 0 1 0 0 1 0 0 0 0 1 1 0 0 0 1 1 1 0 0 1 1 0 1 1 0 0 1 0 1 0 0 1 1 0 1 0 0 1 1 1 0 1 1 1 0 1 0 1 1 1 1 1 0 0 1 1 1 1 1 1 1 1 1 1 1 1 1 1 1 1 1 0 1 1 0 0 0 1 1 0 1 0 0 0 1 0 
1 0 1 1 1 0 0 1 1 0 1 0 1 0 0 0 1 1 1 0 0 1 0 0 0 0 1 1 1 0 1 0 0 1 0 1 1 1 1 0 1 0 1 0 1 1 0 1 0 0 1 1 0 1 1 1 1 1 1 0 0 0 1 1 1 1 0 0 1 1 0 1 1 0 1 1 1 0 1 0 1 1 0 1 1 0 1 1 0 0 0 0 1 0 1 0 0 1 1 1 1 0 0 1 1 80 1 0 1 1 0 1 0 1 0 1 0 1 1 1 1 1 1 0 0 0 0 1 1 0 1 0 0 1 1 1 0 0 1 1 1 0 0 0 0 0 1 1 0 0 0 0 0 0 0 1 1 0 0 1 1 1 0 1 0 1 1 0 0 0 
1 1 0 0 0 1 0 1 0 0 0 1 0 0 0 1 1 1 1 1 0 0 0 1 0 0 0 0 1 1 0 0 0 1 1 1 1 1 0 0 0 1 0 1 0 1 0 0 1 0 1 0 1 1 1 0 0 1 1 0 1 0 1 1 0 0 1 1 0 1 0 1 0 0 1 0 1 1 1 1 0 0 1 0 0 0 1 1 1 1 0 1 1 0 0 0 1 1 0 0 1 1 1 0 0 1 1 1 1 1 1 1 0 0 0 1 0 0 0 0 0 1 1 0 0 0 0 1 0 1 0 1 1 0 0 1 1 0 1 0 0 0 1 0 1 1 1 1 1 1 1 0 0 1 1 1 1 1 0 0 1 1 1 0 0 1 0 1 1 0 
0 0 1 1 0 1 0 0 0 0 0 0 1 1 1 1 1 1 0 1 0 1 1 1 1 1 1 1 1 0 0 0 0 0 1 0 0 1 0 1 1 0 1 0 1 1 0 1 0 0 1 1 0 0 0 0 0 1 0 0 1 1 0 1 1 0 0 0 1 0 0 0 1 0 1 0 0 0 1 1 0 0 0 0 0 0 0 1 1 0 0 1 0 0 0 1 1 1 1 1 1 1 0 0 0 1 0 65 0 0 1 0 0 1 1 0 1 0 1 0 1 0 0 1 0 0 1 1 1 1 1 1 1 0 0 0 0 0 0 0 1 0 1 1 1 0 0 0 1 0 1 1 1 1 0 0 1 1 1 0 1 0 0 0 1 0 1 1 0 1 
0 1 0 0 1 0 1 1 0 1 1 1 0 1 0 0 0 1 0 0 0 0 0 1 1 0 0 0 1 1 1 0 1 1 1 0 0 0 0 0 0 1 0 0 0 1 1 1 1 0 1 0 1 0 1 1 0 0 0 0 0 0 0 1 1 1 1 0 0 0 0 0 1 0 1 1 0 1 0 0 1 1 1 0 1 1 0 1 0 1 0 0 1 0 0 0 0 1 1 1 1 1 0 0 1 0 0 1 69 0 1 0 1 0 1 1 0 0 0 1 1 0 0 1 0 1 0 0 0 0 0 0 0 1 0 1 1 0 1 0 0 1 0 1 1 1 1 0 0 1 1 1 1 1 0 0 0 1 0 1 0 1 1 1 1 1 1 1 1 1 
0 0 0 1 0 1 1 1 1 1 0 0 0 1 0 0 1 0 1 1 0 1 0 0 0 0 1 0 1 1 0 0 1 0 0 1 1 1 1 1 1 1 1 0 0 0 0 0 0 0 1 0 0 0 0 1 0 1 1 0 1 1 1 1 1 0 1 1 0 1 0 0 0 1 1 0 1 0 1 0 1 0 1 1 0 0 1 1 0 0 1 1 0 0 0 0 1 1 0 1 0 1 0 0 0 0 0 0 0 40 1 0 1 1 1 0 0 0 1 0 1 1 0 1 1 1 0 1 0 1 1 1 0 0 1 1 0 1 1 1 1 1 1 0 0 0 1 1 0 1 0 0 1 1 0 0 0 0 0 0 0 1 1 1 0 1 1 1 0 0 
0 0 0 0 0 0 0 0 1 0 0 0 0 0 1 0 1 1 1 1 1 1 1 0 0 1 1 1 0 1 1 1 0 1 1 0 1 1 1 1 1 0 0 0 0 0 0 1 0 0 0 1 0 0 0 1 1 0 1 0 1 1 1 0 1 0 0 0 1 0 1 0 1 1 0 0 1 1 0 1 1 1 0 1 0 0 1 0 0 1 1 0 1 0 1 1 1 1 1 1 0 1 0 1 1 1 1 0 1 1 21 1 1 0 1 1 0 1 1 0 1 1 0 1 1 0 0 0 1 0 1 1 1 1 0 1 0 1 0 1 0 1 1 0 0 1 1 0 0 0 1 0 0 0 1 1 1 1 1 1 0 0 1 1 1 0 0 1 1 0 
0 1 0 0 0 1 0 0 0 0 1 0 0 0 0 1 0 0 1 1 1 0 1 0 0 1 0 0 1 0 1 0 0 1 0 1 1 1 1 1 1 0 1 0 0 0 0 1 0 0 0 0 0 0 1 1 0 0 1 0 0 0 0 1 0 0 1 0 1 0 1 0 1 0 0 1 1 0 0 1 1 0 0 0 0 1 1 0 1 0 0 0 0 1 0 0 0 0 0 0 1 0 1 1 0 0 1 1 1 0 0 56 1 0 0 1 0 0 1 0 1 0 0 1 1 1 1 1 1 1 1 1 1 0 1 0 0 1 1 1 0 0 0 0 1 0 0 0 0 0 0 0 0 1 1 0 0 0 1 1 1 0 1 1 0 1 0 0 1 0 
1 1 0 0 1 0 1 0 0 1 0 0 1 1 0 1 0 1 0 1 1 0 0 0 1 1 0 1 0 0 1 0 1 0 1 1 0 1 0 1 0 0 0 0 0 0 0 1 0 1 0 1 1 0 1 1 1 1 1 1 1 1 1 1 0 1 0 0 1 0 1 1 0 1 1 0 0 1 0 1 1 0 1 0 0 1 0 1 0 1 0 1 0 0 1 0 1 0 0 1 0 0 1 0 0 0 1 0 0 0 0 0 23 0 0 1 0 0 1 0 1 0 0 1 1 1 1 0 1 1 0 0 1 0 1 0 0 0 1 0 0 0 0 1 0 0 0 1 0 0 0 1 0 1 1 1 0 0 0 0 0 0 1 0 0 0 1 1 1 1 
1 0 1 1 0 0 0 1 0 0 0 0 1 1 1 1 0 0 0 0 1 0 1 1 1 0 0 1 1 0 1 0 0 1 0 1 1 0 1 1 1 1 0 1 1 0 0 0 0 1 0 1 0 0 1 0 1 1 0 1 1 0 1 0 1 1 1 1 0 0 0 1 0 0 0 0 1 1 0 0 0 1 0 1 1 1 0 0 1 0 1 0 1 0 0 1 1 1 0 1 1 1 1 0 0 0 1 0 0 1 0 0 0 43 1 1 1 1 1 1 1 1 0 1 1 1 1 0 1 1 0 1 1 0 0 1 1 1 1 1 0 1 0 1 1 0 1 1 0 1 1 1 1 0 1 1 0 0 1 0 1 1 1 1 1 1 0 1 0 1 
0 1 0 1 0 0 1 0 1 0 1 1 0 1 1 0 1 0 0 1 0 1 1 0 0 0 0 0 0 0 1 0 1 0 1 0 1 1 0 0 1 1 0 1 1 0 0 0 0 0 1 0 1 1 1 0 1 0 1 0 1 0 1 0 1 1 1 1 0 1 0 0 0 0 1 0 0 0 1 0 0 1 1 0 0 1 1 1 1 1 1 0 0 1 0 1 1 1 1 1 0 1 0 1 0 1 0 1 0 1 0 1 1 1 89 0 0 0 0 0 0 0 0 1 1 0 0 0 0 1 0 0 1 0 0 1 1 1 0 0 0 1 1 0 1 0 1 1 1 1 1 0 0 1 1 0 1 1 1 0 1 1 0 0 1 1 1 0 1 0 
1 1 1 0 0 0 0 1 0 0 1 1 0 0 0 1 0 1 0 1 0 1 1 0 0 0 1 0 1 0 1 0 0 0 0 0 1 0 0 0 0 1 0 0 1 0 1 0 1 1 1 0 1 0 0 1 0 1 1 1 1 1 0 1 0 1 1 1 0 0 0 1 0 1 0 0 0 0 1 0 1 1 1 1 1 0 1 1 0 0 1 0 0 0 1 0 0 0 0 0 1 0 1 1 1 1 1 0 1 0 0 0 0 0 1 39 0 0 0 0 0 0 1 1 0 1 0 0 0 1 0 0 0 0 1 0 0 0 1 0 1 1 1 1 0 1 0 0 0 1 1 0 1 0 1 0 1 0 0 1 1 0 0 0 1 0 0 1 0 0 
1 1 1 0 0 0 0 0 1 1 1 1 1 1 1 1 1 1 0 0 1 1 0 1 0 1 0 1 0 0 1 1 0 0 1 0 0 1 0 1 1 1 0 1 0 1 0 1 0 0 1 0 1 0 1 1 0 1 1 0 0 1 0 1 0 1 1 1 1 0 0 1 1 0 1 1 0 1 0 0 0 1 1 0 0 1 0 0 0 1 0 0 1 0 1 1 1 0 1 0 1 0 0 1 1 0 0 1 0 0 1 1 0 1 1 0 14 1 1 1 1 1 0 1 1 1 1 1 1 0 1 1 0 0 1 0 0 0 1 0 0 1 0 0 0 1 1 1 0 1 1 1 0 1 1 0 1 0 1 0 1 0 0 1 0 0 1 1 0 1 
0 0 1 1 1 1 0 0 1 0 1 1 1 1 1 0 0 1 1 0 1 1 0 1 1 1 1 0 1 0 1 0 1 0 0 1 0 1 0 1 0 1 0 0 1 1 1 1 0 1 0 0 0 1 1 1 0 1 0 1 0 0 1 0 1 1 1 1 1 0 0 0 0 1 0 0 0 0 0 1 0 1 1 0 1 0 1 0 0 1 1 0 1 1 1 0 1 1 0 1 1 0 0 1 0 1 0 1 1 0 0 1 0 0 0 0 0 50 1 0 0 1 0 0 1 1 1 0 1 1 1 0 1 0 0 0 1 1 1 0 0 0 0 0 1 0 1 0 1 1 1 0 0 0 0 1 0 0 0 0 1 1 0 0 1 0 1 1 1 1 
1 1 0 0 0 0 1 1 1 1 0 0 1 1 0 1 0 1 0 0 1 1 0 1 0 1 1 0 1 0 1 1 1 0 1 1 1 1 0 0 1 0 1 0 1 1 0 0 0 0 1 0 1 0 1 1 0 0 1 0 0 1 1 0 0 0 1 1 1 1 1 1 0 1 0 1 0 1 0 0 1 1 1 0 0 1 1 1 0 1 0 0 1 1 1 1 1 1 0 1 0 1 1 0 1 0 0 0 0 1 1 0 1 0 0 1 0 1 46 1 0 1 1 0 0 1 1 0 0 0 1 1 1 1 1 0 1 0 1 0 0 1 1 1 1 1 0 1 0 1 0 0 0 0 1 1 1 0 0 1 0 0 0 1 1 0 0 0 1 0 
1 0 0 1 1 1 0 1 1 1 1 1 0 0 0 1 0 1 1 1 1 1 1 1 0 0 0 1 1 0 1 0 1 0 0 1 1 1 1 1 1 0 0 1 0 0 0 1 1 0 1 1 0 1 0 0 1 1 0 1 0 1 1 0 1 0 1 0 1 0 1 0 1 0 0 1 1 1 1 1 1 1 1 1 1 1 0 0 1 1 0 1 1 1 0 1 0 0 1 1 0 0 1 0 1 1 1 0 0 0 0 1 0 0 0 0 0 0 1 23 1 0 0 0 0 1 0 0 0 1 0 1 0 1 1 1 1 1 0 1 1 0 1 1 1 1 1 1 1 1 0 1 0 1 1 1 0 1 1 0 0 0 1 0 0 1 0 0 1 0 
1 0 0 0 0 1 1 1 1 1 1 0 0 0 1 1 0 0 1 1 1 0 1 1 1 1 1 0 0 1 0 1 0 1 0 1 0 1 1 1 0 1 1 1 1 0 1 1 1 1 1 0 1 0 0 1 1 0 0 1 1 1 0 1 1 0 0 0 1 0 1 0 0 0 1 1 0 0 0 1 1 0 1 0 0 0 1 1 0 0 0 0 0 1 0 1 0 1 0 0 0 0 0 0 0 1 1 1 0 1 1 1 1 0 1 1 0 1 0 1 98 0 1 0 1 0 1 1 0 1 1 0 0 0 0 0 1 0 1 1 0 0 0 0 1 0 0 1 0 0 0 1 0 0 1 1 0 1 0 1 0 1 1 1 0 1 1 1 0 1 
0 0 1 1 1 0 1 1 1 0 0 1 1 0 1 0 0 1 1 0 1 0 0 1 1 1 0 0 1 1 0 0 1 0 1 1 1 0 0 0 1 0 0 1 0 1 1 0 0 0 1 0 1 1 0 0 0 1 1 0 0 0 1 1 1 1 0 0 0 0 0 0 0 0 1 1 1 0 1 1 0 1 1 0 1 1 1 1 1 1 1 1 0 0 1 0 1 1 1 0 1 0 1 0 1 1 1 0 1 1 1 0 1 0 0 0 1 0 0 1 0 37 0 1 1 1 0 0 0 1 0 1 0 0 0 0 0 1 0 1 1 0 1 0 1 0 0 1 1 0 1 0 0 0 1 1 1 0 0 0 0 1 0 1 0 1 1 0 0 1 
1 1 1 1 0 1 0 1 1 1 1 0 1 1 0 1 0 0 0 1 0 1 0 1 1 1 0 1 0 0 0 0 0 1 1 0 1 0 0 1 1 1 0 0 1 0 1 0 0 1 1 0 1 1 0 0 0 1 0 1 0 1 0 1 1 0 1 0 1 1 0 0 1 1 0 0 0 0 1 0 0 0 0 1 0 1 0 1 1 1 1 1 0 0 1 0 0 0 1 1 0 1 1 1 1 1 1 1 0 0 1 1 0 0 0 0 1 1 1 1 0 1 34 1 1 1 1 0 1 1 1 0 1 0 1 0 1 0 1 1 1 0 0 1 1 1 1 1 0 0 1 0 0 0 0 0 1 1 1 1 0 1 0 0 0 1 0 1 0 0 
1 1 0 1 0 0 1 0 1 0 1 1 0 1 1 1 0 1 1 0 0 0 1 1 1 0 1 0 0 1 0 1 1 0 1 1 1 1 0 0 1 0 0 1 1 0 0 0 0 0 1 1 1 0 1 0 1 0 1 1 1 1 1 0 0 1 0 0 1 0 0 0 0 1 1 0 0 1 0 0 1 0 0 1 0 0 1 1 0 1 1 1 1 1 1 1 0 1 0 0 1 0 0 0 1 1 1 1 0 1 0 1 1 0 1 1 1 1 0 1 1 0 1 88 1 0 1 1 1 0 0 1 0 1 0 1 0 1 0 1 1 0 0 1 1 1 0 0 0 0 0 0 1 1 0 0 0 0 0 0 1 0 1 0 1 1 0 0 0 1 
1 1 0 0 1 0 1 1 0 0 1 1 1 1 1 1 0 1 1 0 1 1 0 1 0 1 1 1 1 0 0 1 0 1 1 1 1 0 1 0 1 0 1 1 0 1 1 1 0 1 1 1 1 0 1 0 0 0 1 0 0 1 0 1 0 0 0 0 0 1 0 0 0 0 0 0 1 1 1 1 0 1 0 1 0 1 0 1 0 0 1 1 1 0 1 0 0 1 1 1 0 0 1 0 0 1 1 1 0 0 1 1 1 0 1 0 1 1 0 1 1 1 0 0 86 1 0 1 1 1 0 0 1 0 0 0 1 1 0 1 1 0 0 1 0 0 1 0 1 1 0 0 1 0 0 1 1 1 0 0 0 0 0 0 0 0 1 1 1 1 
0 1 1 0 0 0 1 1 1 0 1 0 1 1 1 1 1 0 1 0 1 1 0 1 1 1 1 1 0 1 0 0 1 1 0 0 0 0 1 0 1 1 1 1 0 0 0 0 0 1 1 1 0 0 1 0 1 1 0 1 1 0 0 1 1 1 1 0 1 1 1 0 1 0 0 0 1 1 1 0 1 0 0 1 1 0 1 1 1 0 0 1 1 1 1 0 1 1 0 1 1 1 1 0 0 1 1 1 1 0 0 1 0 1 1 1 1 1 1 1 1 1 0 1 1 60 0 1 0 1 1 0 0 1 0 0 0 1 1 1 1 0 1 0 0 0 0 1 1 1 0 0 1 1 0 1 0 0 0 0 1 0 1 1 1 0 1 1 1 1 
1 1 1 0 1 0 1 1 0 1 1 1 1 1 1 0 0 0 0 1 1 0 0 0 1 0 1 0 0 0 1 1 0 1 0 0 0 0 0 1 1 0 1 0 0 1 0 0 1 0 1 1 1 0 1 0 0 1 1 1 1 1 1 1 1 1 0 0 1 0 1 1 0 0 0 1 0 1 0 0 0 0 1 0 0 0 1 0 0 0 0 0 1 1 1 0 0 1 0 1 1 0 0 0 1 0 0 0 0 1 0 0 1 1 1 1 0 1 1 0 1 0 0 0 1 1 26 1 1 1 0 0 1 1 0 1 0 0 1 0 0 0 1 1 0 0 0 0 1 1 1 1 1 0 0 0 1 1 1 0 0 1 1 0 0 1 0 0 0 0 
1 1 0 1 1 1 0 0 0 1 1 0 0 1 1 1 1 0 0 0 1 1 1 1 1 1 1 1 1 1 0 1 0 0 0 0 1 1 0 1 1 0 1 0 0 1 0 1 1 0 0 0 1 0 0 0 1 0 1 0 0 1 1 0 1 0 1 0 1 1 0 1 0 1 0 1 0 1 1 0 1 0 0 0 0 1 0 0 0 0 0 0 1 0 1 0 0 0 0 0 1 1 0 1 1 0 1 1 1 0 0 0 1 0 1 0 1 1 1 0 1 1 1 0 1 1 1 24 0 0 0 0 1 0 0 0 0 0 0 0 1 0 0 1 1 1 0 0 0 1 0 0 0 1 0 1 1 1 1 0 0 1 0 0 0 0 0 1 0 0 
0 0 0 0 0 1 1 1 1 0 1 1 0 0 0 0 0 1 0 1 1 0 1 1 1 0 1 0 0 1 0 1 0 0 1 0 1 0 1 0 0 0 0 1 0 1 0 0 0 0 1 1 0 1 1 1 1 0 1 0 1 1 1 0 0 1 0 1 1 0 0 1 0 0 1 0 0 0 1 0 0 1 0 1 1 1 0 0 0 0 0 1 0 0 0 0 1 1 0 0 0 0 0 0 0 1 0 1 1 1 1 1 0 1 0 1 0 0 0 1 0 0 0 0 1 0 0 0 44 0 0 1 1 1 1 1 1 1 1 1 0 0 0 0 0 0 1 0 0 1 0 1 1 0 0 1 1 1 1 1 1 1 1 0 0 1 1 1 1 1 
1 0 0 0 0 0 1 0 1 1 0 1 1 0 1 1 0 1 1 1 0 1 1 1 1 1 0 1 1 0 1 0 1 1 1 1 1 1 1 0 1 1 1 1 0 0 1 1 0 1 1 1 1 0 1 1 0 0 1 1 0 1 0 1 1 1 1 1 1 1 1 0 0 1 1 0 0 0 1 1 0 1 1 0 1 1 1 0 1 1 0 0 1 1 1 1 0 0 1 1 1 0 1 0 0 0 0 1 0 1 0 0 0 1 0 0 0 0 0 1 0 0 1 1 1 1 0 1 0 2 1 1 1 1 0 1 1 0 1 1 1 1 1 0 0 0 0 1 0 1 1 0 1 0 0 0 0 1 0 1 0 1 0 1 1 1 1 0 1 0 
0 0 0 0 0 0 1 0 0 0 0 0 0 0 1 0 0 1 1 0 1 0 0 1 0 0 0 1 0 1 1 0 1 0 1 0 1 0 0 1 0 0 1 0 0 1 0 1 0 1 0 0 0 0 1 1 0 0 1 1 0 1 1 0 1 1 0 1 1 0 1 1 1 1 1 1 1 0 0 0 1 1 1 1 0 1 0 1 1 0 1 1 1 0 1 1 0 0 1 1 0 0 1 1 1 1 1 1 0 0 0 1 0 0 1 1 0 0 0 0 1 1 1 1 1 0 0 0 0 1 43 1 1 0 1 0 0 0 1 1 1 1 1 1 1 1 0 0 1 0 0 1 1 0 1 1 1 0 1 1 0 0 0 1 1 0 1 0 0 0 
1 1 1 1 0 0 0 1 0 1 1 0 0 1 0 0 1 0 1 1 0 0 1 0 1 1 1 0 1 1 1 1 1 1 0 1 1 1 1 1 0 1 1 1 1 0 0 0 0 1 0 1 1 1 0 0 1 1 1 0 0 1 1 1 1 1 1 1 0 0 0 1 1 1 1 1 1 1 0 0 1 0 0 1 1 1 1 0 1 1 0 0 1 0 1 1 0 0 1 0 0 1 0 1 1 1 0 1 0 0 0 0 0 1 0 0 1 1 0 0 1 1 0 1 1 1 1 0 0 0 1 54 1 1 0 0 1 1 1 1 1 1 1 0 1 1 1 1 1 0 0 0 1 0 0 0 0 0 1 0 1 1 1 0 0 0 1 1 1 0 
0 0 1 0 0 0 0 1 1 1 1 0 1 1 0 0 1 0 0 1 1 0 1 1 0 1 1 1 0 1 1 1 0 1 1 0 1 1 1 0 1 1 0 0 0 0 1 1 0 0 1 1 0 0 0 0 0 1 1 0 0 1 1 1 1 0 0 1 0 0 0 0 0 0 0 1 1 0 1 1 1 0 1 0 0 0 1 1 0 1 1 1 0 0 1 1 1 0 0 0 1 1 1 1 1 0 1 0 0 1 1 0 0 0 1 0 1 0 0 1 0 1 0 1 0 0 1 0 0 0 0 1 51 0 0 1 1 1 0 0 0 0 1 1 1 0 0 0 0 0 1 0 1 0 1 0 0 1 1 0 0 0 0 0 1 0 1 1 0 0 
1 1 1 1 0 1 0 1 1 1 1 0 0 1 1 0 1 0 1 1 0 1 1 1 0 0 1 1 0 1 1 1 0 0 0 0 1 1 0 0 0 0 1 1 0 0 0 0 1 1 1 1 1 0 0 0 0 1 0 1 0 0 0 0 1 0 1 0 0 0 1 0 0 1 1 1 1 1 0 1 0 0 1 1 0 1 0 1 1 1 0 0 0 0 1 0 1 1 0 1 1 0 0 0 1 0 0 1 1 0 0 1 1 1 1 1 0 1 1 1 1 0 1 1 1 1 1 1 0 0 1 1 1 42 0 1 0 0 1 1 1 1 1 1 1 1 1 0 1 0 1 0 0 0 0 1 1 1 1 1 0 1 0 0 0 0 1 0 1 0 
1 0 1 1 0 1 1 0 1 0 1 0 1 1 1 0 0 0 1 1 0 0 1 0 0 1 0 0 0 0 1 0 1 1 0 1 0 0 1 1 0 0 1 1 0 1 0 1 0 0 0 1 0 1 0 0 1 0 0 1 0 0 0 0 1 1 1 1 0 0 0 0 1 0 0 1 0 0 1 0 1 1 0 1 0 0 1 1 0 1 1 1 0 1 0 1 0 0 1 0 0 0 1 1 0 1 1 1 0 1 1 0 0 1 0 0 0 0 0 1 0 0 0 1 0 0 1 0 0 0 0 0 1 0 64 1 1 0 1 0 1 1 1 0 0 0 1 0 0 1 1 1 0 0 0 1 0 0 0 0 1 0 0 0 1 1 0 1 1 1 
0 0 0 0 0 1 0 1 1 0 0 1 0 1 0 1 0 1 0 0 1 0 0 1 0 1 1 0 1 0 0 1 1 0 0 0 1 0 1 0 1 1 0 0 0 1 0 1 0 1 1 0 1 1 1 1 1 0 1 1 0 1 0 1 0 0 1 1 1 0 1 1 0 0 0 1 1 1 1 1 0 0 1 0 0 1 0 1 0 0 0 1 0 0 0 0 1 0 0 1 1 0 0 0 1 0 0 0 0 0 0 1 0 0 1 1 0 1 0 1 1 1 0 1 1 0 0 0 0 1 0 1 0 1 1 83 1 1 0 0 1 0 0 0 0 0 0 0 0 1 0 0 1 1 1 1 1 0 1 1 1 0 1 1 0 0 1 0 0 0 
1 0 1 0 0 0 1 0 1 1 0 0 0 0 0 1 1 0 0 0 1 1 0 0 1 0 0 1 1 0 1 1 0 1 1 1 1 1 1 1 1 1 0 1 0 0 0 1 0 1 0 0 1 1 1 0 1 0 1 1 0 0 0 0 1 0 1 0 1 0 0 0 0 0 1 1 0 1 1 0 0 0 0 1 1 1 1 1 1 0 0 1 1 1 1 0 0 0 1 1 1 1 1 1 0 1 1 1 0 1 1 1 0 0 0 0 1 0 0 1 1 0 1 0 1 0 1 1 0 0 0 0 1 0 1 1 59 1 1 1 0 1 0 1 0 0 1 0 1 1 1 0 0 1 0 0 1 0 1 0 0 0 1 0 1 0 0 1 1 1 
0 0 0 0 0 1 1 1 1 0 0 1 1 0 0 0 1 1 1 0 0 1 0 0 1 0 0 0 1 1 0 1 1 1 0 1 1 1 0 0 0 0 1 1 1 1 0 0 0 1 1 0 1 0 0 1 0 0 0 0 1 1 1 1 0 1 0 0 0 1 0 1 1 1 0 1 1 0 0 0 0 0 1 0 1 0 0 0 0 0 1 0 1 0 0 1 0 0 0 1 0 0 0 0 1 0 1 1 0 1 0 1 1 0 1 1 1 1 0 0 0 1 1 0 0 0 1 0 1 1 1 1 0 0 0 1 0 98 1 1 1 1 1 1 0 1 0 1 0 0 0 1 1 1 1 1 0 0 1 1 0 1 0 1 1 0 1 0 0 1 
1 0 0 0 0 1 1 1 1 1 0 0 0 0 0 1 1 1 0 0 0 1 1 1 0 0 0 1 1 0 0 1 1 0 1 0 1 0 1 1 1 1 1 0 1 0 0 1 1 0 1 0 0 0 0 1 1 1 0 0 1 1 1 1 1 0 0 1 1 0 0 1 1 1 0 1 0 1 0 0 0 1 0 0 0 1 1 0 0 0 0 0 0 1 0 1 0 1 1 1 0 1 1 0 1 0 1 1 1 0 0 1 0 1 0 1 1 1 0 1 0 0 0 0 1 0 1 1 1 0 1 1 1 0 0 0 1 1 20 0 1 1 0 0 0 1 1 0 1 1 0 0 1 1 0 0 0 1 1 1 0 1 1 1 1 1 1 0 1 0 
1 1 1 0 0 0 0 0 1 0 1 0 0 1 1 1 1 1 1 1 1 1 1 0 0 1 1 0 0 0 0 1 0 1 0 1 0 1 0 1 1 1 0 1 0 0 0 1 0 1 1 1 1 1 1 1 1 1 0 0 1 0 0 0 1 1 0 0 0 0 0 0 0 0 1 0 1 0 0 1 0 1 0 0 0 0 0 1 1 1 0 1 0 0 0 1 0 0 0 1 1 1 1 1 1 0 1 0 1 1 1 1 0 1 0 0 0 1 0 1 1 0 0 0 0 1 1 1 0 1 0 0 0 0 1 0 1 0 0 15 1 1 1 0 1 0 0 1 0 1 0 1 1 1 0 0 1 1 1 0 0 0 0 0 0 1 1 1 1 1 
1 0 1 1 1 0 0 0 1 1 1 1 1 0 1 1 1 1 0 0 1 0 0 0 1 0 0 0 0 1 1 0 0 0 0 1 0 1 1 1 0 1 1 1 0 0 0 0 1 0 1 1 0 1 0 1 1 0 0 0 0 1 0 1 0 0 0 0 1 1 0 1 0 1 1 1 0 1 1 1 0 0 0 1 0 1 1 0 1 1 0 1 0 0 1 1 1 1 0 0 1 1 1 1 1 1 0 0 1 1 1 1 1 1 1 1 0 1 0 0 0 1 0 0 1 1 0 0 0 1 1 1 0 0 1 0 0 1 1 1 46 1 1 0 0 0 1 1 1 0 0 0 1 0 0 0 1 0 0 1 0 1 1 0 0 1 1 1 1 0 
1 0 0 0 1 1 0 1 0 1 0 0 0 0 0 0 1 0 1 0 1 1 0 0 1 1 0 0 1 0 1 0 1 1 0 0 1 1 1 1 1 0 1 0 1 1 1 1 0 0 0 1 1 0 0 1 0 1 1 0 1 0 1 1 0 1 1 1 1 1 1 1 1 1 1 0 1 1 0 0 0 1 0 1 0 1 1 0 1 1 1 1 0 0 0 1 1 0 0 1 0 1 0 0 1 0 1 1 0 0 1 1 1 1 0 1 0 0 1 0 1 1 1 1 1 1 1 1 1 1 1 0 0 1 1 0 1 1 1 0 1 65 0 0 0 0 1 0 1 0 0 1 0 1 0 0 1 0 1 0 1 1 1 0 1 0 1 1 1 0 
0 1 0 1 0 1 1 0 1 0 0 1 0 0 0 0 1 1 1 0 1 1 1 0 1 0 1 0 0 1 1 0 1 0 1 1 0 0 0 1 1 1 0 1 0 0 0 0 1 0 0 1 1 0 1 0 0 0 1 1 1 1 1 1 0 1 0 0 1 1 1 1 1 1 0 1 1 1 1 1 0 1 0 0 1 1 1 1 0 0 0 1 1 1 1 0 1 0 1 0 1 1 0 1 1 1 1 1 1 1 1 1 1 0 1 1 1 0 0 0 1 1 1 0 1 0 1 0 0 1 0 1 1 0 1 1 0 0 1 1 0 0 32 1 0 0 1 1 1 0 1 1 0 1 1 0 1 1 0 1 1 1 0 1 1 0 1 0 1 0 
0 0 0 0 1 1 1 0 1 1 1 0 1 0 0 0 0 0 1 0 0 0 0 0 1 1 0 0 1 0 1 0 0 0 1 0 0 1 1 1 1 1 0 1 0 0 0 1 0 0 0 1 1 0 1 0 1 0 0 0 0 0 1 0 1 0 1 0 0 1 0 0 0 0 1 1 0 0 0 0 1 1 0 0 1 0 0 0 1 0 0 0 1 1 1 0 1 0 0 1 0 1 1 1 1 0 0 0 1 0 0 1 0 1 1 0 0 0 1 1 1 0 1 1 0 1 1 0 0 0 1 1 0 1 1 1 1 1 0 1 1 1 0 97 0 0 1 0 0 1 1 1 0 0 0 1 1 1 0 0 0 0 1 0 1 1 0 1 1 1 
1 0 1 0 1 1 0 1 1 1 1 1 0 0 0 1 1 1 1 1 0 0 0 1 1 0 0 0 0 1 0 0 0 0 0 0 1 0 1 1 1 0 1 0 1 0 0 0 1 1 0 0 0 1 1 0 0 0 0 1 0 1 0 1 0 1 1 1 0 0 0 1 1 0 1 1 0 1 1 0 0 0 1 0 0 1 1 0 0 1 0 1 1 1 1 1 0 0 0 0 1 0 1 1 1 0 0 0 0 1 1 1 1 0 1 0 1 0 1 0 1 1 0 1 0 0 0 1 0 1 1 1 0 0 0 0 0 1 1 1 1 0 0 1 26 1 0 0 0 0 1 1 1 1 1 0 1 1 1 1 0 1 1 1 0 0 1 0 1 0 
0 1 0 0 0 1 1 1 1 0 0 0 1 1 0 1 1 0 0 0 1 1 1 0 1 0 1 0 0 0 0 1 1 1 1 1 0 0 1 0 1 1 1 1 1 1 0 0 1 1 1 1 1 0 0 1 0 0 0 1 0 0 0 1 0 1 0 1 1 0 0 0 0 1 1 1 0 0 1 1 0 0 0 0 1 0 0 1 0 1 0 1 0 0 1 1 0 1 0 0 0 1 1 0 0 1 0 0 1 1 0 0 0 0 0 0 0 0 1 1 0 0 0 0 1 1 1 0 0 0 0 1 1 0 0 0 0 0 0 1 0 0 0 1 0 76 1 1 0 1 1 1 0 0 0 0 1 0 1 1 1 1 0 0 0 1 1 1 0 0 
1 1 0 1 0 1 1 1 1 1 0 1 0 1 1 0 0 0 0 1 0 0 1 1 1 0 0 0 1 1 0 0 1 1 1 0 1 1 1 1 1 0 0 0 0 1 1 1 1 0 1 1 0 0 1 1 0 1 0 0 0 1 0 0 0 0 1 1 1 1 0 1 0 1 0 0 1 1 0 0 0 1 1 0 0 0 1 1 0 1 0 0 1 0 0 0 1 1 0 0 0 1 0 1 0 0 1 0 1 1 0 0 1 0 0 1 1 0 1 0 1 0 0 1 1 1 1 0 0 0 0 1 0 0 0 1 1 1 1 1 0 1 0 0 1 0 47 0 0 0 0 0 1 1 1 1 1 1 0 0 1 0 1 0 0 0 0 1 0 1 
1 0 0 0 1 0 1 0 0 0 0 1 1 0 1 1 1 1 0 1 1 1 0 0 0 0 0 1 0 0 0 1 1 1 1 1 1 0 1 0 1 0 1 1 0 0 0 1 0 1 1 0 0 1 0 0 0 0 1 1 0 0 0 1 0 0 0 1 1 1 0 1 0 0 0 0 0 1 0 1 0 1 0 0 1 0 1 0 1 0 0 0 0 1 0 1 1 1 0 1 0 0 1 1 0 1 0 1 1 0 1 0 1 1 0 0 0 1 0 1 0 0 0 0 0 0 1 0 0 0 0 1 0 1 1 1 1 1 0 0 1 1 0 0 0 0 0 46 1 1 0 1 0 0 0 0 0 1 0 1 0 0 0 1 0 0 0 0 0 1 
0 1 1 1 0 0 0 1 1 1 0 1 0 0 1 1 0 0 0 1 0 1 0 0 1 1 0 1 1 1 1 1 0 1 0 1 1 1 0 0 1 0 0 1 1 1 1 1 1 1 0 0 1 1 0 0 0 1 1 1 0 1 1 0 1 1 1 0 0 1 1 0 0 0 0 1 1 1 1 1 1 1 1 0 0 0 0 0 1 1 1 0 0 0 0 0 1 1 0 1 0 0 0 1 0 0 1 1 1 1 1 0 0 0 1 0 1 0 1 1 1 1 1 1 1 1 1 0 1 0 0 1 1 0 0 1 1 0 1 0 1 0 1 0 1 1 0 0 2 0 1 0 0 1 0 0 1 1 0 0 0 0 1 0 0 0 1 0 0 1 
0 1 1 1 1 0 1 0 0 0 1 1 0 1 0 0 0 1 0 0 0 1 0 1 1 0 0 0 0 1 1 1 1 0 0 0 0 1 0 0 1 0 1 0 1 0 0 0 0 1 0 0 0 1 1 0 0 1 1 1 0 0 1 0 0 0 0 0 0 1 1 1 0 1 0 0 0 1 1 1 1 0 0 0 1 1 0 1 1 1 0 1 1 1 0 0 0 0 0 1 0 1 1 1 1 0 0 1 0 0 1 1 0 1 1 0 1 0 0 1 1 0 1 0 1 0 1 0 0 0 1 1 1 1 0 0 1 1 1 0 0 1 1 0 0 0 0 0 1 59 1 0 1 0 1 0 1 0 1 1 1 0 0 0 0 1 0 0 1 0 
1 0 0 1 1 1 0 1 1 0 1 0 0 1 0 0 0 0 0 0 0 0 1 0 0 1 1 0 0 1 1 0 0 0 0 0 0 0 1 0 0 1 0 1 1 1 0 0 0 0 0 1 1 1 1 1 1 0 0 1 1 0 0 0 0 1 0 0 0 0 0 1 1 0 1 1 0 0 0 1 1 0 0 0 1 1 1 0 1 1 1 0 1 1 0 0 1 1 0 1 1 1 0 1 1 1 0 1 1 0 0 0 0 0 0 1 1 1 0 0 1 1 1 1 1 0 0 0 0 0 1 1 0 0 0 1 0 1 0 0 1 0 1 1 1 1 1 1 0 1 55 1 0 0 1 1 1 0 0 1 1 1 1 1 0 0 0 1 0 1 
1 1 0 0 1 1 1 1 0 1 1 0 0 0 0 0 0 0 1 1 0 1 0 1 1 1 1 1 1 0 1 0 0 1 0 1 0 0 1 0 0 1 1 1 1 0 0 0 1 0 1 0 0 1 0 0 0 0 0 1 1 0 0 0 1 0 0 1 1 0 0 1 1 1 0 0 0 1 1 1 0 0 0 0 0 0 1 1 0 1 1 0 0 1 1 0 1 0 0 1 1 0 0 1 1 0 0 0 0 0 0 0 0 1 1 1 0 1 1 0 1 1 1 1 1 0 0 0 0 1 1 1 0 1 1 1 1 1 1 0 0 1 0 1 0 0 1 1 1 0 1 9 0 0 1 1 1 1 0 1 0 1 1 1 0 1 1 0 1 0 
0 0 0 1 1 0 0 1 0 0 1 1 0 0 1 1 0 1 1 0 0 1 0 1 0 1 1 1 1 0 1 1 0 0 0 0 0 0 0 0 1 1 0 0 0 1 0 0 1 0 1 1 0 0 0 1 0 1 1 1 0 0 1 1 1 0 0 0 0 1 1 1 1 0 0 1 0 0 0 1 0 1 1 1 0 1 0 1 0 1 1 0 1 1 1 0 0 1 1 1 1 1 1 1 1 0 0 1 1 1 0 1 1 0 0 0 0 0 0 1 0 1 0 1 1 1 0 0 1 0 0 1 1 1 0 0 0 0 1 0 0 1 1 0 0 1 1 0 0 1 0 0 41 0 0 1 1 0 1 1 0 1 1 0 0 1 1 0 1 1 
1 1 0 1 0 0 1 0 0 1 1 0 1 0 0 0 1 0 1 1 0 0 0 1 1 1 1 1 1 1 0 1 0 0 1 1 1 0 0 0 0 1 1 1 0 0 0 0 1 1 1 1 1 1 0 0 0 1 0 1 1 1 0 1 1 0 0 1 0 1 1 0 1 0 0 0 0 0 0 1 0 1 1 1 1 1 1 1 1 1 1 1 0 1 1 1 1 0 1 1 1 0 0 1 0 0 1 0 1 0 1 0 1 0 0 0 1 1 1 0 0 0 0 1 0 1 0 1 0 1 1 0 0 0 0 1 0 0 1 1 0 1 1 0 0 0 0 0 0 1 0 1 1 44 0 1 1 1 1 0 1 1 0 0 0 0 1 0 1 0 
0 0 1 1 0 0 0 0 1 1 0 0 1 0 0 1 0 0 0 1 0 1 0 0 0 0 1 1 1 0 1 0 0 0 1 0 1 1 1 0 1 0 0 0 1 0 0 0 1 1 1 0 1 0 0 1 1 0 1 0 0 1 0 0 1 0 1 0 1 1 0 1 0 1 0 0 0 0 0 0 1 1 0 0 1 1 0 0 0 0 1 0 0 1 0 1 0 0 1 1 1 1 0 1 1 0 0 1 0 0 1 0 1 1 0 1 0 0 0 1 1 1 1 1 1 1 1 0 0 1 1 0 1 0 0 1 0 1 1 0 1 0 1 1 1 0 0 1 0 1 0 0 1 0 90 0 1 0 1 0 0 0 1 1 0 0 0 1 1 0 
1 0 1 1 1 0 0 0 1 0 1 1 1 0 1 1 1 0 0 1 1 0 0 0 1 1 1 0 1 0 1 1 0 0 1 0 1 1 1 1 0 1 0 0 0 1 1 1 0 0 0 0 1 0 0 1 1 0 0 0 0 0 0 0 0 1 1 0 1 0 0 1 1 0 0 0 1 1 0 0 0 1 1 0 0 0 1 0 0 0 0 1 0 1 1 1 0 1 0 0 0 1 1 0 0 1 1 1 1 1 0 0 1 1 0 1 1 0 0 1 1 1 0 1 0 0 0 1 0 1 1 0 0 0 0 1 1 0 1 0 1 1 0 0 0 0 1 0 1 0 1 0 0 0 1 82 1 1 0 0 0 0 1 0 1 0 1 1 0 0 
1 1 1 0 1 0 0 1 1 0 0 0 0 1 1 0 0 0 0 0 1 1 0 0 1 1 0 1 0 0 1 0 1 0 0 0 0 1 0 1 1 0 0 0 1 0 0 0 1 0 0 1 0 0 0 1 1 1 1 0 0 0 0 0 1 1 1 0 0 0 1 1 1 1 1 1 0 0 1 1 0 1 0 0 0 0 1 1 1 0 0 0 1 0 1 0 1 1 0 0 1 0 0 0 0 0 1 1 1 1 1 0 0 1 0 1 0 0 1 1 0 1 1 0 1 0 0 0 0 1 0 1 1 0 0 1 0 0 0 0 0 0 1 0 0 0 0 0 0 0 1 0 0 0 0 1 33 0 0 1 0 0 1 1 1 0 1 1 1 0 
1 0 1 0 0 1 0 0 1 0 1 0 1 1 0 1 1 0 0 0 1 0 0 1 0 0 0 1 0 1 1 1 0 0 0 0 1 0 0 1 0 1 0 0 0 1 0 1 0 1 1 1 1 1 1 0 1 0 0 0 1 1 1 0 0 0 1 0 1 1 1 1 1 0 0 1 1 1 0 1 0 1 1 1 1 1 0 1 0 0 0 0 1 1 0 1 1 0 1 0 1 1 1 1 1 0 0 0 1 1 0 1 0 0 0 1 0 1 1 1 1 0 1 0 1 1 1 0 0 1 0 0 0 1 1 1 1 0 1 0 1 1 1 0 0 1 1 0 1 0 1 0 0 0 0 0 0 86 1 1 1 1 0 0 0 1 0 1 1 1 
0 1 1 0 1 0 0 0 0 0 1 1 1 1 1 1 0 0 0 1 0 1 0 1 1 1 1 1 1 0 1 0 1 0 0 1 1 0 0 1 1 0 0 1 0 0 0 0 1 1 1 1 0 1 0 1 1 0 1 1 1 0 0 0 0 0 0 1 0 0 1 1 0 1 0 1 0 1 0 1 0 0 1 0 1 0 1 0 1 1 0 1 0 1 0 0 0 1 1 0 1 0 1 1 1 1 0 1 0 0 0 1 0 1 1 0 0 0 1 0 1 1 0 0 0 0 0 0 1 0 0 1 0 0 0 1 1 1 1 0 1 0 1 0 0 0 0 0 1 1 0 1 0 0 1 0 1 0 62 0 0 0 0 0 0 0 1 0 0 1 
0 1 0 1 1 1 1 1 1 0 1 0 0 1 0 0 1 0 0 0 0 1 1 1 1 1 1 0 1 0 0 1 1 0 1 0 1 1 0 1 1 1 1 1 1 1 0 0 1 0 1 1 0 1 1 0 1 0 1 1 1 1 1 0 1 0 1 1 1 1 0 0 1 1 0 0 0 1 1 1 1 0 1 0 0 1 0 1 0 0 0 0 0 0 1 1 1 1 1 0 1 0 0 0 0 0 1 0 1 1 0 1 1 1 1 1 0 1 0 1 0 1 0 1 0 0 1 1 1 0 1 1 1 0 1 1 1 0 0 1 0 1 0 0 0 0 0 1 0 0 0 1 0 0 1 0 1 0 1 98 1 0 1 1 1 0 0 0 0 0 
0 1 0 0 1 0 1 1 0 1 0 0 0 1 1 1 1 0 0 1 1 1 0 0 1 1 0 0 0 0 0 0 0 1 1 1 1 1 0 1 1 0 0 1 0 1 0 0 1 1 1 0 0 0 0 0 0 1 1 0 1 1 0 0 1 1 1 1 1 0 0 0 0 0 0 0 1 1 0 1 0 0 1 1 0 0 0 0 1 0 0 0 0 0 0 1 1 1 1 1 0 1 1 0 1 1 0 1 0 0 0 1 0 0 0 0 0 0 1 0 0 0 1 0 0 1 0 0 1 1 0 0 0 0 0 1 0 0 0 0 0 0 0 0 0 0 0 0 1 0 0 0 1 0 0 0 1 0 1 0 39 0 1 0 1 1 1 1 0 1 
1 0 1 0 0 1 0 1 1 1 0 1 0 1 0 1 1 1 0 1 0 0 0 0 0 1 0 0 0 1 0 1 1 1 0 0 0 0 0 0 0 1 1 1 1 0 1 0 1 0 0 0 1 0 0 1 0 1 0 0 1 0 0 0 1 0 0 0 0 1 1 0 0 0 0 1 1 0 1 0 0 0 0 1 0 1 0 0 1 1 0 0 1 1 0 0 1 1 1 0 0 1 0 0 0 0 1 1 0 1 0 1 1 0 0 0 1 0 1 1 0 1 0 0 0 1 1 1 0 0 1 0 0 0 0 1 1 0 0 0 0 1 1 1 1 1 1 1 0 1 1 0 1 1 1 1 1 0 1 0 0 75 1 0 0 1 0 1 1 1 
1 0 1 1 0 0 1 1 0 0 1 0 1 0 1 1 1 1 0 1 1 0 0 1 0 0 0 0 0 1 0 0 0 1 1 0 0 1 0 1 0 1 0 1 0 0 1 1 0 1 0 0 1 1 1 1 1 1 1 0 1 1 0 1 1 0 0 1 1 0 0 1 1 1 1 1 0 1 1 0 1 0 1 1 1 0 1 1 1 0 1 1 1 0 0 0 1 0 1 1 0 0 1 0 0 1 1 0 1 1 1 0 1 0 1 1 0 1 0 0 0 1 1 0 1 1 0 0 0 1 0 0 0 1 0 1 0 1 1 1 1 1 0 1 1 0 1 1 1 0 0 0 0 1 1 1 0 0 0 1 0 0 86 1 1 1 1 0 1 1 
1 0 1 1 0 0 1 0 0 0 0 0 1 0 1 1 0 0 1 0 1 1 1 0 1 0 0 0 0 1 0 0 1 0 1 1 0 0 1 1 0 0 0 1 1 0 0 1 0 1 1 1 1 0 0 1 0 1 0 0 1 1 0 1 0 0 1 1 0 0 0 1 0 0 0 0 0 1 0 0 1 0 0 1 1 0 0 0 0 1 0 1 1 0 1 0 0 1 0 0 1 1 0 0 0 0 0 0 1 0 0 1 1 1 1 0 0 1 0 0 1 0 0 0 1 1 0 0 0 1 1 1 0 0 0 0 0 0 1 1 1 0 1 0 0 0 0 0 1 0 1 0 0 1 0 1 1 0 1 1 0 1 1 61 0 1 1 1 0 1 
0 0 0 0 1 0 0 0 0 1 0 0 0 1 1 1 1 0 0 1 1 0 0 0 1 0 1 0 0 0 0 0 0 1 1 0 0 0 1 1 1 1 0 0 1 1 0 1 0 1 1 1 0 1 0 0 0 1 1 0 0 1 1 0 1 1 0 0 0 1 1 1 0 1 1 1 1 0 0 0 1 0 0 0 1 1 0 0 1 1 0 1 0 0 0 1 0 1 1 1 1 0 1 0 0 1 0 0 0 0 1 1 0 0 0 0 1 1 1 0 1 0 1 1 0 1 0 0 0 1 0 1 1 0 0 1 0 1 0 0 0 1 1 0 0 0 0 1 1 0 0 0 1 0 0 1 0 1 0 1 0 1 0 0 44 0 1 1 1 1 
0 0 0 0 1 0 0 0 0 1 1 0 0 1 1 0 0 0 0 1 1 0 0 1 0 0 0 1 0 1 0 1 0 0 1 0 1 0 1 0 0 1 0 0 1 0 0 1 1 1 0 0 1 0 0 1 0 1 0 1 0 0 0 1 1 0 1 0 1 0 0 1 1 1 1 0 1 0 0 1 0 1 0 1 1 0 0 0 0 1 1 0 0 1 0 0 0 0 0 0 0 0 1 0 1 1 1 1 1 0 0 0 1 0 1 0 0 0 0 1 0 1 0 1 0 0 1 0 0 0 0 1 0 1 1 0 0 0 0 1 0 1 0 1 1 1 1 0 1 0 0 0 0 1 1 0 0 1 0 0 0 1 0 1 0 20 0 1 0 1 
0 0 0 0 1 0 1 0 1 0 1 1 0 1 0 1 1 1 1 1 1 1 1 1 0 1 1 0 0 1 0 1 1 0 1 0 1 0 0 1 1 1 0 0 1 1 1 0 0 0 1 0 1 0 0 0 0 1 1 0 0 1 0 1 1 1 0 0 1 1 0 0 1 0 1 1 1 0 0 1 0 0 0 0 1 0 0 0 1 0 0 1 0 1 0 0 0 1 1 1 1 1 1 0 1 1 1 0 1 1 0 1 1 0 0 1 1 1 1 1 1 0 0 1 1 1 1 1 1 0 0 1 1 0 0 0 1 0 1 1 1 1 0 1 0 0 1 1 0 0 1 1 1 0 1 1 0 0 1 1 1 0 0 0 1 1 31 1 1 1 
1 1 0 1 0 1 1 0 1 1 1 0 1 1 1 0 1 0 0 1 1 1 1 1 0 0 0 0 1 1 1 1 0 1 1 0 1 1 1 1 0 1 0 0 1 1 0 0 0 1 0 1 0 0 0 1 0 1 0 1 1 0 0 0 1 1 0 0 1 1 1 1 0 0 1 0 0 0 0 1 0 0 1 0 1 1 1 0 0 0 1 1 0 1 0 1 1 1 0 1 1 0 0 0 0 1 0 0 0 0 1 1 0 0 1 1 0 0 1 0 1 0 0 1 1 0 1 1 1 1 1 1 1 1 0 0 0 1 0 0 1 1 0 0 0 0 0 1 0 1 0 0 0 1 0 0 1 0 1 0 0 1 0 0 0 1 0 91 0 1 
0 0 1 1 0 0 0 0 1 1 1 0 1 0 0 0 0 1 0 0 0 0 1 1 0 1 0 0 0 0 0 0 0 0 0 0 1 0 1 0 0 1 1 0 0 0 1 0 1 1 1 0 0 0 0 0 0 1 0 1 0 1 1 0 0 0 0 1 0 0 1 0 1 0 1 0 0 1 1 1 1 1 0 1 0 1 0 1 1 0 0 0 0 0 1 1 0 1 1 0 0 1 0 0 1 0 1 0 0 0 0 1 0 1 0 1 0 0 1 1 1 1 1 1 1 0 0 0 0 1 1 1 0 1 1 1 1 0 1 1 0 0 0 0 1 1 1 1 0 1 1 1 0 1 0 0 0 1 1 0 1 0 0 1 1 1 0 0 77 0 
1 0 0 0 0 0 0 0 0 1 1 0 1 1 1 0 1 0 1 1 0 0 1 1 0 1 0 0 0 0 0 1 1 1 1 1 1 0 1 1 1 1 1 0 1 1 0 0 1 1 1 1 1 1 0 1 1 0 0 0 0 1 0 0 1 1 0 1 1 0 0 1 0 0 1 1 1 0 0 1 1 0 1 1 0 0 1 0 0 0 1 0 1 1 0 0 1 1 0 1 1 0 1 0 1 0 0 1 1 1 1 1 0 1 1 1 0 0 1 1 1 0 0 1 0 1 0 1 0 1 1 0 0 1 0 1 0 0 1 1 0 1 1 1 1 0 1 0 0 1 0 0 0 1 0 0 1 0 0 1 0 1 0 1 1 1 1 1 0 27 
