210
45 1 0 1 1 1 1 1 1 0 0 0 1 1 1 0 1 1 1 1 1 0 1 1 0 0 0 0 1 1 1 1 1 1 0 0 1 0 0 1 1 0 0 1 1 0 1 1 0 1 0 1 0 0 0 1 0 0 1 0 0 1 0 1 1 1 1 0 0 1 1 0 1 0 0 1 0 1 0 1 1 1 0 0 0 1 1 0 1 0 1 0 0 0 0 1 0 0 0 0 1 0 1 0 0 1 1 1 0 1 1 0 1 0 1 1 0 0 1 1 1 0 1 1 1 0 0 1 1 0 0 1 1 1 1 0 1 0 1 0 1 1 1 1 0 0 1 0 1 0 0 1 0 1 1 1 0 1 1 1 1 1 1 1 0 0 1 0 0 0 0 0 0 1 1 1 0 1 0 0 1 1 0 0 0 0 1 1 1 0 1 0 1 1 0 1 0 0 1 0 0 1 1 1 1 0 1 1 0 1
1 81 1 1 0 0 1 0 0 1 1 1 0 0 1 0 0 0 0 1 1 1 0 1 1 0 0 1 1 1 1 1 1 1 1 1 0 0 1 0 1 0 1 1 0 0 0 0 0 1 1 0 1 0 1 1 0 1 0 1 0 1 0 1 0 1 1 0 1 1 1 0 0 0 0 1 0 1 1 0 0 0 1 0 0 1 1 1 1 0 0 0 1 0 0 0 0 1 1 1 0 1 0 0 0 0 1 0 1 1 0 1 0 1 0 0 0 1 0 1 0 0 1 0 1 1 0 1 1 0 0 0 1 0 1 1 0 0 1 1 0 0 0 1 1 0 1 1 1 0 1 0 1 0 1 1 0 1 0 1 1 0 0 0 1 1 0 0 0 0 0 1 1 0 1 0 1 0 0 0 1 1 1 0 0 1 1 0 1 1 0 1 0 1 1 0 1 1 0 1 0 1 1 0 1 1 1 1 0 1
0 0 93 0 0 1 1 1 1 1 1 1 1 1 1 1 1 0 0 1 0 0 1 1 1 1 0 1 1 0 0 0 1 0 0 1 0 1 1 0 1 0 0 0 0 0 1 0 0 0 1 1 0 1 0 0 1 0 0 1 1 0 0 0 0 0 0 0 0 0 0 1 0 0 1 0 1 1 0 0 1 0 0 1 1 1 0 1 0 0 1 1 0 1 1 1 0 0 0 0 0 1 0 1 1 0 0 1 1 1 1 1 0 0 1 1 1 0 1 1 1 0 1 0 1 1 1 0 1 1 0 0 1 1 0 0 1 0 1 0 1 0 0 1 1 0 0 0 0 0 0 0 0 1 0 0 1 0 0 1 0 0 0 0 0 1 1 1 1 0 0 1 1 0 0 1 0 0 1 1 0 1 1 0 0 1 0 1 0 0 0 1 1 0 1 0 0 0 0 1 1 1 1 0 1 0 0 1 0 1
0 1 1 45 0 1 0 1 1 1 0 1 0 1 0 1 0 1 0 1 0 1 0 0 1 0 0 1 0 0 0 1 0 1 1 0 0 0 1 1 0 1 0 0 0 0 1 1 0 1 1 1 1 0 0 1 1 1 1 0 0 1 0 1 1 0 0 0 0 1 1 1 1 0 0 0 1 0 1 0 1 0 0 1 0 1 0 1 1 0 0 1 1 0 0 0 1 0 1 0 0 1 0 0 0 1 1 0 1 0 1 0 1 1 0 1 1 1 1 1 0 0 0 0 1 0 0 1 1 0 1 1 0 0 1 0 1 1 1 1 0 0 1 1 0 0 0 0 1 0 0 0 0 0 0 0 1 0 0 1 1 0 1 0 1 0 1 0 1 1 0 0 0 1 1 0 0 0 1 0 0 0 0 0 1 0 0 0 0 1 1 0 1 1 0 0 0 1 1 0 0 0 0 1 1 1 0 1 0 0
1 1 0 0 89 1 1 0 1 1 1 1 0 0 1 1 1 0 1 1 0 0 0 0 1 1 0 0 0 1 1 1 0 0 1 1 0 1 1 0 1 0 1 1 0 1 1 0 0 1 1 0 1 0 0 0 1 1 0 1 1 0 0 1 1 1 0 0 0 0 0 0 0 0 0 1 1 0 0 0 0 1 1 0 0 0 1 0 0 1 0 1 0 0 0 0 1 0 1 1 0 0 1 0 0 0 1 0 1 0 1 1 1 1 1 0 0 0 1 0 0 0 0 1 0 0 0 0 1 1 1 1 0 1 0 0 1 1 0 0 1 1 1 0 1 1 1 1 0 1 0 1 1 0 0 0 0 0 0 1 0 1 1 1 1 1 0 0 0 0 1 0 0 1 1 1 1 0 0 0 1 0 0 1 1 0 1 0 1 0 1 1 0 1 1 1 0 0 0 0 1 0 0 0 0 1 1 1 1 0
0 0 0 0 0 35 1 0 1 0 1 1 1 0 0 0 1 0 0 0 1 0 0 1 1 1 1 1 0 0 1 1 1 0 0 1 0 1 0 1 1 0 0 0 1 1 0 1 0 1 0 1 1 1 1 0 1 1 0 0 1 1 1 0 0 1 1 1 0 0 0 0 1 0 1 1 1 0 1 0 1 1 0 1 0 0 1 1 1 0 1 0 1 0 1 1 1 1 0 1 0 1 0 0 1 1 1 1 1 1 0 1 1 0 1 0 0 0 1 1 0 0 0 0 0 0 1 1 1 1 1 1 1 0 0 1 0 0 1 0 1 0 0 1 1 1 1 0 1 1 0 0 1 0 0 0 1 0 1 0 1 0 1 0 0 0 0 1 1 1 0 0 1 1 1 1 1 1 0 1 0 0 1 0 1 1 0 0 0 0 1 0 0 0 1 0 0 0 0 0 0 0 0 0 0 1 0 0 0 0
1 0 0 1 1 0 67 1 1 1 1 0 1 1 0 1 1 1 0 0 0 1 1 0 1 0 1 1 1 0 0 0 0 1 0 0 1 1 1 0 1 0 0 0 1 0 1 1 0 1 0 1 1 0 0 1 0 0 1 1 0 1 1 1 1 0 0 0 1 0 1 1 1 1 1 0 0 1 1 0 1 1 1 1 0 0 1 1 0 1 1 0 1 0 0 1 1 1 1 0 0 1 1 0 0 1 0 1 1 1 0 1 1 0 1 0 0 1 1 1 0 0 1 1 0 1 0 0 1 0 1 0 0 0 0 0 0 1 1 1 1 1 1 1 0 1 0 1 1 1 0 1 1 0 0 0 1 0 0 1 0 1 1 0 1 1 1 0 0 0 1 1 0 1 1 1 0 0 0 0 1 1 0 1 1 0 0 1 0 1 1 0 0 1 0 1 1 0 1 0 0 1 1 0 1 0 0 0 1 0
0 0 1 1 1 0 1 54 1 1 0 1 1 0 0 0 0 0 1 1 1 1 0 0 1 1 1 1 1 0 0 0 1 0 1 1 0 1 1 0 1 1 1 0 0 1 1 0 0 0 1 1 0 0 1 1 1 1 0 1 1 0 1 1 0 0 1 0 0 1 1 0 1 1 0 1 0 0 0 1 0 0 0 1 0 1 0 1 0 1 0 0 0 0 1 0 1 1 1 1 0 0 0 1 0 0 1 0 1 1 1 0 1 0 0 1 1 0 1 1 0 1 0 0 0 1 0 0 0 1 1 0 0 1 0 0 0 1 0 1 1 0 0 1 1 0 1 1 0 0 0 1 0 0 0 1 1 1 0 1 0 1 0 1 0 1 0 1 0 0 1 0 0 0 0 0 1 1 0 0 1 0 1 0 0 1 1 1 1 1 1 1 1 0 0 1 0 1 1 1 1 1 1 0 0 0 1 1 1 0
0 0 0 1 1 1 0 0 54 1 0 1 1 1 1 0 0 1 1 0 1 0 0 0 1 0 1 0 0 0 0 0 1 0 1 1 0 1 0 1 0 1 1 0 0 1 1 1 1 0 1 0 1 1 0 1 0 0 1 1 0 1 0 1 0 0 0 0 0 0 1 1 1 1 1 1 0 1 0 1 0 1 1 1 1 0 0 1 1 1 1 1 0 1 1 1 0 0 1 1 0 0 0 0 0 1 0 0 0 1 1 1 0 1 0 0 1 1 1 1 0 1 1 1 0 0 1 0 1 1 0 0 0 0 1 0 0 1 1 1 0 0 0 0 1 0 0 0 0 1 1 0 1 0 0 1 0 0 1 1 0 1 0 1 0 1 1 0 1 0 0 1 1 1 1 1 1 1 0 0 1 1 0 0 0 1 1 1 0 1 0 1 1 0 0 0 1 0 0 0 0 0 0 0 1 0 1 1 1 0
0 0 0 0 1 1 0 1 1 88 0 0 1 1 1 1 1 1 1 0 1 1 1 0 0 0 0 1 1 0 0 1 0 0 1 1 0 1 0 1 1 1 1 1 0 1 1 0 0 0 0 0 1 0 1 0 1 1 1 0 1 1 0 0 0 0 0 0 0 1 1 0 1 0 1 1 1 1 1 1 0 0 1 0 1 0 0 1 1 0 1 1 1 1 1 0 0 0 1 0 0 0 0 0 1 1 0 0 1 1 0 0 1 1 1 0 0 0 0 1 0 0 0 1 0 0 1 1 0 0 1 0 1 1 1 1 0 1 0 1 1 1 1 1 1 0 1 1 1 1 0 1 0 0 1 0 0 1 1 0 1 0 1 0 0 1 0 0 1 1 0 0 0 0 1 1 1 0 0 0 0 0 1 1 0 0 1 1 1 0 1 1 0 0 1 1 1 0 1 1 0 0 1 0 1 1 1 0 0 0
1 0 1 0 1 0 0 0 0 0 68 0 0 0 0 0 0 0 0 1 1 0 0 0 1 1 1 1 1 1 0 0 0 1 1 1 1 1 0 1 0 0 1 1 0 0 0 0 0 1 0 0 0 0 1 0 0 0 1 1 1 0 0 1 0 0 1 0 1 1 0 1 1 1 1 0 1 1 0 1 0 1 1 0 0 0 0 1 0 0 0 1 0 1 1 0 1 1 1 0 0 1 1 1 0 1 1 1 0 1 1 1 1 0 0 1 1 0 1 1 1 0 0 1 1 0 0 0 1 1 0 1 1 1 1 1 0 1 1 1 1 0 1 1 0 1 0 1 1 1 1 0 1 1 0 0 1 0 1 0 1 1 0 0 0 1 1 1 1 0 1 1 0 0 0 0 1 0 1 1 1 1 0 0 1 0 0 0 0 1 0 1 0 0 1 1 1 0 1 1 1 1 1 0 1 1 0 1 1 0
0 0 1 0 1 0 0 0 1 0 0 65 0 0 0 1 0 1 1 1 1 1 1 0 1 1 0 0 1 1 0 1 1 1 0 1 1 0 1 1 1 1 0 1 0 0 0 1 1 1 0 0 0 0 0 0 1 0 0 1 0 1 0 1 1 1 1 0 1 0 0 1 0 1 0 1 0 1 0 1 0 0 1 1 1 1 0 0 1 0 0 0 1 0 0 0 0 1 1 0 1 0 1 1 1 0 0 1 0 0 1 1 0 1 1 1 1 1 1 1 1 1 0 1 0 1 0 1 0 1 1 1 1 1 1 1 1 1 0 0 0 0 1 1 0 0 1 0 1 1 1 0 0 1 0 0 1 0 0 1 0 0 1 0 1 0 1 0 1 1 1 1 1 0 0 0 0 1 1 0 1 0 1 0 1 0 1 1 0 1 1 1 1 1 1 1 0 0 1 1 1 1 0 1 0 0 1 0 1 1
0 1 1 1 1 0 1 0 0 0 1 0 42 1 0 0 1 0 0 0 0 0 0 1 1 0 0 1 1 0 0 1 1 0 0 1 0 1 1 1 0 0 0 0 0 1 1 1 0 1 1 0 1 0 1 1 1 1 1 1 1 1 0 1 0 1 0 0 0 1 1 1 0 0 1 1 0 1 0 0 1 1 1 1 0 0 0 0 1 0 0 0 0 0 0 1 0 0 0 1 1 1 0 1 1 0 0 0 1 0 0 0 1 1 0 1 0 1 0 0 0 0 0 1 0 0 1 1 0 1 1 0 0 0 0 0 0 0 0 1 1 1 0 1 0 0 0 0 1 0 0 0 1 1 1 1 0 0 1 0 1 1 1 0 0 0 0 0 0 0 1 0 1 1 0 1 0 0 0 0 1 0 1 0 1 1 1 0 0 1 1 1 1 1 1 1 0 1 0 0 1 1 0 0 1 1 1 1 0 0
0 1 0 0 0 0 0 0 1 1 1 0 1 58 1 0 0 0 1 0 0 0 1 0 0 1 1 0 1 0 1 0 0 1 1 0 0 1 0 1 0 0 0 0 0 1 0 0 1 0 1 1 1 0 0 1 0 1 0 1 1 0 1 1 0 0 0 0 1 1 0 0 1 1 1 1 1 1 0 1 1 0 1 0 1 0 0 1 0 0 0 0 1 0 1 1 0 1 1 1 1 0 1 1 1 1 1 1 0 0 0 0 1 1 1 1 0 0 0 0 1 1 1 1 0 0 0 1 1 0 0 0 1 1 0 0 0 0 0 0 1 0 0 1 0 1 0 1 0 1 1 0 0 0 0 0 0 0 0 0 1 0 1 1 0 0 0 0 1 1 0 1 1 1 1 0 1 0 0 0 0 0 1 1 0 1 1 1 0 0 1 1 1 1 1 0 1 0 0 0 0 0 1 1 1 0 0 1 1 1
0 1 0 0 0 0 1 0 1 0 0 0 1 1 98 0 0 1 1 0 1 0 1 0 0 0 0 0 0 0 0 0 0 1 1 1 0 0 0 0 1 1 0 0 1 1 0 0 0 1 1 0 0 1 0 0 1 1 0 0 0 0 0 1 0 1 0 1 1 1 0 0 0 0 1 0 1 1 1 1 1 0 1 1 0 0 0 0 0 1 1 1 1 1 0 0 1 1 0 0 1 1 0 0 1 1 1 1 1 1 1 1 1 0 1 0 1 0 0 0 1 1 1 0 0 0 0 0 1 0 1 0 1 0 0 0 1 0 0 0 0 1 0 0 0 0 1 0 0 0 0 1 1 0 1 1 0 1 1 0 0 0 0 1 1 0 1 0 0 1 1 0 0 1 0 0 0 1 1 0 1 1 0 1 1 0 0 0 0 0 1 0 1 0 1 1 1 1 1 0 0 0 0 0 1 1 0 1 1 1
1 0 1 0 0 1 1 1 0 0 1 0 0 0 1 36 1 1 1 0 0 1 1 0 0 0 1 0 1 1 1 0 1 0 0 1 0 0 1 1 0 1 1 1 1 0 0 0 0 1 1 1 1 0 0 0 1 0 0 0 0 0 0 1 1 1 1 0 1 0 1 1 0 1 1 0 0 0 1 1 1 0 1 0 1 0 1 1 1 1 1 1 0 0 1 0 1 1 0 0 0 1 1 1 0 1 1 1 1 1 0 1 1 0 0 1 1 1 0 1 0 1 0 0 0 0 0 1 0 0 1 1 1 0 0 0 1 0 0 0 1 0 0 1 0 0 1 1 0 1 0 1 1 1 0 1 0 1 0 1 0 1 0 1 1 1 1 0 0 0 0 0 1 0 0 1 1 0 1 0 1 1 0 1 1 0 1 0 1 0 0 0 0 1 0 1 1 0 1 0 1 0 0 1 0 1 1 0 1 0
1 1 1 0 1 0 0 0 0 0 1 0 1 0 0 1 30 1 1 1 1 0 1 1 0 1 1 0 0 0 0 1 1 0 0 0 1 1 0 0 0 1 1 1 0 1 0 0 0 0 1 1 0 1 0 0 0 0 0 0 0 0 0 0 1 1 0 0 1 0 0 1 1 1 0 1 1 1 0 1 1 0 0 0 1 0 1 0 0 0 0 0 0 1 0 0 0 0 0 0 0 1 0 0 0 0 0 0 0 0 1 0 0 1 1 0 1 1 0 0 1 0 1 1 1 1 1 0 1 0 1 0 1 0 0 1 0 1 0 1 1 1 0 1 0 0 0 0 1 1 1 0 1 1 1 0 0 1 0 0 0 0 1 1 1 1 1 0 0 1 0 0 0 1 0 1 0 0 0 0 0 0 0 0 0 1 1 1 0 1 0 1 1 1 1 1 1 0 1 0 0 1 1 1 1 1 0 1 1 0
1 0 1 1 0 1 0 1 0 0 1 0 1 1 0 1 1 60 1 0 0 1 1 1 0 0 0 0 0 0 1 0 1 0 1 1 1 0 1 1 0 1 1 1 1 1 0 1 0 0 1 0 1 0 1 0 0 0 1 0 0 1 0 1 0 1 0 1 0 0 1 1 1 1 0 0 0 0 1 1 1 0 1 1 1 0 1 0 0 1 1 0 0 0 1 0 0 1 1 1 1 1 1 0 1 0 0 1 1 1 0 0 1 1 0 1 0 1 0 1 0 1 1 0 0 1 1 0 1 0 1 1 0 1 1 0 1 0 0 1 1 1 0 1 0 0 1 1 1 0 1 0 0 1 1 1 0 0 0 1 0 1 1 1 0 1 1 0 1 1 0 1 1 0 1 0 0 1 1 1 1 0 1 0 1 0 0 0 1 0 1 0 0 0 0 0 0 1 0 1 1 0 1 1 1 0 0 0 0 1
0 1 0 1 1 1 0 1 0 1 1 1 0 0 1 1 0 0 10 0 0 0 0 1 0 0 0 1 1 0 0 1 0 1 1 1 1 1 0 1 0 0 0 0 0 1 0 1 1 0 0 0 0 1 0 0 0 1 0 1 1 0 1 1 0 0 1 1 1 1 1 1 1 0 0 0 0 0 1 1 1 1 0 0 1 0 1 0 0 1 1 0 0 1 0 1 1 0 1 0 0 1 0 0 0 0 1 0 1 0 1 1 0 1 1 0 1 0 0 1 0 0 1 1 0 1 0 0 0 0 1 0 0 1 1 0 0 1 0 1 0 0 1 1 0 0 0 0 0 1 1 0 0 0 1 0 0 0 1 1 1 0 1 0 1 0 1 1 0 0 1 0 1 1 0 0 0 1 1 1 0 1 0 0 0 0 0 1 1 1 0 0 0 1 0 0 0 1 0 0 0 1 1 1 1 0 1 1 1 0
1 1 0 0 1 1 1 0 0 1 0 1 1 0 1 0 1 1 1 2 1 1 1 1 0 1 1 0 1 0 1 0 1 1 1 1 1 0 1 1 1 0 1 0 1 0 1 1 0 1 1 1 1 0 0 0 0 1 0 1 0 1 0 0 1 0 1 0 1 1 1 1 0 1 0 0 1 0 0 0 1 0 1 1 0 0 1 1 1 1 0 1 1 1 0 0 0 0 1 0 0 0 1 1 1 0 1 0 1 1 1 1 0 0 0 1 1 1 0 1 1 1 1 1 1 1 1 0 1 1 0 0 1 0 0 1 0 0 1 1 0 0 1 0 1 1 0 1 0 0 0 0 1 0 1 1 1 1 0 0 0 0 1 0 1 1 1 0 0 0 0 1 1 0 0 1 1 0 1 0 1 0 0 0 1 0 1 0 1 1 0 1 0 0 0 0 0 1 1 0 0 1 0 0 0 0 0 1 1 0
1 1 1 0 0 1 1 0 0 0 0 0 0 1 0 0 0 0 1 0 30 1 1 0 1 1 0 0 0 1 0 1 0 0 1 1 0 1 0 1 0 1 0 0 0 1 1 1 0 1 1 0 1 1 0 0 1 0 0 1 1 1 1 1 0 0 0 1 1 1 1 0 0 1 0 0 1 1 0 1 1 1 0 1 1 0 0 1 0 0 1 1 1 0 1 1 1 1 0 0 1 0 0 1 0 1 0 0 1 0 1 0 0 1 1 1 1 1 1 1 1 1 1 1 1 0 0 1 0 1 0 1 1 0 1 0 0 1 0 0 1 1 0 0 0 1 0 0 1 1 0 1 1 0 0 0 0 0 0 1 0 1 0 1 0 0 0 0 1 1 0 1 0 0 1 0 0 1 1 0 1 1 0 1 1 0 0 0 1 0 0 1 1 1 1 0 1 1 0 0 0 0 0 0 1 0 0 0 1 0
1 1 1 1 1 1 1 0 1 0 1 0 0 1 1 1 0 1 1 0 0 64 0 1 0 0 0 0 0 0 1 0 0 1 0 0 0 0 0 1 1 1 0 0 1 1 0 1 1 1 1 1 1 0 1 0 1 1 0 0 0 0 1 1 1 0 0 1 0 1 0 0 1 1 0 0 0 0 0 1 0 1 0 1 1 0 0 1 1 1 0 1 1 0 0 1 0 0 0 1 1 1 1 0 1 0 1 1 0 1 1 0 1 0 1 0 1 1 0 1 1 0 1 0 1 0 0 1 1 1 0 1 0 1 0 1 0 1 0 1 0 1 1 1 1 1 0 0 1 1 0 0 0 1 0 0 0 0 0 0 1 0 1 0 1 0 1 0 0 1 1 0 0 1 1 1 1 0 1 0 0 1 0 1 0 1 1 0 1 0 1 1 0 1 0 1 0 0 1 0 0 1 0 1 0 0 0 1 0 0
0 1 0 0 0 1 0 1 1 0 1 0 1 1 1 0 1 0 1 1 1 0 48 0 1 1 1 0 0 0 0 1 1 1 1 0 1 0 1 1 1 0 1 0 0 1 1 1 0 1 1 1 1 0 1 0 0 1 0 1 0 1 1 1 0 1 0 1 0 1 1 1 0 0 1 1 1 1 0 1 1 0 1 0 0 0 0 0 0 1 1 1 1 1 0 1 0 1 1 0 1 0 1 1 1 0 1 0 0 1 1 1 0 1 0 1 1 1 1 1 1 0 0 0 1 1 0 1 0 0 1 1 1 1 1 1 1 1 1 0 0 0 1 1 0 0 1 1 1 1 0 0 0 1 0 0 1 1 1 1 0 0 0 1 1 1 1 1 1 0 1 0 1 1 1 0 1 0 1 1 1 0 0 1 1 0 1 0 0 1 0 0 0 0 0 0 1 1 0 0 1 0 1 1 0 1 1 1 1 1
0 0 0 1 0 1 0 1 0 1 0 1 0 1 0 0 1 0 1 0 1 1 0 57 0 1 1 1 0 0 0 1 0 1 0 1 0 1 0 1 0 1 0 0 0 1 0 1 0 0 0 0 0 1 0 1 1 1 0 1 1 1 1 1 1 0 0 0 1 1 1 0 1 0 1 0 1 1 1 0 0 1 0 0 0 0 1 0 1 0 1 1 0 1 1 1 0 0 0 0 1 0 1 1 1 1 0 0 0 0 0 0 0 1 0 1 0 0 1 1 1 1 0 1 0 0 0 1 1 1 0 1 1 1 1 1 0 1 0 1 0 0 1 0 0 1 0 0 0 0 1 0 1 1 1 1 1 0 0 1 1 0 0 1 1 0 1 0 1 1 0 0 1 0 1 0 1 1 0 0 1 0 0 0 1 0 0 0 0 0 0 1 1 1 1 0 0 0 0 1 0 0 1 1 1 1 0 1 0 0
1 0 1 0 1 0 1 0 1 1 0 1 0 1 0 0 0 0 1 1 1 0 0 0 69 0 1 0 1 1 1 0 1 1 1 0 1 1 0 0 0 0 1 1 1 1 1 1 0 0 1 1 0 1 1 1 1 0 1 0 0 0 1 1 0 0 1 0 0 0 1 0 1 1 0 1 1 1 1 0 0 1 1 0 1 1 1 1 0 1 0 1 0 1 0 0 0 1 1 0 1 1 1 0 0 0 0 1 0 0 0 1 0 1 1 1 0 1 1 1 0 1 1 0 1 0 0 1 1 0 0 0 1 0 0 0 0 1 1 0 1 1 1 0 0 1 0 0 0 1 1 1 0 1 0 0 1 0 0 0 0 1 0 0 0 1 1 0 0 1 1 1 1 0 1 0 0 1 1 1 1 1 1 1 0 0 0 0 0 0 1 0 0 0 0 0 1 0 1 0 1 0 0 1 1 0 0 0 0 0
1 1 0 0 0 1 0 0 1 1 0 0 0 1 0 0 0 1 1 0 0 0 0 0 1 94 0 0 1 0 1 1 0 0 0 0 1 0 0 0 0 1 1 1 1 0 0 0 1 1 1 0 1 1 0 1 1 0 1 1 1 0 1 1 0 1 0 1 0 0 0 1 0 1 0 0 0 0 0 1 1 0 1 0 0 1 0 0 1 0 1 1 0 1 1 0 0 1 0 1 1 0 1 1 0 0 0 1 0 0 0 0 0 0 1 0 1 0 1 0 0 1 0 0 1 1 0 1 0 0 1 1 0 0 1 0 0 1 0 1 0 1 0 0 0 0 1 0 1 0 0 0 1 0 1 1 0 1 1 1 0 1 0 0 1 1 1 0 1 1 1 0 0 1 1 0 1 0 0 1 0 0 1 0 1 1 0 0 0 0 1 1 1 1 1 1 0 1 0 1 1 0 1 0 0 1 0 0 0 1
1 0 0 0 1 0 0 1 1 1 0 0 0 1 0 1 0 1 1 1 1 1 0 0 0 1 28 1 0 1 0 1 1 1 0 1 0 1 1 1 0 1 0 1 0 1 1 0 1 1 1 1 1 1 1 0 1 0 0 0 1 0 0 0 0 0 1 0 1 0 0 0 0 1 0 1 0 1 0 0 1 1 1 1 1 1 1 1 1 1 0 1 1 1 0 1 0 0 1 1 1 0 1 1 1 1 1 1 0 0 1 1 0 1 1 1 1 0 0 0 1 0 1 1 1 0 0 0 1 0 0 0 0 0 0 0 0 0 0 1 1 1 0 0 1 1 0 0 0 1 1 1 0 1 0 0 1 1 0 1 1 0 1 1 0 1 1 0 0 1 1 0 0 1 0 0 1 0 1 0 0 1 1 1 0 1 1 0 1 1 1 0 1 0 0 1 0 1 0 1 0 1 1 1 0 0 0 1 0 0
0 0 0 0 0 1 0 0 1 0 1 1 0 1 1 0 1 0 1 0 0 1 0 1 1 1 0 16 0 1 0 0 0 1 1 1 1 1 0 0 1 1 0 1 0 0 1 1 1 1 1 0 0 0 1 0 0 1 1 0 1 1 1 0 0 0 0 0 0 0 0 1 1 1 1 1 1 1 1 1 1 0 1 1 1 0 0 1 1 0 1 1 0 1 0 1 0 1 1 0 0 0 1 0 1 0 0 1 1 1 0 1 1 0 1 0 0 1 1 1 0 1 0 1 0 1 1 1 1 0 1 0 0 1 1 1 0 0 1 0 0 1 1 1 1 0 1 1 1 1 0 0 1 0 1 0 0 1 1 1 0 1 1 0 0 1 1 1 0 0 0 1 0 1 1 1 1 1 1 1 1 0 1 1 0 0 1 1 1 0 0 1 0 1 0 0 1 0 0 0 0 0 0 1 0 1 0 0 1 0
0 0 0 1 1 1 0 1 1 0 0 1 1 1 1 0 0 1 1 1 1 1 1 0 0 0 1 1 25 1 1 1 0 1 0 1 1 1 1 0 1 1 0 1 0 0 1 1 1 0 0 1 0 1 1 0 1 1 0 0 1 0 0 0 0 0 1 0 1 0 0 1 0 1 0 1 1 0 0 1 1 0 0 0 0 1 0 0 0 0 0 1 1 1 0 0 1 0 0 0 0 0 1 0 1 0 1 0 0 0 0 0 0 1 0 1 0 0 1 0 0 1 0 0 0 0 1 1 0 0 0 0 1 1 1 0 1 1 1 1 1 0 0 0 1 0 1 0 0 0 1 1 1 1 1 0 0 1 1 0 0 0 1 0 0 0 0 1 0 1 0 0 0 1 1 1 1 1 1 1 1 1 0 0 1 1 0 0 0 0 0 1 1 0 0 1 1 0 0 1 0 0 1 0 0 1 0 0 1 0
1 0 0 0 1 1 0 1 1 0 0 1 1 0 1 1 1 1 0 0 0 1 0 1 1 1 0 0 1 18 1 1 0 0 1 1 0 0 1 0 0 1 0 1 0 0 0 0 1 1 1 0 1 0 1 0 0 1 1 0 0 1 1 1 1 0 0 0 1 1 0 1 1 0 1 0 0 0 1 1 0 0 0 1 0 0 1 1 1 1 0 1 0 0 0 0 0 0 0 0 0 0 0 1 0 0 0 1 1 0 1 0 1 0 1 1 0 0 1 1 1 1 1 1 1 1 0 1 1 1 0 1 0 0 0 1 1 1 0 1 1 0 0 1 0 0 0 1 0 1 0 1 0 0 1 0 1 1 1 1 1 0 1 0 0 0 0 0 0 0 1 1 0 1 0 0 0 0 0 0 1 1 0 0 1 1 0 1 1 0 0 1 1 1 1 0 0 0 0 0 0 1 0 1 1 0 0 1 1 1
1 0 1 0 1 0 1 1 1 0 1 1 0 0 1 1 0 0 0 0 1 1 1 1 1 1 0 1 1 0 45 0 1 0 0 1 0 1 1 0 1 1 1 0 1 0 1 0 0 0 0 0 1 1 1 0 1 0 0 1 0 0 1 1 0 1 0 0 0 0 1 0 0 0 1 1 0 1 1 1 1 0 0 0 0 1 0 0 1 0 1 1 1 1 1 1 1 0 0 0 0 1 1 1 1 1 0 1 1 0 1 0 0 0 0 1 0 0 0 0 0 1 0 1 0 0 1 0 1 0 1 1 0 0 0 1 1 0 0 0 0 1 0 0 0 0 1 0 1 1 1 0 1 1 1 0 1 1 1 1 1 0 1 1 0 1 0 0 0 1 1 0 1 0 1 1 0 1 1 0 0 0 1 0 1 0 1 0 0 1 1 1 1 1 0 1 1 0 1 1 1 1 1 1 0 1 1 1 1 0
0 0 1 1 1 0 0 0 1 1 1 1 1 1 0 1 1 0 0 0 1 1 0 0 1 1 1 1 1 0 1 76 1 1 0 1 1 0 1 1 1 1 0 1 1 1 1 1 1 0 1 0 0 1 0 0 1 1 0 0 0 0 1 1 1 0 1 1 1 0 1 0 1 1 1 0 1 0 1 1 0 1 0 1 1 0 1 0 1 0 0 1 0 0 0 0 1 1 0 0 1 1 0 0 0 1 0 1 0 1 1 1 0 0 0 1 0 0 1 1 1 1 0 0 1 1 0 1 0 1 0 1 0 1 1 0 1 1 1 0 1 0 1 0 1 0 1 1 0 1 0 1 1 0 0 1 1 0 1 0 1 1 0 0 1 1 1 1 1 0 1 0 0 0 0 0 0 0 1 1 1 0 1 1 1 0 0 0 0 1 1 1 0 1 1 1 1 1 0 1 1 0 0 0 0 0 1 1 0 0
1 1 1 1 1 0 0 1 0 1 1 0 0 1 1 1 1 1 1 0 0 0 0 1 0 1 0 0 0 1 1 0 13 0 1 0 1 1 1 1 0 1 1 1 1 1 1 1 0 0 1 1 1 1 1 1 1 0 1 0 0 1 0 0 0 0 0 0 1 1 1 1 0 1 0 0 0 0 0 1 1 0 0 0 0 0 1 0 1 0 1 1 1 0 1 1 0 1 0 1 1 1 0 1 0 0 0 1 1 1 0 1 0 1 0 0 1 1 1 0 1 1 1 1 1 1 0 1 0 1 0 1 1 0 1 1 1 1 0 1 0 1 0 0 1 0 0 0 0 1 1 1 0 0 1 0 1 0 1 0 1 1 1 0 0 0 0 0 1 1 0 1 1 1 0 0 1 1 0 0 0 0 1 1 0 1 0 1 0 0 0 1 0 0 1 1 0 0 1 1 1 0 1 1 1 1 1 1 0 0
0 1 0 1 1 1 1 0 0 1 0 1 1 0 0 0 1 1 0 1 1 1 1 0 1 0 1 0 1 1 0 1 1 28 0 1 1 1 1 0 0 0 1 1 0 0 0 1 0 0 1 0 1 1 1 1 0 1 1 0 0 1 1 0 0 0 1 1 0 0 1 1 0 0 1 0 1 0 0 0 0 0 0 0 0 0 1 1 0 0 0 1 0 0 0 0 1 1 1 1 1 0 0 0 1 1 0 1 1 1 0 0 0 1 1 1 1 0 1 1 1 0 0 0 0 1 0 1 0 1 0 1 1 0 1 0 0 0 0 0 0 1 0 1 0 0 1 1 0 1 1 1 1 0 1 1 1 1 1 0 0 0 1 0 1 0 0 1 1 1 0 1 1 0 1 0 0 1 1 0 1 1 0 0 0 1 1 1 0 0 1 0 0 0 0 0 1 1 0 1 0 1 1 1 0 1 1 1 1 0
1 1 0 1 0 1 1 0 1 1 0 1 1 0 0 1 0 1 0 1 1 0 1 0 1 1 0 0 0 1 1 0 0 1 72 1 1 0 1 0 1 1 0 1 0 1 0 1 1 1 0 1 1 0 1 0 0 0 0 1 1 0 0 1 1 1 1 0 1 1 1 0 0 1 1 1 1 0 0 0 1 1 0 1 0 1 1 1 1 1 1 1 1 1 0 0 1 1 1 1 0 1 1 1 1 0 1 1 0 1 0 0 0 0 0 0 0 1 0 0 1 0 1 0 0 1 0 0 0 0 0 1 1 1 0 0 1 1 0 1 0 0 0 0 0 1 1 1 1 0 1 0 1 0 1 0 1 0 0 1 0 0 0 0 0 1 0 1 1 0 0 0 0 0 1 1 1 0 1 0 1 1 0 1 1 1 1 1 1 1 0 1 0 0 1 1 1 0 1 0 1 0 1 0 0 1 1 1 1 1
1 0 0 0 0 0 0 1 1 1 0 0 1 1 0 0 0 0 0 0 1 0 1 0 0 0 0 0 1 1 0 0 1 1 1 55 0 0 0 1 0 1 1 0 1 0 0 1 1 0 0 0 0 1 1 1 1 1 0 1 1 1 0 0 0 1 1 0 0 0 1 0 1 0 0 1 1 1 0 0 1 0 0 1 0 1 1 1 0 1 0 1 0 0 0 0 0 0 0 1 1 1 1 0 0 0 1 1 1 0 1 1 0 1 1 1 1 0 0 1 0 0 0 0 0 0 1 0 1 0 0 1 0 0 1 1 1 0 0 0 0 0 1 0 1 1 1 0 1 0 1 0 1 0 1 0 0 0 1 1 1 1 1 1 0 1 1 1 1 0 0 1 1 0 1 1 1 0 1 0 0 0 1 1 0 0 0 0 1 0 0 1 1 0 1 0 1 1 1 0 1 1 0 1 1 0 1 0 0 0
1 0 0 1 0 1 0 0 1 1 1 0 0 1 1 1 0 1 1 1 0 0 1 1 1 0 1 1 0 0 0 1 0 0 0 1 99 1 1 0 0 1 0 0 1 0 0 0 0 0 1 1 0 1 0 0 0 0 0 0 0 1 0 0 1 0 1 0 0 0 1 1 0 1 1 1 1 1 0 0 0 1 1 1 1 1 1 0 0 0 0 1 0 0 0 1 1 1 0 0 0 1 0 1 0 1 1 0 1 0 1 1 0 0 1 0 1 0 0 0 1 1 0 1 1 1 0 0 1 0 1 1 1 1 1 0 0 0 0 1 1 0 1 1 0 1 0 1 0 1 1 1 1 1 0 0 1 1 1 1 0 0 0 1 1 1 1 0 1 0 1 1 0 0 1 1 0 1 0 1 0 0 0 0 0 0 1 1 1 1 1 1 1 1 0 0 1 0 1 0 0 0 1 0 0 0 0 1 0 0
1 1 1 0 1 0 0 0 1 0 0 1 1 1 0 1 0 0 0 1 1 0 0 1 1 1 0 1 0 0 0 1 1 1 1 0 0 10 1 1 1 1 1 1 1 0 1 0 0 1 1 0 0 0 0 1 0 0 1 1 0 1 1 0 0 1 0 0 1 0 0 1 0 1 1 0 0 1 1 1 1 1 0 0 1 1 0 1 0 1 1 0 1 0 0 1 1 0 0 0 0 1 1 1 1 1 1 1 1 1 0 1 1 0 0 0 0 0 0 1 0 1 0 0 0 1 1 1 1 1 0 0 1 0 1 0 0 0 0 1 1 1 0 1 0 1 0 1 0 1 0 0 1 0 0 0 0 0 1 1 1 0 0 1 1 1 1 1 1 0 0 0 1 1 1 1 0 0 1 0 0 0 0 1 0 0 0 0 0 1 0 0 1 0 1 0 0 0 0 1 0 0 0 1 0 0 1 0 0 0
1 0 0 0 0 0 1 0 1 1 1 1 0 1 0 1 0 0 1 1 0 1 0 0 1 0 0 1 1 1 1 1 0 1 1 1 1 0 61 1 1 0 1 0 0 1 1 1 0 1 0 1 0 1 1 0 0 1 1 1 1 1 1 1 0 1 1 1 1 0 0 1 1 1 0 0 0 0 1 0 1 0 1 0 0 1 1 0 0 1 0 1 1 0 0 0 1 0 1 1 1 0 0 1 1 1 1 1 1 1 1 0 1 0 0 1 1 1 1 1 1 0 1 0 0 0 0 0 0 0 0 0 1 0 1 0 0 0 0 0 0 1 0 0 0 1 1 1 1 0 0 1 1 0 1 1 1 1 1 0 1 1 1 1 0 0 0 1 0 1 1 0 1 0 1 0 0 0 1 0 1 0 0 0 1 1 1 1 0 0 1 1 0 1 1 1 0 0 0 0 0 1 0 0 1 0 0 1 0 0
0 0 0 0 1 1 1 1 1 1 1 1 1 1 1 1 0 1 0 1 1 1 1 0 1 1 0 1 1 1 0 0 0 0 0 0 0 0 1 10 1 0 0 1 1 0 0 1 1 0 1 0 1 1 1 0 0 1 0 0 1 0 1 1 0 1 1 0 1 0 1 0 0 0 1 1 0 0 0 1 1 1 1 0 1 1 1 1 0 0 1 0 0 1 1 1 1 0 1 1 0 0 0 0 1 1 1 1 1 1 1 1 0 0 1 0 1 1 0 1 0 0 1 0 1 1 0 0 1 0 0 1 1 0 0 1 0 1 0 0 1 0 1 1 1 1 1 0 1 1 0 1 0 1 1 1 1 0 0 1 0 1 1 1 1 0 1 1 1 0 1 0 0 1 1 0 1 0 1 1 0 1 1 1 0 0 1 0 0 0 1 1 1 0 1 1 0 1 0 0 1 0 0 0 1 0 1 1 0 1
0 1 0 0 1 0 0 0 1 1 1 0 1 1 0 0 1 1 1 0 0 1 1 1 1 0 0 0 0 0 1 1 0 1 0 1 0 1 1 1 94 1 1 0 0 1 0 1 1 0 0 1 1 0 1 0 0 0 0 0 0 1 0 0 1 1 0 1 0 0 0 0 1 0 0 0 0 0 1 0 0 1 0 0 0 0 0 0 0 0 0 0 1 0 0 1 1 0 1 1 0 0 1 0 1 1 1 1 1 1 1 0 1 1 0 1 0 0 0 0 0 0 1 0 1 1 0 1 1 1 0 1 0 0 0 1 1 0 1 1 1 0 1 0 1 1 1 1 0 0 1 0 0 1 0 1 0 1 0 1 1 0 1 0 1 1 0 0 0 0 1 1 1 1 0 0 0 1 1 1 1 1 1 0 1 0 1 1 1 0 1 0 0 0 1 0 0 1 1 1 1 0 1 0 0 1 1 1 1 0
1 1 0 0 1 1 0 1 1 0 0 0 1 1 0 1 1 1 0 1 1 1 0 0 1 0 1 0 0 0 0 0 0 0 1 0 1 1 0 0 1 53 0 0 1 1 1 0 1 0 0 1 0 1 0 1 1 1 1 1 0 1 1 1 0 1 0 1 0 1 0 0 0 1 0 0 0 0 1 0 1 0 0 1 0 1 1 0 0 1 1 0 1 0 1 1 1 1 1 0 1 0 1 0 0 0 0 1 1 0 1 0 0 0 1 0 0 0 0 0 0 0 1 1 0 0 1 0 0 0 1 0 0 1 0 1 0 0 0 0 0 0 1 1 1 0 1 0 1 0 1 0 1 1 0 1 1 1 0 0 0 0 0 0 1 0 0 0 0 1 0 0 0 1 0 0 0 1 0 0 0 1 1 0 1 0 1 1 0 1 0 0 1 1 0 1 1 1 1 0 0 1 0 0 1 1 1 0 0 0
0 0 1 0 1 0 0 0 0 0 1 1 1 1 1 0 0 1 1 0 1 0 0 0 0 0 0 1 1 0 1 0 1 0 0 1 1 1 0 0 1 0 52 1 1 1 0 0 1 1 0 1 1 1 0 0 0 0 1 1 0 1 1 1 0 1 0 1 0 0 1 0 1 0 1 0 1 1 1 0 0 0 1 1 1 1 0 0 0 0 1 1 1 0 1 1 0 0 0 1 1 0 1 1 0 0 0 0 1 1 0 1 0 0 1 0 1 0 1 1 0 0 0 0 0 0 1 1 0 1 1 1 0 1 0 0 0 0 1 1 1 0 1 0 0 0 0 1 1 1 0 0 1 1 0 1 0 0 1 0 0 0 1 1 1 1 0 0 0 1 0 0 1 0 0 1 1 0 0 1 1 0 0 1 0 1 1 0 1 0 1 1 1 1 0 0 0 0 1 1 1 0 0 1 0 1 1 1 1 0
1 0 1 0 1 0 0 1 0 1 0 0 0 1 1 0 0 1 1 1 1 0 0 1 0 1 0 1 0 0 1 0 0 0 0 1 1 1 1 1 1 0 1 70 1 0 0 0 0 1 0 0 1 0 0 1 0 0 0 0 1 1 1 1 0 0 1 1 1 0 0 0 1 0 1 1 0 0 0 0 1 0 1 1 0 0 1 1 0 0 1 0 0 0 1 1 0 1 0 0 1 1 1 1 1 0 1 0 1 1 0 1 0 1 0 1 0 1 0 1 1 1 1 1 1 1 0 0 0 1 1 0 0 0 1 1 0 0 1 1 1 1 1 0 1 0 1 0 0 1 1 0 1 1 0 1 0 0 1 1 1 0 0 0 1 1 0 1 1 1 0 0 1 0 0 0 1 0 0 0 1 1 0 1 0 0 0 1 1 1 1 0 0 1 1 0 0 0 0 1 1 1 0 0 0 0 1 1 1 1
0 0 1 0 1 1 0 1 0 0 1 0 0 0 1 0 1 0 0 1 0 0 1 0 1 0 0 0 0 0 1 1 1 1 1 0 0 1 1 0 0 0 1 0 89 1 1 0 0 0 1 0 0 1 1 1 0 0 0 0 1 0 1 0 0 0 1 0 1 0 0 0 1 1 0 0 1 1 0 0 0 1 1 0 0 0 0 1 0 1 0 0 0 0 1 0 0 0 0 1 1 0 1 1 0 0 0 0 1 0 1 1 0 1 1 0 1 1 1 0 1 0 1 1 1 0 0 0 0 0 1 0 0 1 1 0 0 0 0 1 1 0 1 1 1 1 1 1 0 0 0 1 0 0 1 1 0 0 1 1 1 0 1 1 0 0 0 1 0 0 0 0 1 0 0 1 0 1 1 0 0 0 0 1 0 0 0 0 1 1 0 0 1 1 0 0 1 0 0 0 0 1 0 1 0 1 1 1 1 1
0 0 1 0 0 0 0 1 0 0 0 0 1 0 0 0 1 0 0 1 1 0 1 1 0 0 1 1 0 1 0 0 1 0 1 1 1 1 1 0 1 0 0 0 1 91 1 0 0 0 0 1 1 1 1 1 1 1 1 0 1 1 0 0 0 0 1 1 1 0 0 0 0 1 0 1 0 1 0 1 1 1 0 0 1 1 0 0 0 0 1 1 1 0 1 0 1 0 1 1 0 0 0 1 0 0 1 0 0 1 0 0 0 0 0 0 0 0 1 0 1 0 1 1 0 0 0 0 0 0 1 0 1 1 0 0 1 0 1 1 1 1 1 1 0 0 1 0 0 0 0 0 0 0 0 0 0 1 1 0 0 0 0 0 0 1 0 1 0 0 1 0 0 0 1 0 1 1 0 1 0 1 1 0 1 0 0 1 1 0 0 0 0 0 0 0 1 1 1 1 0 1 0 0 1 0 0 1 0 0
1 0 1 0 0 1 1 1 0 0 1 0 1 1 0 1 0 1 1 0 1 1 0 1 0 1 0 1 1 1 1 0 1 0 0 1 1 1 0 1 0 1 0 1 0 1 31 1 1 1 1 0 1 1 1 0 1 1 0 0 0 1 0 1 0 1 1 0 1 0 0 0 1 1 1 1 1 0 1 0 1 1 1 0 1 1 0 0 0 1 0 0 1 1 1 0 1 1 0 0 1 0 0 0 1 0 1 1 0 0 0 1 1 0 1 0 1 1 1 1 1 0 0 0 1 1 0 1 0 1 0 0 0 0 0 0 0 1 0 0 1 0 0 1 0 0 1 1 1 0 1 0 1 1 1 1 0 0 0 1 0 1 1 1 1 1 0 0 1 0 0 0 1 1 1 1 1 1 0 0 0 0 1 1 1 0 1 1 0 0 1 1 0 0 0 0 0 0 0 1 0 0 0 1 0 1 0 0 0 0
1 1 1 0 0 1 1 0 0 0 1 0 1 0 0 1 0 0 1 0 1 1 1 1 0 1 0 1 0 1 1 1 1 1 0 0 0 1 0 0 1 0 0 0 1 0 0 0 1 1 1 0 0 1 1 0 0 0 0 0 0 0 1 0 0 0 0 0 1 0 0 1 1 1 0 1 0 1 0 1 1 0 0 0 1 0 1 0 1 0 1 0 1 1 0 1 0 0 0 0 1 0 1 1 0 1 0 0 0 0 0 0 0 0 0 0 0 0 1 1 1 0 0 1 1 0 1 1 0 0 0 0 0 1 1 1 1 0 0 1 1 0 0 0 1 0 0 1 1 1 0 0 1 0 0 1 0 1 0 1 0 0 0 0 1 0 0 1 1 1 0 1 1 1 0 1 0 1 0 0 1 1 0 1 1 0 0 1 0 1 0 1 1 0 1 0 0 0 1 0 0 0 1 1 1 0 0 1 0 1
0 1 0 0 0 1 0 1 0 0 1 0 0 0 1 0 0 1 0 1 1 1 1 0 0 1 1 1 1 1 1 0 0 0 0 1 1 0 1 0 0 1 0 1 0 1 1 1 41 1 1 0 1 1 0 1 0 0 1 1 1 1 1 0 1 0 1 1 1 1 1 1 1 1 0 1 0 1 0 1 1 0 1 0 0 1 1 1 0 0 0 0 0 1 1 1 0 0 0 0 0 0 0 1 1 0 1 1 1 0 0 1 0 1 1 0 1 0 0 1 0 0 0 1 0 1 1 1 1 0 1 1 0 1 1 0 0 1 1 1 0 0 0 1 0 0 0 0 1 0 0 1 1 0 1 0 0 1 0 1 0 0 0 1 1 1 1 0 1 0 0 0 0 1 0 1 1 0 1 0 0 0 0 0 1 0 1 1 0 1 0 1 1 0 0 1 0 1 1 0 0 1 1 0 1 0 0 0 1 0
0 0 0 1 1 1 1 0 0 1 1 1 1 0 0 0 1 1 0 1 1 1 1 0 0 1 1 0 0 0 0 0 1 0 0 0 1 0 1 0 1 0 1 1 0 0 1 0 0 53 0 0 1 1 0 1 0 1 1 1 1 1 0 0 0 1 0 1 1 0 1 0 0 0 0 0 1 1 1 1 0 1 1 0 0 0 0 1 0 0 0 1 0 0 1 0 1 0 1 1 1 0 0 0 0 1 0 0 0 0 0 0 0 1 0 0 1 1 0 0 0 0 1 0 1 0 0 1 1 1 1 1 1 0 0 1 1 1 1 0 1 0 0 0 1 1 1 1 0 0 1 1 0 1 0 0 0 0 1 1 1 1 0 1 1 0 1 0 0 1 0 0 0 1 0 1 0 0 1 0 0 0 1 1 1 1 1 1 1 1 1 1 0 0 0 0 1 1 0 0 0 0 1 0 1 1 1 0 0 0
0 1 0 1 1 1 0 1 1 0 1 1 0 1 1 1 0 1 1 0 1 1 1 0 1 1 0 1 0 0 1 0 1 0 1 0 0 0 1 1 1 0 1 1 0 0 1 0 0 1 90 0 0 1 1 1 0 1 1 1 0 0 0 1 0 0 1 0 1 1 1 1 1 1 1 0 1 0 1 1 0 0 1 1 1 1 1 1 0 0 1 1 0 1 1 1 0 1 1 1 1 1 1 1 1 0 1 1 0 1 1 1 0 1 1 1 0 0 1 0 0 1 0 1 1 0 1 1 1 1 1 0 0 0 0 1 0 1 0 1 0 1 0 0 0 0 1 0 0 0 1 0 0 0 1 0 0 1 1 1 1 1 0 0 0 0 0 0 1 1 1 1 0 0 0 1 0 0 0 1 0 1 0 1 0 0 1 0 0 0 1 0 0 1 1 0 1 0 1 1 0 1 0 0 0 1 0 1 1 0
0 0 0 1 0 1 0 1 0 0 0 1 1 0 0 0 0 0 0 1 0 1 0 0 0 0 1 0 0 1 0 1 1 1 1 0 1 0 1 1 0 1 1 0 0 1 1 0 1 0 1 23 1 1 0 1 0 0 1 1 0 1 1 1 0 1 0 0 0 1 0 0 1 1 0 1 0 0 1 1 0 0 0 0 0 0 0 1 1 0 1 1 0 1 1 1 1 0 0 1 1 0 1 1 1 1 1 0 0 1 0 0 1 0 1 0 0 1 1 1 0 1 1 0 0 1 1 0 1 1 1 1 1 0 1 0 0 0 0 1 0 0 1 0 0 1 1 1 0 0 1 0 1 0 1 0 1 0 0 1 1 1 0 1 0 0 1 0 1 1 0 0 0 0 1 1 0 1 1 1 0 0 1 1 1 0 0 0 0 0 0 1 1 1 1 0 0 0 1 1 1 1 0 1 1 1 1 0 1 1
1 0 1 1 0 1 1 1 0 1 0 1 0 0 1 0 0 1 1 0 0 1 1 0 0 0 1 1 0 1 0 0 0 0 0 1 0 0 0 1 1 1 0 1 1 0 1 1 1 0 0 0 2 1 1 0 1 1 1 0 0 0 1 0 1 0 0 0 1 0 0 0 0 0 0 0 0 1 0 0 1 0 0 1 0 0 0 0 1 1 1 0 1 0 0 1 1 1 0 1 1 0 1 1 1 1 0 1 0 0 0 1 0 1 1 1 0 1 1 0 0 1 0 1 1 1 1 1 1 1 1 0 1 1 1 0 1 0 1 1 0 1 0 1 0 0 0 1 0 1 1 0 1 0 1 0 1 0 0 1 0 1 0 0 0 1 1 1 1 0 1 0 1 1 1 0 1 0 1 0 0 1 0 0 1 1 0 0 0 0 1 0 1 1 0 1 1 1 0 0 1 1 0 0 1 1 0 1 1 0
0 0 1 1 1 0 1 0 0 1 1 1 1 1 0 0 1 0 0 1 1 1 1 1 1 0 1 0 0 0 1 1 0 0 1 0 1 1 0 0 1 0 1 0 1 1 1 0 0 1 1 0 0 32 1 0 1 0 1 0 1 0 0 0 0 1 1 1 0 1 1 0 0 1 1 0 0 1 0 1 0 0 1 0 1 1 0 0 1 1 0 0 0 0 1 0 0 1 1 0 0 1 1 1 0 1 0 1 1 1 0 0 1 0 1 0 0 0 1 0 0 1 0 1 0 0 0 1 1 1 0 1 1 0 0 1 0 1 0 0 0 0 1 1 1 0 1 0 1 1 0 1 1 1 1 0 0 0 1 1 1 1 1 0 1 1 1 1 0 0 1 0 1 1 1 1 1 1 0 1 1 0 1 0 0 0 0 1 1 0 1 1 0 0 1 1 0 0 0 0 0 1 1 0 0 1 0 1 0 1
1 0 1 0 0 0 0 1 1 1 1 1 1 0 1 1 1 1 1 1 0 1 0 1 0 0 1 0 0 0 1 1 0 0 1 0 1 1 0 1 0 1 1 0 0 1 0 0 1 0 0 0 1 0 83 0 0 0 1 0 0 1 1 1 0 0 0 1 1 1 0 0 0 0 1 0 1 0 0 1 1 0 0 1 1 1 0 1 0 0 0 1 1 0 0 1 1 0 0 0 0 0 0 1 1 1 0 1 0 1 1 0 1 1 1 1 1 0 1 1 1 0 1 1 0 1 1 1 1 0 0 1 1 1 0 1 0 1 0 0 1 1 1 1 1 0 0 0 1 0 1 0 1 0 0 0 0 1 0 0 1 0 1 1 1 0 0 0 1 0 0 1 0 0 1 0 0 0 1 1 1 1 0 1 1 1 1 0 0 0 1 1 0 0 1 0 0 0 0 0 1 1 0 0 0 0 1 0 0 0
1 0 0 1 1 0 1 0 1 1 0 1 0 0 1 0 0 1 0 0 0 1 1 1 0 0 0 1 1 0 1 0 0 1 1 0 0 1 1 1 1 1 0 0 1 0 0 0 1 1 0 1 1 1 0 22 1 1 0 1 0 0 0 1 0 1 1 1 1 1 0 0 0 0 1 1 1 0 1 1 1 1 0 0 1 1 0 1 0 0 1 1 1 1 0 1 0 1 1 0 1 0 0 0 1 1 0 0 0 1 1 1 1 0 0 0 1 1 1 1 0 0 1 0 1 1 0 0 0 1 1 0 1 1 1 0 0 0 1 1 0 0 1 1 1 0 0 1 1 1 0 1 0 1 0 0 1 0 0 1 0 1 0 0 1 1 0 0 1 0 1 1 1 1 0 0 1 0 1 0 0 0 0 1 1 1 0 1 1 1 1 1 0 1 0 1 0 1 0 0 0 1 0 0 0 0 1 1 0 1
1 1 0 1 0 0 1 1 1 0 1 1 0 1 1 0 0 1 1 0 0 0 1 1 1 0 1 0 1 0 1 1 1 0 0 1 0 0 0 0 1 0 0 1 0 1 0 1 1 0 1 0 1 0 1 0 64 0 1 1 1 0 1 1 1 1 1 1 1 1 0 0 1 0 0 0 1 0 0 0 1 0 0 1 0 0 0 0 1 0 0 1 1 0 1 0 1 0 1 1 1 1 1 1 1 1 0 0 0 1 0 0 0 1 0 0 0 0 1 1 1 1 1 0 1 0 1 1 1 0 1 0 1 1 1 1 0 0 0 1 1 0 0 0 1 1 1 0 1 0 0 0 1 0 0 0 1 1 1 0 0 0 1 1 0 0 0 0 0 1 1 1 1 1 0 1 0 0 0 0 1 0 1 0 0 0 0 1 1 1 1 0 0 1 0 1 1 0 0 1 1 0 1 1 0 0 1 0 0 1
1 0 1 1 0 1 0 0 1 0 0 0 0 0 1 1 0 0 1 1 1 1 1 1 1 0 0 1 0 1 1 0 0 0 1 0 1 0 0 0 1 0 0 0 1 0 0 1 0 1 1 1 0 0 1 0 1 34 1 1 0 0 1 0 0 1 1 1 1 1 0 1 0 1 0 1 1 1 0 1 1 0 1 1 0 1 0 1 1 1 0 0 0 1 1 1 1 1 0 0 0 0 1 1 1 1 0 0 1 0 1 1 0 0 0 1 1 0 0 1 0 1 1 0 1 1 1 0 1 1 0 0 0 1 0 0 1 0 0 0 1 1 1 1 1 1 1 1 1 1 1 0 1 1 1 0 0 0 1 1 1 0 1 1 0 1 0 1 1 1 0 1 1 0 0 1 1 1 0 0 1 1 1 0 1 1 1 0 0 0 1 1 1 0 1 1 0 1 0 0 0 0 1 0 0 0 0 0 0 1
1 1 1 0 0 1 0 0 0 1 0 1 0 1 0 0 1 0 0 0 1 0 1 1 0 0 1 0 1 0 0 1 0 1 1 0 0 1 0 0 0 1 1 1 0 1 1 0 1 0 0 1 1 1 0 1 1 0 37 1 1 1 1 1 0 0 0 1 0 0 1 0 1 0 1 0 0 1 1 1 0 1 1 1 0 0 0 1 1 1 1 1 1 0 0 0 1 0 0 1 0 1 1 0 1 1 0 1 0 0 0 0 0 0 1 1 0 1 0 0 1 1 1 0 1 1 1 0 1 1 1 0 1 1 1 1 0 0 0 1 1 1 1 1 0 0 0 1 0 1 0 0 1 1 0 0 1 1 0 0 0 1 1 1 1 0 1 0 0 1 1 1 1 0 0 0 1 1 0 1 1 1 0 0 0 1 1 1 0 1 0 0 1 0 1 0 0 1 0 1 0 1 0 1 0 0 1 0 1 0
0 0 0 1 0 1 0 0 1 0 1 1 0 1 0 1 0 0 1 0 0 0 1 1 1 1 1 1 1 0 0 1 1 0 1 1 1 1 1 0 0 0 0 1 1 0 0 1 0 1 1 0 1 0 1 0 0 1 0 0 1 1 0 1 0 1 1 1 1 0 0 1 1 1 0 1 1 1 0 1 1 1 1 0 1 1 1 0 0 0 1 1 1 0 0 1 1 0 1 0 1 1 0 1 1 0 0 0 1 0 1 1 0 0 0 0 1 0 0 0 0 0 0 0 0 1 0 1 0 1 1 0 0 1 1 1 0 1 0 0 0 0 0 0 1 0 0 0 0 1 0 0 1 0 0 0 1 1 1 1 1 0 0 1 1 1 1 0 0 1 0 0 0 1 0 1 0 0 1 0 1 1 0 0 0 1 0 0 1 0 1 0 1 1 1 0 0 0 0 0 0 0 0 0 1 1 0 1 0 0
0 0 0 0 0 1 1 1 1 1 1 1 0 1 0 0 1 0 0 0 0 1 1 0 1 1 0 1 1 1 0 0 0 1 1 0 1 1 0 0 0 0 1 1 1 1 0 1 0 1 0 0 1 0 1 1 0 1 1 1 4 1 0 0 0 1 0 1 1 1 0 0 0 1 0 0 1 0 0 1 0 0 0 0 1 1 0 1 1 1 1 1 0 0 0 1 1 1 1 1 0 1 0 0 1 1 1 0 1 1 0 1 1 0 1 1 1 1 1 0 1 1 1 1 1 1 1 0 1 1 1 1 0 1 0 0 1 1 1 0 0 1 1 1 0 0 1 1 1 1 0 1 0 1 1 0 1 1 0 0 0 1 0 0 0 0 1 1 1 0 0 1 1 1 0 0 1 0 1 0 1 1 1 1 0 0 1 1 0 0 1 0 1 0 1 0 0 0 1 0 1 1 0 0 1 0 0 0 1 1
1 1 1 1 1 1 1 1 1 0 0 1 0 0 0 1 1 0 0 0 1 1 0 0 1 0 0 1 0 0 1 0 0 0 1 1 1 0 0 0 1 1 1 0 1 1 1 0 1 1 0 0 0 1 0 0 0 0 0 1 0 32 1 1 0 1 1 1 1 1 1 1 1 1 1 0 0 0 1 1 0 1 1 1 0 1 1 0 0 0 1 1 1 1 1 0 0 1 1 0 1 0 0 0 1 0 0 1 1 0 1 0 0 1 1 0 1 1 1 1 0 0 1 0 0 1 1 1 0 0 0 0 1 0 0 1 0 1 1 0 1 1 1 1 1 0 0 0 1 0 0 1 0 0 0 0 1 0 1 0 1 1 0 1 0 1 1 0 1 0 0 0 0 1 1 0 1 1 0 0 0 0 1 0 0 1 0 1 1 0 1 1 0 0 1 0 0 1 1 1 0 0 1 0 1 1 1 1 0 1
0 1 0 0 0 0 1 1 1 0 1 1 0 0 1 0 1 0 0 1 0 0 1 1 1 0 0 0 0 1 0 1 1 0 0 0 0 1 1 0 0 1 1 1 0 0 1 1 1 0 1 1 1 0 1 0 1 0 1 1 1 0 10 0 1 0 1 0 1 1 0 1 1 0 0 1 0 1 0 0 1 1 1 0 0 0 1 0 0 1 0 1 0 0 1 1 0 0 0 1 0 0 0 0 0 1 1 0 1 1 1 1 1 0 1 1 0 0 0 0 1 0 1 0 1 0 0 1 0 0 0 1 0 0 1 0 0 1 1 1 0 1 1 1 0 0 1 1 0 0 0 1 0 0 0 0 1 1 1 0 1 1 1 0 1 0 1 0 1 1 1 0 1 0 0 1 1 0 0 0 0 0 1 0 1 1 0 0 0 0 1 0 1 1 1 1 0 0 1 0 1 1 0 1 1 0 0 0 1 0
1 1 1 0 0 1 1 0 1 1 1 0 1 0 0 1 0 1 1 1 0 1 0 0 1 1 0 0 0 0 1 0 0 1 0 1 0 0 1 0 1 0 0 0 0 0 0 1 1 1 1 1 1 0 1 1 0 0 0 1 0 0 0 38 0 1 1 1 0 1 0 1 0 0 1 1 0 0 1 1 0 0 1 0 0 0 0 0 1 1 0 0 0 1 0 0 0 1 0 0 0 0 1 1 0 1 1 0 1 1 1 0 1 0 0 0 1 0 1 0 0 1 0 0 1 1 0 1 0 0 0 0 1 0 0 0 1 0 1 1 1 1 0 0 0 0 1 1 0 1 0 1 1 0 0 1 0 0 1 0 1 0 1 1 1 0 0 0 0 1 1 1 1 1 0 0 1 1 1 1 1 1 0 0 1 1 0 1 0 0 0 1 0 0 0 0 0 0 0 0 1 1 0 0 0 0 1 1 0 0
0 0 1 0 1 1 1 1 0 1 0 0 1 1 1 0 1 0 1 1 0 1 0 0 1 1 1 0 0 1 0 0 1 1 1 1 1 1 1 0 1 1 0 0 1 0 1 1 1 0 0 1 0 1 1 0 0 1 0 1 1 0 1 1 75 1 0 0 1 0 0 0 1 1 0 0 0 0 1 1 0 1 1 1 0 1 0 1 1 0 1 0 1 1 0 0 1 0 0 0 1 0 0 0 0 1 1 0 0 0 0 0 1 1 1 0 0 1 0 1 1 0 1 1 0 0 1 0 1 0 1 1 1 1 1 1 1 0 0 0 0 1 1 1 0 0 0 0 1 1 0 0 0 0 1 0 0 1 1 1 0 1 0 1 1 1 0 0 1 0 0 0 1 1 1 1 1 0 1 0 0 0 1 1 0 0 1 0 0 1 0 0 1 0 0 1 1 0 0 0 1 1 0 1 1 0 0 0 1 1
1 1 1 1 0 1 1 1 0 1 0 1 1 0 0 1 0 0 0 1 0 1 1 0 0 1 1 1 0 1 0 1 0 1 1 0 1 0 1 0 1 1 0 1 0 0 0 0 1 0 0 0 0 1 0 1 1 1 1 1 0 0 1 0 0 28 1 1 0 1 0 1 1 0 1 1 0 1 1 1 0 1 1 1 0 0 1 1 1 1 0 1 0 0 1 0 0 1 1 1 1 1 1 1 0 0 0 0 0 1 0 0 1 1 0 0 1 0 0 1 0 1 0 0 1 0 0 0 1 0 1 0 0 1 0 1 0 1 1 0 1 0 1 0 1 0 1 0 0 1 1 0 0 0 1 1 1 0 0 1 0 1 0 1 1 1 0 0 1 0 1 1 1 1 1 0 1 0 0 0 1 1 0 0 0 1 1 0 1 0 0 1 0 0 1 0 1 1 0 0 1 0 1 0 1 1 1 0 0 1
0 1 0 0 1 0 0 0 1 1 0 1 0 1 1 1 1 0 0 0 0 1 1 1 1 0 1 0 1 1 0 0 0 0 0 0 1 1 1 0 0 1 0 1 1 1 0 0 0 0 0 1 1 1 1 1 0 0 1 1 0 0 1 0 1 0 0 1 0 1 1 0 1 0 1 1 0 0 1 0 0 1 1 0 1 0 1 0 1 0 1 0 0 0 0 1 1 0 0 0 1 1 0 0 1 0 0 0 0 1 1 0 0 0 1 0 0 1 1 0 1 1 1 0 0 1 1 0 0 0 0 0 0 0 1 1 1 1 1 1 0 0 1 1 1 1 1 1 1 0 0 1 0 1 1 0 0 1 1 1 0 1 1 1 0 1 1 0 0 0 1 0 1 0 1 1 0 1 0 1 1 0 0 0 0 0 1 0 1 0 1 1 1 0 1 1 1 0 1 0 1 1 0 0 1 0 0 1 1 1
1 0 1 0 0 0 1 1 1 1 0 0 1 0 0 0 1 0 0 0 0 0 0 0 0 1 1 1 1 0 1 1 1 0 1 0 0 0 1 0 0 1 1 0 0 0 1 0 0 1 0 1 0 0 0 0 0 1 0 1 1 1 1 1 1 1 0 80 0 1 1 1 1 0 1 1 1 1 1 1 0 1 0 0 0 0 0 1 1 1 0 0 1 0 1 0 1 0 0 0 1 1 0 1 0 1 0 1 1 0 1 1 1 1 0 1 1 0 0 0 0 0 1 1 0 0 1 1 0 0 0 1 1 1 0 0 0 1 0 1 0 1 0 1 1 0 0 0 1 0 1 1 1 1 1 1 0 0 1 1 1 1 1 0 0 0 0 0 1 1 0 1 0 1 1 0 1 0 1 0 1 1 0 1 0 0 0 0 1 1 0 1 0 0 0 0 0 1 0 1 0 0 0 0 1 1 0 0 1 1
0 0 1 0 0 0 1 1 1 0 0 1 0 1 0 1 1 0 0 1 1 1 0 0 0 1 0 0 1 1 1 1 0 0 0 1 1 0 1 0 1 1 0 0 1 1 0 1 1 1 1 0 0 0 0 0 0 1 0 0 1 1 0 1 1 0 1 1 58 0 0 0 0 0 0 0 0 1 1 0 1 1 1 0 0 1 1 0 0 1 1 0 0 1 0 1 0 1 1 1 1 1 0 1 0 0 0 0 1 1 1 1 1 1 1 1 1 0 0 1 0 0 0 1 1 0 1 0 1 1 0 0 1 0 0 1 0 0 1 1 1 0 1 0 1 1 1 0 1 1 1 1 1 1 1 0 1 1 1 0 0 1 1 0 1 0 1 0 1 1 0 1 1 0 0 1 0 1 0 0 0 0 1 0 0 1 1 1 0 1 0 0 1 1 1 1 0 0 1 1 1 0 0 0 1 0 0 0 1 0
0 1 1 0 1 1 0 1 1 0 0 1 0 0 1 1 1 1 0 0 0 1 0 0 0 1 0 0 1 0 0 1 1 1 0 1 1 0 1 0 0 1 1 0 0 1 1 0 0 0 1 1 1 0 0 1 0 0 1 0 0 0 0 0 1 1 0 1 0 22 1 1 0 0 0 1 1 1 0 0 1 0 1 0 0 0 0 0 0 1 1 1 0 1 1 0 0 0 0 1 0 0 1 1 0 1 0 0 1 1 1 1 1 1 0 1 0 0 0 0 0 1 0 1 1 0 0 0 0 1 1 1 0 1 1 1 0 1 0 0 1 1 0 1 0 1 0 1 0 0 0 1 1 0 1 0 0 0 0 0 1 0 1 0 1 0 0 0 1 1 1 0 1 1 1 1 0 0 0 1 0 0 1 1 1 0 0 0 0 0 0 0 1 1 0 0 0 1 1 1 0 1 0 1 1 0 0 0 1 1
1 1 0 0 0 1 1 1 0 1 0 0 1 0 1 1 1 1 0 1 0 0 0 1 0 1 0 1 1 0 0 0 1 0 1 1 0 1 0 0 1 0 0 1 1 1 1 1 1 1 1 1 0 1 0 1 1 1 0 1 1 1 0 1 0 1 1 0 0 0 17 1 1 0 0 1 1 0 1 0 1 0 0 0 0 0 1 1 0 1 0 0 1 0 0 1 1 0 1 1 1 1 0 1 1 0 1 0 1 0 1 1 1 0 0 0 1 1 1 1 1 0 0 0 0 0 0 0 1 1 1 0 1 1 1 1 1 0 0 1 0 0 1 0 0 0 1 0 1 1 1 0 0 0 0 0 1 1 1 0 0 0 1 0 0 1 1 0 1 0 1 1 0 1 0 1 0 0 0 1 1 1 0 1 1 1 1 1 1 0 0 0 0 0 0 0 1 1 1 0 0 0 0 1 0 0 0 1 0 0
1 0 0 0 0 0 1 1 0 0 1 1 0 0 1 0 0 1 0 1 0 0 0 1 0 1 0 1 0 0 0 0 1 1 1 0 0 1 1 1 0 1 0 1 0 0 1 1 0 1 0 1 0 1 1 1 1 0 1 0 0 1 1 0 0 1 1 0 1 1 0 49 0 0 1 1 1 0 1 0 0 0 1 1 1 1 1 0 1 0 0 1 1 1 0 0 0 0 0 0 1 1 1 1 1 0 0 1 1 0 1 1 0 0 0 1 1 0 0 0 0 1 0 1 1 1 0 1 1 1 0 1 1 1 1 0 0 1 1 1 0 0 1 0 0 1 1 1 0 1 0 0 1 1 0 1 0 0 0 1 1 0 1 0 0 0 1 1 0 1 1 1 0 1 1 0 0 1 1 0 0 0 0 0 0 0 1 0 0 0 1 0 0 1 0 1 0 0 1 0 0 0 0 1 1 0 1 1 1 1
1 0 0 0 0 1 1 0 1 1 0 1 0 0 0 1 0 0 0 1 1 1 0 0 0 0 1 1 1 0 1 0 1 0 0 0 0 0 1 0 0 1 0 1 0 0 0 0 0 1 0 0 0 0 1 0 0 0 0 0 0 0 0 1 0 1 1 1 1 1 0 0 30 0 1 0 0 1 1 0 0 1 0 0 0 1 0 0 0 1 0 1 0 0 0 1 0 1 0 1 1 1 0 1 0 0 0 1 1 0 0 1 0 1 0 1 0 1 0 0 0 0 0 0 0 0 0 0 1 0 1 1 0 1 1 0 1 1 0 1 0 1 1 1 1 1 0 1 1 0 1 0 0 1 0 0 0 0 1 0 0 1 0 0 1 1 0 0 1 1 0 1 0 1 0 0 0 1 1 1 0 1 0 1 0 0 1 0 1 1 0 1 0 1 1 0 1 0 0 0 0 1 1 1 1 1 1 1 0 1
1 1 0 1 1 1 0 1 1 1 0 0 0 0 1 1 0 1 1 0 1 1 0 0 1 1 0 1 0 0 1 0 1 1 1 1 0 1 1 0 1 0 0 0 0 1 1 1 1 1 1 1 0 0 1 1 1 0 1 0 0 1 1 0 1 1 0 0 1 1 1 1 0 91 0 1 1 1 1 0 1 0 1 1 0 0 1 0 0 1 1 1 1 1 0 1 0 0 1 1 1 0 0 1 0 0 0 1 0 0 0 1 1 0 1 0 0 0 1 1 1 1 1 1 0 0 0 0 0 0 0 0 1 0 1 0 1 1 1 0 0 1 1 1 1 1 1 1 0 1 0 1 1 0 0 1 0 1 0 0 0 1 1 0 1 0 1 1 0 0 1 1 1 1 1 1 0 0 0 0 1 1 1 1 1 0 1 1 1 1 0 0 0 1 0 0 0 0 0 1 0 0 0 0 1 0 1 1 0 1
0 0 0 0 0 1 1 0 0 1 1 1 0 0 0 1 0 1 1 0 0 1 0 0 1 0 0 0 0 0 0 1 0 0 0 0 0 0 1 0 0 0 1 1 1 1 0 0 0 1 1 0 0 1 1 1 1 1 1 1 1 1 1 0 1 1 1 0 1 0 0 1 1 1 26 0 1 0 0 0 0 0 1 1 1 0 0 1 0 0 1 1 0 1 1 0 0 0 1 1 1 1 0 0 1 0 1 0 1 0 1 1 0 1 0 0 0 1 1 0 1 1 0 0 1 1 0 1 1 0 1 0 1 0 1 0 0 1 0 0 0 0 0 1 1 1 1 1 1 1 1 1 0 0 0 1 0 1 1 0 1 1 1 1 0 1 0 0 1 0 0 0 0 0 0 1 0 1 1 0 1 1 1 0 1 0 0 1 0 1 1 0 1 0 0 0 1 0 0 0 0 1 0 0 0 0 0 1 0 0
0 1 1 1 1 0 0 1 1 1 1 1 1 1 0 0 0 0 1 0 0 1 0 1 1 1 0 1 1 0 1 1 0 1 0 0 0 0 0 1 0 0 0 0 1 0 0 1 0 1 1 1 1 0 1 1 0 1 0 0 0 1 1 0 1 0 0 1 1 0 1 0 1 1 0 48 0 0 0 1 1 0 0 1 1 0 0 1 1 1 0 0 0 1 0 0 1 1 0 1 1 1 1 1 0 1 1 1 0 1 1 1 1 1 0 1 0 0 0 1 1 1 0 0 0 0 0 1 1 0 1 0 0 1 1 0 1 0 1 0 0 1 1 1 0 1 0 1 1 0 1 0 0 0 1 1 0 1 0 1 1 1 0 1 0 0 0 0 0 0 1 0 0 1 1 1 1 0 1 1 1 1 1 0 0 0 0 1 0 0 1 1 1 1 0 1 0 0 1 1 0 1 1 0 0 0 0 1 0 0
1 0 0 0 1 0 0 0 0 0 0 1 0 0 1 0 1 0 0 1 0 0 0 0 0 1 0 1 1 1 0 1 0 0 0 0 1 1 0 0 0 1 0 0 1 1 0 1 0 0 1 0 0 0 0 1 1 1 0 1 0 0 1 1 0 1 0 0 0 0 0 1 1 0 0 1 78 0 1 1 0 0 1 0 1 1 0 0 0 1 0 1 0 1 1 1 1 0 1 0 0 1 1 1 1 0 1 0 1 0 1 0 0 1 1 0 1 1 0 1 1 1 0 1 1 0 0 0 1 1 1 0 0 1 0 0 0 0 1 1 0 1 0 1 1 0 0 1 1 0 1 0 1 0 1 0 1 1 1 0 1 1 0 0 0 1 0 1 1 1 0 1 1 0 0 0 0 0 0 0 1 1 0 1 0 1 1 0 0 0 1 1 1 0 1 0 0 1 1 0 1 1 1 0 1 1 0 0 0 1
1 0 1 0 1 0 1 0 0 0 1 1 1 1 0 1 0 0 1 1 1 0 1 1 1 1 1 0 1 1 0 1 1 1 1 0 1 1 0 0 0 1 1 1 1 1 0 1 1 0 0 0 1 0 1 0 0 0 1 1 1 0 0 0 0 0 0 1 1 0 0 1 0 0 1 1 0 65 1 0 0 1 0 0 1 0 1 0 1 1 1 1 0 0 1 0 1 0 1 0 1 1 0 0 1 0 0 0 0 1 0 0 1 1 0 0 0 0 1 1 0 1 1 1 0 1 0 0 1 1 0 0 0 1 0 0 1 0 1 1 0 0 1 1 0 1 1 1 0 1 1 0 0 1 0 1 0 1 0 0 1 0 0 1 1 1 1 1 1 1 0 1 1 0 0 0 1 0 0 0 1 0 0 0 0 1 0 0 1 1 0 1 0 0 1 0 0 1 1 0 1 0 1 0 1 1 0 1 0 1
0 0 0 1 0 1 1 0 1 0 1 1 0 1 0 0 0 1 1 0 1 0 1 0 1 0 1 0 0 1 1 1 0 1 0 0 0 1 1 1 1 1 1 0 0 1 1 0 0 1 1 1 0 1 1 1 1 1 0 1 1 1 0 1 1 0 0 1 1 0 1 0 0 1 1 1 1 0 29 1 1 1 0 0 1 0 1 1 0 1 0 1 0 1 1 1 0 1 0 0 1 0 1 0 0 1 1 0 0 1 1 1 1 0 1 1 1 1 0 0 1 0 0 1 0 0 0 0 0 0 0 1 1 0 0 1 0 1 1 1 0 1 0 1 1 1 1 1 1 0 0 1 0 1 1 0 0 1 1 1 0 0 0 0 0 0 1 1 0 1 0 1 1 0 0 0 1 0 0 1 0 0 0 1 1 0 1 0 1 0 0 1 1 1 1 1 1 1 1 1 0 1 0 0 0 0 0 0 1 0
0 0 0 0 1 0 0 0 1 0 0 1 0 0 0 0 1 1 0 0 1 0 0 1 0 0 0 0 0 0 0 0 1 1 1 0 0 1 0 0 0 1 1 1 1 0 1 0 0 1 1 0 1 0 0 0 1 1 1 1 1 0 0 0 1 0 1 0 0 0 0 0 1 0 1 0 0 1 1 55 0 0 1 0 0 1 1 1 0 0 1 0 1 0 1 0 0 1 1 0 1 0 0 1 1 1 1 0 0 1 0 1 0 0 1 0 1 1 1 0 1 1 1 0 0 0 0 0 1 0 0 0 0 0 0 1 1 0 0 0 1 0 0 1 0 1 0 1 1 1 1 0 1 0 1 0 1 0 0 1 0 1 0 1 0 0 1 0 1 0 1 1 0 0 0 0 1 0 1 1 1 1 1 1 1 1 0 0 0 1 0 1 1 1 1 0 0 0 1 0 0 1 1 1 1 0 1 0 1 0
0 0 0 1 1 1 1 0 1 1 0 1 1 1 0 0 1 1 1 0 1 0 1 0 0 1 0 1 1 0 1 1 0 1 1 0 1 0 1 1 1 0 1 0 1 0 0 0 0 0 1 1 1 1 1 1 1 1 0 1 0 1 1 1 1 1 1 1 1 0 0 0 1 0 0 1 1 0 1 0 88 0 0 0 0 0 0 0 1 0 0 1 0 1 1 1 1 0 0 1 0 1 0 1 0 0 0 1 1 1 0 0 0 0 0 0 0 0 1 0 1 0 1 0 1 1 1 0 0 1 0 0 1 0 0 1 0 1 0 0 1 1 1 1 1 0 0 1 1 1 0 1 0 0 0 1 0 0 1 1 1 0 1 1 0 0 0 0 1 1 0 0 1 0 0 0 1 1 0 0 1 0 1 0 1 1 1 0 0 0 0 1 0 1 1 0 0 1 0 0 1 1 1 1 0 0 0 0 0 0
1 1 1 0 1 1 0 1 1 0 1 1 0 1 0 0 1 1 0 1 0 1 0 0 1 0 1 1 1 1 1 1 0 0 1 0 1 1 1 1 1 0 1 0 0 0 0 0 1 1 0 1 1 1 0 0 1 1 1 1 1 0 0 0 1 1 0 1 1 0 1 1 0 1 0 1 1 1 1 1 1 8 1 0 0 1 1 1 1 0 0 1 0 0 1 0 1 0 1 0 1 0 1 1 1 0 1 1 0 1 1 0 1 0 0 0 0 1 0 1 1 0 1 0 1 1 1 1 1 1 0 0 1 0 0 0 1 0 1 0 0 1 0 0 1 1 0 0 1 1 1 0 1 0 0 0 0 1 0 1 1 1 0 1 0 1 1 0 1 1 1 0 0 1 1 0 1 1 0 0 0 1 1 0 0 0 1 1 0 0 0 1 0 0 1 0 0 1 0 0 1 0 1 0 1 1 0 0 0 0
1 0 0 0 1 0 1 0 1 1 1 0 0 1 1 1 0 0 0 0 0 1 0 1 1 0 1 0 0 1 0 0 1 0 1 1 1 0 1 0 1 1 1 1 1 0 0 1 0 1 0 0 1 0 0 1 0 1 0 0 1 0 1 1 1 1 0 0 1 1 0 1 1 0 1 0 0 1 1 1 1 1 52 1 0 0 0 1 0 1 0 1 0 1 1 0 1 0 0 1 1 0 1 1 1 0 0 1 0 0 0 0 0 1 1 1 1 0 1 0 0 0 0 1 1 1 1 0 1 0 1 1 1 1 1 0 1 1 1 0 0 0 1 1 0 0 0 0 0 0 1 0 0 1 1 0 1 0 0 0 1 0 0 1 0 1 1 1 1 0 0 1 1 1 1 0 1 1 0 0 1 1 1 0 0 1 1 0 1 0 0 0 1 0 0 0 0 0 1 0 1 0 1 1 0 0 1 0 0 0
0 1 0 1 1 1 1 0 0 1 0 0 0 1 1 0 0 0 0 1 1 1 0 1 1 0 0 1 1 1 0 1 1 1 0 1 1 0 1 1 1 0 1 1 1 0 0 1 1 0 1 0 1 0 0 0 0 1 1 0 0 0 1 1 0 1 0 1 1 1 0 1 1 1 0 0 1 1 0 1 0 1 1 5 0 0 0 1 1 0 1 0 0 0 1 1 1 1 1 1 1 1 1 0 1 1 1 0 0 0 0 1 1 1 0 0 0 0 0 0 0 0 1 0 1 0 0 0 0 1 1 0 0 0 0 0 1 1 0 1 1 0 1 0 0 1 1 1 0 0 1 1 0 1 0 1 0 1 1 1 0 1 1 0 0 1 1 0 1 0 0 1 1 1 0 0 1 0 1 1 0 1 1 0 0 0 1 0 0 1 1 1 0 1 0 0 1 0 0 0 0 0 1 1 0 0 1 0 0 1
0 1 0 0 1 0 0 0 0 1 0 0 1 0 0 0 1 1 0 0 0 0 1 0 1 1 1 0 1 1 1 0 0 1 1 0 1 0 1 1 0 1 1 0 1 1 0 0 0 0 1 1 1 1 1 1 0 0 0 1 0 0 0 1 0 1 0 1 0 1 0 0 0 1 1 0 0 0 1 0 0 0 1 0 50 0 0 0 1 1 0 1 0 1 0 1 1 1 1 1 1 0 0 0 1 1 0 1 0 1 1 0 1 0 0 1 0 1 1 1 1 1 1 1 1 0 1 0 1 0 0 0 1 0 1 0 1 0 1 0 1 1 1 1 0 0 1 1 1 1 1 1 0 1 0 0 1 0 1 1 1 0 0 0 1 0 0 1 0 1 0 1 1 0 1 1 0 1 0 0 0 1 0 0 1 1 0 1 1 0 0 1 0 0 1 0 0 1 0 0 0 1 1 1 0 0 1 1 0 1
0 0 0 0 1 1 1 1 0 0 0 1 1 0 0 1 1 1 0 0 1 0 1 0 0 0 1 1 1 1 1 1 0 0 1 1 1 1 1 1 1 0 1 0 1 1 1 0 0 0 1 0 0 0 1 0 0 1 1 1 1 1 0 1 1 0 1 1 0 1 0 1 1 1 1 1 1 0 0 0 1 0 0 1 0 50 1 1 1 1 1 0 0 1 0 0 1 0 1 1 0 0 1 0 0 1 0 1 1 1 1 1 1 0 0 0 0 0 0 0 0 1 1 0 1 1 0 1 0 1 1 1 0 0 1 0 1 0 1 1 0 1 0 1 0 1 1 1 0 1 1 1 1 0 0 0 0 1 1 0 1 1 0 1 1 1 0 1 0 0 0 0 1 1 1 1 1 0 1 1 1 0 0 0 0 0 0 1 0 0 0 0 1 1 1 1 0 1 0 1 0 1 0 0 1 1 1 0 1 1
0 0 1 0 1 1 1 1 0 1 0 1 1 0 0 1 1 0 1 1 1 0 0 1 1 0 1 0 1 1 0 0 1 1 0 0 0 0 0 0 1 0 0 0 0 1 1 1 0 1 1 1 1 0 0 0 0 1 0 0 1 1 1 1 1 1 0 0 1 0 0 1 0 0 1 1 0 0 1 1 0 0 1 0 0 1 18 0 0 0 0 0 1 1 0 1 1 0 0 1 1 1 1 1 1 0 1 0 1 1 1 0 0 1 1 0 0 0 0 1 0 1 1 1 0 0 1 1 0 0 1 1 1 0 1 1 1 1 1 1 0 1 0 0 0 0 0 0 0 1 1 1 1 1 1 1 1 1 1 0 0 1 1 0 1 0 0 1 0 0 0 1 1 0 0 0 0 1 1 1 0 1 1 1 0 0 0 1 0 0 0 0 0 0 1 0 1 0 0 1 1 1 0 1 1 1 0 0 1 0
1 0 0 1 1 0 0 1 1 0 0 0 0 0 0 0 1 0 0 0 0 1 1 0 0 0 1 0 0 0 1 1 0 0 0 1 1 1 0 0 1 1 0 0 0 1 0 1 1 1 1 0 1 0 1 1 1 0 1 1 0 1 0 1 0 0 0 1 1 1 1 1 1 1 0 1 1 1 0 0 1 1 1 1 1 0 0 69 0 0 1 1 1 0 0 1 0 0 1 0 0 1 0 0 1 0 0 1 1 1 0 1 0 0 1 1 0 0 1 0 1 0 0 0 1 0 1 1 0 1 1 0 1 1 1 0 0 0 1 1 1 1 1 0 0 0 0 0 0 1 1 1 0 1 0 1 0 0 1 1 0 0 0 1 1 1 0 1 1 1 1 1 0 1 0 1 1 1 0 0 1 0 0 1 1 1 1 1 1 0 0 1 1 1 1 0 1 0 1 0 0 0 0 1 0 1 1 0 0 0
0 1 1 0 0 1 0 0 0 1 0 0 1 0 1 0 1 0 0 0 0 0 0 0 0 0 1 1 0 0 1 1 0 0 1 0 1 1 1 0 0 1 0 0 0 0 1 0 1 1 1 0 0 1 0 0 1 1 1 0 1 0 1 0 1 0 0 1 0 1 0 1 1 0 0 0 1 0 0 1 1 0 1 1 0 1 1 1 36 0 1 1 0 1 0 1 1 1 1 0 0 0 1 1 1 0 1 1 1 0 0 0 0 0 0 0 0 1 1 0 1 1 0 1 0 1 1 1 1 0 1 0 0 1 1 1 0 0 1 1 1 0 1 1 0 1 0 1 0 1 0 0 1 1 1 0 0 1 1 0 1 0 1 1 0 0 1 1 1 1 1 1 0 1 0 0 1 1 1 0 1 0 0 1 1 0 1 1 0 0 0 0 0 0 1 1 1 1 1 0 0 1 1 0 1 1 1 1 0 0
1 0 0 0 0 1 1 0 1 1 1 1 1 1 0 0 0 0 0 0 0 0 0 1 0 1 0 1 1 1 1 1 1 0 1 0 1 0 0 1 0 0 0 0 1 1 0 1 0 1 1 0 1 0 0 1 0 0 1 0 1 0 1 1 0 0 0 0 1 1 0 1 1 1 0 0 0 0 0 0 0 0 0 1 0 1 1 0 0 8 1 1 1 0 0 0 1 0 0 0 0 1 0 1 1 0 0 1 0 0 1 0 1 1 1 0 0 1 1 1 0 1 1 0 1 0 0 0 1 0 1 0 1 1 0 1 0 0 0 1 1 1 0 1 0 0 0 1 0 0 1 0 1 0 0 0 1 1 1 0 1 1 0 0 0 0 1 0 1 0 0 0 0 0 0 0 0 0 1 0 1 0 0 0 1 0 1 0 1 1 0 1 0 1 1 1 1 1 0 0 1 1 1 1 1 1 0 0 1 0
0 0 1 1 1 0 0 1 0 1 1 0 1 0 0 0 1 1 0 1 1 0 0 1 0 0 0 0 0 0 1 1 1 0 0 1 1 0 1 1 0 1 0 0 1 0 1 1 0 1 1 1 1 1 1 1 1 0 0 0 1 0 0 1 1 0 1 0 1 0 1 1 1 0 0 0 0 1 0 1 1 1 0 1 0 0 1 1 0 1 49 1 1 0 0 1 1 1 0 1 0 1 0 0 1 0 0 1 0 0 1 0 0 0 0 1 1 1 0 0 0 1 0 1 1 0 1 1 0 0 0 0 1 0 1 0 0 1 1 0 1 0 1 1 0 0 1 1 1 1 1 0 0 0 0 1 0 1 1 0 0 1 0 0 0 0 1 0 0 0 1 1 1 0 1 0 1 0 1 0 0 0 1 1 0 1 1 1 1 0 0 1 0 1 0 1 0 0 0 1 0 0 0 1 0 0 0 1 1 1
0 0 0 0 1 0 1 1 0 1 0 1 1 1 1 1 0 0 1 1 0 0 1 1 1 1 0 0 1 1 1 0 0 0 1 1 0 0 1 0 1 0 1 1 1 0 1 0 1 0 1 1 1 1 0 1 0 0 0 0 0 0 1 1 0 0 1 1 1 0 0 1 0 0 1 1 0 1 1 1 1 0 0 0 0 1 1 1 1 0 0 75 1 1 0 1 1 1 0 1 0 1 0 0 1 1 1 1 0 0 0 1 1 1 0 1 1 0 0 1 0 0 1 0 1 0 0 0 0 0 0 1 0 0 1 0 1 0 0 0 1 1 0 0 0 0 1 0 0 0 0 1 0 0 1 0 1 1 1 1 0 1 0 0 1 1 1 0 0 1 1 1 1 0 0 0 1 1 1 0 1 0 0 1 1 0 1 0 0 0 0 1 1 0 1 0 0 0 0 0 0 1 0 1 1 0 1 1 1 1
1 1 1 0 0 0 0 1 1 1 0 0 0 0 0 1 1 0 0 0 0 1 1 1 1 1 0 0 0 1 1 0 1 0 1 1 1 1 0 0 1 1 1 0 1 0 0 0 1 0 0 0 0 1 0 1 0 0 1 0 0 0 0 0 1 0 0 0 0 1 0 1 1 0 0 0 1 1 1 1 0 1 1 1 1 1 0 0 1 1 1 0 43 0 0 1 0 0 1 0 0 1 1 0 0 1 0 0 1 0 1 1 1 1 1 0 0 0 0 0 0 1 0 1 1 0 0 1 1 1 0 0 1 1 1 1 1 1 1 0 0 0 1 0 0 1 1 1 1 0 1 0 0 0 0 1 0 0 1 1 1 1 0 1 0 0 1 0 0 0 1 1 1 1 1 1 1 1 1 0 1 0 1 0 1 0 0 0 1 1 1 0 0 1 0 0 0 1 0 1 1 0 1 1 0 1 0 1 0 0
0 0 1 0 0 0 1 1 1 1 1 0 0 1 1 1 1 1 0 0 1 0 0 0 1 0 1 1 1 1 1 1 1 0 0 0 0 1 1 0 1 0 0 1 0 1 1 0 1 1 0 0 0 1 1 1 1 0 0 1 1 1 1 1 1 1 1 1 0 0 0 0 0 1 1 0 0 0 0 0 0 1 1 1 1 0 1 1 1 0 1 0 0 52 0 1 1 0 0 1 1 1 0 0 1 0 1 0 0 1 1 1 0 0 1 0 0 0 1 1 0 1 0 0 0 1 1 0 1 0 0 1 1 1 0 0 1 1 0 0 0 1 1 1 0 0 0 0 0 0 1 1 1 1 0 0 1 1 1 1 0 1 1 1 1 0 1 1 0 0 1 1 0 0 0 0 1 0 0 0 1 1 1 1 0 0 0 0 1 1 0 0 1 0 0 1 0 0 0 0 0 0 1 0 1 0 1 1 0 1
0 0 1 0 1 0 0 0 0 1 0 0 0 1 1 0 0 1 1 0 0 1 1 1 0 1 0 1 0 1 1 1 0 1 0 1 0 0 0 0 0 0 0 0 0 0 1 0 0 0 0 1 1 1 1 1 0 1 1 0 1 0 1 0 1 0 0 1 1 0 0 1 0 0 0 0 0 0 0 1 1 0 1 0 1 0 1 0 1 0 0 0 0 1 63 1 1 0 0 1 0 1 0 1 1 0 1 1 1 1 0 0 1 1 1 1 1 1 0 1 0 0 0 1 1 0 1 1 1 0 1 0 1 0 1 0 0 0 0 0 0 1 0 1 0 0 1 1 0 0 1 1 1 0 0 1 1 1 1 0 1 0 0 0 1 0 0 1 0 1 0 0 0 0 0 1 1 1 0 1 1 0 1 0 0 0 0 1 0 1 0 0 0 1 1 0 1 0 0 1 1 0 0 1 1 0 0 0 0 1
1 0 1 1 1 1 0 0 1 1 0 1 0 1 0 1 0 1 1 1 0 1 1 0 1 0 0 0 1 1 0 0 0 1 0 0 0 0 1 1 1 0 1 1 1 0 0 1 1 1 1 1 0 1 1 1 1 0 1 0 0 1 0 1 0 0 0 1 1 0 0 0 1 0 0 0 1 0 1 0 1 0 0 1 1 1 1 1 0 0 0 1 1 1 1 62 1 0 1 1 1 1 1 1 1 0 1 0 0 1 1 0 1 0 1 1 0 0 1 1 1 0 1 0 1 0 0 1 1 1 0 0 0 1 0 1 1 0 1 1 1 0 1 1 0 0 1 0 0 0 0 1 1 0 1 1 1 0 0 0 1 0 0 1 1 1 1 1 1 1 1 1 1 0 0 1 0 1 0 1 0 1 0 1 1 0 1 0 0 1 1 0 1 1 1 0 1 1 0 1 1 0 1 0 0 0 0 1 1 1
1 0 1 1 0 0 1 1 1 1 0 1 1 0 1 1 1 0 1 0 1 1 0 0 1 1 0 0 0 1 0 0 1 0 0 0 0 0 1 1 1 0 1 1 0 1 0 1 1 1 0 1 0 0 1 0 0 1 1 0 1 1 1 0 1 1 0 1 1 1 1 1 0 1 0 0 0 0 1 0 1 1 0 1 1 1 0 0 0 1 0 0 0 0 0 1 88 0 0 0 0 0 0 0 0 1 0 0 0 0 0 1 0 1 1 0 0 0 1 1 0 1 0 1 0 0 1 1 1 1 0 1 1 0 0 1 1 0 1 1 0 0 0 1 0 1 1 1 0 1 1 1 0 0 1 0 0 1 1 1 0 1 1 0 0 0 0 0 1 1 0 0 1 0 1 0 1 0 1 1 1 0 0 0 0 0 0 0 1 1 1 1 1 1 1 0 1 1 0 0 0 1 0 0 1 1 0 1 0 1
0 1 0 1 1 0 1 0 1 1 0 1 0 1 0 1 1 1 0 1 1 1 0 0 0 0 1 1 1 0 0 1 1 0 1 0 1 0 0 0 0 1 0 0 1 0 1 0 0 0 0 0 0 1 1 0 1 1 0 1 1 1 0 0 1 1 1 0 0 0 1 1 1 1 0 1 0 1 0 0 1 0 0 0 0 0 1 0 1 1 0 1 1 1 1 0 0 94 1 0 0 0 1 0 1 1 0 1 0 1 1 0 0 0 1 1 0 0 1 1 0 1 0 0 0 0 1 1 0 0 0 1 1 0 0 0 1 1 0 1 1 0 0 1 1 1 1 1 0 1 1 1 1 0 1 1 0 0 1 0 0 1 1 0 0 0 0 0 0 0 0 0 1 0 1 0 1 1 1 1 0 1 1 1 0 1 0 0 1 0 0 1 1 1 1 1 1 1 0 0 1 1 1 0 1 1 1 0 0 0
0 1 0 1 1 1 0 0 0 1 1 1 1 0 1 1 1 1 0 1 0 0 1 1 1 0 1 0 1 1 1 0 0 1 0 1 0 1 1 1 1 0 1 1 1 1 0 1 0 0 0 1 1 1 0 0 1 0 1 0 1 1 0 0 1 0 1 0 0 0 1 0 1 1 0 1 0 1 1 1 1 1 0 1 0 0 0 0 0 0 0 0 0 0 1 1 1 1 65 0 1 0 0 1 0 0 0 1 0 1 0 1 1 1 1 1 1 0 0 0 1 0 1 0 1 0 1 1 1 0 0 1 0 1 0 0 0 0 0 0 1 1 0 0 0 1 1 1 1 1 1 0 0 0 0 1 0 1 1 1 1 0 0 0 1 0 0 1 1 1 0 0 0 1 1 0 0 1 0 0 0 1 0 1 0 0 0 0 1 0 1 1 1 0 0 0 1 1 1 0 0 0 1 0 1 1 0 0 1 0
1 1 1 0 1 0 1 0 1 1 0 0 0 1 1 0 0 1 0 0 1 0 1 1 1 0 0 1 1 0 1 1 0 1 0 0 1 0 0 0 1 0 1 1 1 1 0 0 0 0 0 0 0 1 0 0 0 1 1 0 0 0 1 1 0 1 0 1 0 0 0 1 1 0 0 0 1 0 0 1 0 0 0 0 0 1 1 0 0 0 0 1 1 0 0 0 1 0 0 14 1 1 0 0 0 0 0 1 1 1 1 1 0 0 0 1 0 1 0 0 1 1 1 1 1 1 0 1 0 0 0 0 0 1 1 0 1 1 1 1 0 1 0 0 1 0 0 0 1 0 0 0 1 0 1 0 1 1 1 1 1 0 1 0 0 0 0 0 0 1 1 1 1 0 0 0 1 0 0 0 0 0 1 1 0 0 0 0 1 1 1 0 1 0 1 1 0 0 0 0 1 1 0 0 1 1 0 0 0 0
0 0 1 1 1 1 0 1 1 0 1 1 0 1 1 0 1 1 1 0 0 0 0 0 0 0 0 0 0 0 0 0 0 0 0 0 0 1 0 1 0 1 0 1 0 1 1 1 0 0 0 0 0 0 0 1 0 0 0 1 1 0 0 1 1 1 1 1 1 1 0 0 1 1 0 1 1 1 0 0 1 0 1 1 1 0 1 0 0 0 0 1 1 1 0 0 1 1 1 1 8 1 1 1 0 0 0 1 0 1 1 1 0 0 1 0 0 0 1 1 0 0 1 0 0 1 0 1 1 1 1 0 0 0 1 1 1 1 1 1 1 1 0 0 1 0 1 0 1 1 0 1 0 0 0 1 0 1 0 1 0 0 1 0 1 1 1 1 1 0 1 1 1 0 1 0 0 0 0 1 0 1 0 0 1 0 0 0 0 1 0 1 1 0 1 0 0 1 1 0 1 1 0 1 1 1 0 0 1 0
0 0 0 1 0 0 1 0 1 1 1 1 1 1 0 0 0 0 0 0 1 0 1 1 1 0 0 1 0 1 0 1 0 1 1 1 1 1 1 0 0 1 1 0 0 0 0 0 1 1 0 1 0 0 1 0 0 1 1 1 0 1 1 0 0 1 1 0 0 0 1 1 1 0 0 0 1 0 0 1 1 0 0 1 0 0 0 1 1 1 1 1 1 0 1 0 1 1 1 1 1 32 0 1 1 1 0 0 0 1 1 0 1 1 1 0 0 1 0 1 0 1 1 0 1 1 1 1 0 1 0 1 1 0 0 0 0 0 1 1 0 1 0 0 1 1 0 1 1 1 0 0 1 0 1 1 0 1 0 0 1 1 1 0 1 0 1 1 0 0 0 1 0 1 1 0 0 1 0 0 0 1 1 1 1 0 0 1 1 1 1 0 0 0 1 0 1 0 1 0 1 0 1 1 1 0 0 0 0 1
0 0 1 0 0 1 0 0 0 1 1 1 1 1 0 1 0 0 0 0 1 0 0 0 1 1 0 0 0 0 0 0 0 1 1 1 0 1 0 0 1 0 0 1 1 0 1 0 0 0 1 1 0 0 0 1 1 0 0 1 1 1 0 0 0 1 0 1 1 0 0 1 1 0 0 1 0 0 0 0 1 0 1 1 0 1 0 0 0 1 0 1 0 0 1 1 1 1 0 0 1 0 26 1 0 0 1 1 1 0 0 0 0 0 1 0 0 0 1 0 0 1 1 1 1 1 1 1 0 0 0 0 1 1 1 1 1 1 1 1 0 0 1 1 1 1 0 1 0 0 0 0 0 0 0 1 0 1 0 1 0 1 0 1 0 1 0 1 1 1 1 1 0 1 0 1 0 1 1 1 0 1 0 0 0 1 1 0 1 1 0 0 1 1 0 1 0 0 0 0 0 1 1 1 0 1 0 0 1 0
1 1 0 0 0 0 1 0 1 0 1 0 1 1 0 1 1 1 0 1 0 0 0 1 0 1 1 0 0 1 1 0 0 0 0 0 0 0 0 1 0 0 1 1 0 1 0 0 1 1 1 0 0 1 1 0 1 1 0 1 0 0 1 0 1 1 1 1 0 0 0 0 1 1 1 0 0 1 1 0 0 1 1 1 1 1 1 0 1 1 1 0 1 1 0 0 0 0 0 1 0 0 1 22 1 1 0 1 1 1 0 0 0 0 1 1 0 1 0 0 1 1 0 0 1 0 0 0 1 1 0 1 1 1 0 1 0 1 1 0 0 1 0 1 1 0 0 0 1 1 0 1 0 0 1 0 1 0 1 1 1 0 1 1 1 0 1 1 1 1 1 1 0 0 0 0 1 1 0 1 1 1 1 0 0 0 0 1 1 1 1 1 0 0 0 0 0 1 0 0 1 1 1 0 1 0 0 1 1 1
1 1 0 0 0 0 1 1 1 1 1 0 1 0 1 0 1 1 1 0 0 1 0 0 1 1 0 0 1 0 0 0 1 1 0 0 0 0 1 1 1 1 0 1 1 1 1 1 1 1 0 1 0 0 0 0 0 0 1 1 1 1 1 1 0 0 0 0 1 0 1 0 0 0 0 1 1 0 1 1 1 0 0 1 0 1 1 1 1 0 1 0 1 1 0 0 0 0 1 0 0 0 1 0 11 0 0 1 1 1 0 0 0 0 0 0 1 1 0 1 0 1 1 0 1 0 0 0 1 1 1 0 1 1 1 1 0 0 1 0 0 1 1 1 0 0 0 1 1 1 0 1 1 1 0 0 1 0 1 1 1 0 1 1 1 1 0 0 1 1 0 1 1 0 1 1 0 1 1 0 1 0 0 1 1 0 1 1 0 0 0 0 1 1 0 0 1 0 0 0 1 1 1 1 1 1 0 1 0 0
1 0 0 1 0 1 0 1 0 0 0 1 1 0 0 1 0 1 1 1 0 0 0 1 0 0 0 0 1 1 1 0 1 0 0 1 1 0 0 1 1 1 0 0 1 0 1 0 1 1 1 1 0 1 1 0 1 0 1 1 0 1 0 1 0 1 0 1 1 1 1 1 0 1 1 1 0 0 0 0 1 1 0 0 0 0 1 1 1 0 0 0 0 0 0 1 1 0 1 1 1 0 1 1 0 59 1 1 1 1 0 1 1 1 1 1 1 0 0 0 1 1 0 0 0 1 1 0 0 1 0 1 1 1 0 1 0 1 1 0 0 0 0 1 0 1 1 1 0 1 0 0 1 1 1 0 0 0 0 1 1 1 0 0 1 0 0 1 0 0 1 0 0 1 1 1 1 0 0 0 1 1 1 1 1 1 0 0 0 1 0 1 0 1 0 0 1 0 1 0 1 0 0 1 0 1 0 0 0 1
0 1 0 0 0 1 1 1 1 1 0 0 1 0 1 0 1 0 0 1 1 1 0 1 0 0 1 1 1 0 1 1 0 0 1 1 1 1 0 1 1 0 1 1 1 0 1 0 1 0 1 1 1 1 0 1 0 0 1 1 0 1 0 1 1 1 1 0 0 1 0 1 1 0 0 0 1 0 1 1 1 1 1 1 1 1 0 0 0 0 0 1 0 1 1 1 0 1 1 1 1 1 0 0 0 0 1 0 1 0 0 1 0 0 1 0 0 0 0 0 1 1 1 1 1 0 0 0 1 1 0 1 1 1 0 0 1 1 1 1 0 0 0 1 1 0 1 1 1 1 1 0 0 0 0 1 0 0 0 1 1 1 1 0 0 0 1 0 1 0 1 1 0 1 1 0 0 0 0 0 0 1 0 0 0 1 0 1 1 0 1 1 1 1 0 0 1 0 1 0 0 1 1 0 1 1 0 0 0 0
1 0 1 0 0 0 1 1 0 0 1 0 1 1 0 0 0 1 1 0 0 1 1 1 1 0 1 1 0 0 0 1 1 0 0 0 0 0 1 0 0 1 0 0 1 1 1 0 1 1 1 1 1 1 0 0 0 0 1 0 0 0 0 0 1 1 0 0 0 0 0 1 0 1 0 1 1 1 1 1 0 0 0 1 1 1 0 0 0 0 1 0 0 1 1 1 1 1 0 1 0 1 1 0 1 0 1 37 0 0 1 0 1 0 1 1 1 0 1 1 0 0 1 1 0 0 1 0 0 1 1 0 0 0 1 0 1 0 1 0 1 0 0 0 0 0 0 0 1 1 0 1 1 1 1 0 0 0 0 0 0 1 0 1 0 0 0 1 1 0 0 1 1 1 0 0 0 1 1 1 0 1 0 1 1 1 0 1 0 1 0 0 0 1 1 0 1 0 1 0 1 1 1 0 0 0 1 0 0 0
0 0 1 0 0 0 1 0 1 0 1 0 0 1 0 0 0 0 1 1 1 1 0 1 1 1 1 0 0 0 0 0 1 0 1 1 1 0 0 1 1 1 1 1 1 0 0 1 0 0 0 1 0 0 0 1 1 1 0 1 1 1 1 0 1 0 1 0 1 0 1 1 1 0 0 0 1 0 0 1 0 0 0 1 1 1 0 1 0 1 0 0 0 0 1 0 1 0 0 0 1 0 1 1 1 0 0 1 0 1 0 1 1 0 1 1 0 0 0 0 0 0 0 0 1 1 0 0 0 1 1 1 1 1 0 1 0 0 1 1 1 0 1 1 0 0 1 0 0 0 0 0 1 0 1 1 0 1 0 1 1 0 0 1 0 0 1 1 0 1 1 1 1 0 1 0 1 0 0 0 0 0 0 1 1 0 0 0 1 1 1 0 1 1 1 1 1 1 0 1 1 0 1 1 0 0 0 1 0 0
1 0 1 1 0 0 0 1 0 1 0 1 1 1 1 1 1 0 1 0 1 0 0 0 0 0 0 0 0 0 0 0 0 0 0 1 0 1 1 1 1 1 0 1 0 0 1 1 1 1 0 0 1 1 0 1 1 0 0 0 0 0 0 1 0 0 1 0 0 0 0 0 0 0 1 1 0 1 1 1 0 0 0 0 1 1 1 0 1 1 1 1 0 0 1 1 0 1 0 1 0 1 0 0 1 0 0 1 0 66 0 0 0 1 1 0 1 0 1 0 1 1 1 0 0 1 1 0 0 0 0 1 0 1 1 0 1 1 1 1 0 1 0 1 0 0 1 1 0 0 1 1 0 1 1 1 1 0 1 0 0 0 0 0 1 0 0 1 0 1 1 0 0 1 0 1 1 0 1 1 1 1 0 0 0 1 0 0 0 0 1 1 1 0 1 1 1 1 0 1 0 0 0 1 0 0 0 0 1 0
1 0 0 0 1 1 0 0 1 1 1 0 1 1 0 1 0 1 0 1 1 1 0 1 1 0 1 0 1 1 0 0 0 1 0 1 1 0 1 1 1 1 1 1 1 1 1 0 1 1 1 1 0 0 1 1 1 0 1 1 1 1 1 1 0 1 0 1 0 1 1 1 0 1 0 1 0 1 1 1 0 1 1 0 1 0 0 1 0 1 1 1 0 0 1 1 1 0 1 0 1 1 0 1 0 1 1 1 1 1 60 0 1 0 0 1 0 1 1 1 1 0 0 0 0 1 1 0 1 1 0 1 0 1 0 0 1 0 1 1 1 1 1 0 0 0 1 0 1 1 1 0 1 1 1 0 0 1 1 0 1 0 1 1 1 1 0 1 0 0 1 1 0 0 0 0 1 0 0 0 0 0 0 1 1 1 1 0 1 1 0 0 0 0 1 0 0 0 0 0 0 0 0 0 0 0 1 0 1 0
1 0 1 0 0 0 0 0 0 0 0 1 1 0 1 0 1 1 0 1 0 1 1 1 1 0 1 0 1 0 0 1 1 0 1 0 1 1 1 1 1 0 0 0 1 1 0 1 0 0 0 0 1 0 1 0 1 0 0 1 0 1 0 0 1 0 0 0 1 0 1 0 0 1 1 1 0 1 1 0 1 0 0 1 0 0 0 0 1 0 0 1 0 1 0 1 1 1 0 0 0 0 0 1 1 1 1 0 0 0 1 11 1 1 1 1 0 0 0 1 0 0 1 1 1 0 1 1 1 1 1 0 0 0 1 1 0 0 1 0 0 1 0 0 0 0 0 0 0 0 0 0 0 0 0 1 1 0 1 0 0 0 1 0 1 0 1 1 1 1 1 1 1 0 1 1 0 0 0 0 1 1 1 0 0 0 1 1 1 0 0 0 1 1 0 0 1 1 0 0 1 1 1 1 1 1 1 1 1 1
0 1 0 0 0 0 1 1 1 0 1 0 0 0 1 1 0 0 0 0 1 0 0 1 1 1 0 1 0 0 0 1 1 1 1 0 0 1 1 0 0 1 0 0 1 0 1 0 0 1 1 1 0 1 0 0 1 1 0 1 1 1 1 0 0 0 0 1 0 1 1 1 1 0 0 0 1 1 1 1 1 0 1 0 0 0 1 1 0 0 0 1 0 0 1 0 0 0 0 0 0 0 1 0 0 1 0 0 1 1 0 1 53 1 0 0 0 0 0 1 1 0 0 1 1 0 1 1 1 1 0 1 0 1 1 1 0 0 1 1 1 0 0 0 1 1 1 1 1 0 0 1 1 0 0 1 1 1 1 0 1 1 0 0 0 0 1 1 0 1 1 1 0 1 0 0 1 1 1 0 1 0 1 0 1 1 0 0 0 1 1 0 0 0 1 0 1 0 0 0 0 1 0 1 0 0 0 1 1 1
0 1 0 1 0 0 0 1 1 0 1 0 0 0 1 0 0 0 0 0 1 1 0 1 0 0 0 1 1 1 1 1 1 1 0 1 1 0 0 1 0 1 0 1 1 1 0 1 1 1 0 1 0 0 1 1 1 0 0 0 0 1 0 1 0 0 0 1 0 1 1 0 0 0 1 1 0 1 1 1 1 0 1 0 0 1 1 1 0 0 0 0 0 0 1 0 0 0 0 0 0 1 0 0 1 1 0 0 1 0 0 1 1 96 1 0 0 0 1 1 0 0 1 0 0 0 0 1 1 1 1 0 1 0 0 0 0 1 0 0 0 0 1 1 1 0 1 0 1 1 0 0 0 0 1 1 1 0 1 0 1 1 0 0 1 1 1 1 1 0 0 0 0 0 0 1 0 0 0 0 1 1 0 1 1 0 0 1 0 1 1 0 1 1 0 1 0 1 1 1 1 0 1 0 0 0 1 0 0 0
1 0 0 0 1 1 0 0 0 0 0 0 1 0 1 0 0 0 1 0 0 0 0 1 1 0 1 1 1 1 0 1 0 0 0 1 0 1 1 0 0 0 0 0 0 0 0 0 0 0 0 0 1 1 0 1 0 0 1 0 1 1 0 1 0 0 0 0 0 0 1 0 0 0 0 1 0 1 1 0 1 0 0 0 1 1 0 0 1 1 1 0 1 0 1 0 0 0 0 1 1 0 1 0 0 1 0 1 0 1 0 0 1 0 56 0 0 1 0 0 1 0 0 0 0 1 0 0 0 0 0 0 0 0 0 0 0 0 0 0 0 1 0 1 0 1 0 0 0 0 0 1 1 0 0 1 1 1 0 1 0 1 0 1 1 0 0 1 1 1 1 1 0 0 1 0 0 1 1 0 0 1 0 0 1 1 1 1 1 1 0 1 0 1 1 1 0 0 1 1 0 0 1 1 0 0 1 0 0 1
1 1 1 0 0 0 1 0 1 0 0 1 1 0 1 1 1 0 0 1 1 1 1 0 0 0 0 1 0 0 0 1 0 1 0 0 0 1 0 0 1 1 1 1 0 1 1 0 0 1 1 0 0 1 0 1 1 1 0 1 1 0 0 0 1 1 0 0 1 0 0 1 0 1 0 0 0 0 0 1 1 0 0 1 0 0 0 0 1 1 1 1 0 0 0 1 1 0 0 1 0 1 0 0 0 1 1 0 1 0 0 1 1 0 1 13 0 1 1 0 1 0 0 0 0 0 0 1 1 1 1 0 0 0 1 1 1 0 1 1 1 1 1 1 1 1 0 0 1 1 0 0 1 1 1 1 1 1 1 1 0 1 0 1 0 1 1 1 0 0 0 1 1 1 0 1 0 1 1 0 0 0 1 1 1 1 1 1 0 1 1 0 0 1 1 0 1 0 0 0 1 0 0 0 0 0 0 1 1 1
0 1 1 0 1 0 0 1 1 0 0 1 1 1 0 1 1 1 1 1 0 1 0 1 1 0 0 1 0 0 1 1 0 0 0 0 0 0 0 1 1 0 1 1 1 1 0 1 1 1 1 1 0 0 1 1 1 0 0 0 1 0 0 1 1 0 1 1 1 0 0 0 0 1 0 1 0 0 0 0 0 0 1 0 1 1 1 0 1 0 0 1 1 0 0 1 1 0 0 1 1 1 1 0 0 1 1 1 0 0 1 0 0 0 0 0 0 0 0 1 1 0 0 0 1 0 0 1 0 1 0 0 1 1 1 1 1 0 0 0 0 1 0 0 1 0 0 0 1 1 1 0 0 0 1 0 0 0 0 1 1 1 1 1 0 0 0 1 1 0 1 0 1 0 1 1 0 1 1 0 0 0 1 0 1 1 0 0 0 1 0 0 0 1 1 1 0 0 1 0 1 1 1 1 0 1 1 1 0 1
0 0 1 0 0 0 1 1 0 0 1 1 1 0 1 0 0 0 1 1 0 1 0 1 0 1 0 1 0 1 0 1 1 1 1 0 0 0 0 1 0 1 0 1 1 1 0 1 1 1 0 1 1 1 0 0 1 0 0 0 0 0 1 0 0 0 0 0 0 1 1 0 1 0 0 1 1 1 0 1 1 0 0 1 1 1 1 0 0 1 1 0 1 0 1 0 0 0 0 1 0 0 1 1 1 1 0 1 0 0 0 0 1 0 1 0 1 23 1 0 1 1 0 1 0 1 1 1 0 0 1 0 1 0 1 0 1 1 0 1 1 0 0 0 1 0 0 1 1 1 1 1 1 1 1 1 0 1 1 0 0 1 1 0 1 0 0 0 0 1 1 0 0 0 0 0 0 0 1 1 0 0 1 1 0 0 0 1 0 1 1 0 1 0 0 0 1 0 0 0 1 1 1 1 1 1 1 0 0 1
1 1 1 0 1 0 0 0 0 1 1 1 0 1 1 0 1 0 1 0 0 1 0 1 0 0 0 1 1 0 0 0 0 1 0 1 0 0 1 1 1 1 1 1 1 0 0 1 0 1 0 0 0 1 0 1 0 0 1 0 1 0 0 0 1 0 0 1 1 0 1 1 1 0 0 0 1 0 1 0 1 1 1 1 1 1 0 1 1 1 0 0 0 0 1 0 0 1 0 0 1 1 1 0 1 1 0 0 0 1 1 0 1 1 0 0 0 0 81 1 1 1 1 0 0 1 0 0 0 1 1 0 1 0 1 0 1 0 0 1 0 1 1 0 0 1 1 0 0 1 1 1 1 0 0 0 0 1 0 1 0 0 0 0 1 0 0 0 0 1 0 1 1 0 0 0 0 0 1 0 1 1 1 1 0 1 1 1 1 1 0 0 0 0 1 0 0 0 1 0 1 0 0 1 1 0 1 0 1 1
0 1 0 0 0 0 1 1 1 1 0 0 0 1 0 0 0 1 1 1 1 1 0 1 0 1 0 0 0 1 0 1 0 1 0 1 1 1 1 1 0 1 0 1 0 1 0 1 1 1 1 1 0 0 0 1 1 0 0 1 0 0 1 1 0 1 0 1 1 0 1 1 0 1 0 1 1 1 1 0 0 1 0 0 1 0 1 0 1 1 0 1 1 1 0 0 1 1 1 1 1 1 1 0 0 1 1 0 1 0 1 1 0 0 0 1 1 1 0 27 1 0 0 0 0 0 1 0 1 1 0 1 0 1 0 0 0 1 1 0 1 1 0 1 1 1 0 1 0 0 0 0 0 0 1 0 1 0 1 1 0 1 1 1 1 1 0 1 1 1 1 1 1 1 1 0 0 0 0 0 1 0 1 1 1 0 1 0 0 0 0 1 0 0 1 0 0 1 1 0 0 1 1 1 0 0 1 1 1 0
0 1 0 1 1 0 1 1 1 0 1 0 1 1 1 0 0 0 1 0 0 1 1 1 1 0 1 1 0 1 1 0 1 0 1 1 0 1 0 0 0 0 1 1 0 1 0 0 0 1 1 0 1 0 0 1 0 1 0 1 0 0 1 0 0 0 1 1 1 0 1 0 1 1 1 0 1 1 0 0 1 0 0 0 1 0 0 1 1 0 0 0 1 1 1 1 0 1 1 0 0 1 0 1 0 1 1 0 0 1 1 1 1 1 1 0 1 1 1 1 65 1 0 0 0 1 0 0 1 0 1 0 1 0 1 0 1 1 1 1 0 0 0 0 1 0 1 1 0 1 1 1 0 0 0 1 0 1 0 1 1 1 1 1 0 0 0 0 1 1 1 1 1 0 1 0 0 0 1 0 1 0 0 0 0 0 1 1 0 1 1 1 1 0 0 0 0 1 1 0 1 0 0 0 1 0 0 1 1 0
1 1 0 1 0 1 1 1 1 0 0 1 1 0 0 1 0 1 0 0 0 1 0 0 1 1 1 1 0 1 1 1 1 0 0 0 1 0 1 0 1 1 1 0 1 1 1 1 1 0 0 1 1 1 1 1 0 1 0 0 0 0 0 0 1 1 0 0 0 1 0 1 1 0 0 0 1 0 0 1 0 1 1 1 1 1 1 1 1 0 1 1 1 1 0 1 1 1 1 0 1 1 0 0 0 0 0 1 0 1 0 0 1 0 0 1 0 0 1 1 0 9 1 1 0 1 0 1 1 1 0 0 0 1 0 1 1 1 1 0 1 0 0 1 1 1 0 1 1 0 1 1 0 1 1 1 1 1 0 0 1 1 0 0 0 0 1 0 0 0 0 1 1 1 1 0 0 1 1 0 0 1 0 0 0 1 0 1 1 0 0 1 1 1 1 1 0 0 1 1 1 1 1 1 1 0 0 1 1 1
0 1 0 1 0 1 1 1 1 1 1 1 1 1 0 1 0 0 0 0 1 1 0 1 0 1 1 1 1 1 1 0 1 1 0 0 1 0 0 0 1 0 0 0 1 0 1 0 0 0 1 1 1 0 1 0 1 1 0 1 1 0 0 0 0 0 0 1 1 0 0 0 1 0 0 0 1 0 0 1 1 1 1 1 0 0 1 1 0 1 0 1 1 0 1 0 1 0 1 0 0 0 0 1 0 1 1 1 1 0 0 0 1 0 1 0 1 1 1 1 1 1 98 0 0 1 0 0 1 0 0 0 1 1 1 0 0 1 0 0 1 1 0 1 0 0 0 1 1 0 0 0 0 1 1 1 1 0 0 1 0 0 1 1 1 0 1 0 0 1 0 1 0 1 0 1 1 0 1 0 0 1 1 1 1 0 0 1 0 0 0 0 1 0 1 0 1 1 0 1 1 0 1 0 0 0 1 0 0 1
0 1 1 1 1 0 1 0 0 0 1 1 1 0 1 0 0 0 0 1 0 1 0 0 0 1 1 1 0 0 0 0 1 1 1 0 1 1 0 0 1 1 0 0 1 0 1 1 0 1 1 0 0 1 1 0 1 1 1 0 0 1 0 0 1 1 1 1 1 0 1 0 1 1 1 0 0 0 1 0 0 0 1 0 0 1 0 1 1 0 1 1 0 0 1 1 0 0 1 1 1 0 0 1 0 0 1 1 1 1 1 1 0 1 1 0 1 0 0 1 1 0 1 74 1 0 1 1 1 1 0 0 0 0 1 0 0 0 0 0 0 0 0 1 1 1 1 1 0 1 1 0 0 1 1 1 0 0 1 0 0 0 1 0 1 1 0 1 1 1 0 1 1 0 0 1 1 0 0 1 1 0 0 0 1 0 1 0 1 0 0 1 0 1 0 0 1 1 1 1 1 1 1 1 1 0 1 1 1 1
0 1 0 0 0 1 0 1 0 1 1 1 0 0 0 0 1 1 0 0 1 0 1 1 1 1 0 0 1 0 1 1 1 1 1 1 1 0 0 1 1 0 0 0 1 0 0 1 0 1 0 1 0 0 0 0 0 1 1 1 0 0 0 1 1 1 0 0 0 1 1 0 1 1 1 0 0 0 0 1 1 1 0 1 1 1 0 0 1 1 0 0 0 1 1 1 0 1 0 0 0 0 0 1 1 1 1 1 1 0 1 0 1 1 0 0 1 1 0 1 0 0 1 0 67 1 0 1 0 0 1 1 1 0 1 1 1 1 0 0 0 0 1 1 0 1 1 0 1 0 1 1 1 0 0 1 1 1 1 0 0 1 1 0 0 1 0 1 0 0 0 0 0 1 0 0 1 0 1 1 0 1 1 0 0 1 1 0 1 1 0 0 0 1 1 1 1 0 1 0 1 0 1 1 1 0 1 1 0 1
1 0 0 1 1 0 1 0 1 1 0 0 1 0 0 1 0 0 0 1 0 1 1 1 0 0 1 1 1 1 1 1 1 0 0 1 1 0 1 1 1 1 1 1 0 0 0 0 0 1 1 0 0 0 1 1 1 1 0 0 0 0 1 0 1 1 0 1 1 1 1 1 0 0 1 0 1 0 1 0 1 1 1 1 1 0 0 0 0 1 0 1 0 1 1 0 1 1 0 1 1 0 0 1 0 1 0 1 1 1 0 0 0 0 1 1 1 1 1 0 0 1 1 0 0 68 0 0 1 0 1 1 1 0 0 0 1 0 0 1 1 1 0 0 1 1 0 0 0 1 1 0 0 0 0 0 1 0 1 0 0 1 0 1 1 1 1 0 1 0 1 0 0 1 1 0 0 1 1 0 0 0 0 1 1 1 0 1 1 1 0 1 1 0 0 0 0 0 0 0 0 0 0 0 1 1 1 0 0 1
1 0 0 0 0 1 0 1 0 0 1 0 0 1 1 1 0 1 0 1 0 0 0 1 1 0 0 1 0 0 0 0 0 1 1 0 0 0 0 1 0 0 1 1 0 0 1 0 0 1 0 0 0 1 0 0 1 1 0 1 0 0 0 0 1 1 0 0 0 0 1 0 0 0 0 0 1 1 0 1 1 1 1 1 1 0 1 0 0 1 0 0 0 0 1 0 0 1 1 1 0 0 0 0 1 1 1 1 0 1 0 1 1 1 1 0 1 0 0 1 1 0 0 0 1 1 69 1 0 0 1 0 1 1 1 1 0 1 1 0 1 0 0 0 1 0 0 0 1 1 0 1 0 1 1 1 0 0 0 1 0 1 0 0 0 1 0 0 1 0 1 1 0 0 0 1 0 0 1 1 1 1 0 1 0 1 1 1 0 0 1 0 1 0 1 0 0 0 1 0 1 1 0 0 0 1 1 1 0 0
1 0 0 1 1 0 1 1 0 0 0 1 1 1 0 0 0 1 0 0 1 1 1 0 1 1 0 1 1 0 0 1 1 0 1 1 0 0 0 1 0 0 1 1 0 0 0 0 0 0 0 1 0 1 1 0 0 0 1 0 1 0 1 1 0 0 1 1 0 1 0 1 0 0 1 0 0 0 1 1 1 0 0 0 1 1 1 0 0 0 1 0 1 0 1 1 0 0 1 1 1 1 0 0 0 0 1 0 1 1 0 0 1 1 0 0 0 1 1 0 0 1 0 0 0 0 0 20 1 0 1 0 1 1 0 0 0 1 0 0 1 0 1 0 1 1 0 1 1 0 0 1 0 0 1 0 0 0 0 1 0 0 0 1 0 0 0 0 1 1 0 0 0 1 0 0 0 0 0 0 0 0 1 0 1 1 0 1 0 0 1 1 0 1 1 1 0 1 0 1 1 1 1 0 0 1 0 1 1 1
1 0 0 1 0 0 0 0 1 1 1 1 1 1 1 1 0 0 1 1 0 0 0 0 0 0 1 0 1 1 0 1 0 0 1 1 0 0 1 0 0 0 0 1 0 0 1 1 0 0 1 0 0 0 0 1 1 0 1 1 1 1 1 1 0 1 1 0 0 0 1 1 0 1 0 1 1 1 0 1 0 1 0 0 0 1 1 1 0 1 1 1 1 1 1 1 1 1 0 1 0 1 0 1 1 1 0 0 0 1 1 1 0 1 0 0 1 0 0 1 0 1 1 1 0 0 0 1 38 0 1 0 0 1 0 0 1 0 0 1 0 0 0 1 1 0 0 0 1 0 1 0 0 0 0 0 0 0 1 1 1 0 1 0 1 0 0 1 0 0 0 0 0 0 1 0 0 0 0 1 1 1 0 0 1 1 0 1 1 0 1 1 1 1 0 0 1 1 1 0 0 0 1 0 0 0 1 1 0 1
0 0 0 0 1 0 0 1 0 1 1 0 0 0 0 1 1 1 1 0 1 1 1 0 1 1 0 0 1 0 1 0 0 0 1 0 1 1 1 0 1 1 0 1 0 0 1 1 1 0 0 0 1 0 0 1 0 1 0 0 1 1 0 1 0 0 1 1 1 1 0 1 0 1 0 0 1 0 1 1 0 1 0 1 0 0 1 1 0 0 1 1 0 0 1 1 1 1 1 0 1 1 0 1 0 0 0 0 1 1 1 0 0 1 1 0 0 1 0 0 0 0 0 0 0 0 1 0 1 52 1 1 0 0 0 1 1 1 0 0 0 1 0 0 0 0 1 1 0 1 0 0 1 0 0 1 1 0 1 1 1 0 1 0 0 1 0 0 1 0 0 0 0 1 0 1 1 0 1 1 0 0 0 0 0 1 1 1 1 1 0 1 1 0 1 0 0 1 0 0 0 1 0 0 0 0 1 1 0 1
1 0 0 1 0 1 1 0 0 1 0 1 1 0 0 1 1 0 1 1 0 1 0 1 0 1 0 1 0 0 1 0 1 0 1 1 0 1 1 1 0 0 0 1 0 0 1 1 0 0 1 1 1 0 0 1 1 1 1 1 1 1 0 0 0 1 1 1 1 1 1 1 0 1 1 0 0 1 0 1 0 0 0 1 1 0 1 0 1 1 0 0 1 1 1 1 1 0 0 1 1 0 1 1 0 0 0 0 0 0 0 1 1 1 1 1 1 0 0 0 1 0 1 1 1 1 1 1 1 1 90 1 0 0 0 1 0 1 0 1 0 0 1 0 0 1 0 0 0 1 0 1 1 1 1 1 1 0 0 1 0 1 0 0 0 0 1 0 0 1 0 0 1 1 0 1 0 0 0 0 1 1 1 1 0 0 0 0 1 1 0 1 1 0 1 1 1 1 0 0 0 1 0 1 0 0 1 1 1 1
0 0 0 1 0 0 1 0 1 0 1 1 0 1 0 1 0 1 1 1 0 1 0 1 1 0 1 1 0 1 1 1 0 0 0 1 1 0 0 1 1 1 1 1 0 1 1 0 0 1 0 0 0 1 1 1 1 1 1 0 1 1 0 1 0 1 1 0 0 1 0 1 1 1 0 1 0 1 0 1 1 1 0 1 1 1 0 1 0 0 1 1 0 1 1 0 0 1 0 0 0 0 0 1 0 1 0 1 1 0 0 0 0 1 1 1 1 0 0 0 1 1 1 0 1 1 0 0 1 0 1 16 0 0 1 0 0 0 1 0 1 1 1 1 0 0 1 0 1 0 0 1 1 0 1 0 0 1 0 1 1 0 1 1 0 0 1 0 1 0 1 1 0 1 0 0 1 1 1 1 0 1 0 0 1 0 1 0 0 1 0 1 0 0 1 0 0 1 1 1 0 0 0 1 0 1 1 0 1 1
0 0 0 1 1 0 1 0 0 1 0 0 0 1 0 1 0 1 1 1 0 0 1 0 1 1 0 1 1 1 1 1 0 1 0 1 1 1 0 1 0 1 0 1 1 0 0 1 1 0 1 1 1 1 1 0 0 0 1 0 1 0 0 1 0 0 1 1 1 0 0 0 1 1 1 0 1 0 1 1 0 1 1 0 0 0 1 1 1 0 0 1 1 0 1 0 1 1 1 0 0 1 0 0 1 1 1 0 0 1 1 0 0 1 0 0 0 1 1 0 0 1 1 0 0 0 0 0 1 1 1 0 40 1 1 1 0 0 0 0 1 0 0 1 1 0 0 1 0 1 1 0 0 1 0 1 1 1 0 0 0 1 0 1 1 1 1 0 0 0 1 1 1 1 1 0 0 0 0 1 0 0 1 0 1 1 1 0 1 0 1 1 1 0 0 1 0 1 1 0 0 0 1 0 0 0 1 0 0 1
0 1 0 1 1 0 1 0 0 0 0 0 1 1 0 0 1 1 0 1 1 1 1 1 0 1 0 0 0 0 0 0 1 1 1 0 1 0 0 0 1 1 1 0 0 1 0 1 0 0 1 1 1 0 1 1 1 0 0 1 1 0 1 1 1 0 0 1 1 1 0 0 0 1 1 1 0 1 1 0 1 1 1 1 1 1 0 1 0 0 0 0 0 0 1 1 1 1 1 0 1 1 0 1 1 0 1 0 0 1 1 1 1 1 1 0 1 1 1 1 0 1 1 1 0 0 0 1 1 1 1 0 0 29 1 1 1 0 0 1 0 1 1 1 0 1 1 0 1 0 1 0 1 1 1 0 0 0 1 1 0 1 0 0 0 1 1 1 0 1 0 1 0 1 0 0 1 0 0 0 0 1 0 1 1 1 0 1 1 0 1 0 1 0 0 1 0 1 1 0 1 1 1 1 1 0 1 1 0 1
1 0 1 0 0 1 1 0 0 1 0 1 0 0 0 1 1 1 0 1 1 0 1 1 1 0 1 0 1 0 1 1 0 0 1 0 1 1 0 1 1 0 0 0 1 1 1 1 0 0 0 1 1 0 1 1 1 0 1 0 1 1 1 0 0 0 0 1 0 1 1 0 0 0 0 0 0 1 0 0 1 0 1 0 1 0 1 0 0 1 1 0 1 1 1 0 0 0 1 0 0 1 1 0 1 0 0 1 0 1 0 0 1 1 0 1 1 0 1 1 1 1 1 1 0 1 0 1 1 0 0 0 0 0 86 0 1 1 0 1 1 1 0 0 1 1 0 0 0 0 0 1 0 1 1 1 0 0 0 0 0 0 0 0 1 0 1 1 0 0 0 1 1 0 0 1 0 1 0 0 0 0 1 0 0 1 1 0 1 0 0 0 1 1 1 1 0 0 1 0 0 0 1 0 1 0 0 1 0 0
1 1 0 1 0 1 1 0 1 0 1 1 1 1 1 1 0 0 1 0 0 0 1 1 0 1 1 1 0 0 0 0 0 0 0 1 0 0 1 1 0 1 0 1 0 1 0 1 0 1 1 0 1 1 0 0 1 1 0 1 1 0 1 1 1 1 0 1 0 0 0 0 1 0 1 1 0 0 0 0 1 0 1 1 0 1 0 1 1 1 0 0 0 0 0 0 1 0 1 0 0 1 1 0 0 1 1 0 1 0 1 1 1 0 1 1 1 1 1 0 1 0 1 0 1 0 1 1 1 1 1 0 1 1 0 14 0 0 1 1 1 0 0 0 1 0 1 1 1 1 0 1 0 1 1 1 1 0 0 0 1 0 1 1 1 1 0 1 0 0 1 0 0 0 1 1 1 0 1 0 1 0 0 0 1 1 1 0 1 0 0 1 1 1 0 1 0 1 1 0 1 1 0 0 1 1 1 1 0 1
1 0 1 0 0 0 0 1 0 1 1 0 0 0 0 0 1 1 1 1 0 1 1 0 0 0 0 0 0 0 0 1 1 1 0 1 0 1 1 1 1 0 0 1 0 0 1 1 1 0 1 1 1 1 1 1 0 0 0 1 1 1 0 1 0 0 1 1 1 0 1 1 1 0 0 1 0 1 0 0 1 1 1 0 0 0 1 0 1 0 0 0 1 0 1 1 0 1 0 0 1 0 0 1 0 0 0 0 0 1 1 1 1 0 1 0 0 1 0 0 1 1 1 1 0 0 0 1 1 1 0 1 1 1 0 1 81 1 0 1 0 1 1 1 1 0 0 1 1 0 0 1 0 1 1 0 0 0 0 1 0 0 1 1 0 1 0 1 0 1 1 1 1 0 0 0 1 0 0 1 1 1 1 1 1 1 1 1 1 0 0 1 1 1 1 1 1 1 0 0 1 0 1 0 1 0 1 0 1 0
1 0 0 0 1 0 1 1 0 0 1 0 1 0 0 1 1 1 0 1 0 1 1 1 1 1 1 0 0 1 0 0 0 1 1 1 1 1 1 1 0 0 1 0 0 0 0 1 0 0 1 0 1 0 0 1 1 0 1 1 0 0 0 0 0 0 0 1 0 0 0 1 0 1 1 0 0 1 0 0 1 0 0 0 0 1 1 1 0 1 1 0 1 1 1 1 1 1 0 1 1 1 0 0 1 1 0 0 1 1 0 0 1 0 1 0 1 1 1 1 1 0 1 0 0 1 0 1 1 0 1 0 1 1 0 1 0 42 0 1 1 1 1 0 1 0 0 0 1 1 1 0 0 1 1 1 0 0 0 1 1 1 0 0 0 0 1 1 0 0 1 0 1 0 1 1 0 0 1 0 1 1 1 0 0 1 0 0 0 1 0 0 1 0 0 1 1 0 1 1 1 1 0 0 1 0 0 0 1 0
1 0 0 1 1 1 0 0 1 0 0 0 0 1 0 1 0 0 0 1 0 1 1 1 0 0 1 1 0 1 1 1 1 0 1 0 0 1 0 1 0 1 1 1 1 1 0 0 0 1 0 1 1 1 1 0 1 1 1 0 0 1 1 1 0 0 0 1 1 1 0 0 1 1 0 0 1 0 1 0 0 0 0 0 1 0 0 1 0 0 0 0 1 0 0 1 0 1 1 1 1 1 0 0 1 1 1 0 0 0 0 0 1 0 0 0 0 1 1 0 0 1 0 0 1 1 0 0 0 1 0 0 0 0 1 1 0 1 8 0 1 1 0 1 0 0 0 0 0 1 0 1 0 1 0 0 1 0 1 0 1 0 1 0 1 0 0 1 0 1 1 0 1 0 0 1 1 1 0 1 0 1 0 1 0 1 1 1 0 0 1 1 0 0 1 1 1 0 0 0 1 0 1 0 0 0 0 0 0 1
1 1 0 1 0 0 1 1 1 0 0 0 0 1 0 0 0 0 0 1 0 1 1 0 0 1 0 0 1 1 0 1 0 0 0 1 0 0 1 1 0 0 1 1 0 0 1 1 1 0 0 1 0 1 1 0 0 1 0 1 0 1 0 0 1 1 1 1 1 1 1 1 0 0 0 1 1 0 1 1 0 0 0 0 1 0 1 0 0 1 0 0 0 0 1 0 0 0 0 0 0 1 1 0 0 1 0 0 1 0 0 1 0 0 1 0 0 0 1 0 1 0 0 0 1 0 0 0 0 0 0 0 1 0 1 0 1 0 0 35 0 0 0 1 1 0 1 1 1 1 1 0 1 1 0 0 1 1 0 1 0 0 0 1 1 1 1 1 0 0 1 1 0 0 1 0 0 1 1 1 0 1 1 0 0 1 1 1 1 0 1 0 0 1 0 1 0 0 0 1 1 1 0 0 0 1 1 0 1 1
0 1 1 0 1 1 0 0 0 1 0 0 0 1 0 1 0 0 0 1 0 0 1 1 0 0 0 0 0 0 1 0 0 0 0 1 1 1 1 1 0 0 1 1 1 1 0 1 0 1 1 0 1 1 0 0 0 0 0 0 0 0 1 0 1 0 0 0 1 1 1 1 1 1 1 1 0 0 0 1 1 1 0 0 0 1 1 1 0 1 0 0 1 1 0 1 0 0 1 0 1 0 0 1 1 0 1 0 0 1 0 0 1 1 0 1 1 0 1 0 0 0 0 1 1 1 0 0 1 1 0 0 0 1 0 0 1 1 1 1 12 1 0 0 1 1 1 0 1 0 1 1 1 0 0 1 1 0 0 0 1 0 1 0 1 1 1 1 0 1 1 1 0 0 1 1 0 0 1 0 0 1 0 1 1 0 1 0 0 1 1 1 1 1 0 0 0 1 0 0 1 1 0 1 1 1 0 1 1 1
0 1 1 1 1 0 0 0 0 0 0 0 1 1 1 0 0 0 1 0 1 1 0 0 1 1 0 1 1 1 0 0 0 0 0 0 1 0 1 1 0 1 1 1 1 0 0 0 1 0 1 1 1 0 1 0 1 0 0 0 0 1 1 1 1 1 1 0 0 1 1 1 1 0 1 1 0 0 0 1 0 1 0 0 1 1 1 0 1 1 1 0 0 0 1 1 1 0 1 0 0 1 0 0 1 1 1 0 0 1 0 1 1 0 0 0 0 0 1 0 0 1 1 0 1 1 0 1 1 1 1 0 1 0 0 0 0 1 1 1 1 74 1 1 0 1 1 0 1 0 0 1 1 0 1 0 0 1 1 0 0 0 0 0 0 0 1 1 1 0 0 1 1 1 0 1 0 1 0 1 1 1 0 1 1 1 0 0 0 1 0 0 0 1 1 1 1 0 1 1 0 1 1 1 1 1 1 0 0 0
0 1 1 1 1 0 0 0 0 0 0 0 1 1 1 1 1 1 1 0 1 0 0 1 0 0 0 0 1 1 0 0 0 0 1 0 0 0 1 1 0 0 0 0 1 0 0 0 0 0 1 0 1 0 1 0 0 0 0 1 1 1 0 1 1 1 1 1 0 0 0 0 1 1 0 1 0 0 1 0 1 1 1 1 0 1 1 0 1 1 1 1 1 1 0 0 0 0 0 1 0 0 1 0 0 1 1 1 1 1 0 1 1 0 1 0 0 1 1 1 1 0 1 1 1 0 1 0 1 0 1 0 1 1 0 1 0 1 1 1 0 0 93 1 0 0 0 0 1 1 0 0 0 1 0 1 1 0 0 0 1 0 0 0 0 0 0 1 1 1 1 1 1 0 1 1 1 1 1 0 0 0 1 1 0 1 0 0 1 0 1 0 0 0 1 0 0 0 1 1 1 1 0 1 0 0 0 0 0 0
0 1 1 1 1 1 0 0 1 1 0 1 1 0 1 0 1 1 0 1 0 1 0 1 0 0 1 0 1 0 0 1 1 0 1 1 0 1 0 1 0 0 1 1 0 1 0 0 1 1 1 1 0 1 0 1 1 0 0 0 0 0 1 1 0 0 1 0 0 0 1 1 0 0 1 1 1 1 0 1 1 1 1 1 1 1 0 0 1 1 0 0 0 1 0 0 0 0 0 0 1 0 1 0 0 1 1 0 1 1 0 0 1 1 0 1 1 0 1 1 1 1 0 0 1 1 0 1 0 1 1 1 0 1 0 0 0 0 1 0 0 1 1 89 0 0 0 0 1 1 1 0 1 0 1 0 1 1 1 1 0 0 0 0 0 1 1 0 1 0 0 0 0 0 0 1 0 1 1 0 1 0 0 1 1 0 1 0 0 0 0 1 1 1 0 1 0 1 1 1 0 1 1 0 0 1 0 0 0 1
1 1 0 0 1 1 0 0 0 0 0 0 1 1 1 0 0 1 1 0 0 1 1 1 1 1 0 0 0 0 0 1 0 1 1 1 1 0 1 1 0 0 1 0 1 1 1 1 0 0 0 1 0 0 1 0 1 0 1 0 0 0 0 1 0 1 1 0 1 1 0 0 1 0 0 0 1 0 0 1 0 1 1 0 0 0 1 1 1 1 0 0 1 1 1 1 1 0 1 0 1 1 1 0 1 0 0 0 1 0 0 0 0 1 0 1 1 0 0 1 1 1 0 0 1 0 1 0 1 1 0 1 1 0 1 0 1 1 0 0 1 0 1 0 94 1 1 0 0 0 0 0 1 1 1 0 1 0 0 0 1 0 1 1 1 0 1 1 1 1 1 1 0 0 0 1 0 1 1 0 0 0 1 1 0 0 0 0 1 0 0 0 0 1 1 1 1 1 0 0 1 1 1 1 1 1 1 1 0 0
0 0 0 1 1 1 1 0 1 1 0 1 1 0 0 1 0 0 0 0 1 1 1 0 1 0 1 1 1 0 1 0 1 1 1 1 0 0 1 1 1 0 0 1 0 0 1 1 0 1 0 0 1 0 0 0 1 0 1 0 1 1 0 0 1 1 0 0 0 0 0 1 0 0 0 0 1 1 0 1 1 1 0 0 0 0 1 0 0 1 0 1 0 1 1 1 1 1 0 0 1 0 1 1 0 0 1 0 0 1 0 1 1 1 0 0 0 1 1 1 0 0 1 0 0 1 0 0 0 0 0 1 0 0 1 0 0 0 1 0 0 1 1 1 0 12 0 1 0 1 0 0 0 1 0 0 1 0 1 0 1 0 0 1 1 1 0 1 1 0 0 0 1 0 1 0 0 0 0 1 1 1 0 1 1 1 0 0 1 0 1 0 1 1 0 0 0 1 0 1 0 1 0 1 0 1 1 0 0 1
0 1 1 0 1 1 0 1 0 0 1 1 1 0 0 1 0 0 0 1 1 1 1 1 0 1 0 0 1 1 1 0 0 1 1 1 1 0 0 1 1 0 1 0 1 0 1 1 0 1 0 1 0 0 1 0 0 0 0 1 0 0 0 1 1 0 0 0 1 0 0 1 0 1 1 0 0 1 0 1 1 0 0 0 0 0 1 0 1 1 0 0 0 1 1 1 1 0 0 1 0 1 0 1 0 1 0 1 1 0 1 0 0 1 1 1 1 0 0 0 0 1 1 1 0 1 0 1 0 0 1 1 0 0 0 0 1 1 1 0 0 1 0 0 0 0 23 0 1 0 0 0 1 1 0 1 1 1 1 1 0 1 1 1 0 1 0 1 1 1 1 0 0 1 0 0 1 1 1 0 0 1 1 0 0 1 1 1 1 0 0 1 1 0 1 1 1 0 1 1 1 1 0 0 1 0 1 0 0 0
0 1 0 1 0 1 1 1 1 0 0 0 0 0 0 0 1 0 0 1 1 1 0 0 1 1 1 0 1 1 0 1 1 0 0 1 1 1 0 0 1 1 1 0 1 0 1 1 0 0 0 0 0 1 1 1 0 1 0 1 1 1 0 0 1 1 0 1 1 0 1 0 1 1 0 0 1 0 0 0 0 0 1 1 0 1 0 0 1 0 0 0 0 1 0 0 0 0 1 0 1 1 1 0 1 0 1 0 0 1 0 0 1 0 0 1 0 1 0 1 0 1 0 0 0 0 0 0 0 0 1 1 1 1 0 0 0 1 0 1 0 0 1 0 0 1 0 80 0 1 0 1 0 0 1 1 1 0 0 1 1 0 1 0 1 0 1 0 1 0 1 1 1 0 1 0 0 0 1 1 0 1 0 1 0 1 1 0 1 0 1 0 0 1 0 1 1 1 1 1 1 1 0 1 1 0 0 0 0 1
0 1 0 1 0 0 0 1 0 1 1 1 0 0 0 1 0 1 1 1 0 0 1 0 0 1 1 1 0 0 1 0 1 1 1 1 0 1 0 0 0 0 1 0 0 0 1 1 0 0 0 1 1 0 1 0 1 1 0 1 1 0 0 1 1 0 0 1 0 1 0 1 0 0 1 1 1 1 0 1 0 0 0 1 1 0 1 0 1 1 1 1 0 0 0 0 1 1 0 0 0 0 1 1 0 0 0 1 0 0 1 0 0 1 0 0 0 1 0 1 0 0 1 1 1 0 1 1 1 0 1 1 1 1 0 1 0 1 1 0 0 0 1 0 1 0 1 1 78 1 1 1 1 0 0 1 0 1 1 0 1 1 1 1 0 1 1 1 1 1 0 0 0 1 1 1 1 1 0 1 0 0 0 0 0 0 0 1 0 0 0 1 0 1 0 0 0 0 0 1 1 0 1 0 1 0 0 1 1 1
0 0 0 0 0 0 1 0 1 0 0 0 0 0 1 0 0 0 0 1 1 1 1 1 0 0 1 1 0 1 1 0 0 1 1 0 1 1 1 0 0 1 1 1 1 0 0 0 1 1 0 1 0 1 0 1 1 1 1 0 0 1 1 1 0 1 0 1 0 0 1 1 0 1 0 0 0 0 0 0 0 1 0 1 0 0 0 0 0 0 1 0 1 1 1 1 1 0 0 1 0 0 1 0 1 0 0 1 1 0 1 1 1 0 1 0 0 0 0 1 1 1 1 1 1 1 1 1 0 1 1 1 0 1 1 0 1 0 1 0 0 1 1 1 1 0 0 1 0 38 1 1 1 0 0 0 0 1 0 0 0 0 1 0 0 1 1 0 0 0 1 0 1 0 0 1 1 0 1 0 1 0 0 0 1 0 1 1 1 1 0 0 1 0 1 1 1 0 0 1 1 1 1 1 0 1 0 0 1 0
0 0 1 1 1 1 0 1 0 1 1 0 0 1 1 1 1 1 0 1 1 0 0 1 0 1 1 0 0 0 0 0 0 1 0 1 1 0 1 0 0 1 1 1 1 1 0 1 1 1 1 0 0 0 0 0 1 0 1 0 1 0 0 1 1 0 0 0 0 0 1 1 0 0 0 1 1 1 0 1 0 0 1 1 0 1 0 0 1 1 0 1 1 1 1 1 1 1 0 0 1 0 1 1 0 1 1 0 0 1 0 0 1 0 0 1 1 1 1 1 1 0 1 1 0 0 1 0 0 1 1 1 0 1 1 1 0 0 1 0 1 0 1 0 0 0 1 1 1 1 40 1 1 1 0 1 1 1 1 1 0 1 1 0 0 0 0 1 0 0 0 1 0 0 1 0 1 0 0 1 0 0 1 1 1 1 0 0 1 0 1 1 1 0 1 0 0 0 1 0 0 0 1 1 1 1 1 1 0 0
1 1 0 1 0 1 0 0 1 1 1 1 1 0 0 0 0 0 1 1 0 1 1 0 1 1 0 1 1 1 1 0 0 0 1 0 1 0 0 0 0 0 1 1 0 1 1 1 0 0 0 0 1 1 0 1 0 1 0 0 1 1 1 1 0 0 1 1 0 1 1 0 0 0 1 0 0 0 1 0 0 1 1 0 0 0 0 1 0 1 1 1 0 0 0 0 0 1 0 1 0 1 0 0 1 0 0 1 1 0 1 1 0 0 0 0 0 0 0 1 0 0 0 0 1 1 0 0 0 1 0 0 0 1 0 1 0 0 1 0 0 1 1 0 1 0 0 1 0 0 0 3 0 0 1 1 1 1 0 1 1 0 0 1 1 1 0 1 1 1 0 0 1 0 1 1 1 0 0 0 1 0 0 1 0 0 1 1 0 1 0 0 1 0 0 0 1 0 1 1 0 0 1 0 0 1 1 1 0 1
0 1 0 0 0 1 0 0 0 1 0 1 1 0 1 0 1 0 1 0 0 1 0 1 1 0 1 0 1 0 0 1 0 0 1 1 0 1 0 1 0 0 0 1 1 1 1 1 0 0 0 0 0 0 0 1 0 0 0 0 0 1 1 1 1 1 1 0 1 0 0 1 1 0 0 0 1 0 1 1 0 1 0 1 1 1 1 0 1 1 1 1 1 0 1 1 1 0 1 0 0 0 0 1 1 0 0 1 0 0 0 1 1 0 1 0 1 0 1 0 0 1 1 0 1 1 1 0 0 1 0 1 1 0 0 0 0 1 0 0 1 0 1 1 0 1 0 1 0 1 0 1 46 0 0 1 1 0 0 0 1 1 0 0 1 0 0 1 1 1 1 1 1 0 0 0 1 0 0 0 1 0 0 0 0 0 0 0 1 0 0 0 1 0 1 1 0 0 0 0 0 1 0 0 1 0 0 1 1 1
1 0 1 1 0 1 1 0 1 0 0 1 1 1 0 0 0 1 1 1 0 1 1 1 1 1 0 0 0 0 1 1 0 1 1 0 0 0 1 1 0 1 1 0 0 0 1 0 0 0 0 0 1 0 1 1 0 1 0 1 1 1 1 1 0 1 0 1 0 0 0 1 0 1 0 0 0 1 1 1 0 0 1 0 0 0 1 0 1 1 1 0 1 1 1 0 1 1 0 1 0 0 0 0 0 1 1 0 1 1 1 1 0 0 0 0 1 0 0 0 1 1 1 1 0 1 0 0 1 0 0 0 0 0 0 0 1 1 0 0 0 1 1 1 1 0 0 1 0 0 0 1 0 51 0 0 0 0 1 0 1 1 1 0 0 1 0 1 0 1 1 1 1 1 1 1 1 1 0 0 1 0 0 0 1 0 1 0 1 1 1 1 1 0 0 1 0 1 0 0 0 0 1 0 1 0 1 1 0 0
0 0 0 0 0 1 0 1 0 1 0 0 1 0 1 0 1 1 1 0 0 1 0 0 1 0 0 0 0 0 0 0 1 1 1 1 1 1 1 0 0 0 1 0 0 0 1 0 0 1 0 0 0 0 1 1 0 0 0 0 0 1 1 1 1 0 1 0 0 1 1 1 1 0 1 0 1 1 0 1 1 0 1 0 0 1 0 0 0 1 0 1 0 0 1 0 0 0 0 1 1 1 0 0 0 1 0 0 0 1 1 0 0 0 0 1 1 0 0 0 1 0 1 0 0 1 0 0 0 1 1 0 1 1 1 1 0 0 1 1 0 1 1 0 1 0 0 0 0 0 0 1 0 0 92 0 0 0 1 1 0 0 1 0 1 1 0 1 0 0 1 1 1 1 0 0 1 0 0 0 1 1 0 0 1 0 0 0 0 1 0 0 1 0 1 0 0 1 1 0 1 0 0 1 1 1 0 0 0 0
1 1 1 0 1 0 0 0 0 1 1 0 0 1 0 1 0 1 0 0 0 1 0 0 0 1 0 0 1 0 1 1 0 0 0 1 1 0 0 0 0 1 0 0 1 1 0 1 1 1 1 0 0 1 0 1 0 0 0 0 0 1 1 0 0 0 0 0 0 1 1 1 1 0 1 0 0 0 0 0 0 0 1 1 1 0 0 1 1 1 0 1 0 1 0 1 1 1 1 1 0 1 0 1 1 1 0 1 1 0 1 0 1 0 0 0 1 1 1 0 0 0 1 1 0 0 1 1 1 1 1 0 0 1 1 0 0 0 1 0 1 0 1 0 0 0 0 1 1 1 0 1 1 1 0 57 0 0 0 0 0 1 0 0 0 0 1 0 0 1 0 1 1 0 0 0 1 1 0 0 1 1 1 1 1 0 0 1 0 1 1 0 0 1 0 1 0 0 0 0 1 1 1 1 1 1 0 1 1 0
1 1 0 1 1 0 1 1 1 1 0 1 0 1 1 1 1 0 0 1 0 0 1 0 0 1 1 1 0 0 1 1 0 1 0 1 0 1 1 1 0 0 1 1 0 0 1 1 0 0 0 0 1 1 0 1 1 0 1 0 0 0 1 0 0 0 1 0 0 0 0 1 0 1 1 0 0 1 1 0 0 0 0 1 0 1 1 0 0 0 1 0 1 1 1 1 0 1 1 0 1 1 1 1 1 1 1 1 1 1 1 1 1 0 0 1 0 0 1 0 1 0 1 1 0 0 1 1 1 1 1 1 1 0 0 1 1 0 1 0 1 1 0 0 0 0 1 1 0 0 1 1 0 0 1 1 70 0 0 1 0 0 0 0 0 0 0 0 1 0 1 1 0 0 1 1 1 1 0 1 1 0 1 1 0 1 0 1 0 0 1 1 0 1 0 0 1 0 1 0 1 1 1 0 1 0 0 1 1 0
1 0 1 0 0 1 0 1 1 1 1 1 0 0 1 0 1 0 0 0 0 0 0 0 1 1 1 0 0 1 1 1 1 1 1 0 1 1 1 1 0 1 0 0 0 1 0 1 1 1 0 0 0 0 1 0 0 1 1 0 0 0 0 0 1 1 1 1 1 0 1 0 0 0 1 0 0 0 0 1 1 0 0 1 1 0 0 0 1 1 1 0 0 0 0 1 0 1 0 1 0 0 0 0 1 1 0 0 1 0 1 1 1 0 0 0 0 0 0 0 1 1 1 0 0 0 1 1 1 1 1 1 0 0 1 0 1 1 0 0 0 0 1 0 0 1 0 0 1 1 1 1 1 1 1 0 0 64 1 1 1 0 0 0 0 1 1 1 0 0 1 1 0 1 1 1 1 1 0 0 0 0 0 1 0 1 0 1 1 0 1 0 1 0 0 0 1 0 1 0 1 0 0 1 0 1 0 0 0 0
0 0 1 0 0 0 0 1 0 0 0 1 0 0 1 0 1 1 1 1 0 1 1 1 1 0 0 0 1 1 1 1 1 1 1 1 1 1 1 1 0 1 0 0 0 0 0 1 1 1 1 0 1 1 1 0 0 1 0 0 0 0 1 1 0 0 1 0 0 0 1 1 0 1 0 1 0 1 0 1 0 0 1 1 1 1 0 0 1 0 1 0 1 1 1 1 0 0 1 1 1 1 1 1 0 1 1 1 1 1 0 0 0 0 0 0 1 1 0 1 1 1 0 1 0 0 1 1 1 0 0 0 0 1 0 1 1 1 0 0 0 0 0 0 0 1 0 0 0 0 1 1 1 1 0 0 1 1 7 1 1 1 1 1 1 0 1 0 1 0 1 0 0 1 1 0 0 0 0 0 0 1 0 1 1 1 1 0 0 0 0 0 0 1 0 1 0 1 1 0 0 1 0 0 0 1 1 1 0 1
0 0 0 0 1 0 0 1 0 0 0 0 0 0 0 1 1 1 1 1 0 1 1 0 1 0 0 0 0 0 1 0 0 1 0 0 1 1 0 0 1 1 0 0 1 0 1 1 1 0 1 0 0 0 0 1 0 0 0 1 0 1 0 0 0 0 0 0 0 0 1 1 0 1 1 1 1 1 0 1 0 0 1 0 0 0 0 1 0 0 1 0 0 1 1 0 1 0 0 1 1 0 0 1 1 1 0 1 1 0 0 0 1 0 0 0 1 0 0 0 1 0 1 0 1 1 1 1 1 0 1 0 0 1 1 0 0 0 1 0 1 0 0 0 0 0 0 0 0 1 0 0 1 1 0 1 1 1 1 93 1 1 0 0 1 0 1 0 0 0 1 1 1 1 1 0 1 1 1 1 1 1 1 1 0 1 1 0 1 1 0 0 1 0 0 1 1 1 0 0 0 1 0 0 1 0 0 0 1 0
1 0 0 1 0 1 1 0 0 1 1 0 1 1 0 1 0 0 0 1 1 0 1 0 1 1 1 0 0 1 1 0 0 1 1 1 1 1 0 0 1 0 0 1 0 0 0 1 0 0 0 1 1 0 1 0 1 0 1 1 1 1 1 1 0 0 1 1 0 1 1 0 1 0 1 0 1 0 1 1 1 0 0 0 0 0 0 1 0 0 1 1 0 1 1 0 1 1 0 0 0 0 0 1 0 1 1 0 0 1 1 0 0 1 0 0 0 0 1 0 1 0 0 0 0 1 1 0 1 0 1 1 0 0 0 1 0 0 0 0 1 0 1 0 1 1 1 1 0 1 0 0 1 0 1 0 1 0 1 1 14 1 0 1 1 0 1 1 1 1 1 1 0 1 1 1 1 0 0 1 0 0 0 0 1 0 1 0 1 0 1 1 0 0 1 0 0 0 0 0 0 0 1 0 0 1 0 1 1 0
0 0 1 0 0 1 0 0 0 0 0 1 0 1 0 1 1 0 1 0 1 0 0 1 0 1 1 1 1 1 0 1 0 0 0 0 0 1 0 1 0 1 0 0 1 0 1 0 0 1 0 1 1 1 1 0 0 0 0 0 0 1 0 1 1 0 0 1 0 0 0 0 0 0 0 0 1 0 1 0 0 0 1 1 0 0 0 1 0 1 0 1 0 0 1 1 0 1 0 0 1 1 1 0 1 1 0 0 1 1 1 1 1 1 1 0 0 1 1 1 0 0 1 0 0 1 1 1 1 1 1 1 0 0 1 0 0 1 0 0 1 1 1 1 1 1 0 1 0 0 1 1 1 1 1 1 1 1 1 1 0 68 0 0 0 1 0 0 1 0 0 0 0 0 1 1 0 0 1 1 1 1 0 1 1 1 0 0 0 1 0 1 1 1 0 0 1 0 0 1 1 1 1 1 0 0 1 0 1 0
1 1 1 1 1 1 0 0 0 1 0 0 1 1 1 1 1 1 1 1 1 1 1 1 1 0 1 0 1 1 1 1 0 0 0 1 0 1 0 0 0 1 1 0 0 0 0 1 1 0 1 1 0 1 1 0 0 1 0 0 0 0 1 0 1 1 0 0 1 1 0 1 1 0 1 1 0 1 0 1 1 1 1 0 1 1 1 1 0 0 0 1 1 0 0 0 1 0 1 0 1 1 0 0 0 1 1 1 1 0 0 1 0 0 0 0 0 0 0 1 0 1 0 1 0 1 0 0 1 0 0 1 1 1 0 1 0 1 1 1 1 1 0 0 1 0 1 0 0 1 1 1 0 0 0 1 1 1 1 1 0 0 48 0 1 0 1 1 1 0 0 1 0 1 0 1 0 1 1 0 0 1 1 0 1 0 0 1 0 0 0 1 1 1 0 0 0 1 0 0 0 0 0 1 1 0 0 0 1 0
0 0 1 0 1 0 0 0 0 1 1 1 1 0 0 0 0 1 1 1 0 1 1 0 1 0 1 0 1 0 1 0 0 0 0 0 0 0 0 0 1 1 1 1 0 1 0 1 0 0 0 0 1 0 1 1 0 1 0 1 0 0 0 0 1 1 0 1 1 1 1 0 1 0 1 1 1 1 0 1 0 1 0 0 0 0 0 0 1 1 1 1 1 1 0 1 1 0 0 1 0 1 1 0 0 1 1 0 1 0 1 1 0 1 1 0 0 0 1 0 1 0 1 0 1 0 0 0 0 1 0 1 1 0 1 0 0 1 1 0 1 1 0 0 0 1 0 0 0 0 0 0 0 1 1 0 1 0 0 0 1 1 1 0 0 0 0 1 1 1 1 0 1 1 1 0 0 1 1 0 1 0 1 0 1 1 0 0 0 1 1 0 0 0 0 1 1 1 0 0 1 1 1 0 1 1 1 0 1 0
1 0 0 0 0 0 1 1 1 1 0 0 0 1 0 1 0 1 1 1 0 1 0 0 1 1 0 0 0 0 0 1 1 1 1 0 0 0 0 1 0 1 1 1 0 1 0 0 0 0 1 1 1 0 1 1 0 1 1 1 0 1 1 0 0 0 1 1 1 0 0 0 0 1 1 0 1 0 1 0 0 1 0 1 0 1 0 1 1 0 1 1 1 1 1 0 0 1 0 0 0 1 1 0 0 0 0 0 0 0 1 0 0 0 0 1 1 0 1 1 1 0 1 1 1 1 1 0 1 0 1 1 1 1 1 0 0 0 1 1 0 0 1 1 1 0 0 1 1 0 1 1 0 0 0 0 0 1 1 1 0 1 1 0 17 1 1 0 1 0 0 0 1 0 0 1 0 0 0 1 1 1 1 0 1 0 1 0 1 0 1 0 0 0 1 0 0 1 1 0 0 1 1 0 1 1 1 0 0 0
0 0 1 1 1 0 1 1 1 1 1 0 0 0 1 1 1 0 0 1 1 1 0 1 1 0 1 0 1 1 0 0 0 0 0 1 0 0 0 0 1 0 0 1 1 1 1 1 1 0 1 1 0 1 1 1 1 1 0 1 1 1 0 0 1 1 1 1 1 1 1 0 0 1 1 0 0 0 0 1 0 0 1 0 0 0 1 0 0 0 0 0 1 0 1 0 0 0 0 1 0 1 0 1 0 0 0 1 1 0 0 1 1 1 1 0 1 0 0 1 0 0 0 1 1 1 0 0 0 1 0 1 1 1 1 0 0 1 1 0 0 1 1 0 0 0 0 1 1 1 1 1 1 0 0 1 1 0 1 1 1 0 0 0 1 13 0 1 1 1 0 1 0 1 1 0 0 1 1 0 1 0 0 1 0 0 0 0 0 0 0 1 0 0 1 1 0 1 0 1 0 0 0 0 1 1 0 0 0 1
0 0 1 1 1 1 0 1 1 0 0 0 0 1 0 1 0 1 1 0 1 1 1 1 1 1 0 0 1 1 0 0 1 0 1 1 0 0 1 0 1 1 1 0 1 0 0 1 1 0 0 1 1 1 1 1 1 0 0 1 1 1 1 0 0 1 0 0 0 0 1 0 1 0 1 1 0 1 1 1 0 1 1 0 1 1 0 0 0 0 0 0 0 0 1 0 1 0 0 1 0 1 1 0 1 0 0 1 0 0 1 1 1 1 0 1 0 0 0 1 1 0 1 1 1 1 1 0 1 0 0 1 0 0 0 1 0 0 1 1 1 0 0 1 0 0 1 1 1 0 0 0 1 1 1 0 0 1 0 1 0 1 0 1 1 1 5 0 0 0 1 0 1 0 0 1 1 0 0 0 0 0 0 1 1 1 1 1 1 0 1 1 0 0 1 0 1 1 1 0 0 0 0 1 1 0 1 0 1 0
1 1 1 1 0 0 0 0 1 1 0 1 1 1 1 1 1 1 1 1 1 1 1 1 0 0 1 0 0 0 1 0 1 0 0 1 0 1 1 0 0 0 1 1 1 1 0 1 0 1 0 0 1 1 1 0 1 1 1 0 1 1 0 1 1 0 0 1 0 0 0 0 0 0 0 0 0 0 0 0 1 1 0 0 0 0 0 0 0 0 0 0 1 1 0 1 0 0 1 1 0 0 0 0 0 1 1 1 0 1 0 1 1 1 1 1 1 1 1 1 0 1 1 1 0 0 0 1 0 1 1 0 1 0 0 0 1 0 0 1 0 1 1 0 1 0 0 0 0 1 0 0 1 1 0 1 1 1 1 1 0 0 1 1 1 0 0 70 0 0 0 0 1 1 1 0 0 0 1 1 0 1 1 0 1 0 1 1 0 0 1 0 0 0 1 1 0 1 0 0 1 1 1 0 0 1 1 1 1 1
1 0 0 1 1 1 1 1 0 1 1 1 0 1 0 0 0 1 1 0 0 1 0 0 1 1 1 0 1 0 0 1 0 1 0 0 0 0 1 0 1 0 1 0 1 0 1 0 1 1 0 1 0 0 0 1 1 0 0 1 1 1 0 1 0 0 0 1 1 1 0 0 0 1 1 1 1 0 0 0 1 0 0 1 1 0 0 1 0 1 1 0 0 0 1 1 0 0 0 1 1 1 1 0 1 0 0 1 0 0 0 0 1 0 1 0 0 1 0 0 1 0 1 0 0 1 0 1 0 1 0 1 1 1 1 1 0 1 0 1 1 1 0 1 0 0 1 0 0 1 0 0 1 1 0 0 0 1 1 0 1 1 0 1 1 1 1 0 60 0 1 0 0 0 0 0 0 1 1 1 0 0 1 0 0 1 1 1 0 1 0 1 1 0 1 1 0 1 1 1 0 1 0 0 1 0 1 1 0 0
1 1 1 1 0 0 0 1 0 0 0 1 0 1 1 0 1 1 0 0 1 0 1 0 0 1 1 0 1 0 0 0 0 1 0 0 1 1 0 0 0 1 1 0 1 0 0 1 1 0 0 1 0 0 1 1 0 1 0 0 0 1 0 0 0 1 1 1 0 1 1 0 0 0 1 1 0 1 0 1 0 0 0 0 0 0 1 0 1 1 1 0 0 0 0 0 1 0 0 0 1 1 0 0 0 1 0 0 0 0 0 1 0 1 1 1 0 1 0 1 1 0 0 0 0 0 0 1 0 0 1 1 0 0 0 1 1 0 1 0 0 1 0 0 0 0 1 0 1 0 0 0 1 0 1 0 0 1 0 1 1 1 0 0 0 0 0 0 0 15 0 1 0 0 1 0 0 1 1 1 0 1 1 0 0 0 1 0 0 0 0 1 0 1 1 0 1 1 0 0 1 0 0 0 0 0 1 1 0 1
0 1 0 0 0 1 0 1 0 0 1 0 1 0 1 0 1 0 1 1 0 0 1 1 1 0 0 1 0 1 1 0 0 0 1 1 1 1 1 1 1 1 0 0 1 1 1 0 1 1 0 0 1 0 1 1 1 1 0 0 0 0 1 0 0 0 1 1 0 0 0 0 1 0 1 0 1 1 1 1 1 0 1 0 0 1 1 1 0 1 0 0 0 1 1 0 1 1 1 0 0 1 1 1 0 1 0 0 1 1 1 1 0 0 0 1 0 1 0 1 0 1 1 0 1 0 0 0 1 0 1 0 1 0 1 0 0 0 1 0 1 1 0 0 0 1 0 1 0 0 1 1 1 1 0 0 1 1 1 1 0 1 1 1 0 0 0 1 1 0 90 1 1 1 1 1 0 0 0 1 1 1 0 0 0 1 1 1 1 1 0 1 0 1 1 0 0 0 0 1 1 0 1 1 1 1 1 0 0 0
0 1 0 0 1 0 1 0 0 0 1 1 1 0 1 0 0 0 0 0 1 0 0 1 0 1 0 1 0 0 0 1 1 1 1 1 0 1 0 1 1 1 0 0 0 0 0 1 1 0 0 1 1 0 0 1 0 0 1 0 0 1 1 1 0 1 0 0 1 0 0 0 1 1 1 1 0 1 0 1 1 0 0 1 1 0 0 1 0 1 0 0 1 0 0 0 0 0 0 0 0 0 0 0 0 1 1 0 1 0 0 1 1 0 1 0 0 0 1 0 0 0 1 1 1 1 0 0 0 1 0 1 0 0 0 1 0 0 1 0 1 1 0 0 1 1 0 1 1 0 0 1 1 0 0 1 1 1 0 0 1 0 1 0 0 1 1 1 0 1 0 28 1 1 0 1 1 1 0 1 0 0 0 1 0 1 1 0 0 0 1 0 0 1 1 0 1 1 0 1 0 1 0 1 1 1 0 1 0 1
1 1 0 0 1 1 1 1 1 1 0 1 0 1 0 0 0 0 1 1 0 1 1 1 0 0 1 1 0 0 0 1 1 1 1 1 1 1 0 1 1 1 1 0 0 0 0 1 1 1 1 1 0 1 0 0 0 1 1 0 0 1 1 0 0 1 1 0 0 0 1 0 1 1 0 1 0 0 0 1 1 1 1 0 0 1 1 0 1 0 0 1 1 1 0 1 0 0 1 1 0 0 0 1 1 0 1 0 1 0 1 0 0 1 1 0 1 0 1 0 0 1 0 1 1 0 1 1 0 0 0 0 0 0 1 1 1 1 1 0 0 0 1 1 0 0 1 0 1 0 0 1 1 1 1 1 0 1 0 1 0 1 1 0 1 0 0 0 1 1 0 0 97 1 1 1 0 0 0 0 0 0 0 0 0 0 1 1 0 1 0 1 1 1 1 0 1 1 1 1 0 0 1 1 0 1 1 1 0 0
1 0 1 1 0 1 0 0 1 0 1 1 0 1 0 0 1 0 0 1 0 1 1 1 1 1 0 0 1 0 0 1 1 0 0 0 0 0 1 1 0 0 0 0 1 0 1 0 0 1 1 0 0 1 1 1 0 1 0 0 0 0 1 0 0 1 1 1 0 0 0 0 0 1 1 0 0 1 0 1 1 0 0 1 1 0 0 0 1 1 0 0 0 0 0 1 0 1 1 0 0 1 1 0 0 1 1 0 0 0 0 0 0 1 1 0 1 0 1 0 0 1 1 0 1 1 0 1 0 1 0 1 1 0 1 1 1 0 0 0 1 0 0 1 0 1 0 0 1 0 1 1 0 0 0 0 0 0 0 1 0 1 1 0 0 0 0 0 0 0 1 1 0 49 1 0 1 0 0 0 0 0 1 1 1 0 1 1 0 0 1 0 1 1 1 0 0 1 1 1 0 0 1 1 0 0 0 1 1 1
0 0 0 0 1 0 1 0 1 0 0 1 0 0 0 1 0 1 0 1 0 0 0 0 1 0 0 0 0 0 0 0 1 1 1 1 1 1 0 1 0 0 1 0 0 0 0 1 0 1 1 1 0 0 1 0 0 1 0 1 0 1 1 1 0 1 0 0 0 1 0 0 1 1 1 1 0 0 1 1 1 1 1 0 0 0 0 1 0 0 1 1 1 0 1 1 0 0 1 1 0 0 1 1 1 1 0 0 0 1 1 0 0 0 0 0 0 1 0 0 1 1 1 1 1 1 0 0 1 1 1 0 0 1 1 0 0 1 1 1 0 1 1 0 0 0 0 0 1 0 1 0 0 0 1 1 0 0 0 0 1 0 1 1 1 0 0 0 1 0 0 0 0 0 2 1 0 0 1 1 0 0 0 0 1 1 1 1 0 1 0 0 0 0 1 0 1 0 1 1 0 0 1 1 0 0 1 0 0 0
0 0 1 1 0 0 1 0 0 0 1 0 0 1 0 1 0 0 1 1 0 0 1 0 0 0 0 1 0 0 1 0 0 0 0 0 0 1 0 1 0 1 0 0 1 0 1 1 0 0 0 1 1 1 0 0 0 0 1 0 0 0 0 1 1 1 0 0 0 1 0 0 1 0 1 1 1 1 0 1 1 1 1 1 1 1 1 1 1 1 1 0 0 1 0 0 0 1 0 0 0 1 0 0 0 0 0 1 0 0 1 0 1 0 1 1 1 0 1 1 1 1 1 0 0 0 0 0 0 0 1 0 1 1 1 1 1 0 0 1 1 0 0 0 0 0 0 0 1 0 0 0 1 1 0 0 1 0 0 1 1 1 1 0 0 1 1 1 0 0 1 1 1 0 0 12 0 0 0 0 1 1 0 0 0 1 0 1 1 1 1 1 0 1 1 1 1 1 0 1 1 0 1 0 0 0 1 0 0 1
1 1 1 0 0 0 1 0 0 0 0 1 0 0 0 1 0 0 1 1 1 0 0 1 0 1 1 1 1 1 1 0 1 1 1 1 0 1 1 1 0 0 0 0 0 0 0 1 0 0 0 0 0 0 1 0 0 0 0 0 0 1 1 0 0 1 1 0 1 0 1 1 0 0 1 1 1 0 1 1 1 0 1 0 1 1 0 1 0 1 0 1 1 1 1 1 1 0 0 1 1 1 1 0 1 1 0 0 1 1 1 0 0 0 1 0 0 1 1 1 1 0 1 0 1 0 0 0 1 0 0 1 0 1 1 1 1 0 0 1 1 0 0 1 1 0 1 1 0 1 1 1 1 0 1 0 0 1 1 1 0 0 0 0 0 0 0 0 1 0 1 1 1 1 1 1 26 1 1 1 1 0 0 1 1 1 0 0 1 0 1 1 1 0 0 0 0 1 0 1 1 1 1 1 1 1 0 1 1 1
0 0 0 1 1 0 0 1 0 0 1 0 0 1 1 0 0 0 0 0 1 1 1 0 0 1 0 0 1 0 0 0 1 1 0 1 1 1 0 1 0 1 1 0 1 0 1 0 0 0 1 1 1 1 0 0 0 1 1 0 0 1 1 1 0 1 1 0 1 0 1 1 1 1 1 0 1 1 0 1 1 0 0 1 0 1 1 1 1 0 0 1 0 1 1 0 1 1 0 0 0 0 0 1 0 1 1 1 1 1 0 0 1 0 0 1 1 0 1 0 1 0 1 0 0 0 1 0 1 1 0 0 1 0 1 1 1 0 0 0 0 1 1 0 1 0 1 0 0 1 0 0 0 0 0 0 1 0 1 0 0 1 0 1 1 0 0 1 0 1 1 0 1 0 1 0 1 48 0 0 0 0 1 1 1 0 1 0 1 0 0 1 0 1 0 1 1 1 0 1 0 0 0 1 0 1 0 1 1 1
1 0 0 0 1 0 0 1 1 0 0 0 0 1 1 0 1 1 0 1 0 1 1 0 0 0 1 0 1 0 0 0 0 1 0 0 0 0 1 0 1 0 0 1 0 1 1 0 1 1 0 1 1 1 1 0 0 0 0 1 0 0 1 0 1 0 0 0 0 1 0 0 1 1 1 1 1 0 0 1 1 1 0 1 1 1 1 1 1 0 0 0 1 1 0 0 1 0 1 0 0 0 0 0 0 0 1 0 1 0 0 0 1 1 1 0 1 0 1 1 1 0 1 1 1 1 1 0 1 0 1 0 1 1 1 1 1 0 0 0 1 0 0 1 0 1 0 1 1 1 0 0 0 1 0 1 0 1 0 1 1 0 1 0 1 0 0 1 0 1 1 1 1 0 0 1 0 1 39 1 0 1 0 1 0 0 0 0 1 1 1 0 1 1 0 0 1 1 0 1 1 0 1 0 1 0 0 1 0 1
1 0 1 1 0 1 1 0 1 1 1 1 1 1 1 0 0 1 1 1 1 0 0 0 0 1 1 0 1 0 1 0 1 1 0 1 0 0 1 0 0 1 0 0 0 0 0 0 0 1 1 1 1 1 0 1 0 1 0 1 1 0 1 0 0 0 1 1 1 1 0 1 0 1 1 1 1 0 0 1 1 1 1 1 0 0 1 0 0 1 0 0 1 1 1 1 0 1 1 1 1 0 0 1 1 0 1 1 0 1 0 1 1 1 1 0 0 1 1 1 0 1 1 0 0 0 0 1 0 1 0 0 1 0 1 1 0 1 0 0 0 1 1 1 1 1 0 1 0 0 1 0 1 0 1 0 0 0 1 1 1 1 0 0 1 0 1 0 0 0 1 0 1 1 0 1 1 0 0 81 1 0 0 1 0 1 1 0 0 1 1 1 0 1 1 1 0 0 0 0 0 0 1 0 0 1 0 1 0 0
0 0 1 0 0 1 1 1 1 0 0 1 1 1 0 0 1 1 1 0 1 0 1 0 1 1 1 1 1 0 1 0 1 0 1 0 0 1 1 1 1 0 1 0 1 0 0 0 1 1 1 0 1 0 0 0 0 0 1 1 1 1 1 0 0 0 1 0 1 0 1 1 0 0 1 0 1 1 0 1 1 0 0 0 0 1 0 1 0 0 1 0 0 0 1 0 1 1 0 0 0 1 0 0 1 1 1 1 1 0 0 1 1 1 0 1 1 1 1 1 1 1 0 1 0 1 1 1 1 0 1 1 0 0 0 0 0 0 0 0 0 0 1 1 0 1 0 0 0 1 1 1 1 1 1 1 0 1 0 1 0 1 0 0 1 1 0 0 0 0 0 0 1 0 0 0 1 0 1 0 72 1 0 1 0 0 1 1 1 0 0 0 1 1 0 1 1 0 1 1 0 0 1 1 1 0 0 0 1 0
0 0 0 1 1 1 1 0 1 0 0 0 0 0 1 1 0 0 1 1 0 0 1 0 0 1 0 0 1 0 0 0 1 0 0 0 1 1 1 1 0 0 1 0 1 1 0 0 0 0 1 0 1 1 0 0 0 1 0 1 1 0 0 0 0 0 0 1 0 1 0 0 1 1 1 0 0 0 0 1 0 1 0 0 1 0 0 1 1 0 0 1 0 1 0 1 0 0 1 0 0 1 1 1 1 0 0 0 1 0 0 1 0 1 0 0 0 1 1 1 0 1 1 1 0 0 1 0 1 1 1 1 0 1 1 1 0 0 0 0 0 1 1 1 1 0 1 1 1 0 1 1 0 0 1 0 0 0 1 1 0 1 0 0 0 1 0 0 0 0 0 0 0 1 0 1 1 1 0 1 1 69 1 1 0 0 0 1 0 1 0 1 1 0 1 0 0 1 1 1 0 0 0 0 0 0 0 1 1 0
1 0 1 1 1 0 0 1 1 0 0 0 0 1 1 0 0 1 1 0 0 1 1 1 0 0 0 0 1 0 0 0 1 1 1 0 1 0 1 1 0 1 1 0 0 0 0 0 0 0 0 0 1 1 1 1 0 1 1 0 1 1 0 0 0 1 0 0 0 0 0 1 1 1 1 1 1 1 1 1 1 0 1 0 0 0 1 1 0 1 1 1 0 0 1 0 1 1 0 1 1 1 0 1 1 0 0 1 0 0 1 0 1 1 0 0 1 1 1 1 1 0 0 1 1 0 0 0 1 0 0 1 1 1 0 1 1 1 1 0 1 1 0 1 1 0 0 1 1 1 0 0 0 0 0 1 1 0 1 0 0 0 0 0 1 0 1 1 0 0 0 1 1 0 0 0 0 0 0 0 1 1 72 1 1 1 1 1 0 1 1 1 0 0 0 0 0 1 1 1 1 0 0 0 1 1 0 0 1 0
1 1 0 0 1 1 1 0 1 0 0 0 0 1 1 1 1 0 0 1 0 1 1 0 0 0 0 1 0 1 0 0 1 0 1 1 1 0 1 1 0 0 0 0 0 1 0 1 1 1 1 0 1 1 1 1 1 0 0 0 1 1 1 0 1 1 0 1 0 0 1 0 0 1 0 0 0 1 1 0 0 0 0 1 1 1 1 1 0 1 1 1 1 0 1 0 1 0 1 1 1 1 1 0 0 0 0 1 0 1 0 1 1 0 1 0 0 0 1 1 1 0 0 0 1 1 0 1 0 1 1 0 0 1 1 0 1 1 0 0 1 1 0 1 1 0 0 1 1 0 1 0 1 1 1 1 1 0 1 1 0 0 1 0 0 0 0 0 0 0 0 1 1 0 0 1 0 0 0 1 0 1 1 79 1 0 1 0 1 1 0 0 1 0 1 0 1 0 0 1 0 0 1 1 1 0 1 1 1 0
0 1 0 0 1 1 0 1 1 0 1 0 0 1 0 1 1 1 1 0 1 1 1 1 0 0 0 1 0 1 0 0 0 0 0 0 0 1 0 0 1 0 1 1 1 0 0 0 1 1 0 0 1 1 0 0 1 0 1 0 0 0 1 0 0 0 0 0 0 1 0 1 1 1 0 0 0 1 0 0 1 1 1 0 0 1 0 1 1 0 0 0 1 1 1 0 1 1 0 1 1 1 1 1 0 1 0 0 0 1 0 1 1 1 0 0 1 1 0 0 0 1 1 1 0 1 1 0 1 1 1 1 0 0 0 1 0 0 0 0 1 0 0 1 1 0 1 0 1 1 0 1 0 1 1 1 0 1 0 1 0 1 1 1 1 0 1 0 1 1 0 1 1 0 0 0 0 0 0 0 1 0 0 1 78 1 1 0 0 0 1 0 1 1 1 0 0 1 0 0 1 1 1 1 0 0 1 0 1 0
0 0 1 1 1 0 0 1 1 1 1 1 1 0 0 0 1 0 0 0 1 1 0 0 1 1 1 1 1 1 1 0 0 0 1 0 0 1 1 1 1 1 1 0 0 1 0 0 1 0 1 0 0 0 0 1 1 0 0 0 0 0 1 1 1 1 1 0 1 1 1 0 0 0 1 1 1 0 0 1 0 0 1 1 0 1 1 1 0 0 1 0 0 0 0 0 1 0 1 1 1 0 0 0 0 1 0 1 1 1 0 1 1 1 0 0 0 1 0 1 0 0 1 0 0 1 0 1 0 1 0 0 0 1 0 0 1 0 0 1 0 0 0 1 1 1 0 0 0 0 1 0 1 1 1 0 1 0 1 0 0 0 0 1 0 1 1 0 0 1 0 1 0 1 1 0 0 0 1 0 0 1 1 0 1 69 0 1 1 0 0 1 0 0 0 1 1 0 0 0 0 0 1 1 0 1 0 0 1 1
1 0 1 0 1 1 0 1 1 1 1 1 1 0 1 0 0 1 0 1 0 0 0 0 1 0 0 0 0 1 1 1 1 0 0 0 0 1 1 1 1 0 1 0 1 1 1 0 1 1 0 1 0 0 1 0 1 0 1 0 0 0 0 1 1 0 0 0 0 0 0 0 0 0 0 0 1 1 1 1 1 1 0 1 1 1 1 0 0 1 1 0 0 0 1 1 0 0 1 0 1 0 0 0 1 1 0 0 1 0 0 0 0 1 0 1 1 0 1 1 1 1 1 0 0 0 1 1 0 0 1 0 0 0 0 1 0 0 0 1 0 0 1 0 1 1 0 0 1 1 0 0 1 0 0 1 1 0 1 0 0 0 0 0 1 1 0 0 0 1 1 0 1 0 1 0 1 1 0 0 1 0 0 1 0 0 40 1 1 0 0 0 0 0 1 1 0 1 1 1 1 1 0 0 0 0 1 1 0 1
0 1 0 0 1 1 1 0 1 0 0 0 0 1 0 0 1 0 0 0 1 0 1 0 0 1 0 1 1 1 1 1 0 1 1 0 1 1 1 1 1 0 1 0 1 0 1 1 1 0 1 1 0 1 1 1 0 1 1 0 1 1 0 0 1 1 0 1 1 1 1 0 1 1 0 0 1 0 1 1 0 1 0 1 1 0 0 0 1 0 0 1 0 0 1 0 0 0 0 0 0 0 0 1 1 0 0 0 0 0 0 1 0 1 1 1 0 1 1 1 1 0 1 1 0 0 1 1 0 1 0 1 0 0 0 0 1 0 1 1 1 0 0 1 0 1 0 1 1 0 1 1 0 0 0 1 1 1 0 1 1 0 1 0 0 1 0 0 0 1 0 0 0 1 0 0 1 0 0 1 1 0 1 1 0 1 1 75 0 0 1 1 1 1 1 1 1 1 1 1 0 0 1 0 0 0 1 1 0 0
0 0 0 1 1 0 0 0 0 1 1 1 0 0 1 0 1 1 0 0 1 1 0 0 1 1 1 1 1 0 1 1 0 1 1 1 0 1 0 0 1 1 1 0 1 1 0 1 0 1 1 0 1 0 0 1 1 0 1 1 0 0 0 0 1 0 1 1 1 0 1 0 0 1 1 0 0 1 1 1 1 0 1 0 1 1 1 0 0 1 0 1 0 1 0 0 1 1 0 0 0 0 0 0 0 1 1 1 0 1 0 0 1 0 0 1 0 0 0 0 0 1 1 0 0 1 1 0 1 0 1 1 0 0 1 0 1 0 0 0 1 1 0 1 1 1 1 1 0 1 1 1 0 1 0 0 1 1 1 0 0 1 1 1 0 0 0 1 0 1 0 0 1 1 1 0 0 0 1 1 1 1 1 1 0 0 1 0 50 0 0 1 0 1 1 0 0 1 1 0 1 0 0 1 0 1 1 1 0 1
0 1 1 0 1 1 0 0 1 1 0 0 1 1 1 0 1 1 0 1 1 0 1 0 1 1 0 0 0 1 1 1 1 0 1 0 0 1 0 1 1 1 1 1 1 0 1 1 0 1 0 1 1 0 1 1 0 1 0 1 1 0 0 1 0 1 0 1 1 1 0 0 1 0 0 1 0 0 0 0 0 1 1 0 1 1 0 0 0 0 1 1 0 0 1 0 0 0 0 0 1 1 0 1 0 0 0 0 1 1 0 1 0 0 1 1 1 1 1 1 1 1 1 1 0 0 0 0 0 0 0 0 1 0 0 0 0 0 1 1 0 0 1 1 0 0 0 1 1 1 0 1 0 1 1 0 1 1 0 0 1 1 1 1 0 0 0 0 1 1 1 1 1 0 1 1 0 0 0 0 1 0 1 1 0 0 1 0 1 94 0 1 0 0 0 1 0 1 0 1 0 0 1 0 1 0 1 0 0 1
0 0 0 0 0 1 0 0 1 0 0 0 0 0 0 0 1 1 1 0 1 1 1 1 0 1 0 1 0 1 0 1 1 1 1 0 1 0 1 0 0 1 0 1 0 0 0 0 0 0 1 0 1 1 1 1 1 1 1 0 1 1 1 0 0 1 1 0 0 0 0 0 1 1 0 0 1 0 1 0 1 1 1 1 1 0 1 0 0 0 1 1 0 1 0 1 0 0 0 0 1 1 1 1 1 0 1 1 1 0 1 1 0 0 1 0 0 0 0 0 0 1 0 0 0 1 0 0 1 0 1 1 1 0 1 0 0 1 0 0 1 0 1 1 0 0 1 1 0 0 0 1 0 1 1 1 1 1 1 0 0 0 0 0 0 1 1 0 0 0 0 1 0 0 0 0 1 1 1 0 1 1 1 0 0 0 1 0 1 0 39 1 1 1 0 0 0 0 0 0 1 0 1 1 0 1 1 1 0 1
1 1 1 0 1 1 1 1 0 0 1 1 1 0 1 0 0 1 0 1 1 1 1 0 0 0 1 1 0 0 1 1 1 0 1 0 0 0 1 0 1 0 1 0 0 0 1 0 1 0 0 0 1 0 1 1 1 1 0 0 1 0 1 0 1 0 0 1 0 1 1 1 0 1 0 0 1 1 0 1 1 0 0 0 0 0 0 0 1 1 0 0 1 1 0 1 0 1 1 0 1 0 0 1 1 1 0 1 1 0 1 0 1 0 1 1 0 1 0 1 0 0 1 0 0 0 0 1 0 1 0 1 0 0 0 0 1 0 1 0 0 1 0 1 0 0 1 1 0 0 0 0 0 1 0 0 1 1 1 0 0 0 1 1 1 1 0 1 0 1 0 0 1 0 1 0 1 1 0 1 0 0 1 1 0 0 1 0 0 1 0 58 1 0 0 0 0 1 0 1 1 1 1 1 0 0 1 0 1 0
0 0 1 0 0 0 1 0 1 1 1 1 1 0 1 0 1 1 0 0 0 0 1 1 0 1 1 1 1 1 1 0 0 1 1 0 1 0 0 0 1 1 0 0 1 1 1 1 1 0 1 0 1 0 1 1 0 1 1 1 1 1 0 1 1 0 0 1 0 1 1 1 0 1 1 1 0 0 1 0 0 0 1 0 0 1 0 1 1 1 1 1 1 1 1 1 0 1 0 0 0 0 1 1 1 0 0 0 1 1 0 0 0 1 0 0 0 1 0 0 1 1 1 1 1 1 1 0 1 0 1 0 0 0 1 0 1 0 0 0 0 1 0 0 0 0 1 0 0 1 0 1 1 1 0 0 1 0 0 1 1 0 1 0 0 1 0 0 0 1 0 0 0 1 0 1 0 0 1 1 0 1 0 1 1 0 1 1 1 1 0 1 50 0 1 0 1 1 0 1 1 0 0 1 0 0 0 0 0 0
1 0 0 0 0 1 1 1 1 0 1 1 0 0 1 0 1 1 1 0 0 1 1 1 1 1 1 1 1 1 0 1 0 0 1 0 1 0 1 0 0 0 1 1 1 1 0 1 0 1 1 0 1 1 0 1 1 1 0 1 1 1 1 1 0 1 0 0 0 1 1 0 0 0 0 0 0 0 0 0 1 0 1 1 0 0 0 1 0 0 1 1 0 0 0 1 1 0 1 1 0 0 0 0 1 0 0 0 1 1 0 1 0 0 1 1 1 0 0 1 1 1 1 1 1 1 0 1 1 0 1 1 0 1 0 0 0 0 0 0 1 0 0 1 1 1 1 0 0 1 0 1 0 1 0 0 1 0 0 1 0 0 1 0 1 0 0 0 1 1 0 1 1 1 0 1 1 0 1 0 0 1 0 1 0 1 1 0 0 0 1 1 0 53 0 0 1 1 1 1 0 0 0 1 1 1 0 0 0 0
1 1 0 1 1 0 0 0 1 0 0 1 0 1 1 1 0 1 1 1 1 1 1 0 1 1 1 0 1 0 1 0 1 0 0 0 1 0 0 0 1 0 1 1 1 0 1 0 0 1 0 0 1 0 0 1 1 0 0 1 0 0 0 1 0 1 0 0 0 1 1 0 1 0 1 0 1 1 1 1 1 0 1 0 1 0 0 0 1 0 1 1 0 0 0 0 1 1 0 0 1 0 1 0 0 1 1 1 0 1 1 1 1 1 0 1 1 1 1 1 1 1 0 0 1 0 0 1 0 0 1 0 1 1 0 0 1 0 0 0 1 0 0 0 0 1 1 1 0 0 1 1 0 0 1 0 1 0 0 0 1 0 0 0 0 1 0 1 0 1 0 1 1 0 1 1 1 1 0 1 1 0 1 0 0 0 0 0 1 0 0 0 0 0 7 0 1 0 1 0 1 1 1 0 1 0 0 1 0 1
0 1 0 0 1 0 0 0 1 0 0 1 1 0 1 1 1 1 0 0 1 0 0 0 0 1 0 0 0 1 0 1 1 1 0 0 0 1 0 0 1 1 0 0 1 1 0 1 0 1 0 1 0 1 1 1 1 1 0 0 0 1 0 1 0 1 1 1 1 0 0 1 0 0 1 1 1 1 0 0 0 1 1 0 1 0 1 0 1 0 0 0 0 0 0 1 0 0 0 1 1 1 1 1 1 1 1 1 1 0 0 1 0 0 1 0 0 1 0 1 0 0 1 1 1 0 0 1 1 0 0 1 1 0 1 0 0 0 1 0 1 0 0 1 1 0 0 1 1 1 0 1 0 0 0 0 1 0 0 0 0 0 0 1 1 0 0 0 0 1 1 1 0 1 1 0 0 1 1 1 1 1 0 0 0 0 1 0 0 0 0 0 0 0 0 42 0 1 0 0 1 0 1 1 1 0 1 0 0 1
0 0 1 0 0 1 0 1 0 1 0 1 0 1 0 0 0 1 1 0 0 0 0 0 1 0 1 1 0 1 0 0 1 1 1 0 0 1 0 0 0 1 1 0 1 1 1 0 1 0 0 1 1 1 1 0 1 0 1 0 0 1 1 0 0 1 1 1 1 1 1 1 1 0 0 0 0 1 1 0 0 0 1 0 1 1 1 0 1 1 0 1 1 1 0 0 0 0 1 1 0 1 1 1 1 0 0 0 1 0 1 0 0 0 1 1 1 1 1 0 1 0 0 0 0 1 1 0 1 0 0 1 1 1 1 0 1 0 1 1 1 0 0 0 1 1 1 1 0 0 0 1 0 0 0 0 1 0 0 0 1 1 1 0 0 0 0 0 0 1 1 1 1 1 0 0 1 0 1 1 0 0 1 1 1 0 0 1 0 0 0 1 0 1 1 0 98 0 1 0 1 1 0 0 1 1 1 1 0 1
1 1 0 0 1 0 1 1 0 0 1 1 1 1 1 0 1 0 0 1 1 0 1 1 1 1 0 1 0 0 1 1 1 1 1 0 0 0 1 1 0 1 1 1 1 1 0 1 0 0 0 0 1 0 0 0 0 1 1 1 0 1 0 1 0 1 1 1 1 0 1 0 0 0 0 1 0 1 1 0 0 1 0 1 0 0 1 0 0 1 1 1 1 1 0 1 0 0 0 1 0 0 1 0 0 1 1 1 0 0 0 0 0 1 0 1 0 1 0 0 0 1 0 0 1 1 1 0 0 1 1 0 0 1 0 1 1 0 1 1 0 1 0 1 0 0 0 0 1 1 0 1 0 0 1 1 1 0 0 1 1 0 1 0 0 0 0 0 0 0 0 1 0 1 0 1 1 1 0 1 0 0 0 1 1 1 1 1 0 1 1 1 1 0 0 1 0 12 1 1 1 0 1 1 1 0 1 1 1 0
1 0 0 1 0 1 1 0 1 0 0 0 0 0 0 0 1 1 0 0 1 0 0 1 0 1 1 1 0 0 1 0 1 0 1 1 0 0 0 1 0 0 1 1 0 0 1 0 0 1 0 1 0 0 0 1 1 1 0 0 0 1 1 1 1 1 0 0 0 0 1 0 1 1 1 0 1 1 0 0 0 1 1 0 1 1 0 1 1 1 0 1 1 0 1 0 1 1 0 1 0 0 0 0 0 1 0 0 1 1 1 0 0 0 0 1 0 1 0 0 0 1 0 1 1 1 0 0 0 1 1 0 1 0 0 1 0 1 1 0 0 0 1 0 1 1 1 1 0 1 1 0 1 1 1 0 1 0 1 1 0 0 1 1 1 0 1 1 1 1 0 1 1 0 0 1 1 0 0 0 1 0 0 0 0 1 0 0 1 0 0 0 0 1 1 1 0 1 80 1 1 0 0 0 1 0 1 0 1 0
1 0 0 1 0 0 1 0 1 0 1 1 0 1 0 1 0 1 0 1 0 0 0 0 0 0 0 1 1 1 1 1 0 1 0 0 1 1 0 0 0 1 1 0 1 0 1 1 0 1 1 0 1 0 0 0 0 1 1 1 1 0 1 0 0 0 0 0 0 1 0 0 0 1 1 0 0 1 1 1 1 1 0 1 1 1 0 1 1 1 1 1 0 1 0 0 0 0 1 0 0 1 0 1 1 0 0 1 0 0 1 1 1 0 0 1 1 0 1 1 0 1 1 0 1 0 1 1 1 1 1 0 1 1 0 1 1 0 1 0 0 0 1 1 1 1 0 1 1 0 1 1 0 1 0 1 1 0 1 1 0 0 1 1 1 0 0 1 0 1 0 0 1 1 0 1 1 0 0 0 1 0 0 1 0 0 0 0 0 1 1 0 0 1 1 1 1 0 1 18 1 0 0 0 0 1 0 0 0 1
1 0 1 1 1 1 1 0 1 1 1 0 1 1 0 0 1 0 1 0 1 0 1 0 1 0 1 1 0 0 0 0 1 0 1 1 1 1 0 1 1 0 0 0 0 1 0 0 1 0 0 1 1 1 1 1 1 0 0 0 1 1 0 1 1 1 1 1 0 0 0 0 0 0 1 0 1 0 1 1 1 1 0 0 0 0 1 1 0 1 0 1 0 1 0 1 1 1 0 1 1 0 0 1 1 1 1 1 0 1 1 0 0 0 1 0 1 1 1 0 0 1 0 1 0 1 0 0 1 1 0 0 1 1 1 1 0 1 0 0 0 0 1 1 0 0 1 0 0 1 1 1 0 0 0 1 0 0 1 1 1 0 1 1 1 1 1 0 1 1 1 1 0 1 1 0 1 0 0 0 0 0 1 0 0 0 0 1 0 1 0 0 1 0 1 1 1 1 0 1 70 0 1 0 1 1 0 1 1 0
0 0 1 0 0 1 1 0 1 1 0 1 0 0 0 0 1 0 0 1 1 0 1 1 0 0 0 1 1 0 1 0 1 1 1 0 1 0 1 1 1 1 0 1 0 0 1 0 1 1 1 0 1 0 1 0 1 0 0 0 0 1 0 0 0 0 1 0 1 1 0 1 1 0 0 1 1 1 1 0 1 1 1 1 1 1 0 0 0 0 1 1 1 0 0 0 1 1 0 0 0 1 1 1 0 1 1 0 1 0 0 1 1 0 0 0 0 1 1 0 1 0 0 1 1 1 0 0 1 0 1 1 0 1 1 0 1 0 1 1 0 1 0 1 0 1 0 0 0 0 1 0 0 0 0 0 0 0 1 0 1 1 0 1 1 0 0 1 1 0 0 0 0 1 1 1 1 1 0 0 1 0 1 1 0 1 1 1 0 0 0 0 0 0 1 0 0 0 1 1 1 25 1 1 1 0 1 0 1 1
0 0 0 0 0 1 1 1 1 0 0 1 0 1 0 1 1 1 1 1 1 1 0 0 1 0 0 1 1 1 0 1 1 1 0 0 1 1 1 1 0 0 0 0 1 0 1 0 1 0 0 0 1 0 1 0 0 0 0 0 0 0 0 0 0 1 0 1 1 0 1 1 1 1 1 0 1 0 1 1 0 0 0 1 1 1 0 0 0 1 1 0 0 1 0 0 0 0 0 1 1 0 1 0 1 1 0 0 0 1 1 1 0 1 0 1 1 1 1 1 0 0 1 1 0 1 1 0 0 1 1 1 0 0 1 0 0 1 1 0 0 0 0 1 0 0 0 1 0 1 1 0 0 0 1 1 1 0 1 1 1 1 0 0 0 1 1 1 1 1 0 1 1 1 1 0 1 1 0 1 0 0 0 1 0 0 0 0 0 0 0 1 1 0 1 1 0 1 0 1 1 0 62 1 1 1 1 0 1 1
0 0 0 0 1 1 1 1 1 0 0 0 0 0 1 0 0 1 1 0 0 1 1 1 1 1 1 1 1 0 1 1 0 1 1 0 1 1 0 0 1 1 1 1 0 0 1 0 1 0 1 1 0 0 0 1 1 1 0 0 1 1 1 0 1 1 0 0 0 1 0 1 0 0 1 1 0 0 1 0 0 1 1 1 1 1 1 0 0 1 1 1 0 0 1 1 0 0 1 0 1 0 1 0 0 1 1 0 1 1 1 1 0 1 1 1 0 0 1 0 0 0 0 1 0 1 0 0 1 1 0 0 1 0 1 0 0 1 1 0 0 0 0 1 0 1 1 0 0 0 0 1 1 1 1 1 0 0 0 0 0 1 1 1 1 1 0 1 0 0 1 0 0 1 1 1 1 0 1 0 1 1 1 0 1 1 0 1 0 0 1 1 0 0 1 1 1 1 0 0 1 0 1 26 0 0 0 1 0 1
0 0 1 0 0 0 0 0 1 0 1 0 0 1 1 0 1 1 1 1 0 1 0 1 1 0 0 1 1 0 1 0 1 0 0 1 0 1 1 1 0 1 1 0 0 0 1 1 1 1 1 0 0 1 0 0 1 0 0 0 0 0 0 0 0 0 0 1 0 0 1 1 0 1 0 0 1 1 0 1 0 0 1 0 1 1 0 0 1 0 0 0 0 1 1 0 1 1 1 1 1 1 0 1 0 0 1 0 1 1 0 1 1 1 0 0 1 1 0 1 1 1 0 1 1 0 1 0 1 0 0 1 1 1 0 0 1 0 0 1 0 0 0 0 1 0 0 0 1 1 0 1 1 0 0 0 1 1 1 0 1 0 1 1 1 0 1 1 1 1 0 1 1 1 1 0 0 0 0 1 0 1 1 1 0 1 0 1 0 0 0 0 1 0 1 0 1 1 0 1 0 0 1 1 70 1 0 1 1 0
0 0 0 0 0 1 0 0 0 1 1 1 1 1 0 0 0 0 1 0 0 1 1 1 0 0 1 1 0 0 0 0 1 1 0 0 1 0 0 0 0 1 0 1 1 0 1 0 1 1 0 0 0 0 0 0 1 1 1 0 1 1 0 1 0 1 0 0 1 1 0 0 1 1 0 0 0 1 1 0 0 0 1 1 0 1 1 0 0 1 1 1 0 1 0 0 0 1 0 1 1 1 0 1 0 1 1 0 0 0 1 0 0 0 1 1 1 0 1 1 0 0 0 1 0 0 0 0 0 1 0 0 1 1 1 0 1 0 1 0 0 0 1 0 1 1 0 1 0 1 0 1 0 0 0 1 0 1 1 0 0 1 0 1 0 0 0 1 1 0 0 0 1 1 1 0 0 1 0 0 1 0 1 1 1 0 1 1 0 1 0 0 0 0 0 0 1 1 0 0 0 1 0 1 1 6 0 1 0 0
1 0 1 1 1 1 0 1 1 1 1 0 1 0 0 1 1 0 1 1 0 0 1 1 0 1 1 0 0 0 1 1 0 0 0 1 1 0 1 1 0 1 0 1 0 0 0 1 1 1 1 0 1 0 1 1 0 0 1 0 1 1 0 1 1 1 1 1 1 0 0 0 0 1 1 0 1 1 0 0 0 1 0 1 0 0 1 1 1 0 1 1 1 1 1 1 0 1 1 0 1 0 0 1 0 1 0 1 0 1 0 0 1 0 0 1 1 1 0 1 0 0 1 1 0 0 0 0 0 0 0 1 1 0 1 1 1 0 0 1 0 1 0 1 1 0 1 0 1 1 1 0 1 1 0 0 0 1 1 1 1 0 1 1 1 0 0 0 0 1 0 0 0 0 0 1 1 1 0 0 1 1 0 0 0 1 0 0 1 0 0 1 0 1 0 0 1 0 0 0 1 0 1 1 1 0 25 0 0 0
0 0 1 0 1 1 1 0 0 1 1 0 0 1 1 1 1 1 0 0 0 0 1 0 1 1 0 0 0 1 1 0 1 1 0 0 1 0 0 1 0 0 0 1 1 0 1 1 0 1 1 0 0 1 0 0 1 1 0 1 1 0 0 1 0 0 0 0 1 1 0 0 0 1 0 0 0 1 1 0 0 1 0 1 1 1 0 0 1 1 0 1 0 0 1 1 0 1 1 0 0 0 1 1 1 0 0 1 1 1 1 1 1 1 1 0 1 0 0 0 0 0 0 1 1 0 0 0 1 0 0 0 1 1 1 1 0 0 0 1 0 1 1 0 0 0 0 1 1 1 0 1 1 0 1 1 1 1 0 1 0 0 0 1 0 0 1 0 1 1 1 0 0 1 0 1 1 0 0 1 1 1 0 0 0 1 0 0 0 0 1 1 0 1 0 0 1 1 1 1 1 0 1 1 0 1 1 81 1 0
1 0 0 0 0 1 1 1 1 1 1 1 1 0 0 1 1 0 0 1 0 0 1 0 1 1 1 1 0 0 0 1 0 1 0 0 0 0 0 0 0 0 1 1 1 1 1 0 1 1 0 1 0 0 0 0 0 1 1 1 1 1 0 0 1 1 1 1 0 1 1 1 1 1 1 0 0 0 0 1 1 0 0 0 1 0 0 1 0 0 0 0 1 1 1 1 0 0 1 0 0 0 1 1 1 1 1 1 1 1 1 0 1 1 0 0 0 0 1 0 0 1 1 0 0 0 0 0 0 1 0 0 1 1 0 0 1 1 1 1 1 0 1 1 0 0 0 1 1 1 0 0 0 1 0 1 0 0 1 1 1 1 0 0 0 1 1 1 1 1 1 0 1 0 1 0 0 1 1 0 0 1 0 0 0 0 1 0 1 0 1 1 1 0 0 0 0 1 0 1 1 0 0 0 0 1 1 1 50 1
1 1 1 0 1 1 1 1 0 0 1 1 1 1 0 1 1 0 0 1 1 0 0 1 0 1 1 1 0 0 1 1 1 1 0 1 1 0 1 0 1 1 0 1 0 0 0 0 1 1 1 1 0 1 0 0 0 0 1 0 0 0 1 0 1 0 1 0 1 0 1 1 1 0 0 1 0 1 0 1 1 0 1 1 0 1 0 0 1 1 0 1 0 1 0 0 1 1 1 1 1 1 0 0 1 0 0 0 0 1 1 0 0 1 1 1 0 1 0 0 1 0 1 1 0 1 1 1 1 1 1 0 0 1 1 1 0 1 1 1 0 0 1 0 1 1 1 1 1 1 0 0 1 0 0 1 0 1 1 1 1 0 0 0 1 1 1 1 0 1 0 1 1 0 0 1 0 1 0 0 1 1 1 1 0 0 0 1 1 0 0 0 1 1 0 0 0 1 0 0 0 0 0 1 1 0 1 0 0 31