56
1 0 0 1 0 1 0 1 1 1 0 0 0 1 0 1 0 0 1 0 1 0 0 1 1 1 1 1 0 1 0 1 0 0 0 0 0 0 0 0 0 0 1 0 1 0 0 1 0 0 1 0 1 0 0 1
0 18 1 0 1 0 0 1 1 1 0 0 1 0 0 1 1 1 0 1 1 0 0 0 1 1 0 1 1 0 1 1 0 0 0 1 1 1 0 0 0 0 0 0 0 0 1 1 0 1 1 0 1 1 0 1
0 0 56 0 1 0 1 0 0 0 0 1 1 1 1 0 0 1 1 1 1 0 0 1 1 0 1 1 1 0 1 1 0 0 0 0 0 0 0 1 1 1 0 1 1 1 1 1 1 0 0 0 1 1 1 1
1 1 1 4 0 1 1 1 1 1 0 0 1 1 0 1 0 0 1 0 1 1 1 0 1 0 0 0 1 1 0 0 0 1 0 1 0 0 0 1 0 0 1 0 0 0 1 0 1 1 0 1 1 0 0 1
1 0 0 0 39 1 1 1 0 1 0 0 0 1 0 1 1 1 1 0 1 1 0 1 0 0 0 0 1 0 1 1 0 0 0 1 0 1 1 0 0 0 0 0 0 0 1 0 0 0 0 1 0 0 0 1
1 0 0 1 0 91 0 1 0 1 1 1 0 0 0 0 1 1 0 1 0 1 1 0 0 0 0 0 1 1 1 1 1 1 1 0 1 1 1 1 0 1 0 1 1 0 1 1 0 1 0 0 0 1 0 1
1 0 0 1 1 1 14 1 0 0 1 1 0 0 0 0 0 0 1 1 0 1 0 0 0 0 1 1 1 0 0 1 1 1 0 0 0 0 1 1 0 0 0 0 1 0 1 0 1 1 0 1 1 1 1 1
0 1 1 1 1 0 1 84 1 0 1 0 1 0 1 0 0 1 1 0 1 1 1 0 1 1 1 0 0 0 0 0 0 0 0 0 1 0 0 1 1 0 0 0 0 0 0 1 0 1 1 0 1 0 0 1
0 1 1 0 1 1 0 0 9 1 1 1 0 1 1 0 0 1 1 0 1 0 1 0 1 0 0 1 0 1 1 0 0 1 0 1 0 0 0 1 0 1 1 1 0 1 1 1 0 0 1 1 1 1 1 0
0 1 0 0 0 0 1 1 1 53 1 0 1 1 0 0 0 0 0 0 1 1 1 1 1 0 0 1 1 0 0 1 1 0 1 1 0 1 0 1 0 0 0 1 0 1 0 0 0 1 0 0 0 1 0 1
1 0 1 0 0 1 0 0 0 0 45 1 0 1 1 0 1 0 1 0 1 0 0 0 0 0 0 1 1 0 0 0 1 1 0 0 0 0 1 1 0 1 0 0 0 1 1 1 1 0 1 1 0 0 0 1
0 1 1 0 0 1 0 0 0 0 0 62 0 1 1 0 1 1 1 1 1 1 1 1 1 0 1 1 0 1 0 0 1 0 0 1 0 0 1 0 0 0 0 1 1 0 0 1 0 0 0 1 1 0 0 0
0 0 0 1 1 1 1 0 1 0 1 0 64 1 0 1 1 1 0 0 1 1 0 1 0 0 0 1 1 0 1 1 0 1 0 0 1 0 0 0 1 0 0 0 1 1 1 1 0 1 1 1 1 0 1 0
1 1 1 0 0 1 0 0 0 0 0 1 0 98 1 1 1 1 0 1 0 1 0 0 0 1 1 0 0 0 0 1 0 0 1 1 1 1 1 1 1 1 0 0 0 0 1 1 1 1 1 0 0 0 1 1
1 1 0 0 0 0 0 0 0 0 1 1 0 1 59 0 0 1 0 0 1 1 1 1 1 0 0 0 0 1 1 0 0 1 1 1 0 1 1 1 1 0 1 0 1 1 1 1 1 1 0 0 0 1 1 0
1 0 0 0 1 0 1 0 1 1 0 1 0 0 0 6 1 1 1 0 1 0 0 0 0 1 0 1 0 0 1 0 1 1 1 0 0 0 0 0 1 1 0 1 0 1 1 1 1 0 1 1 0 1 0 1
0 0 1 1 0 1 0 0 1 0 0 0 0 1 1 0 46 1 1 1 1 0 0 0 1 1 1 1 0 0 1 0 1 0 0 0 1 0 0 1 1 0 0 1 1 1 0 0 0 0 0 1 0 0 0 0
1 0 1 1 0 1 1 0 1 0 1 1 1 0 1 0 1 79 1 1 1 1 1 0 0 1 1 0 1 0 0 0 1 0 0 0 1 0 0 1 1 1 1 0 1 1 0 0 0 1 1 0 0 0 1 0
0 1 0 1 0 1 0 1 0 0 1 0 1 0 0 0 0 1 93 1 0 1 0 0 0 0 0 1 0 0 0 1 0 0 0 0 1 1 1 0 0 0 1 1 0 1 0 0 0 0 0 1 1 0 1 1
0 1 1 0 0 0 1 0 1 1 1 0 0 0 0 0 1 0 0 76 1 0 1 0 0 0 1 1 0 0 1 1 1 0 0 1 1 0 0 0 0 0 1 0 1 0 1 0 0 1 1 1 0 1 1 0
1 0 1 1 1 1 0 1 1 1 0 1 0 0 0 1 0 1 0 0 77 1 0 0 0 1 0 1 0 0 0 1 0 0 1 0 1 1 0 0 0 1 0 0 1 0 0 1 1 0 1 1 0 0 0 0
0 0 1 0 1 1 0 0 1 0 0 1 1 1 1 0 1 0 0 0 1 37 0 0 1 1 1 1 0 1 0 0 0 0 1 1 0 0 0 0 0 1 1 0 0 0 0 1 0 1 1 0 0 1 1 1
1 0 0 1 0 1 1 0 1 1 0 0 0 0 0 0 0 1 1 0 1 0 26 0 1 1 0 0 1 1 1 0 0 0 0 0 0 0 1 0 1 1 1 1 0 0 1 0 0 1 1 1 0 1 0 0
0 1 0 1 1 1 1 1 0 0 0 1 1 0 1 0 0 0 0 0 1 1 1 90 1 0 0 1 0 0 1 0 0 0 1 1 0 1 1 1 1 1 1 0 1 1 1 1 1 1 0 1 1 1 1 0
0 0 1 0 0 1 1 0 1 0 0 1 1 0 0 1 1 1 0 1 0 0 1 0 89 1 0 0 1 0 0 0 0 1 0 1 1 1 1 0 1 1 1 1 1 0 1 1 0 0 1 1 0 1 1 0
0 1 1 0 0 1 0 1 1 0 1 1 1 0 0 1 0 1 0 0 1 1 0 0 0 83 1 0 1 0 0 0 0 1 0 0 1 1 1 1 1 1 0 0 1 0 1 0 1 1 1 0 0 0 1 0
1 0 1 0 0 1 1 0 0 0 1 1 0 1 1 0 0 0 1 1 0 0 0 1 1 1 58 0 1 0 1 0 0 1 0 0 1 1 0 1 1 1 0 1 0 1 0 1 0 1 1 1 1 0 1 0
0 0 1 0 1 0 0 1 0 1 0 1 1 1 0 0 0 1 0 1 0 1 1 0 0 1 1 25 1 1 0 1 0 0 0 1 0 1 0 0 0 1 0 1 1 1 1 0 0 1 1 0 0 1 1 1
0 1 1 1 1 1 1 1 0 0 0 1 1 0 0 1 0 0 1 1 1 1 1 0 0 1 1 0 73 1 1 0 0 0 1 1 0 1 1 1 0 1 0 1 0 1 1 1 1 1 0 1 1 0 0 0
0 1 1 1 0 0 1 0 0 0 1 1 0 0 0 1 0 0 0 1 0 0 1 0 1 1 0 1 0 20 0 1 1 0 1 1 0 1 0 1 0 0 1 1 0 1 0 0 0 0 0 0 0 0 0 1
1 0 0 0 1 0 1 0 0 0 1 0 0 1 0 1 0 1 1 0 0 1 0 0 1 0 0 0 0 0 71 0 1 0 1 1 1 0 1 1 1 1 0 0 1 1 1 0 1 1 1 1 0 1 0 1
1 1 1 0 1 0 0 1 0 1 0 1 1 1 0 0 1 1 0 1 0 1 1 0 1 0 1 1 1 0 0 61 1 1 0 0 1 0 1 0 1 1 1 1 0 0 1 0 1 1 1 1 0 1 1 1
1 1 1 1 1 1 0 1 1 1 0 0 0 0 1 0 1 0 0 1 1 1 0 0 1 0 0 1 1 0 1 1 2 1 0 1 0 0 1 1 1 1 1 0 1 1 1 0 1 1 1 0 0 0 1 1
1 0 0 0 0 1 1 1 0 1 1 1 0 0 1 1 1 0 1 0 1 1 0 1 0 1 1 0 1 1 0 0 0 23 0 0 0 1 1 0 1 1 0 1 0 0 1 0 1 0 1 1 1 1 0 1
0 1 0 0 1 0 0 0 1 0 1 1 0 1 1 1 1 0 0 1 1 1 0 0 1 0 1 1 0 0 1 0 1 1 20 0 0 1 1 0 1 1 0 1 1 1 1 1 1 1 1 0 1 1 0 1
0 1 1 1 0 0 1 1 0 1 0 1 0 1 1 0 0 0 0 0 0 1 1 0 0 1 0 0 1 1 0 0 0 1 0 12 0 1 0 1 0 1 1 1 1 0 1 0 0 1 1 1 0 1 0 0
1 0 0 0 0 0 1 1 1 0 1 0 1 1 0 1 0 1 1 1 1 0 0 1 0 1 0 0 1 1 1 1 0 1 0 1 64 0 0 1 1 0 0 0 1 1 0 0 0 1 1 0 1 0 0 1
0 0 0 0 1 1 1 1 0 0 1 1 0 1 1 0 0 1 0 0 0 1 0 0 0 1 0 0 1 1 1 0 1 0 0 0 1 70 0 0 1 0 1 1 0 0 0 0 0 0 1 0 0 1 0 0
1 0 1 0 1 0 0 0 1 0 0 0 0 0 0 1 0 1 1 1 0 0 1 0 1 0 0 1 1 1 1 1 0 1 1 1 1 1 12 0 0 1 0 0 1 1 0 0 0 1 0 1 0 0 0 0
1 0 1 1 0 1 0 0 1 1 0 1 1 1 0 1 1 1 0 1 1 0 0 0 0 0 1 1 0 0 1 1 0 1 0 0 1 0 1 10 1 1 0 0 0 1 1 0 0 0 1 0 1 0 0 1
0 0 1 0 1 0 1 1 0 0 0 1 0 0 0 0 0 0 1 1 0 1 1 1 0 1 0 1 0 1 0 0 1 0 0 1 0 0 1 0 67 1 0 0 0 0 1 1 1 1 0 0 1 1 0 1
0 0 0 0 0 1 1 0 0 1 0 1 0 1 0 0 0 1 1 0 1 0 1 0 1 0 1 0 1 1 0 1 0 1 0 0 0 0 1 0 0 17 1 0 0 0 1 1 1 0 1 1 1 1 1 1
1 1 0 0 1 1 0 1 1 1 0 0 0 1 0 1 0 1 0 0 0 0 1 0 0 0 0 0 1 0 0 0 1 0 1 0 0 0 0 0 1 1 86 0 0 1 0 1 0 0 1 0 1 1 0 1
0 1 1 1 0 0 1 1 1 1 1 0 0 1 0 0 0 0 0 0 1 0 1 1 0 1 0 0 0 0 1 0 0 1 1 1 1 0 0 1 0 1 0 58 0 0 0 0 1 0 0 0 0 1 1 1
1 1 0 1 1 0 1 1 1 0 1 0 1 0 1 1 1 0 0 1 0 0 0 1 0 0 1 0 0 1 1 1 0 0 1 1 1 1 1 1 0 0 0 0 30 1 0 1 0 0 1 1 0 0 0 0
1 0 1 0 1 1 1 0 0 1 0 0 0 0 0 0 0 1 0 1 0 1 1 0 0 1 1 1 1 0 0 1 0 0 0 0 0 0 1 1 1 0 0 0 1 7 0 0 1 1 0 1 1 0 1 1
1 0 0 1 0 1 0 1 0 1 1 1 0 1 1 1 0 0 1 1 1 0 0 0 0 0 0 0 1 0 0 1 0 0 1 0 1 0 0 0 1 0 1 0 1 0 25 1 1 0 0 1 1 1 1 1
1 0 1 1 0 1 1 1 0 0 1 0 1 1 0 0 1 0 0 0 0 0 0 0 0 1 1 1 1 0 1 0 0 1 0 1 1 0 0 1 1 1 1 0 0 0 1 28 0 0 0 1 1 0 0 0
0 0 0 0 0 1 1 1 1 0 0 1 0 1 0 0 0 1 0 1 0 0 0 1 1 1 0 1 0 0 1 1 0 1 0 0 0 0 0 0 1 0 1 0 0 1 1 0 41 1 0 1 0 0 1 1
1 1 0 0 0 0 1 0 0 0 1 1 1 1 1 0 0 0 0 1 1 1 0 1 0 1 0 1 0 0 0 0 0 1 1 0 1 0 0 1 1 1 0 1 1 1 1 1 0 83 1 0 0 1 1 0
1 1 1 0 0 0 1 0 0 1 1 1 0 1 1 0 0 1 1 1 1 0 0 1 0 1 1 0 1 1 1 1 1 1 1 1 0 0 1 1 0 1 0 0 0 0 1 0 0 0 40 1 0 0 0 1
1 1 1 0 0 0 1 0 0 1 1 1 0 1 0 1 0 0 0 0 0 1 0 0 1 1 1 1 1 0 1 0 1 1 0 1 0 1 0 0 0 0 1 1 1 0 1 1 1 1 1 52 1 0 1 1
0 1 0 0 1 0 0 1 0 1 1 1 0 1 1 1 0 1 1 1 1 0 0 0 0 1 0 1 0 1 1 1 0 0 0 0 1 0 0 0 1 1 0 0 1 0 0 1 0 0 0 1 45 1 0 0
1 1 0 0 0 1 1 1 0 0 0 1 0 0 0 0 1 1 0 1 0 1 1 1 1 1 1 1 0 0 1 1 1 0 1 0 1 0 0 1 0 0 1 0 0 0 0 0 0 1 1 0 1 1 1 0
0 0 1 1 0 1 0 0 0 1 0 0 0 1 0 1 0 0 0 1 0 0 0 0 1 1 1 0 0 0 1 0 0 0 1 0 1 0 0 0 0 0 0 0 1 0 1 0 0 0 0 0 0 0 13 1
0 0 1 0 0 1 0 1 1 1 0 1 1 0 0 0 1 0 0 0 1 0 0 0 1 1 1 0 0 0 1 1 1 0 0 1 0 0 0 0 1 1 0 0 0 0 0 0 0 1 0 0 1 1 1 6
