60
16 1 0 1 1 1 0 1 1 0 0 1 0 1 1 0 0 0 0 1 0 1 0 1 0 1 1 1 1 1 1 0 0 0 0 1 0 1 1 0 0 1 0 0 1 0 1 0 0 0 0 0 1 0 0 0 1 0 0 1
1 15 1 1 0 0 0 0 1 1 0 0 0 0 0 1 1 1 0 0 0 1 1 0 0 0 1 0 1 1 1 1 0 1 0 1 0 1 0 0 0 0 0 0 0 1 1 1 0 0 1 1 0 1 1 1 0 0 0 1
0 0 53 0 0 1 1 1 0 0 0 0 1 0 1 0 1 1 0 0 1 1 0 1 0 1 0 0 0 1 1 1 1 0 0 1 0 0 1 1 1 1 0 0 0 1 0 0 1 1 0 1 0 1 0 0 1 0 0 1
0 1 0 65 1 0 1 0 1 1 1 1 1 0 1 0 0 1 1 1 1 1 0 0 0 1 1 0 0 0 1 1 1 0 1 1 0 0 1 0 1 1 0 0 1 0 1 1 1 0 1 0 0 0 1 1 0 0 0 1
1 1 0 0 90 1 1 0 0 0 1 1 0 0 0 1 1 1 1 0 1 0 1 0 1 1 0 1 1 0 1 0 0 1 0 0 0 1 1 0 0 1 1 1 1 1 1 1 0 1 0 1 0 1 1 0 1 1 0 1
0 1 0 1 0 94 0 0 0 1 0 1 1 0 0 1 1 1 0 1 0 1 1 0 1 0 0 0 1 0 0 1 1 1 1 0 1 1 1 1 1 1 1 0 0 0 0 1 1 1 1 0 0 1 0 1 0 1 1 1
0 0 0 1 1 1 23 1 0 0 0 0 1 1 1 0 1 1 0 1 1 0 1 0 0 0 1 0 1 1 0 1 0 0 0 0 1 0 1 0 0 1 1 1 0 0 0 1 0 0 1 1 0 0 0 0 1 0 1 0
1 0 0 0 1 0 0 85 0 0 0 1 0 0 1 0 1 1 0 1 1 0 1 1 1 0 1 1 0 0 0 0 0 0 1 0 1 0 1 1 1 0 1 1 0 1 1 0 1 1 1 1 0 1 0 0 1 1 1 1
0 0 0 0 0 0 0 0 53 0 1 0 1 0 0 1 0 1 1 1 1 0 1 1 0 1 1 0 0 1 0 1 1 1 0 1 1 1 1 0 1 0 0 1 0 0 1 1 0 1 0 1 0 1 0 1 1 1 0 1
1 0 0 0 1 1 1 0 0 14 1 1 0 0 0 0 1 0 0 1 1 0 0 1 1 1 1 0 1 1 1 0 1 1 0 1 0 0 0 0 0 0 1 1 0 0 0 0 0 1 1 1 1 1 1 1 0 0 0 0
0 1 1 0 1 0 1 1 1 0 13 0 1 0 0 0 1 1 1 1 1 1 0 0 0 0 0 0 1 0 1 0 1 1 0 1 0 0 0 0 1 0 0 1 0 0 1 1 1 0 0 1 0 0 0 0 0 0 0 0
0 0 1 1 1 1 0 1 0 1 1 17 0 0 1 0 0 0 0 0 1 1 0 1 1 0 0 1 0 0 0 1 0 0 0 1 0 0 0 0 0 1 1 1 0 1 0 1 1 0 0 1 1 0 0 0 1 0 1 1
1 0 0 1 1 0 1 0 0 1 1 0 34 1 1 1 0 0 0 1 0 1 1 1 0 0 1 1 1 0 0 1 1 0 1 1 1 1 0 1 1 1 0 0 0 1 1 0 0 1 0 1 0 1 1 0 1 0 1 0
1 0 0 1 0 1 0 1 0 1 0 0 0 20 0 0 1 0 1 0 1 0 1 0 1 0 1 1 0 0 0 0 1 1 0 1 0 0 1 0 0 1 0 1 1 0 0 1 0 0 0 0 0 1 0 1 1 1 1 1
0 1 1 0 1 0 1 1 0 0 1 1 0 0 43 1 1 0 1 1 1 1 1 0 1 0 1 0 1 0 1 0 1 0 1 1 0 0 1 1 1 0 1 0 0 0 1 0 0 0 0 1 1 1 0 1 0 1 1 1
1 1 1 0 0 0 0 1 0 0 0 0 1 0 0 0 1 1 0 0 0 0 0 1 0 1 0 1 0 0 1 1 0 1 1 1 0 0 1 1 0 1 0 1 0 1 0 0 0 1 0 0 1 0 1 0 1 1 1 0
1 0 1 1 1 0 1 0 0 1 1 0 0 1 1 1 50 1 1 1 0 0 0 1 0 0 1 0 0 1 1 0 0 0 0 0 0 1 1 0 0 1 0 1 0 1 0 0 0 0 0 1 0 1 1 0 1 0 1 1
1 1 1 1 1 0 0 0 0 1 1 1 0 0 1 1 0 44 1 1 1 0 0 0 0 1 0 1 0 1 0 1 0 0 1 1 0 1 0 1 0 0 1 0 1 0 0 0 0 1 0 1 0 1 0 0 0 0 0 0
1 0 0 1 0 1 1 1 0 1 0 1 1 1 1 0 1 1 84 0 0 0 1 0 1 1 0 1 1 1 1 1 1 1 0 1 0 1 0 1 1 1 1 0 0 0 1 1 0 0 0 0 1 0 1 0 1 1 0 1
1 0 1 1 0 1 0 0 1 0 0 1 1 1 0 1 1 1 0 15 1 1 0 0 0 1 0 0 0 1 1 0 1 0 1 1 1 0 0 1 1 1 0 0 0 0 1 1 1 1 0 0 0 1 1 1 0 0 1 0
0 0 1 1 1 1 1 0 0 1 1 0 0 1 1 0 0 0 1 1 50 1 0 0 1 0 0 1 0 1 1 1 0 0 0 0 0 0 0 0 1 0 0 1 1 1 0 0 1 0 1 1 1 1 0 0 1 1 1 0
0 0 0 0 0 0 0 0 1 1 1 0 0 0 0 0 1 1 0 0 0 9 1 1 0 0 1 0 0 1 0 0 1 0 1 0 0 1 0 1 1 0 0 1 1 1 0 0 0 0 0 0 0 0 1 0 0 0 1 0
0 1 0 1 1 0 0 0 1 0 1 1 1 1 1 0 1 0 0 1 0 1 49 1 0 1 0 0 0 0 1 0 1 0 1 0 0 0 1 1 1 1 1 1 1 1 1 0 1 1 0 0 0 0 1 1 0 0 1 0
0 0 0 1 0 0 1 0 0 0 1 1 1 1 1 0 0 1 1 1 0 1 0 94 0 0 1 1 0 0 1 0 1 0 0 0 0 0 0 1 1 0 1 0 0 0 1 1 0 1 1 1 1 1 1 0 0 0 0 1
0 1 1 0 0 0 0 1 0 1 0 1 0 1 1 1 1 1 1 1 1 1 1 1 93 1 1 0 0 0 0 0 1 1 1 1 1 1 1 1 1 1 0 1 0 0 1 0 0 1 0 0 1 0 0 0 0 1 1 1
0 0 0 1 0 1 0 1 0 0 1 0 0 0 0 0 1 0 1 0 0 0 0 0 0 68 1 1 1 0 1 1 0 0 0 0 0 1 0 0 0 0 1 1 1 1 0 0 0 1 1 1 0 0 1 1 1 1 0 1
1 0 1 0 1 0 1 0 1 0 1 1 0 1 0 1 0 1 1 0 1 0 0 1 0 0 75 1 1 1 1 0 1 0 1 0 1 1 0 1 0 0 0 0 1 0 1 0 0 1 1 0 1 0 1 1 0 1 0 1
0 1 1 1 0 1 1 0 0 1 1 0 0 0 1 0 1 1 1 1 0 1 0 0 0 1 1 99 0 1 0 1 0 0 1 0 1 0 0 1 1 1 0 0 0 1 0 1 1 0 1 1 1 0 1 1 0 1 0 0
0 0 1 0 1 0 1 1 1 1 1 1 1 0 0 1 1 1 0 1 1 1 0 0 1 0 0 0 43 0 1 1 0 1 1 0 1 1 1 0 0 0 0 0 1 1 0 0 1 1 0 0 1 0 0 0 0 0 1 0
1 1 1 1 0 0 0 1 1 1 1 1 0 0 1 1 0 1 0 0 1 1 0 1 0 1 0 0 0 34 1 0 0 1 1 0 1 1 1 1 1 0 1 0 1 0 1 1 0 1 0 1 1 1 0 0 1 1 0 1
0 0 0 1 1 1 0 0 1 1 0 0 0 0 1 0 1 0 1 1 1 0 1 0 1 0 1 0 1 0 78 1 0 0 1 1 1 1 1 0 0 1 0 0 1 0 1 1 1 0 1 1 1 0 1 1 0 1 0 1
1 1 0 0 1 1 0 1 0 0 1 1 1 1 0 1 0 0 0 0 1 0 1 0 1 0 0 1 0 1 1 7 0 0 1 0 1 1 0 1 0 0 0 0 0 0 0 1 0 1 0 1 1 0 0 0 0 1 0 1
0 1 1 1 0 0 1 1 1 1 1 1 0 1 0 1 0 0 0 1 0 0 0 1 1 0 0 0 1 1 0 1 60 1 0 1 0 1 1 0 0 0 0 0 0 0 0 0 1 0 1 0 1 0 0 0 0 1 1 1
0 0 1 1 0 0 0 0 0 0 1 0 0 0 0 1 1 1 0 0 1 0 1 1 1 0 1 1 0 1 0 0 0 1 1 1 0 1 1 0 0 1 0 0 0 0 0 0 1 1 0 0 0 0 1 1 0 0 0 1
1 0 0 1 0 1 0 1 1 1 0 0 0 1 1 1 1 0 0 0 1 1 0 0 1 1 0 1 1 1 1 0 1 1 29 0 0 1 1 0 0 0 0 1 1 0 1 1 1 1 1 0 1 0 0 1 0 0 0 0
1 1 1 0 0 0 1 1 1 1 1 1 1 1 1 1 1 0 0 1 0 1 0 0 0 0 1 0 0 0 1 1 0 0 0 36 1 0 0 1 1 1 1 0 0 0 1 0 0 1 0 0 1 0 0 1 1 0 0 0
0 0 1 0 0 0 0 1 0 1 1 1 1 1 1 0 0 0 0 1 1 0 0 1 1 1 0 0 1 1 0 0 0 1 0 0 87 1 0 0 0 0 0 0 0 1 0 1 0 1 1 0 0 1 0 1 0 0 1 1
0 0 0 1 1 1 0 0 0 0 0 1 0 1 1 0 1 0 0 1 0 1 0 1 1 0 0 1 0 0 0 0 0 1 1 1 1 58 0 0 1 1 0 1 0 1 1 1 0 1 0 1 1 1 1 1 1 1 0 1
1 1 0 1 1 1 0 0 1 0 0 1 0 1 1 0 0 1 0 0 1 1 0 0 0 0 1 1 0 1 1 1 0 1 0 1 0 0 52 1 0 1 1 0 1 1 0 0 0 0 0 0 0 1 0 0 1 1 1 0
1 0 0 1 1 0 1 0 0 0 0 0 1 0 0 1 0 0 1 0 0 0 1 0 1 1 1 0 0 0 1 1 0 1 0 0 0 0 1 40 1 0 0 0 0 1 1 0 0 0 0 1 1 0 0 1 0 0 0 0
1 1 0 1 0 0 0 1 1 0 0 0 0 1 0 0 0 0 1 0 1 0 1 0 0 0 0 0 0 0 0 1 1 0 0 0 0 1 0 0 13 0 0 1 1 0 1 1 0 1 0 0 0 1 1 0 0 0 1 0
0 1 0 1 1 0 1 1 1 1 1 1 1 0 1 0 0 0 0 1 1 0 0 0 0 0 0 0 1 1 1 1 1 0 1 1 1 0 1 0 1 63 1 1 1 0 0 1 1 1 0 1 0 0 0 1 0 1 1 1
0 1 1 1 1 1 0 0 1 0 0 0 1 0 0 1 1 1 0 0 1 1 0 1 0 0 1 1 1 0 0 1 0 0 0 1 1 1 1 0 1 1 41 1 1 1 1 0 0 0 1 0 1 0 1 0 1 1 0 0
0 1 0 0 1 0 0 1 1 0 0 0 1 0 0 1 1 0 0 1 1 1 1 1 0 0 1 1 0 0 0 1 0 1 1 0 1 0 0 0 0 1 0 79 1 0 0 1 1 0 0 1 0 1 1 0 1 0 0 0
0 1 1 0 1 0 0 1 1 1 1 0 0 1 1 0 1 0 0 0 1 1 1 0 0 0 1 1 1 1 0 0 1 0 1 1 0 0 0 0 0 1 1 0 17 0 1 0 1 0 0 0 1 1 1 1 0 0 1 0
1 0 1 1 0 1 1 0 0 1 1 1 0 0 1 0 1 0 1 1 1 0 0 1 0 1 1 1 0 0 1 0 0 0 1 0 1 0 1 0 1 0 0 0 1 90 0 1 0 1 0 1 0 0 1 0 0 1 1 0
1 0 1 1 0 0 0 0 0 1 1 0 0 1 0 0 0 0 0 0 0 1 1 1 0 0 0 1 1 0 1 0 0 0 0 1 0 0 0 0 0 1 0 0 0 0 92 0 0 0 1 0 1 1 1 0 0 1 1 1
1 1 0 1 0 0 0 1 1 0 0 1 1 0 1 1 0 0 0 1 0 1 0 1 1 1 0 1 0 1 1 1 0 1 0 0 1 1 0 1 1 0 1 0 1 0 1 7 0 0 0 0 0 1 0 1 1 0 1 1
1 1 1 0 0 0 1 0 1 0 0 1 0 1 0 0 0 0 0 0 0 1 0 1 1 1 1 0 0 1 0 0 0 0 1 0 0 1 0 1 1 1 0 1 1 0 1 0 34 0 1 1 0 1 1 1 0 0 1 0
0 1 1 0 1 1 1 1 1 1 0 1 1 1 1 1 1 0 1 1 1 1 0 0 0 1 1 0 0 1 1 0 0 1 0 1 1 0 1 1 1 1 1 0 0 0 1 1 0 85 1 0 0 1 1 1 0 1 1 1
1 0 0 0 1 0 0 1 0 1 1 0 1 0 1 1 0 0 1 1 0 1 1 0 0 1 0 1 0 0 1 0 0 1 0 1 0 1 1 0 1 0 1 1 0 1 0 1 1 0 95 1 1 0 1 0 0 0 1 0
1 0 0 0 1 0 0 0 0 0 1 1 1 1 0 0 1 0 0 1 0 0 1 1 0 0 1 0 0 0 1 0 0 0 0 1 1 1 0 1 0 1 1 1 0 0 1 0 1 0 0 78 1 0 0 1 1 0 1 0
1 1 1 0 0 1 1 1 0 1 1 1 0 1 0 0 0 0 0 1 1 1 1 1 0 1 1 1 1 1 0 0 0 1 1 0 0 1 1 0 0 1 1 0 0 0 1 0 1 0 0 1 12 1 0 1 1 1 1 1
0 0 0 0 1 0 1 0 0 0 0 0 1 0 1 1 0 0 1 0 1 0 0 1 1 1 1 0 1 0 1 0 0 0 0 1 1 0 0 1 1 0 1 1 0 0 0 1 0 1 1 0 1 29 0 1 1 0 0 0
0 0 0 0 1 0 1 0 0 0 0 1 1 0 1 0 0 0 1 0 1 1 0 1 1 0 1 0 0 0 0 0 0 1 1 1 0 0 0 1 1 1 1 0 1 1 0 0 0 0 1 1 1 1 33 1 0 0 1 1
1 1 1 1 1 1 1 1 1 0 1 1 0 1 0 1 0 1 1 0 1 0 1 1 1 1 0 0 0 0 1 0 1 1 1 0 0 0 0 1 1 0 1 0 1 0 1 0 0 0 0 1 1 1 0 55 0 0 0 0
0 0 0 0 0 0 0 0 1 1 1 0 1 1 0 0 1 1 1 1 0 1 0 0 1 1 0 1 1 0 0 0 0 0 1 1 0 0 1 0 1 0 0 1 1 1 0 0 0 0 1 0 1 1 0 1 25 0 0 0
0 0 0 1 0 0 1 1 0 1 0 1 1 0 1 1 1 0 0 0 0 1 0 1 1 1 0 0 1 1 0 0 0 0 0 1 0 1 0 1 1 1 0 1 1 1 0 0 1 1 0 0 1 0 1 1 0 14 1 0
0 1 1 0 1 1 0 1 0 0 1 0 1 1 0 0 1 0 1 0 1 1 1 1 1 1 1 1 1 0 0 0 0 0 1 1 0 0 0 1 1 1 0 1 0 1 1 0 0 1 1 1 1 1 1 0 1 1 9 0
1 1 1 1 0 1 0 1 0 0 0 1 0 1 0 0 0 0 1 0 1 1 0 0 1 0 0 0 0 0 1 1 0 0 0 1 1 0 0 0 0 0 0 0 0 0 0 0 1 0 1 0 0 0 1 0 0 0 1 20
