88
71 0 0 0 0 0 1 0 1 1 1 0 0 0 1 0 1 1 0 0 1 1 1 0 1 1 0 0 1 0 1 1 1 1 0 0 1 1 1 1 1 1 0 1 1 1 0 1 0 0 0 0 1 0 0 1 0 0 1 1 1 1 1 1 1 1 0 0 0 0 0 0 0 0 1 0 1 1 1 1 1 1 1 0 0 1 1 0
1 67 0 1 0 1 0 1 0 1 1 1 0 0 0 0 0 1 1 0 0 0 0 0 0 0 0 1 0 0 0 1 1 0 0 0 0 1 1 1 1 0 0 0 0 1 1 1 1 0 0 0 1 0 1 1 1 1 0 0 1 1 0 0 0 1 1 0 1 1 0 0 0 0 1 0 0 1 1 0 1 0 0 0 0 1 0 1
0 1 88 1 1 1 1 0 1 1 1 0 1 1 0 0 0 0 0 0 0 1 1 0 0 1 1 0 1 0 1 0 1 1 1 1 0 1 0 0 0 0 1 0 0 0 0 0 1 1 0 1 0 0 1 0 1 0 1 0 0 0 1 1 0 1 0 1 0 1 0 0 0 0 0 1 0 1 1 1 1 1 0 1 1 1 0 1
0 1 1 42 0 1 0 0 1 1 1 0 0 1 0 0 0 1 0 1 0 0 1 1 0 1 1 0 0 0 0 1 1 1 1 0 1 1 1 1 0 0 0 0 0 1 0 1 1 1 0 0 1 1 1 1 0 1 1 1 1 1 0 0 0 0 0 1 1 0 1 1 0 1 1 0 1 0 1 1 1 0 0 0 1 1 1 1
0 0 1 1 20 0 1 0 1 1 1 0 0 1 0 0 1 0 1 1 0 0 0 0 0 0 1 0 1 0 0 0 1 0 1 1 1 1 1 1 1 0 1 1 1 0 1 1 1 0 1 1 0 0 0 1 0 0 0 1 1 0 1 1 1 0 1 0 0 1 0 0 1 1 1 0 1 1 0 1 0 0 1 1 0 1 0 0
1 0 1 1 1 63 1 0 1 0 0 0 1 0 1 0 0 1 1 0 1 0 0 0 0 1 1 0 0 1 1 0 0 1 0 1 1 1 1 0 0 0 0 1 0 0 1 1 0 0 1 0 1 0 1 0 1 1 1 0 0 0 1 0 1 1 0 1 0 0 1 1 1 1 1 1 0 1 0 1 1 0 0 1 0 1 1 0
0 1 0 0 1 1 82 0 0 1 1 0 0 1 1 0 1 0 0 1 0 0 1 0 0 0 0 1 0 1 0 0 1 0 1 0 1 1 0 0 0 1 1 1 0 0 1 1 0 1 1 1 1 1 0 1 1 1 1 1 1 1 0 0 0 1 0 1 1 1 0 0 1 0 0 0 1 1 1 1 1 1 1 1 0 1 0 0
1 1 0 1 0 0 0 31 1 0 0 0 0 0 0 1 1 0 1 0 0 1 0 0 1 1 0 0 0 0 0 1 0 1 0 1 1 1 0 0 1 0 0 0 1 1 0 0 0 1 0 0 1 1 0 1 0 0 0 0 0 0 1 1 0 0 0 1 1 1 1 1 1 0 0 0 1 1 0 0 1 0 0 1 1 1 1 1
1 1 1 1 0 1 0 0 43 1 1 0 0 0 0 0 0 1 0 0 0 0 0 0 0 0 0 1 1 0 0 1 1 0 0 0 0 0 0 1 0 1 1 0 0 1 1 0 1 1 0 0 1 0 1 1 1 0 0 0 1 1 0 1 1 1 1 0 0 0 0 0 1 1 1 0 0 1 1 1 1 1 1 1 0 1 0 1
0 0 0 0 0 1 1 1 0 49 0 0 0 1 0 0 0 1 1 0 0 1 0 1 1 1 0 0 1 0 0 1 1 0 1 0 0 1 0 1 0 0 0 0 1 0 0 0 0 1 0 1 1 0 1 1 0 1 0 0 1 1 0 1 0 1 0 0 1 1 0 0 0 1 1 0 0 0 0 0 1 1 0 1 0 1 0 1
1 1 1 1 1 0 0 1 1 0 62 1 0 0 1 1 1 0 0 1 1 1 1 1 0 0 1 0 1 1 1 1 1 0 0 1 1 0 0 0 1 0 1 0 0 0 0 0 0 0 1 1 1 1 1 1 0 0 0 0 1 1 1 1 0 1 0 1 1 0 1 1 1 0 1 1 1 1 0 0 0 1 0 0 0 0 1 1
1 0 1 0 1 1 1 1 1 0 0 18 1 0 0 1 0 1 1 1 0 0 0 1 1 0 1 0 1 0 0 0 1 0 1 0 1 1 1 1 1 1 1 0 0 1 0 0 1 1 0 0 1 1 0 0 1 0 1 1 0 0 1 1 1 0 0 1 0 1 0 0 1 0 1 1 0 0 1 0 0 0 0 0 0 1 1 1
1 1 1 1 0 0 0 0 0 1 1 0 11 1 1 0 1 1 1 0 1 1 0 0 1 1 1 1 1 1 0 1 0 1 0 0 1 1 0 1 1 1 1 1 0 0 1 1 0 1 1 1 0 1 0 0 0 0 0 0 0 1 0 1 1 0 0 1 1 1 0 1 1 1 1 1 1 0 1 0 1 0 0 0 1 0 0 0
1 0 1 1 0 0 1 0 1 0 1 1 1 54 0 0 0 0 0 0 1 0 1 1 0 1 0 0 1 0 0 0 1 0 0 1 0 1 1 1 1 0 1 1 0 0 0 0 0 0 0 1 1 0 1 0 0 0 1 0 1 0 0 1 0 1 1 1 0 0 1 1 0 0 0 0 1 0 1 1 1 1 1 1 0 0 1 1
1 0 0 1 0 0 0 1 0 0 0 1 1 1 6 1 0 0 1 1 0 1 0 1 1 0 0 0 1 0 0 0 1 0 1 0 0 0 0 1 0 1 0 1 0 0 1 1 0 0 0 0 0 0 0 1 1 0 0 0 1 0 1 1 0 1 0 1 0 0 0 0 1 0 0 1 1 0 0 0 1 0 1 0 0 0 1 1
1 1 1 1 1 1 1 0 0 1 0 0 0 1 0 6 1 0 1 1 0 0 1 0 1 0 1 0 1 0 0 0 0 1 0 1 1 1 1 1 0 1 0 0 1 0 0 0 0 0 0 1 0 1 0 1 1 1 0 1 1 1 0 0 0 0 0 0 0 0 0 1 1 1 0 1 0 1 0 0 1 1 0 1 1 1 0 1
1 1 1 0 1 1 0 1 1 1 1 1 0 0 0 0 11 1 1 1 1 0 1 1 0 1 1 1 1 0 0 1 1 1 0 1 1 0 1 1 0 1 0 1 1 1 0 1 0 1 0 1 0 1 1 0 0 0 0 0 1 1 1 0 0 0 0 0 0 1 1 1 1 0 1 0 0 1 0 0 1 1 0 0 1 1 1 0
0 0 0 1 0 1 1 0 1 1 1 0 0 1 1 0 1 86 1 1 1 0 1 1 1 1 1 0 0 1 1 1 0 1 0 0 0 0 1 1 0 1 1 0 0 1 0 1 0 0 0 0 0 1 0 0 0 1 0 1 0 0 0 0 1 1 0 1 0 0 1 0 1 0 0 0 1 0 1 0 1 0 1 1 1 0 1 1
0 1 1 0 0 1 0 1 0 0 0 0 0 1 1 1 0 1 41 0 0 1 0 0 0 0 0 1 0 1 0 1 0 1 0 1 1 0 0 0 1 0 1 1 1 1 0 1 1 0 0 0 0 1 1 0 1 0 0 0 1 1 1 0 0 1 1 0 0 1 1 0 0 1 0 1 1 0 0 0 1 1 1 1 1 0 0 0
0 0 1 0 1 1 1 1 1 1 1 0 1 1 1 1 0 0 0 10 1 1 0 1 0 1 0 1 1 0 0 1 0 0 1 1 0 0 1 0 1 1 1 1 1 0 1 1 1 0 0 0 1 0 1 0 1 1 1 0 0 1 1 1 1 1 0 1 0 0 1 0 1 1 1 0 1 1 1 1 1 1 1 0 0 1 0 1
1 1 1 0 0 0 1 1 1 0 0 1 1 1 1 0 1 1 1 0 25 0 1 1 1 0 0 1 1 1 0 1 1 0 0 1 1 1 1 0 0 1 1 0 0 1 0 0 1 1 1 1 1 1 0 1 0 0 1 0 1 1 1 0 0 0 1 1 1 0 1 1 1 1 1 1 0 1 0 1 1 1 1 0 1 0 0 0
0 0 1 1 1 0 0 0 0 1 0 1 0 1 1 1 1 1 1 0 1 26 1 1 0 1 0 0 1 0 0 1 0 0 1 0 1 1 0 1 1 1 1 1 0 0 0 1 0 1 1 0 1 0 0 0 1 1 1 1 0 0 0 0 0 1 0 0 0 1 0 0 1 1 0 1 1 1 0 0 1 0 1 0 0 0 0 0
1 0 1 0 1 0 1 1 0 1 0 0 0 1 0 1 0 1 0 0 1 1 63 1 1 0 1 1 0 1 0 0 1 0 0 1 1 0 0 0 1 1 1 1 0 1 0 0 1 1 1 1 1 0 1 1 1 1 1 0 1 0 0 0 1 1 0 0 0 1 0 1 0 0 0 0 0 0 1 1 1 0 1 1 0 0 0 1
0 0 1 1 1 0 1 1 1 1 1 0 1 0 0 0 1 1 1 0 0 1 0 93 0 0 0 1 1 1 1 0 1 0 1 0 1 1 1 1 0 0 0 0 1 0 0 0 1 0 0 0 1 0 0 0 1 0 0 1 0 0 1 1 0 0 1 1 1 1 1 0 1 0 1 0 1 0 0 0 1 1 1 1 0 0 1 0
0 1 0 1 0 1 1 1 0 0 0 0 0 0 1 1 0 0 1 0 0 0 0 1 6 1 0 0 0 0 0 1 1 0 0 1 0 0 1 1 0 1 1 0 1 1 0 1 1 1 1 1 0 0 1 0 0 1 1 1 1 1 1 0 0 0 0 0 0 1 1 1 1 1 1 0 0 1 0 0 1 0 1 0 1 1 0 1
1 0 1 1 0 1 0 0 0 1 1 1 0 1 0 0 1 1 0 0 0 1 1 0 0 79 0 1 0 0 0 0 1 0 1 0 1 1 1 0 0 0 1 1 0 0 1 0 0 1 0 1 0 0 0 1 0 0 0 1 0 0 0 1 1 0 1 1 1 1 0 0 1 1 0 1 1 1 1 1 0 1 0 0 0 0 0 0
0 0 1 1 1 0 1 1 1 0 1 0 0 0 1 0 1 1 0 1 0 1 0 0 0 0 39 0 0 1 0 0 1 0 1 0 0 0 1 1 0 0 1 1 1 0 1 0 1 0 1 0 0 1 1 0 0 0 0 1 1 1 1 1 0 1 1 1 0 0 0 0 1 1 1 1 1 0 0 0 1 1 0 1 0 0 0 1
0 1 1 0 0 0 1 0 0 1 1 0 0 0 0 1 0 1 1 0 1 0 0 1 1 1 1 88 0 1 0 1 1 1 1 1 0 1 0 0 1 1 1 1 1 1 1 1 1 1 1 0 1 1 1 1 0 0 1 0 1 1 1 1 0 0 0 0 0 1 0 0 0 1 0 1 0 0 1 0 0 0 1 0 1 0 1 1
0 1 1 0 0 0 1 1 0 0 0 1 0 0 1 1 0 0 1 1 1 0 1 0 1 0 0 0 17 1 1 1 0 0 1 0 1 1 0 1 1 1 1 0 1 1 0 1 1 0 0 1 1 1 0 1 1 1 0 0 1 1 0 0 0 1 0 1 0 0 0 1 0 1 0 0 1 0 1 1 1 1 0 1 1 0 1 1
1 0 0 0 1 0 0 0 0 0 1 1 1 1 0 1 1 1 1 0 0 0 0 1 1 0 1 1 1 95 0 1 1 0 0 1 0 0 1 1 1 0 1 0 0 0 1 0 1 1 1 0 0 0 1 1 0 0 0 1 1 0 0 1 0 0 1 1 1 0 1 0 0 1 1 1 0 1 0 1 0 1 0 0 1 1 0 1
0 1 1 1 1 0 0 0 1 0 0 0 1 1 0 1 0 0 0 1 0 1 0 1 1 0 0 0 0 1 38 1 1 0 1 1 0 0 0 1 0 0 0 1 1 1 1 1 0 0 1 0 0 1 1 0 1 0 1 1 1 0 1 1 1 0 1 0 1 1 1 0 1 0 0 0 0 1 1 1 0 0 0 0 0 1 0 1
0 1 1 1 0 0 0 1 1 1 1 0 1 1 0 0 1 1 1 0 0 1 0 0 0 1 1 0 0 0 1 6 1 0 1 0 1 1 1 1 1 0 1 0 0 0 1 0 0 1 0 1 1 1 0 0 0 0 1 0 1 0 1 0 1 1 0 0 1 1 1 1 1 0 1 0 1 0 1 1 1 1 0 0 1 1 1 1
1 1 1 0 1 1 1 1 0 1 1 1 0 0 1 0 1 0 1 1 1 0 1 0 0 1 0 0 1 0 1 1 56 1 1 0 0 0 0 1 0 1 0 0 0 0 1 1 0 1 0 0 1 0 0 0 1 0 1 1 0 0 0 0 1 0 0 1 1 1 1 0 1 0 1 0 0 1 0 0 1 0 0 1 1 0 1 0
1 0 1 0 1 1 0 1 1 1 1 1 1 1 1 1 0 0 0 1 0 0 0 0 0 0 0 1 0 0 0 1 1 35 0 1 0 0 1 0 0 0 0 0 1 1 1 1 1 0 0 0 1 1 0 1 0 1 0 0 1 0 0 0 1 1 0 0 1 0 0 0 1 1 0 1 0 1 1 0 1 0 1 1 0 0 1 0
1 1 1 0 1 0 1 0 0 1 1 1 0 1 0 1 1 0 1 0 1 0 1 1 0 0 0 0 0 0 1 0 0 1 18 0 0 0 0 0 0 1 0 1 1 1 0 1 1 1 0 0 0 1 0 0 1 1 0 0 1 1 0 1 1 1 0 0 1 1 1 1 0 0 1 1 1 0 0 1 1 0 1 0 1 0 1 1
0 0 1 0 0 0 1 1 0 1 1 1 1 1 0 0 0 1 1 0 0 1 0 0 1 1 0 0 0 0 0 0 1 0 1 86 0 1 0 0 0 0 0 1 0 0 0 0 1 1 0 0 0 0 1 0 1 0 0 1 0 1 0 1 0 1 1 1 1 1 0 1 1 1 0 0 0 1 0 0 0 1 0 0 0 1 0 1
0 1 1 1 0 0 1 1 1 0 1 0 0 1 0 1 0 1 1 0 0 1 1 0 0 1 1 0 0 1 0 0 0 0 0 0 76 1 0 0 0 1 1 1 0 1 0 0 0 0 0 0 0 1 1 1 0 1 0 1 0 0 1 0 0 0 1 1 1 1 1 1 0 0 0 0 0 0 0 1 1 1 1 0 1 1 0 0
1 0 1 0 0 1 0 1 0 0 1 1 1 1 0 1 1 1 0 0 0 1 0 0 1 0 0 1 1 1 1 1 1 0 1 1 1 37 0 1 0 0 1 1 0 0 1 1 1 0 0 0 1 1 0 0 1 1 0 0 0 0 1 1 1 0 1 0 0 0 1 1 1 0 1 1 1 0 1 1 0 1 1 1 1 1 1 1
0 0 0 1 1 0 1 1 0 0 0 1 0 1 1 1 0 1 0 0 1 1 1 1 0 1 1 0 0 0 0 1 1 1 0 0 1 1 75 0 0 1 0 1 1 0 0 0 0 0 0 1 1 0 1 0 1 0 0 1 1 1 0 1 1 0 1 0 1 1 0 0 1 0 1 0 0 1 0 1 0 0 0 1 1 1 1 1
0 1 0 1 0 0 1 0 1 1 0 1 0 0 1 1 0 0 1 1 1 1 1 1 1 1 0 1 0 1 1 0 1 1 1 1 0 0 0 33 0 1 1 0 0 1 1 1 1 1 0 0 1 0 0 0 1 0 0 1 0 1 0 1 1 1 1 0 1 0 0 1 0 0 0 1 0 1 1 0 1 0 1 1 0 1 1 1
1 1 1 0 0 1 1 0 1 1 0 0 0 0 0 1 1 1 1 1 0 1 0 0 1 1 1 0 1 1 1 0 1 1 0 1 1 1 1 0 52 0 1 0 1 1 1 1 1 0 1 0 1 0 1 0 0 0 0 1 0 1 1 1 0 0 1 1 1 1 0 1 1 1 1 0 1 1 1 1 0 0 1 1 0 0 0 1
0 0 1 0 1 1 0 1 1 1 1 0 1 1 1 1 1 1 0 0 0 0 1 1 0 0 0 1 0 1 1 1 1 1 1 0 0 1 0 1 1 22 1 0 0 1 1 0 0 0 1 1 1 1 0 1 0 1 0 0 0 1 0 1 1 0 1 1 0 0 0 1 0 0 1 0 1 0 0 1 1 1 0 1 1 1 0 0
0 0 1 1 0 0 0 0 0 0 1 0 1 0 0 1 1 1 1 0 0 1 0 1 0 1 0 1 1 0 0 0 1 0 1 1 0 0 1 0 1 1 62 1 0 0 0 1 0 0 1 1 1 0 0 0 1 1 0 1 1 1 0 0 0 0 0 1 1 0 1 1 1 1 1 0 1 0 1 0 0 0 0 1 1 0 1 1
0 1 0 0 1 1 0 1 1 1 0 1 1 0 1 1 1 1 0 0 0 1 1 1 0 1 0 1 1 0 0 0 0 1 0 1 0 1 1 1 0 1 1 68 0 1 0 1 1 0 0 0 0 1 1 0 1 1 0 0 1 1 0 0 1 1 0 0 1 1 1 0 0 1 0 0 0 0 0 0 1 1 0 0 1 0 0 1
1 0 0 1 0 1 0 0 1 0 0 1 0 0 0 0 0 0 1 0 0 1 0 1 0 1 1 1 0 1 0 1 1 1 1 0 1 1 0 0 0 1 0 0 82 1 0 0 0 1 1 0 0 1 0 1 0 1 1 1 1 1 0 1 1 1 0 1 0 0 0 0 0 1 1 0 1 0 0 1 0 0 1 1 1 0 0 0
1 0 1 1 1 0 1 0 1 1 1 0 0 1 1 1 1 0 0 0 1 1 1 0 1 1 0 0 0 0 0 1 0 1 1 1 1 1 1 1 0 1 1 1 1 65 1 1 1 1 1 0 0 0 1 0 1 1 0 0 0 0 1 0 1 0 1 1 0 1 1 0 1 1 0 0 0 1 1 0 0 1 0 0 0 0 1 1
0 0 0 1 0 0 1 0 1 1 1 1 0 1 1 0 1 1 0 1 0 0 0 1 1 0 1 1 0 0 1 1 1 0 0 1 0 1 1 1 1 0 0 0 1 0 85 1 0 0 0 1 1 1 0 0 1 0 1 1 0 0 0 0 0 1 0 0 1 1 1 1 1 1 0 0 0 0 1 1 0 1 1 0 1 0 0 1
0 0 0 0 0 1 1 1 0 1 0 1 1 1 0 1 1 1 0 1 1 1 0 1 0 1 1 1 1 1 0 0 1 0 0 1 1 1 1 0 0 0 1 0 0 1 1 31 0 0 0 0 1 0 0 0 0 1 1 1 1 1 1 1 0 0 0 1 1 1 1 1 1 1 0 1 0 1 1 1 0 1 0 1 0 0 0 1
0 1 0 0 0 1 1 1 1 0 1 1 1 1 1 1 1 0 1 1 0 0 0 0 0 0 0 0 0 0 1 0 1 0 1 1 0 0 1 0 1 0 0 0 0 1 0 0 37 1 0 0 1 1 1 0 0 0 0 1 1 1 1 1 0 0 0 1 1 1 0 0 1 0 0 1 0 1 1 0 0 1 0 0 0 0 1 1
0 1 0 1 0 0 0 1 0 0 1 0 1 0 1 0 1 1 0 1 1 1 0 1 0 0 1 0 1 0 1 1 1 1 0 0 1 1 1 0 0 0 1 0 1 1 1 0 1 32 1 1 0 1 1 0 0 0 0 1 0 0 0 0 1 0 1 1 0 1 0 0 1 0 0 0 1 1 1 0 0 0 1 0 1 1 1 1
0 1 0 0 0 0 1 0 0 0 1 0 0 0 1 1 0 0 1 1 1 0 0 0 0 0 0 0 0 0 1 0 1 0 0 0 0 1 0 0 1 0 0 0 0 1 1 0 0 0 8 1 0 1 1 1 0 0 0 0 1 1 1 1 1 0 1 1 1 0 1 1 0 0 1 1 1 0 1 0 0 0 0 0 0 1 0 1
1 0 0 0 0 0 1 1 1 0 1 1 1 1 0 1 0 1 0 0 1 1 1 0 1 1 0 1 0 1 0 1 0 1 0 0 0 1 0 0 1 1 0 1 1 0 1 1 0 0 1 67 1 0 1 0 0 1 0 0 0 0 0 1 0 0 0 0 0 1 0 0 1 0 0 1 1 1 0 0 0 0 0 0 0 0 0 0
1 1 0 0 1 0 1 1 1 0 0 0 0 0 1 0 0 1 0 0 0 0 1 1 1 0 1 1 1 0 0 1 0 0 0 1 1 0 1 0 1 1 0 0 1 0 0 1 0 1 0 1 61 0 1 1 0 0 1 0 0 0 0 0 0 1 0 0 1 1 0 1 0 1 0 1 0 1 0 0 1 0 1 1 1 1 1 0
1 0 0 0 0 0 1 1 1 1 0 0 0 1 1 0 1 0 1 1 1 0 0 0 1 1 0 1 1 1 1 1 1 0 1 1 0 1 1 0 1 0 0 0 0 1 0 1 1 1 0 0 0 68 0 0 1 1 0 0 0 0 0 0 1 0 0 0 0 1 0 0 1 1 0 1 1 1 0 1 0 0 0 0 0 0 1 0
1 1 0 1 0 1 0 1 0 1 0 0 1 0 1 1 0 1 1 0 1 1 1 1 1 0 1 0 1 1 0 0 0 1 0 1 0 0 0 0 0 1 1 0 0 0 1 0 0 1 0 1 0 0 98 0 1 0 0 0 1 0 1 0 0 0 0 1 0 1 1 1 1 0 1 1 0 1 0 1 1 1 1 1 0 0 1 1
0 0 0 0 1 1 0 0 1 1 0 0 1 1 1 0 1 0 0 0 0 1 1 1 1 1 0 1 0 0 1 1 1 1 0 0 1 0 0 0 0 1 1 0 0 1 0 1 0 0 0 0 1 0 0 28 1 0 0 1 0 1 1 0 0 1 1 0 1 0 1 1 0 1 0 1 1 1 1 0 1 1 0 0 1 1 0 1
1 0 1 0 0 0 1 0 0 0 0 0 0 0 1 0 0 0 1 0 1 0 1 0 1 0 1 0 0 1 1 1 0 0 1 1 0 0 1 0 1 1 1 0 0 0 1 0 0 0 1 0 1 1 0 1 17 1 1 0 0 1 0 1 0 1 1 0 1 0 0 1 1 1 0 1 0 0 0 1 1 0 1 0 0 0 0 0
1 1 1 0 0 0 1 1 1 1 0 0 1 0 1 0 1 1 0 1 0 0 0 0 0 0 0 1 1 1 1 1 0 0 1 1 0 1 0 0 1 1 0 0 0 0 1 1 1 0 1 1 1 0 1 1 0 23 1 1 0 0 0 1 0 0 0 0 0 0 0 0 1 1 1 0 1 1 1 0 1 1 1 1 1 1 0 0
0 1 1 1 0 1 0 0 1 1 0 0 1 0 1 0 1 0 0 1 0 0 1 1 0 1 1 0 0 0 1 1 0 0 1 0 0 0 0 0 1 1 0 1 1 0 1 0 0 1 0 0 0 0 0 0 0 1 51 0 1 0 1 1 1 0 0 1 1 0 1 0 1 0 0 1 1 0 0 0 0 1 0 1 1 1 1 0
1 0 1 1 0 1 0 0 0 0 0 1 0 0 1 0 0 1 1 1 1 0 0 1 1 0 0 1 0 0 0 0 0 0 1 0 0 0 1 0 0 0 0 0 0 0 1 0 0 0 0 1 1 0 1 0 0 0 1 94 0 1 1 0 0 0 0 0 1 1 1 0 0 1 1 0 1 0 0 1 1 0 1 0 1 0 0 1
0 0 1 1 1 1 1 0 1 1 1 0 0 0 1 1 1 1 0 1 0 0 1 1 0 0 0 0 1 0 0 1 1 0 1 0 1 1 0 1 1 0 0 1 0 0 1 0 1 1 1 1 0 0 1 1 0 0 0 0 95 0 1 0 1 0 0 0 1 1 1 0 1 1 1 0 1 1 0 1 0 0 1 0 0 0 0 0
1 0 1 1 1 0 1 1 1 1 0 1 0 1 1 1 1 0 1 1 1 1 1 1 0 1 0 0 1 1 1 1 0 0 1 1 0 1 0 1 0 0 1 0 1 1 1 1 1 1 0 1 0 0 1 0 0 0 1 0 0 47 1 0 1 1 1 0 0 1 0 0 0 1 1 1 0 1 0 1 0 0 0 0 1 1 0 0
1 0 1 0 0 0 0 1 0 1 1 0 0 0 1 1 1 0 0 0 1 1 0 1 0 1 1 1 1 0 0 0 1 0 1 1 0 0 0 0 1 1 1 1 1 1 1 1 0 0 0 0 0 0 0 1 0 0 0 0 1 0 40 1 0 0 0 1 1 1 1 1 0 1 0 0 1 1 0 0 1 1 0 1 0 0 1 1
0 1 0 0 1 0 0 1 1 0 0 0 0 0 1 1 1 1 0 0 0 1 0 0 0 1 0 0 0 1 0 1 0 0 0 1 1 1 1 0 1 0 0 0 1 0 0 0 0 1 1 1 1 1 0 1 0 0 0 1 1 0 0 33 1 0 1 1 1 1 1 0 0 0 1 0 1 0 1 0 1 1 0 1 1 0 0 0
0 0 0 0 1 1 1 0 1 1 1 1 1 0 1 1 0 0 1 1 0 0 0 0 0 0 1 0 1 1 1 1 1 0 0 1 1 1 1 1 1 0 1 0 0 0 1 1 1 1 1 1 1 0 1 1 0 0 0 1 1 0 1 1 33 0 0 0 1 0 0 1 0 0 0 1 1 1 0 0 1 0 0 1 1 0 1 1
1 1 0 0 1 1 1 1 0 1 0 0 1 0 1 1 1 1 1 0 1 1 0 0 0 1 1 1 1 0 0 1 1 0 1 0 0 1 0 0 0 1 0 1 0 1 0 0 1 1 1 1 1 0 0 1 1 0 0 1 0 0 0 0 1 46 1 1 0 0 0 0 1 0 1 1 1 1 0 0 0 0 1 0 1 0 1 1
1 0 0 0 1 0 1 1 0 0 1 0 0 1 0 1 0 0 0 1 0 1 1 1 1 0 0 0 1 0 0 1 1 0 0 1 1 1 0 0 1 1 0 0 0 0 0 0 0 1 1 1 0 1 1 1 1 1 0 0 1 0 0 0 1 0 91 0 0 0 1 0 0 0 0 1 0 1 0 1 1 1 1 1 1 1 1 1
1 1 0 0 0 0 1 1 0 0 1 1 0 0 0 1 0 1 1 0 1 1 0 1 0 1 1 0 0 1 0 1 0 0 0 0 1 0 0 1 0 0 1 1 1 0 1 0 1 0 1 1 0 0 1 1 0 1 1 1 0 0 0 0 1 0 0 53 0 1 1 1 1 1 0 0 1 0 1 0 0 1 1 0 1 1 1 1
0 0 0 1 1 0 0 0 0 1 0 1 1 0 0 0 1 1 1 0 0 1 1 0 1 0 1 1 1 0 0 0 1 0 1 0 0 0 1 1 0 0 0 1 1 1 0 0 0 0 0 1 1 1 1 1 1 0 1 1 1 0 1 0 1 1 1 0 42 1 0 1 1 0 0 0 1 1 1 0 0 0 0 1 0 1 1 1
0 0 0 0 0 0 1 0 1 0 1 1 1 1 0 1 1 1 1 0 1 1 0 0 0 1 0 1 0 1 0 0 1 0 1 0 1 1 1 1 0 1 1 0 1 0 0 0 0 1 1 1 0 0 0 0 1 1 1 0 1 1 1 1 0 0 1 1 1 59 0 0 1 1 1 0 0 1 1 0 1 1 1 0 0 1 0 0
0 1 0 1 0 0 1 0 0 1 1 1 1 1 0 1 0 0 1 1 1 0 0 1 1 1 0 0 0 1 0 1 1 1 0 1 1 1 1 0 1 0 0 0 0 1 1 1 1 1 0 1 1 0 0 0 1 0 0 0 0 0 1 1 1 1 1 0 1 1 62 1 0 1 1 0 1 0 0 0 1 1 1 0 1 1 1 1
1 1 1 0 0 1 1 0 1 1 0 0 1 0 1 0 0 1 1 1 0 0 1 0 1 1 0 1 1 0 1 0 0 0 0 1 0 0 0 1 0 0 1 1 1 1 1 1 0 1 1 0 0 0 0 0 1 1 1 0 0 1 0 1 0 1 0 1 1 1 0 6 0 1 1 0 1 0 1 1 0 0 1 0 0 1 1 0
1 1 1 1 0 0 0 1 0 0 1 0 1 1 0 1 0 0 1 1 1 0 1 0 0 1 0 1 1 0 0 1 1 1 0 1 0 1 0 0 0 0 0 0 0 1 0 1 1 0 0 1 1 1 1 0 0 0 0 1 1 1 0 1 0 0 1 1 0 1 1 0 95 1 0 0 0 0 0 1 1 1 1 0 0 0 0 1
0 0 1 1 1 0 1 0 1 1 0 1 1 0 0 0 1 1 0 1 0 1 0 1 0 0 0 0 1 0 0 0 0 1 0 0 0 1 1 0 0 1 1 0 1 1 0 0 1 1 1 0 0 1 1 1 1 1 0 1 1 0 0 0 1 1 0 0 0 0 1 1 1 65 1 1 1 0 0 1 1 1 1 0 0 1 0 0
0 1 1 1 1 1 1 1 0 0 1 0 1 1 1 1 1 0 0 1 0 0 0 0 0 1 0 1 0 0 1 0 1 0 0 0 0 1 0 0 1 1 1 0 0 1 0 1 1 0 1 0 0 1 0 0 1 1 0 1 0 0 1 0 0 0 0 1 0 0 0 1 0 0 11 0 0 0 0 0 1 0 0 0 1 0 0 1
1 0 0 0 0 0 1 1 0 1 1 1 1 0 0 0 0 1 0 0 1 1 1 0 0 0 0 0 0 1 1 1 0 0 0 0 0 1 1 0 1 0 0 0 1 0 0 0 1 1 0 0 1 0 1 1 1 1 1 0 0 0 0 1 1 0 0 0 1 1 1 0 0 1 0 8 0 1 1 1 0 1 0 0 1 1 1 0
0 1 1 0 1 1 1 1 1 0 1 0 0 1 1 0 0 0 0 1 1 0 0 0 0 1 1 0 0 1 1 1 0 1 1 1 0 1 0 1 1 1 1 1 1 1 1 1 0 1 0 1 0 0 1 1 0 0 0 0 0 0 1 0 1 1 0 0 0 1 0 0 1 0 1 0 53 1 1 0 1 0 1 0 1 1 1 0
0 0 1 1 1 1 0 1 1 1 0 0 1 1 1 0 1 1 0 0 0 1 0 0 1 1 1 1 0 0 1 0 0 1 1 0 0 1 0 0 0 1 0 0 0 1 0 0 1 1 1 0 0 0 0 1 0 0 0 1 1 1 0 1 1 0 0 1 0 0 0 0 0 0 1 0 0 36 0 1 0 1 1 1 0 0 1 1
0 1 0 0 0 0 0 1 1 1 1 0 1 0 0 0 0 0 0 0 0 0 1 0 1 1 1 0 1 1 0 0 0 0 0 1 0 0 0 0 0 1 1 1 1 0 0 1 1 1 0 1 1 1 1 1 0 1 0 1 0 1 1 0 1 1 0 0 0 1 0 0 0 1 1 0 0 0 81 0 1 1 1 0 1 0 1 1
0 0 0 0 0 0 1 1 1 0 0 1 1 1 0 1 1 0 1 1 0 0 0 0 1 1 1 0 0 1 1 1 0 0 1 1 0 1 1 1 0 0 1 0 0 0 0 1 0 0 1 0 0 1 0 0 0 0 0 1 0 0 1 0 0 0 0 1 1 0 1 1 1 1 0 1 0 0 0 20 0 0 0 0 1 1 1 1
0 0 0 1 0 0 1 0 0 0 0 0 0 1 1 1 1 0 0 1 1 1 1 0 0 1 0 0 1 1 0 0 0 0 0 0 1 1 1 0 1 1 1 1 1 0 1 0 1 0 1 0 1 1 1 1 0 0 0 1 0 0 1 1 0 1 0 1 1 1 0 0 1 1 1 1 1 0 0 0 94 1 0 1 0 0 0 1
0 1 0 0 1 0 0 0 0 0 0 1 1 0 1 0 0 0 0 1 0 0 1 1 1 1 0 0 0 0 1 0 0 1 0 0 0 1 0 1 0 0 0 0 1 0 0 0 0 1 1 0 1 1 0 0 0 1 0 1 0 1 0 0 1 1 0 1 0 0 1 1 1 1 1 1 1 0 0 1 1 32 0 1 0 1 0 1
0 1 1 1 1 1 1 1 1 0 0 1 1 1 0 1 1 0 1 1 0 1 0 0 1 1 0 0 1 0 0 0 1 1 0 0 1 1 1 0 0 1 0 1 1 1 1 1 0 0 0 1 0 1 0 1 1 1 1 0 1 1 1 1 0 0 0 0 1 0 1 0 1 1 0 0 0 0 0 1 0 1 75 1 1 0 0 1
1 0 1 0 0 1 0 1 0 1 0 0 1 1 1 1 0 1 1 0 0 1 1 1 0 1 0 1 0 0 0 1 1 0 0 1 1 1 0 1 0 1 0 0 0 1 1 0 1 0 0 0 0 1 0 0 0 1 0 0 1 0 0 1 1 0 0 0 1 0 0 0 1 1 0 1 1 1 1 0 1 1 1 66 0 1 0 1
0 0 0 0 1 1 1 0 0 0 0 0 1 0 1 0 1 0 1 0 0 1 0 0 1 0 1 1 0 1 1 0 0 0 1 0 1 0 0 0 1 1 1 1 1 1 1 1 1 1 0 0 0 1 1 1 1 0 1 0 1 0 0 0 0 1 0 1 0 0 0 1 0 0 0 1 1 1 1 1 0 1 0 0 26 0 1 1
1 0 1 1 0 1 0 1 1 1 1 0 0 1 1 1 0 1 0 0 1 1 1 0 0 0 1 1 0 0 1 1 1 1 1 1 0 1 1 1 0 1 1 1 1 1 1 1 0 0 0 1 0 0 1 0 1 1 1 1 0 1 0 0 0 1 1 0 0 0 0 0 1 1 1 0 1 0 0 0 1 1 0 0 0 60 0 0
0 0 1 0 1 1 0 1 0 0 1 1 0 0 0 1 1 0 0 1 1 1 1 1 0 0 1 0 1 0 0 1 1 0 1 1 1 0 1 0 1 0 1 0 1 1 0 1 1 0 1 1 1 0 0 1 0 0 1 0 1 1 0 0 1 1 0 1 0 0 0 0 0 1 1 0 0 1 0 1 1 1 1 1 1 0 87 1
0 1 0 1 0 1 0 0 1 0 1 0 0 0 0 0 0 0 1 0 1 1 1 1 1 0 0 0 1 0 1 0 0 1 1 0 1 0 1 1 0 0 1 0 1 1 0 0 1 1 0 1 1 1 1 1 0 0 0 1 0 0 1 1 1 1 1 1 0 1 1 1 0 0 1 1 1 0 0 1 0 1 0 0 1 1 0 9
