158
6 0 0 1 0 1 1 0 0 1 1 1 0 0 0 0 1 1 0 0 1 1 1 1 1 1 1 1 1 1 0 1 1 0 0 1 1 1 0 0 0 1 0 0 1 1 0 0 0 1 0 0 1 0 1 0 1 0 1 1 0 1 1 0 1 1 0 1 1 0 1 1 1 0 1 0 1 0 1 0 0 0 1 0 0 0 0 1 1 0 0 0 0 0 0 1 1 1 0 0 0 0 0 0 1 0 1 0 1 1 1 0 0 0 0 1 0 1 1 1 1 1 0 1 0 1 1 1 0 0 1 0 0 0 1 1 1 0 0 0 1 0 1 1 0 1 1 1 1 1 1 1 1 1 1 1 0 0
0 40 1 1 1 0 1 0 1 1 0 0 0 1 0 1 0 0 0 0 0 1 0 1 1 0 1 0 0 1 1 0 0 0 1 0 0 0 1 1 0 0 0 1 0 0 1 0 0 1 1 1 0 1 0 0 0 1 1 0 0 0 1 0 0 0 1 1 1 1 0 1 1 1 0 0 1 1 1 0 1 1 0 0 0 0 0 1 0 0 1 0 1 1 1 1 0 0 0 1 0 0 1 1 0 0 0 1 0 1 1 1 0 0 1 1 0 1 1 1 0 1 1 1 0 0 1 1 0 0 1 1 1 0 1 0 1 1 0 0 1 0 0 0 1 0 0 0 1 0 0 0 1 1 0 1 1 0
1 1 78 0 1 0 1 0 0 0 0 1 0 1 1 1 0 1 0 1 1 0 1 1 0 0 1 1 0 0 0 1 1 1 0 1 1 1 0 0 1 0 0 1 0 1 1 1 0 0 1 0 1 0 1 0 1 1 1 0 0 0 0 0 1 0 0 1 1 0 1 1 1 1 1 0 1 1 1 1 0 1 0 1 0 1 1 1 1 1 1 0 1 1 0 0 0 0 0 0 0 0 1 0 1 1 0 1 1 1 1 1 0 1 0 1 1 1 1 0 1 0 1 1 1 1 1 1 1 0 0 1 0 0 1 0 0 0 1 1 1 1 1 0 1 0 1 1 1 0 0 0 1 1 0 0 0 0
0 1 0 65 1 0 1 1 0 0 1 0 0 0 1 1 0 0 0 0 1 0 1 1 0 0 0 1 1 1 1 0 1 1 1 0 0 1 0 0 0 1 1 1 1 0 1 0 1 1 0 1 1 0 0 1 1 1 1 1 1 1 0 0 0 0 0 1 1 0 1 1 0 1 1 1 1 1 1 1 0 0 1 1 0 1 1 0 1 1 0 1 0 0 0 1 0 0 1 1 0 0 0 1 1 0 1 1 0 1 1 0 0 0 0 0 0 0 0 1 1 1 1 0 0 1 1 1 0 1 1 1 1 0 1 0 0 0 1 1 0 1 0 0 0 0 0 1 0 0 1 0 0 1 0 1 1 0
1 1 1 1 83 1 0 0 0 1 0 1 1 0 1 1 0 1 0 0 1 0 0 0 1 1 0 0 0 1 1 1 1 1 1 0 1 1 1 0 1 1 0 0 1 0 1 0 1 1 1 1 1 0 1 1 1 0 0 0 0 0 1 1 1 1 0 1 0 0 0 1 0 0 0 1 0 1 0 0 0 1 1 0 1 0 1 0 1 1 1 1 0 0 0 1 0 1 0 1 1 0 0 1 0 1 1 0 0 0 0 0 1 1 0 0 0 1 0 1 0 1 1 1 1 1 0 1 0 0 0 0 0 0 0 1 0 1 1 0 0 0 0 0 0 1 0 1 1 1 0 0 1 1 1 0 1 1
1 1 0 1 0 17 0 1 1 1 0 0 0 1 1 1 1 1 0 0 1 0 0 1 0 1 0 1 0 0 0 0 0 1 1 0 0 1 1 0 1 1 1 1 0 0 0 1 1 0 0 0 0 0 1 0 0 0 0 0 0 1 0 0 1 1 0 0 1 1 1 1 1 1 1 0 0 1 0 1 1 0 1 0 1 1 0 1 0 0 1 1 1 0 0 1 0 0 0 1 1 1 0 0 0 1 0 1 1 0 1 0 1 0 0 0 0 0 0 1 0 1 0 0 1 1 0 1 0 1 0 0 0 0 0 1 1 0 0 1 1 1 0 0 0 0 1 1 0 0 1 0 1 0 0 1 0 0
0 0 1 1 0 1 76 1 1 1 0 1 1 1 1 1 0 1 0 0 1 1 0 0 1 0 0 0 0 1 0 0 0 0 0 0 0 0 1 1 1 0 0 1 0 0 1 1 0 1 1 0 0 0 0 1 1 1 1 0 1 1 0 0 1 0 0 1 0 0 1 1 1 0 1 1 1 1 1 0 0 1 0 0 0 1 1 0 1 0 0 1 0 0 1 0 0 1 1 0 0 1 0 1 0 0 0 1 0 0 0 0 0 0 0 0 0 1 0 1 0 1 1 0 1 1 0 1 0 1 0 0 0 0 0 1 1 1 0 1 1 1 1 1 1 1 1 0 1 1 0 1 0 1 0 1 0 1
1 0 0 1 1 0 0 4 0 0 1 0 0 0 0 1 0 0 1 0 1 1 1 1 0 0 0 1 1 0 1 1 0 0 0 1 1 1 0 1 1 1 0 1 1 0 1 0 1 1 0 0 0 1 0 0 1 1 1 0 0 1 1 0 0 0 0 0 1 1 0 1 1 1 0 1 0 1 1 0 1 0 1 0 1 1 0 1 1 1 0 0 0 0 1 1 0 0 1 0 1 0 0 1 1 1 0 0 0 0 0 0 1 0 0 0 0 0 1 1 0 0 0 0 1 0 0 1 0 0 0 0 0 1 1 1 0 0 1 0 0 0 0 1 1 0 0 1 0 0 1 0 1 0 0 1 0 1
0 0 1 0 1 1 0 1 42 0 1 1 0 0 1 0 1 0 0 0 1 0 0 1 0 1 0 0 0 0 1 1 1 1 1 0 0 0 1 0 1 0 0 0 0 1 1 1 0 0 1 1 1 0 1 0 0 1 1 0 0 0 0 0 0 1 1 0 0 1 0 1 1 0 0 1 1 0 0 0 0 0 0 1 0 0 1 1 0 0 1 1 1 1 0 1 1 0 0 0 0 1 0 1 0 0 0 1 1 0 0 0 1 0 1 1 0 0 1 1 0 1 1 1 1 0 1 1 1 1 0 1 0 1 1 1 1 0 1 0 1 1 1 1 1 0 1 1 1 0 1 1 0 0 0 0 0 0
1 1 1 1 0 1 1 1 0 78 0 0 0 0 0 1 1 0 0 0 0 0 0 0 0 1 0 1 0 0 0 0 0 0 0 1 0 1 0 0 0 1 0 1 0 0 1 0 0 1 0 0 0 0 1 1 1 0 0 1 1 1 0 0 1 1 1 1 0 1 1 1 1 1 1 1 0 1 0 1 1 0 0 1 0 0 0 0 0 1 0 1 0 0 1 0 1 1 1 0 0 0 1 1 1 1 1 1 0 1 1 1 0 1 1 1 1 0 0 1 1 0 0 0 1 0 1 0 1 0 1 1 0 0 0 0 1 1 0 1 1 0 0 0 0 1 1 0 0 0 1 1 0 0 1 1 1 0
0 1 1 1 0 1 1 0 0 0 42 1 0 0 1 0 1 1 1 1 1 0 0 0 1 1 1 0 0 1 0 1 1 1 1 0 0 0 1 0 0 0 1 0 0 0 1 0 0 1 0 1 0 0 1 0 1 1 0 1 1 0 1 0 1 1 0 0 1 0 0 0 0 1 0 0 0 0 0 0 1 0 1 0 0 0 1 0 1 1 1 0 1 0 0 0 0 1 1 1 1 1 1 0 1 0 0 0 1 0 1 1 1 1 0 0 1 0 1 1 1 1 0 1 0 0 0 1 0 0 0 0 1 1 1 1 1 0 1 0 0 0 1 1 1 0 0 0 0 1 1 0 1 1 0 1 0 0
1 0 0 1 0 0 1 0 1 1 1 85 0 0 0 0 0 1 0 1 1 0 1 0 1 1 1 0 1 1 0 1 0 1 1 0 1 1 1 1 0 0 0 1 1 1 1 0 1 0 1 1 0 0 0 0 0 0 1 0 1 1 1 1 0 1 1 1 0 1 1 0 1 0 1 0 0 1 0 0 0 0 1 1 1 1 1 1 0 0 1 1 0 1 0 0 0 0 0 1 1 1 1 1 0 0 0 0 1 0 0 0 0 1 1 1 0 0 1 1 0 0 1 1 0 1 1 1 0 1 1 1 0 0 0 0 1 0 1 1 1 1 1 1 0 1 0 1 1 0 0 0 0 1 1 1 1 0
0 0 1 0 0 0 0 1 0 0 1 0 93 0 0 0 1 1 0 0 0 1 0 1 1 1 0 0 0 1 1 1 1 0 0 1 1 1 1 1 0 1 1 0 1 0 0 1 0 1 0 1 1 0 1 0 1 0 0 0 0 1 1 0 1 1 0 0 0 0 0 1 0 0 1 1 1 1 1 1 1 1 1 1 1 1 1 0 1 1 1 0 1 1 1 0 0 1 1 1 1 0 1 1 0 1 0 0 1 1 0 0 0 0 1 0 1 0 1 0 1 1 0 1 1 0 0 0 0 1 1 1 0 1 1 1 0 1 1 1 0 1 1 0 1 1 0 1 0 0 0 1 0 0 0 1 0 0
1 1 1 1 1 1 1 0 0 1 1 0 1 47 1 1 0 1 1 1 1 0 1 0 0 1 1 1 1 1 0 0 0 0 0 1 1 0 1 1 1 0 0 1 0 1 1 0 1 0 1 1 1 0 1 1 1 1 1 0 1 0 0 0 1 0 1 1 0 1 0 1 1 1 0 1 0 0 0 0 0 0 1 0 1 0 1 1 0 1 0 0 0 0 1 1 1 0 0 1 1 1 1 0 0 0 1 0 1 1 0 0 0 0 1 1 0 0 1 0 1 0 0 1 1 0 0 1 0 0 1 1 0 0 1 1 0 0 0 1 1 1 0 0 0 0 1 0 1 1 0 0 1 1 1 0 0 1
0 1 1 1 1 0 1 0 1 1 1 0 1 0 74 1 1 1 1 1 1 0 0 1 1 1 0 0 0 0 1 1 0 0 1 0 0 1 1 0 0 0 1 1 1 1 1 0 1 1 0 1 1 1 1 1 1 0 0 1 1 1 0 1 1 0 0 0 0 1 1 1 1 1 1 1 1 0 1 1 0 1 1 0 1 1 0 1 1 0 0 0 0 1 0 0 1 1 1 0 1 0 1 0 0 1 1 1 1 0 1 0 0 1 0 0 1 1 1 1 1 1 0 1 0 1 0 0 0 1 0 0 1 1 1 0 0 1 1 1 1 0 0 1 0 0 1 1 0 1 0 0 1 0 0 0 1 1
1 1 1 0 0 0 1 1 0 1 0 1 1 1 0 48 0 1 1 1 0 1 0 1 0 0 0 1 1 1 0 0 0 0 1 0 1 1 1 1 0 0 0 0 0 1 0 1 1 0 0 0 0 0 1 0 1 0 1 1 1 0 0 1 0 0 1 1 0 1 1 1 0 1 1 1 0 0 1 0 0 1 0 0 1 1 0 1 0 1 0 1 1 1 0 1 1 1 0 0 0 0 1 1 0 1 1 1 1 0 1 1 1 1 0 0 1 0 0 1 0 1 0 1 0 1 0 0 0 0 0 0 1 1 0 1 0 1 1 1 1 0 1 0 0 0 0 1 0 1 1 0 1 0 1 0 0 0
1 1 0 0 1 1 1 0 1 0 0 1 0 1 1 1 73 1 1 0 0 0 0 0 0 1 0 0 0 1 0 0 1 0 0 0 0 0 0 1 1 0 0 0 1 0 1 1 0 1 0 0 0 0 1 0 1 0 1 0 1 1 1 0 0 0 0 0 0 1 0 1 0 0 1 1 0 0 0 1 1 1 0 0 1 1 1 1 0 0 0 0 1 1 0 0 0 1 1 0 1 1 1 0 1 1 1 0 1 1 0 0 1 0 0 1 1 0 1 0 1 1 1 0 0 0 0 1 1 1 1 1 0 0 1 1 1 0 1 0 0 0 1 0 1 1 1 0 0 0 1 0 0 1 1 1 0 1
1 0 0 0 1 0 1 0 0 0 0 0 0 0 0 1 1 71 0 1 1 1 0 1 0 1 1 0 0 0 0 0 0 0 1 1 1 0 0 0 0 1 1 0 0 1 0 0 0 1 0 1 1 0 0 0 0 1 1 0 1 0 1 0 0 1 1 1 1 0 0 1 0 0 1 1 0 1 1 1 0 0 0 1 1 0 0 1 1 1 1 1 0 0 1 1 0 1 0 1 1 0 0 1 0 0 0 1 1 1 0 1 0 0 1 0 1 1 0 1 1 1 1 1 0 1 1 1 0 0 0 1 0 0 1 1 1 0 0 1 1 1 0 0 1 1 1 1 0 1 1 0 1 1 0 0 0 1
0 1 1 1 1 1 1 0 1 0 0 1 1 0 0 0 1 0 35 0 1 0 1 1 0 1 0 0 0 1 1 0 1 0 1 0 0 1 1 1 0 1 1 0 0 0 1 1 0 0 0 1 0 0 1 0 0 1 1 0 1 1 0 1 0 1 0 1 1 0 0 0 1 1 1 1 0 1 0 0 0 0 1 0 0 0 0 0 0 1 1 1 1 1 1 1 0 1 0 1 1 0 1 0 1 1 0 0 1 0 1 1 0 0 0 0 0 1 1 1 0 1 0 0 0 0 0 0 0 0 0 1 1 1 1 0 1 1 1 0 0 1 1 0 0 1 0 1 0 1 1 0 1 1 0 1 0 1
0 0 1 1 1 1 0 0 1 1 0 1 1 1 1 0 1 0 1 39 0 0 0 0 0 1 0 0 0 1 0 1 1 0 0 0 1 1 0 0 1 0 0 1 1 1 1 0 1 1 1 0 0 0 0 1 1 0 0 0 1 0 0 0 1 0 0 0 1 0 1 0 0 1 1 0 1 1 0 0 1 0 0 1 1 1 0 1 1 1 0 0 1 1 0 1 1 0 1 0 1 0 1 1 1 0 0 0 0 0 0 1 1 1 1 0 1 0 0 1 0 1 0 0 0 1 0 1 1 0 1 1 1 0 1 1 0 1 1 0 0 0 1 0 1 0 1 1 1 0 0 0 1 0 1 1 0 0
0 1 0 1 0 0 0 1 1 1 0 1 0 0 1 1 1 1 0 1 69 1 1 1 0 0 1 0 1 0 1 1 1 1 1 1 1 1 1 1 0 0 1 1 1 1 1 1 0 0 1 1 0 0 1 0 1 1 1 1 1 0 1 0 1 1 1 0 1 0 0 0 0 1 0 1 0 1 0 1 0 1 1 0 0 1 0 1 0 1 0 0 0 0 1 0 0 1 1 0 1 1 1 1 0 0 1 0 0 0 1 0 1 1 0 0 1 1 1 0 1 1 1 1 0 1 1 0 0 0 1 0 1 1 1 1 0 1 0 1 1 0 0 1 0 1 0 0 0 0 0 1 0 0 0 0 0 1
1 1 0 0 0 1 1 1 0 0 1 0 0 0 1 0 0 0 0 1 1 44 0 0 1 1 0 1 1 0 0 0 0 1 1 1 1 1 1 0 0 1 1 0 0 0 1 1 0 0 1 0 1 1 0 0 0 0 1 1 1 1 1 1 1 1 1 0 1 0 0 1 0 1 1 1 1 1 1 1 1 1 1 0 1 1 0 1 0 0 1 1 1 1 1 0 1 1 0 0 1 0 1 0 0 0 1 0 0 0 1 0 0 1 0 1 1 0 0 0 1 0 1 0 1 1 1 1 0 0 0 0 1 0 0 0 1 0 1 1 0 0 1 1 0 1 1 0 0 0 0 0 0 1 0 0 0 0
1 0 0 1 1 0 0 0 0 0 0 1 1 0 0 0 0 0 1 0 1 0 29 1 0 1 0 0 0 1 1 1 1 0 1 1 1 0 0 1 0 1 1 0 1 1 0 0 0 1 1 0 1 1 1 0 1 1 0 1 1 0 0 1 1 1 0 1 0 1 1 1 1 0 1 0 0 1 0 1 1 1 0 1 0 1 0 0 1 0 1 0 1 0 0 1 1 1 0 1 0 1 0 0 0 1 0 1 0 0 1 1 0 1 0 1 1 1 0 0 0 0 1 1 1 1 1 0 1 1 0 0 0 1 1 1 0 0 1 0 0 1 1 1 1 0 1 1 1 0 1 0 1 1 1 1 1 0
0 0 1 0 0 1 1 0 1 1 1 1 0 0 1 1 1 1 1 0 0 1 1 70 0 1 0 0 1 1 0 0 1 1 0 1 0 0 1 0 1 0 1 0 1 1 1 1 0 1 0 0 1 1 1 0 1 1 0 1 1 0 0 0 1 1 0 1 0 0 0 0 0 1 0 0 1 0 1 1 1 0 1 0 1 1 0 1 0 1 0 1 0 0 1 0 1 0 1 1 0 1 1 1 1 1 1 0 1 0 1 1 0 0 0 1 1 0 0 0 1 1 0 0 1 0 1 0 1 0 1 1 0 0 1 1 1 1 0 1 0 0 0 1 1 1 1 1 1 0 0 1 1 1 0 0 1 1
1 1 0 0 1 1 0 1 0 0 1 1 0 1 0 0 1 0 1 1 0 1 0 0 82 1 1 1 0 1 1 0 0 1 1 0 0 0 1 0 0 0 0 0 0 0 1 0 0 1 0 0 0 1 0 1 1 1 0 0 1 0 1 0 1 1 1 0 0 1 1 1 0 0 0 0 1 1 1 0 1 1 0 1 1 0 0 0 0 0 1 0 0 1 0 0 0 0 1 0 0 0 1 1 1 1 1 0 1 1 0 1 0 1 0 0 1 0 1 1 1 1 0 1 1 1 0 0 0 1 1 0 1 1 0 0 0 1 1 1 1 1 1 1 0 0 0 0 1 1 0 1 1 1 1 0 1 0
1 0 0 1 0 0 1 0 1 0 0 0 0 1 1 0 0 0 1 0 1 1 0 1 0 41 1 1 1 0 0 1 0 1 1 1 0 0 0 1 1 1 0 1 0 0 0 1 1 1 0 0 0 1 1 0 0 1 0 1 0 0 0 1 1 1 0 0 0 0 0 0 1 0 1 0 1 1 0 0 1 0 0 1 0 0 1 0 1 1 0 0 0 1 0 0 0 1 0 0 0 1 0 1 0 0 0 1 1 1 1 0 1 0 1 1 1 0 0 1 1 1 1 0 1 0 1 1 0 0 1 1 0 1 0 1 1 0 0 1 0 1 1 0 1 0 1 0 0 0 1 0 0 1 1 0 0 1
0 0 1 0 0 0 1 0 0 1 0 1 1 1 1 1 0 1 0 0 1 0 0 1 1 1 73 1 1 0 1 0 0 1 1 0 1 1 0 1 0 0 0 1 1 0 1 0 1 0 0 0 0 0 0 0 1 1 0 0 0 0 1 1 1 1 0 0 0 1 1 1 1 0 0 0 1 1 1 1 0 1 1 0 1 1 0 1 1 1 0 1 0 0 1 0 0 0 0 0 1 0 0 1 0 1 1 0 0 0 1 1 1 0 1 0 1 1 0 0 1 1 1 1 0 1 0 1 0 0 1 0 0 0 0 0 1 1 1 0 0 1 0 0 0 0 1 1 0 0 1 1 1 0 0 1 0 0
1 0 0 0 1 0 1 1 1 1 0 1 1 0 0 1 0 1 1 1 1 0 1 0 1 0 1 69 1 1 1 1 1 0 0 0 0 0 1 0 1 0 1 1 1 0 1 0 0 1 1 1 1 0 0 0 0 0 0 0 1 1 1 0 1 1 0 0 1 0 1 0 0 1 1 1 0 0 0 0 0 1 0 1 1 0 0 0 0 1 1 0 1 1 0 0 0 1 1 0 1 1 1 0 1 1 0 1 1 0 0 0 0 1 0 0 1 1 0 0 0 0 1 0 0 1 0 0 0 0 1 1 0 0 0 0 1 0 1 1 0 1 0 1 0 1 0 0 1 1 0 1 1 1 0 1 0 1
1 1 1 1 1 1 0 0 0 1 0 1 0 1 0 1 0 1 1 0 1 1 1 1 1 1 1 1 40 1 1 1 1 1 1 1 0 0 1 1 1 1 1 1 1 1 0 0 0 1 1 1 0 1 0 0 1 1 0 0 1 1 1 1 1 1 0 1 1 0 0 1 1 0 1 0 0 1 0 1 0 1 1 1 1 0 1 0 0 0 0 0 0 1 0 1 0 0 1 1 1 0 0 0 0 0 0 0 0 0 0 1 1 1 1 0 1 0 0 1 0 1 0 0 0 1 1 0 0 0 0 1 1 1 0 1 0 0 1 1 1 1 0 0 1 1 1 0 0 0 0 1 1 0 1 0 0 1
1 0 1 0 1 0 1 1 0 1 0 1 0 1 1 1 1 1 1 1 1 0 1 0 1 0 1 1 0 91 0 1 1 1 0 0 0 0 0 0 0 1 0 0 0 1 0 1 0 0 0 0 1 0 1 0 0 0 0 0 1 0 0 1 1 1 0 0 1 1 0 1 0 1 1 1 1 1 1 1 1 0 0 1 1 1 1 1 1 1 0 1 0 0 0 0 1 1 0 1 1 0 1 0 1 1 1 1 0 1 1 1 0 1 0 0 0 1 1 1 1 0 0 1 0 1 0 0 0 1 1 0 0 0 1 0 0 0 0 1 1 0 1 1 1 0 0 0 1 1 0 0 0 0 0 1 1 1
0 0 1 1 1 1 1 0 1 1 0 0 0 1 0 0 0 1 0 0 1 0 1 0 1 1 1 1 1 1 38 0 0 0 0 1 1 0 0 1 1 0 0 1 0 1 1 1 1 1 0 0 0 1 0 0 1 1 1 0 0 0 1 1 0 1 0 0 1 1 1 0 1 0 1 1 1 0 1 0 1 1 0 1 1 0 1 0 0 1 1 0 1 1 0 1 0 0 0 1 1 0 0 0 0 0 0 1 1 1 0 0 1 1 0 1 1 0 1 0 0 1 0 0 0 0 0 0 1 0 0 1 1 0 0 0 1 1 1 1 1 1 0 0 0 1 1 1 1 0 1 1 1 0 1 0 1 1
0 0 1 0 1 0 1 1 1 0 1 1 0 1 0 1 1 0 0 0 1 0 0 1 1 0 0 1 1 0 1 95 0 0 0 0 0 1 1 0 0 0 1 0 0 0 0 0 1 0 0 0 1 0 0 0 0 0 0 1 1 0 1 0 1 0 1 0 1 1 0 1 1 0 1 0 0 0 1 0 1 1 1 0 0 1 0 0 1 0 1 1 1 1 0 1 1 0 0 0 0 0 0 1 1 1 1 1 0 1 0 0 1 1 1 0 0 0 1 1 0 1 0 1 1 1 1 1 1 0 1 0 0 0 0 0 1 0 1 1 1 0 1 0 0 1 1 1 0 1 0 1 0 0 1 1 1 0
0 1 0 0 0 0 0 1 1 1 0 1 0 1 0 0 1 1 0 1 1 0 1 0 0 1 1 1 0 1 1 1 33 0 0 1 1 1 1 1 1 0 1 0 1 1 0 1 0 1 0 0 1 1 0 1 0 0 1 0 1 1 1 1 0 1 0 0 0 1 0 1 1 1 0 0 0 1 0 1 1 0 0 0 1 1 1 0 0 1 1 1 0 1 0 0 0 0 1 1 0 1 1 0 0 1 0 1 0 0 0 0 0 0 0 0 1 0 1 0 0 0 1 1 0 0 0 0 1 1 0 0 1 0 0 1 0 0 1 0 0 1 1 1 0 0 0 0 1 1 0 0 0 0 1 0 1 0
1 0 0 0 1 0 0 1 0 1 1 0 1 0 1 0 0 1 1 0 1 1 0 0 0 1 0 0 0 1 0 0 0 47 1 1 1 0 0 0 1 0 0 1 0 1 0 0 1 1 1 1 1 1 1 0 1 0 0 1 1 1 0 0 0 1 0 1 1 0 1 0 1 1 1 1 1 1 1 1 1 1 0 1 1 1 1 1 0 1 1 1 1 0 0 1 0 1 1 1 0 1 0 1 1 0 1 0 1 1 0 1 0 1 1 0 0 1 1 0 1 0 0 0 1 0 1 0 1 0 1 0 0 0 0 1 1 0 0 0 1 0 0 0 0 0 0 1 0 1 1 0 1 1 0 0 1 1
0 0 0 1 1 0 0 1 1 1 1 0 1 1 1 1 1 0 0 1 0 1 0 0 1 1 0 1 1 1 0 1 0 0 14 1 0 1 0 0 0 1 0 0 1 0 1 1 1 1 0 0 1 0 0 1 1 0 1 1 1 1 1 0 1 0 0 1 0 0 1 0 0 0 0 0 1 0 1 0 0 1 0 1 0 0 0 1 0 0 1 0 0 0 1 0 1 0 1 0 1 1 0 1 1 0 1 0 0 1 1 1 1 0 0 1 1 1 1 0 0 1 0 1 1 0 1 0 1 1 1 0 0 0 1 1 0 0 0 0 0 1 1 0 1 0 1 0 0 1 0 1 0 1 0 1 1 1
0 1 1 1 1 1 0 1 1 1 0 1 0 1 1 0 0 0 0 1 1 1 1 0 0 1 1 1 0 0 1 0 1 1 1 13 1 0 1 1 1 0 0 1 0 1 0 0 1 0 1 1 1 0 0 0 1 1 0 1 1 0 0 0 1 1 0 0 1 1 0 0 0 0 1 1 1 1 1 1 1 1 0 1 1 0 1 0 1 1 1 1 1 0 1 1 0 1 0 0 1 0 1 1 0 1 0 0 0 0 1 0 0 0 1 1 0 1 0 0 1 1 1 0 0 0 0 0 1 0 1 0 1 0 0 0 0 1 0 0 1 0 1 1 0 1 1 0 1 1 0 1 1 0 1 1 1 1
0 1 0 1 1 0 0 1 0 0 0 0 1 0 1 1 1 1 1 0 0 0 1 1 1 1 1 1 0 0 0 0 1 0 0 1 58 0 0 0 0 0 1 0 1 1 1 0 1 0 0 0 0 0 0 0 0 1 1 0 0 1 1 1 0 0 1 1 0 0 1 0 0 1 0 1 0 1 0 1 1 0 1 1 1 1 1 0 1 1 1 0 1 0 0 0 0 0 1 0 0 0 1 1 0 0 0 0 0 0 0 0 1 1 1 0 0 1 0 0 1 1 1 1 0 0 1 0 0 1 0 0 1 0 1 1 1 1 1 1 0 1 1 1 0 0 0 1 0 1 1 1 1 1 1 0 1 1
1 1 0 0 0 1 1 1 1 0 0 0 1 0 0 0 0 1 1 1 0 0 1 0 1 1 1 0 1 0 1 0 1 1 1 1 0 43 0 1 0 0 0 1 0 0 0 1 1 1 1 1 1 0 1 0 0 0 1 1 0 0 1 1 1 0 1 0 1 0 1 0 0 1 0 1 0 0 1 0 0 0 1 0 0 0 0 0 0 1 0 1 1 1 0 0 1 1 0 0 1 1 0 1 0 1 1 1 1 1 1 0 1 1 0 0 0 0 0 0 1 1 0 1 0 1 0 1 1 0 1 0 0 1 0 1 0 0 0 0 1 1 0 1 1 1 1 1 0 0 1 0 0 0 1 0 1 0
1 0 1 1 1 1 1 0 0 0 0 0 1 0 0 0 1 1 0 0 1 1 1 0 0 1 1 1 1 1 1 0 1 0 0 1 1 0 47 0 1 1 0 1 0 1 0 1 1 0 0 1 1 0 1 1 1 1 0 0 1 0 1 0 1 1 1 1 0 0 0 1 1 1 0 0 0 0 0 0 1 0 0 1 1 1 1 0 0 1 1 0 0 0 1 1 0 0 0 1 0 0 1 0 1 0 1 0 0 0 1 1 1 1 1 0 0 0 0 1 0 0 1 0 0 0 0 0 0 0 1 0 1 0 0 1 0 1 0 0 1 0 1 0 0 0 1 0 1 1 1 0 0 0 1 1 0 0
0 1 0 1 1 0 0 1 1 0 1 0 0 0 0 1 0 1 1 0 1 1 1 0 1 1 1 1 1 0 0 0 1 1 0 0 0 1 0 73 0 0 0 0 1 0 1 0 1 1 0 0 0 0 0 1 1 1 1 0 0 1 0 1 0 0 1 1 0 1 0 1 1 1 1 0 1 1 0 0 0 1 1 0 0 0 0 1 1 0 0 1 0 0 0 1 0 1 1 0 0 0 1 1 0 0 0 0 1 1 1 1 1 0 1 0 0 0 0 1 1 0 1 1 1 0 0 0 0 0 0 0 0 1 1 0 1 0 0 1 1 1 1 1 0 1 0 1 1 0 1 1 0 1 0 1 0 1
1 1 0 0 0 1 1 1 0 1 0 1 1 1 1 0 0 1 0 1 0 0 1 0 0 0 0 0 1 0 0 1 0 0 1 1 0 0 0 0 2 0 1 1 1 1 1 0 0 1 0 0 0 1 1 1 0 0 1 1 1 1 1 1 0 0 0 0 1 1 0 1 0 0 0 0 0 0 0 1 1 0 1 0 0 1 1 1 1 0 1 1 0 0 1 0 1 0 1 0 1 1 0 1 0 0 1 0 1 1 1 1 1 1 1 0 0 1 0 1 0 1 1 0 1 0 0 0 0 0 1 1 1 1 0 1 0 1 0 0 1 0 0 1 0 1 1 0 0 0 1 1 1 0 1 0 1 0
0 0 1 1 0 1 0 0 1 1 1 1 1 1 1 1 1 1 0 1 0 1 1 0 1 0 0 0 1 0 0 1 1 1 0 1 0 0 0 1 1 78 1 1 0 1 1 0 0 0 1 1 0 0 0 1 0 1 1 1 1 0 0 1 0 1 1 1 0 0 0 1 0 0 0 1 0 1 0 0 0 0 1 0 0 1 1 0 1 1 0 1 0 0 0 0 0 1 0 1 1 1 1 1 0 0 1 1 1 0 0 0 0 0 1 0 1 1 0 1 1 1 0 1 1 0 0 0 0 1 1 0 1 1 1 1 1 0 1 0 0 0 0 0 0 0 1 1 1 0 1 0 1 0 0 0 1 1
0 0 0 1 1 1 1 1 0 0 1 0 0 0 1 0 1 0 0 0 0 0 0 1 1 0 0 0 0 1 0 1 0 0 0 0 0 0 0 0 1 1 59 1 1 1 1 1 0 0 1 0 0 0 0 1 0 1 0 0 0 0 1 1 0 1 0 1 0 1 0 0 1 1 1 1 1 1 1 1 1 1 1 0 0 0 0 0 1 1 1 0 0 1 0 1 1 0 0 1 0 1 0 0 0 1 0 0 0 1 0 1 1 0 0 1 0 1 1 1 1 0 1 0 1 1 0 1 1 0 1 1 0 0 0 0 0 0 0 1 1 1 1 0 0 0 1 0 0 0 1 0 1 1 1 1 0 0
0 1 0 1 1 1 0 0 0 0 0 1 0 0 0 0 1 1 1 0 1 0 1 1 1 1 1 1 0 1 0 1 1 0 0 1 1 1 1 0 0 1 1 56 1 1 0 0 1 0 1 0 1 0 0 1 1 0 1 1 0 0 0 1 1 0 1 0 0 0 0 0 0 0 0 0 1 1 0 1 0 1 1 0 0 1 0 0 1 0 1 0 0 0 0 1 0 1 1 0 0 1 0 1 1 1 1 1 0 1 0 0 1 0 0 0 1 0 1 0 1 0 1 1 0 1 0 1 0 1 0 1 1 0 0 0 1 0 1 1 0 1 0 0 0 1 1 0 1 0 1 0 1 0 0 0 1 0
0 1 1 0 0 0 0 1 1 1 0 0 0 1 1 1 1 1 0 1 0 1 0 0 0 0 1 0 0 1 1 1 0 0 1 0 0 1 0 0 1 1 0 1 59 0 0 0 0 0 1 1 1 0 0 0 1 0 0 1 1 1 0 1 0 0 0 0 0 1 0 1 0 1 1 1 1 0 1 0 0 1 1 1 1 1 1 0 1 0 1 1 0 0 1 0 0 0 1 1 0 0 1 1 0 1 1 1 1 1 1 1 1 1 1 0 0 0 0 1 1 0 0 0 1 1 0 0 0 1 1 1 0 1 0 0 1 0 1 1 1 0 0 1 1 1 1 1 0 1 0 0 1 0 0 0 1 1
0 1 1 1 1 0 0 1 1 0 0 1 0 0 0 0 1 1 0 0 1 1 1 0 0 1 0 0 1 0 1 1 1 0 1 0 1 1 0 0 0 0 1 1 0 35 0 0 0 0 1 0 1 0 1 1 1 1 1 0 0 0 0 0 1 1 1 1 0 0 0 1 1 1 0 0 1 1 1 1 0 1 0 1 0 1 1 0 1 0 1 1 1 1 1 1 1 1 0 1 0 0 0 1 0 1 1 1 1 0 1 0 0 1 1 0 1 0 0 1 1 1 1 0 1 1 1 0 0 0 0 1 1 1 1 1 0 1 1 0 0 0 0 0 0 0 1 1 1 0 0 0 1 1 1 1 1 1
0 0 1 0 0 1 1 0 1 1 1 1 1 0 1 0 1 1 1 1 1 1 1 1 0 0 0 1 0 0 1 1 0 1 1 0 1 1 1 0 0 0 0 1 1 1 50 0 1 1 1 1 1 0 0 0 1 0 1 0 0 0 1 1 1 1 0 1 1 1 1 0 0 0 1 0 0 1 0 0 1 0 0 0 0 0 1 1 1 0 0 1 1 0 0 0 0 1 1 0 0 1 0 0 1 0 0 0 1 1 0 0 0 1 1 0 1 1 1 1 1 1 1 1 1 0 1 0 0 0 1 1 1 1 1 1 1 0 0 0 0 0 1 0 0 0 0 1 1 1 1 1 1 0 1 1 0 0
0 1 0 0 1 0 1 0 0 0 0 0 1 1 1 0 1 1 0 1 0 1 0 1 1 1 0 1 1 1 1 1 0 1 1 1 0 1 1 1 0 0 1 1 1 1 1 48 0 1 1 1 0 0 0 1 1 0 1 0 1 1 0 1 1 0 1 1 0 1 1 1 0 0 1 1 1 0 1 0 0 1 0 0 0 0 0 0 0 0 1 0 1 0 1 1 0 0 0 0 0 1 1 1 1 0 1 1 0 0 1 1 1 1 0 1 1 0 0 0 1 1 1 1 1 1 0 1 1 1 1 1 1 0 0 0 1 1 0 1 0 0 1 1 1 1 1 0 0 1 0 0 0 0 0 1 1 1
0 1 0 1 0 1 1 0 1 0 1 1 0 1 0 1 0 1 1 1 0 1 0 0 1 1 0 0 0 0 0 0 1 0 0 0 1 0 1 1 0 0 1 0 1 0 0 1 67 1 0 1 0 1 0 1 1 1 0 1 1 0 0 1 0 1 1 1 0 1 1 1 1 1 0 0 1 1 0 1 1 0 1 1 1 1 1 1 0 0 1 1 1 0 0 1 0 0 1 0 1 0 1 1 1 1 1 0 0 0 0 1 0 0 1 0 0 0 1 0 0 1 1 1 1 0 0 0 1 0 1 1 1 1 0 1 0 0 1 1 1 0 1 0 1 1 1 1 1 1 1 0 1 1 1 1 1 0
0 1 1 0 0 1 1 1 1 0 1 0 1 0 0 1 0 0 0 1 0 1 1 1 1 1 0 0 0 0 0 1 0 0 1 1 1 1 0 1 0 0 0 0 1 0 1 0 1 62 0 0 1 0 1 1 0 1 0 0 1 0 0 1 1 1 0 0 0 1 0 0 1 1 0 0 1 0 0 0 0 1 0 1 1 1 0 1 1 1 0 0 1 0 1 1 1 1 0 1 1 0 1 0 1 0 1 0 1 0 0 1 0 1 1 1 0 1 0 0 1 1 1 1 0 1 0 0 1 1 0 0 0 1 1 0 1 0 1 0 0 1 0 0 0 1 0 1 1 1 0 0 0 0 0 0 0 0
0 1 0 1 1 1 1 1 1 1 0 0 1 1 0 0 0 1 1 0 1 0 1 1 0 1 1 1 0 1 0 1 0 0 0 1 1 1 0 1 0 1 1 0 1 1 1 1 1 1 13 0 0 0 1 0 0 1 0 0 0 1 1 0 1 1 0 1 0 1 1 1 1 0 1 0 1 0 1 0 0 0 0 1 0 0 0 0 0 1 1 0 1 0 0 1 1 0 1 1 1 1 1 0 1 1 1 1 0 0 1 0 1 1 1 1 1 1 0 1 0 0 0 0 1 1 0 1 1 1 0 0 0 1 1 0 0 0 0 0 1 0 1 1 1 0 0 0 1 0 0 0 1 0 0 0 1 0
0 0 0 0 0 0 0 1 1 1 1 0 0 1 0 0 1 1 1 1 1 0 0 0 0 0 1 0 1 1 1 1 0 1 1 1 1 0 1 0 1 0 1 1 0 1 0 0 0 1 0 85 0 0 1 0 1 1 1 0 1 1 0 0 0 1 0 1 1 1 1 0 1 1 0 1 1 0 0 1 1 0 1 1 1 1 1 1 0 0 0 1 0 0 1 0 0 1 0 0 0 0 0 0 1 1 0 0 1 0 1 1 1 1 1 0 1 1 1 1 1 1 1 1 1 0 0 0 1 0 0 0 0 1 0 0 1 1 0 0 1 0 1 0 1 0 1 1 1 0 1 0 1 0 1 1 0 0
0 1 0 0 0 1 1 0 1 0 1 1 1 0 0 1 0 1 0 0 0 0 0 0 0 0 1 0 1 1 0 0 1 0 0 1 1 0 0 1 0 0 1 1 1 0 1 1 1 0 1 1 59 0 1 1 1 0 0 0 1 0 0 0 0 0 1 1 0 1 0 1 1 1 1 0 1 1 0 1 0 1 1 1 1 0 1 1 0 0 0 1 1 0 1 0 0 1 0 0 1 1 1 0 0 1 1 1 1 0 1 1 1 1 0 0 0 1 0 0 0 0 1 1 0 0 1 0 1 1 0 1 1 0 1 1 1 0 1 1 1 1 1 0 1 1 0 0 0 1 1 0 1 0 1 1 0 1
0 0 0 1 1 0 1 0 1 1 1 1 0 1 0 1 0 0 1 0 0 0 1 0 0 0 0 1 0 1 0 0 1 1 1 1 0 0 1 1 1 1 0 0 0 0 1 0 0 0 1 1 1 54 1 1 1 1 1 0 0 1 1 0 0 1 0 0 0 0 0 1 0 0 0 1 1 1 0 1 1 1 1 1 0 1 1 0 1 1 0 0 0 1 1 0 1 0 0 1 0 0 1 0 1 0 0 0 0 0 0 1 1 1 1 1 0 1 0 0 0 0 1 0 1 1 0 0 0 0 0 0 0 1 0 1 0 1 0 1 1 0 0 0 0 0 1 0 0 0 1 0 1 1 1 0 1 0
0 0 1 1 1 0 0 0 1 0 0 0 0 1 0 1 1 0 1 1 1 1 0 0 1 1 1 1 0 1 0 0 0 0 0 0 0 1 0 1 0 1 1 1 1 1 0 1 0 0 1 0 0 1 19 1 1 1 0 1 1 1 0 1 0 0 1 0 1 0 0 0 0 0 0 1 0 1 1 0 0 0 0 1 0 1 0 1 0 1 1 1 1 1 1 1 0 1 0 1 0 1 0 0 1 1 0 1 0 0 1 0 0 0 1 0 0 0 0 1 0 0 0 0 1 1 1 1 1 1 0 1 1 0 1 0 0 0 0 1 0 1 0 0 1 1 0 1 0 1 1 0 1 0 0 1 0 0
1 0 1 0 0 0 1 1 1 0 1 1 0 1 0 0 0 1 1 0 1 1 1 0 0 1 0 1 1 1 0 0 1 0 1 0 0 1 0 1 0 0 0 0 1 1 1 1 0 1 1 0 0 1 1 92 0 0 0 0 1 0 1 1 0 1 1 1 0 0 1 1 1 0 0 0 0 1 1 0 0 0 0 1 1 0 0 1 0 1 1 0 0 1 1 0 1 1 0 1 0 1 1 1 1 1 0 1 1 1 0 0 1 1 1 1 1 1 1 1 1 1 0 1 1 0 1 0 0 1 0 1 1 0 0 0 0 1 0 0 1 1 0 0 0 0 1 1 0 0 0 1 0 0 0 1 0 0
0 0 0 1 0 0 1 1 0 0 1 0 0 1 1 0 0 0 0 1 1 1 1 0 0 1 1 1 0 0 0 1 0 0 0 1 0 1 1 1 0 0 0 1 0 1 1 1 0 1 1 0 1 0 1 1 80 1 1 0 0 0 1 0 0 0 1 1 1 0 1 0 1 0 1 0 0 1 0 0 0 1 0 0 1 0 0 1 0 1 0 0 0 1 0 1 1 1 1 1 0 0 1 1 1 1 0 1 1 1 1 1 0 1 1 1 1 1 0 1 1 0 1 0 1 1 1 1 1 0 0 1 0 1 0 1 1 0 0 0 0 1 1 1 1 0 0 0 0 0 0 0 1 1 1 1 1 0
1 1 0 0 1 1 1 1 0 1 0 1 1 0 0 1 0 1 0 0 1 0 1 0 0 1 1 1 0 0 1 1 0 1 0 0 1 0 1 0 1 0 0 1 0 1 1 1 1 1 0 1 0 1 0 1 1 91 0 0 0 1 0 1 0 1 0 0 1 0 0 1 1 1 1 1 0 0 0 0 0 1 1 1 0 1 0 0 1 1 0 0 0 1 0 1 0 0 1 1 1 1 0 0 1 1 0 0 1 1 1 1 0 0 1 1 1 1 0 1 0 0 0 0 0 1 0 1 1 1 0 0 0 0 1 0 1 0 1 0 1 0 1 0 0 0 0 1 1 1 0 1 1 0 1 0 0 1
0 1 0 1 1 1 0 0 1 0 1 1 1 1 1 0 0 0 1 1 0 0 0 0 0 1 0 1 1 0 1 1 1 0 1 0 0 0 1 1 1 0 0 1 1 1 0 0 1 0 1 1 0 1 0 1 0 0 65 1 0 0 1 0 0 1 0 1 1 1 0 1 0 1 1 1 1 1 0 1 0 1 1 1 0 0 1 0 1 0 0 0 0 1 0 1 0 0 1 1 0 1 0 0 1 1 0 0 0 1 0 1 0 0 1 0 1 1 1 0 1 0 0 1 0 0 0 0 1 0 1 1 0 0 0 0 0 0 1 1 1 1 1 1 1 1 1 1 0 0 0 1 0 1 1 0 1 1
0 0 1 1 1 0 0 1 1 1 1 1 1 0 0 1 0 1 0 1 0 0 0 1 1 0 0 0 1 1 1 1 1 1 0 1 1 0 1 1 1 0 0 1 0 1 1 1 1 0 1 0 0 1 1 0 0 0 1 72 0 1 0 1 1 0 0 1 1 0 0 1 1 1 1 0 0 1 1 1 1 1 0 1 0 1 1 0 1 1 1 1 0 1 1 1 1 1 0 0 1 0 1 1 0 1 1 1 1 1 1 0 1 1 0 0 1 0 0 1 0 0 0 1 0 0 0 1 0 1 1 0 0 0 0 1 1 1 0 0 0 0 0 1 1 1 0 0 1 0 0 1 0 1 0 0 1 0
1 0 1 0 1 0 0 1 0 1 0 0 1 1 0 0 0 1 0 1 1 1 1 1 0 0 0 1 1 1 1 1 1 0 1 1 0 0 0 0 0 0 0 1 1 0 0 1 0 1 1 0 0 0 1 0 1 0 1 0 47 0 0 0 0 0 1 1 0 0 0 0 0 1 0 0 1 0 0 1 0 1 0 0 0 0 1 1 1 1 0 0 0 0 0 0 0 0 1 1 1 0 1 0 0 1 0 0 0 0 1 1 0 1 0 1 0 1 0 1 0 0 1 0 0 0 0 0 1 1 1 0 0 0 0 0 1 0 0 1 1 0 0 0 0 0 1 0 1 1 1 0 0 1 1 1 0 0
1 1 1 1 0 1 0 1 1 1 0 0 1 0 0 1 0 0 0 0 1 1 0 0 1 1 1 1 1 1 0 0 0 1 1 0 0 1 1 0 0 0 0 0 0 1 1 0 1 0 1 1 0 0 1 0 1 1 1 1 0 43 1 1 0 1 1 0 0 0 1 1 0 1 0 1 0 0 0 1 1 1 0 0 0 0 0 0 0 0 0 1 1 0 1 1 1 1 1 1 0 0 0 1 0 1 0 0 0 1 0 0 1 0 0 1 0 1 0 0 0 1 0 0 0 0 1 1 0 0 0 0 1 0 0 0 1 1 0 1 1 0 1 0 0 1 1 1 1 1 0 0 1 1 0 1 1 1
1 0 1 1 1 1 1 1 0 1 1 1 1 0 0 1 1 1 1 0 1 0 0 1 1 1 1 0 1 0 1 1 0 1 0 0 1 0 0 1 0 0 1 1 0 1 1 1 0 1 1 1 0 1 0 0 0 1 1 1 1 0 13 1 0 0 0 1 1 1 1 1 0 1 0 0 1 1 1 0 0 1 1 1 1 1 1 0 0 0 1 1 0 1 1 0 1 0 0 0 0 0 1 0 0 1 1 0 1 0 0 0 0 1 1 0 1 1 1 1 0 0 1 1 1 1 1 1 0 0 0 1 0 0 1 1 1 1 0 0 1 1 1 0 0 1 0 0 0 1 1 1 1 1 0 0 0 0
1 1 1 0 1 0 1 0 0 0 0 0 0 0 0 0 0 0 1 0 0 1 0 0 0 1 0 0 0 1 0 0 1 1 0 0 1 0 0 0 0 0 1 1 1 0 0 0 1 0 0 0 1 0 0 0 0 1 1 0 1 0 0 48 1 0 1 0 1 1 0 0 0 0 0 0 0 0 1 1 0 1 0 1 1 0 0 0 0 0 1 0 1 0 0 0 0 0 0 1 0 1 1 1 0 0 0 1 0 1 1 0 0 1 0 0 0 0 1 0 0 1 0 1 1 1 1 1 1 0 0 1 1 1 0 0 0 1 1 1 0 0 1 1 0 1 0 1 1 0 0 0 1 0 1 1 0 0
1 0 0 1 0 1 1 1 0 1 1 1 0 1 0 1 1 0 1 1 0 0 1 1 0 0 0 0 0 1 1 1 0 0 1 1 1 0 1 0 1 1 0 1 1 1 0 0 1 0 0 0 0 0 1 1 1 0 1 1 1 1 1 1 67 1 0 1 0 1 0 0 1 0 1 1 0 0 1 1 1 1 1 0 0 0 0 0 0 1 0 1 1 1 0 1 0 1 0 1 1 1 1 0 1 1 0 1 0 1 1 0 1 1 0 1 0 1 0 1 0 1 1 1 1 0 0 1 0 0 1 1 0 1 0 1 1 0 0 1 0 0 1 0 1 1 0 0 0 0 1 0 0 0 0 0 0 1
0 1 1 0 0 1 0 0 0 1 1 0 0 1 1 0 1 1 0 1 1 1 1 1 0 0 1 1 1 1 1 1 0 0 1 0 0 0 1 0 0 1 0 1 0 0 1 1 0 1 0 1 0 1 0 0 0 1 1 0 0 1 1 1 1 49 0 0 1 0 1 1 0 0 0 0 0 0 1 1 1 1 1 0 1 1 1 0 0 0 0 0 1 0 0 1 0 1 1 0 0 1 0 1 1 0 0 0 0 0 1 1 0 1 0 0 0 0 1 1 1 0 1 1 0 0 1 1 1 0 0 1 0 0 1 0 0 1 1 1 0 0 1 0 0 0 1 0 0 0 1 0 0 1 1 1 1 1
1 1 1 1 0 0 0 0 0 0 1 0 0 1 0 1 1 0 1 1 0 1 0 0 0 1 0 0 0 0 0 1 1 1 0 0 0 0 0 0 1 0 0 0 0 1 1 1 0 0 1 1 1 1 0 1 1 1 1 0 1 0 1 1 0 1 78 0 0 1 0 1 0 1 1 1 0 0 0 1 1 1 1 0 0 0 0 1 1 1 0 0 0 0 0 0 0 0 0 1 0 1 1 0 0 1 0 0 1 1 0 1 1 0 0 1 1 0 1 0 0 0 1 0 0 0 0 1 0 0 1 1 0 1 1 0 0 1 0 0 0 1 0 0 1 0 0 0 1 0 1 0 1 0 0 0 0 0
1 0 1 1 0 1 1 1 1 1 0 1 0 1 1 1 0 0 0 0 1 1 1 0 0 1 1 0 0 1 0 1 1 1 0 1 1 1 1 0 0 1 1 1 0 1 1 1 0 0 1 0 0 1 0 1 1 0 0 1 0 0 0 1 1 0 0 42 1 0 0 0 0 0 1 0 1 0 0 1 1 0 1 0 0 0 0 0 0 0 1 1 1 0 0 1 1 1 1 0 1 0 1 0 0 0 0 1 1 1 0 0 1 1 0 1 1 0 1 0 0 1 0 1 1 0 1 1 1 1 0 0 0 1 1 0 1 1 1 1 1 0 0 1 1 0 0 0 0 0 0 0 1 1 0 0 0 1
1 0 1 1 1 1 1 0 0 1 0 0 0 0 0 0 1 0 1 1 0 1 0 1 0 1 0 0 1 1 1 0 0 1 1 1 1 1 0 0 1 0 1 0 0 0 0 1 0 0 1 1 1 0 1 1 1 0 1 0 0 0 1 0 0 0 0 0 41 0 0 0 1 1 1 1 1 0 0 0 1 0 0 0 1 0 1 1 1 0 1 1 1 1 1 0 0 1 0 0 0 1 1 1 1 0 1 1 0 0 0 0 1 1 1 0 1 1 0 0 0 0 1 1 0 0 1 1 0 1 1 1 1 1 1 1 1 1 1 1 0 0 1 0 0 0 1 1 0 0 1 0 1 0 1 0 0 0
1 0 0 0 0 1 0 1 1 0 1 1 1 0 1 1 1 0 1 1 0 0 1 0 0 0 0 1 1 1 1 1 1 1 1 1 0 0 1 1 0 0 0 1 0 0 1 0 1 1 0 1 1 0 1 1 1 1 0 0 1 0 1 1 0 0 0 0 0 30 1 1 1 0 0 1 1 1 1 1 0 1 1 1 0 1 1 0 0 0 0 1 1 1 0 0 1 0 1 1 1 0 1 1 1 0 1 1 1 0 0 1 1 1 0 1 0 1 1 0 1 0 0 1 1 0 1 0 0 0 0 1 0 1 0 0 1 1 1 0 0 1 1 1 1 1 1 1 0 0 1 1 1 1 0 1 0 1
0 1 0 1 1 1 0 0 0 0 0 0 0 1 1 0 1 1 0 1 1 1 1 0 1 0 1 1 0 1 0 0 1 1 1 1 1 0 1 1 1 1 1 0 1 0 0 0 1 0 1 0 0 1 0 1 0 1 1 0 1 0 1 1 0 0 0 1 1 1 11 0 0 0 1 1 1 1 1 0 1 1 0 1 0 0 1 0 1 0 1 0 0 0 1 0 1 1 1 0 0 1 0 1 0 1 1 1 1 0 0 0 1 1 1 0 0 1 1 0 1 0 0 0 0 0 1 1 0 0 0 0 0 0 0 0 1 1 1 0 1 0 1 1 0 0 0 1 0 0 0 1 1 1 0 0 1 1
1 1 0 0 0 1 1 1 0 0 0 0 0 1 1 0 1 1 0 1 0 0 1 1 1 0 0 0 0 0 1 1 1 1 1 1 1 0 1 0 0 0 0 0 0 0 0 0 0 0 0 1 1 0 0 1 0 1 0 0 0 1 0 1 1 1 0 0 1 0 0 5 0 0 0 0 1 0 0 0 0 1 1 1 1 1 0 1 0 0 0 0 0 1 1 0 1 0 1 0 0 1 0 1 1 0 0 1 0 0 0 1 0 1 0 0 1 1 0 0 1 1 1 0 0 1 0 0 1 0 0 1 1 1 1 1 1 0 0 0 0 0 0 1 1 1 0 1 1 1 1 0 0 0 1 1 0 0
1 0 1 0 1 0 0 0 0 1 1 1 0 0 1 1 0 1 0 1 1 0 1 0 0 1 0 0 1 0 1 1 0 1 0 1 1 1 1 1 1 1 1 0 0 0 0 1 0 1 0 0 1 1 0 0 0 1 0 1 1 1 0 1 0 1 0 1 0 1 0 1 52 1 0 1 0 1 0 0 0 1 1 1 0 1 1 1 0 1 0 1 0 0 1 0 0 1 0 1 1 0 0 0 0 0 0 1 1 1 1 1 0 1 1 1 0 0 1 0 0 0 1 0 0 1 1 1 0 0 0 1 1 0 0 0 1 0 1 0 1 1 1 0 0 0 1 0 0 0 0 1 0 1 1 0 0 0
0 1 0 1 1 1 1 1 0 0 0 1 0 0 1 1 1 0 0 1 0 1 0 0 0 1 0 1 0 0 0 0 0 1 1 1 0 1 1 0 0 0 1 1 0 0 0 0 0 1 1 1 1 0 0 0 0 1 0 0 0 1 1 1 1 0 0 0 0 1 0 1 1 21 1 0 1 0 0 1 1 1 1 1 1 1 1 0 0 0 0 1 1 1 1 0 1 0 0 0 1 0 0 0 1 0 0 1 0 0 1 1 0 0 1 1 0 1 1 0 1 1 0 1 0 1 1 0 1 0 1 1 0 0 0 0 1 0 0 0 1 0 0 1 0 1 0 1 0 0 0 0 1 1 0 1 0 1
1 0 1 0 1 0 1 1 0 0 0 1 0 0 0 0 1 0 0 1 1 1 1 0 0 1 1 0 1 1 0 0 0 1 0 1 1 0 0 1 1 0 0 0 1 0 1 1 0 1 0 0 0 1 0 1 0 0 1 0 0 0 1 0 0 1 1 1 1 1 0 1 1 1 91 1 0 0 0 0 0 1 0 1 0 1 0 1 0 1 1 0 0 0 0 0 1 1 1 1 0 0 0 0 0 1 0 1 1 1 1 0 1 0 1 0 0 0 0 0 1 0 1 0 0 0 1 0 0 1 0 0 0 1 1 1 1 1 1 0 1 1 0 0 0 1 1 1 1 0 1 1 1 0 1 1 0 0
1 0 1 0 0 1 0 0 0 0 1 0 0 0 0 1 0 1 1 1 0 1 1 0 1 1 0 1 1 1 0 1 0 1 0 0 1 1 0 1 0 0 1 0 0 1 1 1 1 1 0 0 1 1 1 0 1 1 1 0 0 1 0 0 1 1 1 1 1 0 1 0 1 1 1 23 1 1 0 1 1 1 0 1 1 0 1 0 0 1 1 0 0 1 1 1 1 0 0 1 1 0 0 0 1 0 0 0 1 1 0 0 0 0 1 1 1 0 1 1 0 0 1 1 0 1 0 0 1 1 0 1 0 1 0 1 0 0 1 0 1 0 1 1 1 0 1 0 1 1 0 1 1 0 0 1 1 0
1 1 0 1 1 0 1 1 1 1 0 1 0 0 0 0 0 1 0 0 0 0 1 1 0 0 1 0 0 0 1 0 0 1 1 1 0 1 0 1 0 0 0 0 0 0 0 1 0 1 0 0 0 1 1 0 0 1 0 0 0 0 0 1 1 0 0 1 1 1 1 1 0 0 1 1 1 0 0 0 0 1 0 0 0 0 1 0 0 0 1 0 1 0 0 0 1 0 0 1 1 0 0 0 0 0 1 0 1 0 0 0 1 1 1 0 0 0 0 1 1 1 1 0 0 0 0 1 0 0 1 0 0 1 0 0 0 0 0 0 0 0 0 1 0 1 0 0 1 1 0 1 1 0 1 0 1 0
1 0 1 1 0 0 0 0 1 0 0 0 1 0 1 0 1 1 0 1 1 0 0 1 1 0 1 1 0 1 1 0 0 0 1 1 1 1 0 1 0 1 0 1 1 0 1 1 0 1 0 1 1 1 0 1 0 1 0 0 1 1 0 1 1 1 0 1 0 1 1 1 0 0 0 1 0 54 0 0 1 1 0 0 0 1 0 0 0 0 1 0 0 0 1 1 0 0 0 1 0 1 0 0 1 1 0 0 0 1 1 1 1 1 1 1 0 1 0 0 1 1 0 0 1 0 0 1 1 1 0 1 1 0 1 1 0 1 1 0 0 1 0 0 0 0 1 1 1 1 1 0 0 1 0 1 1 0
1 0 0 1 1 0 1 0 0 1 0 1 0 1 0 1 0 0 1 0 1 0 1 1 1 1 0 1 1 0 0 1 0 1 1 1 1 1 0 0 0 0 1 0 1 0 1 0 0 1 1 1 1 0 1 1 1 0 1 0 0 0 0 0 1 0 1 1 0 0 0 0 1 0 0 1 0 1 47 1 1 1 1 0 1 1 1 1 0 1 1 1 1 1 1 1 1 0 1 0 0 0 1 1 1 1 0 1 1 1 0 1 0 0 1 1 1 0 0 1 1 0 0 0 1 0 1 0 0 1 1 0 1 0 0 0 1 0 0 0 0 1 0 1 1 1 0 1 0 1 0 1 1 0 1 0 1 0
1 0 0 0 1 0 1 0 0 0 1 1 1 0 1 1 0 0 0 1 1 1 0 1 0 1 1 1 1 1 0 0 1 1 0 1 0 1 1 1 0 0 1 0 0 0 0 0 0 1 1 0 0 1 0 1 1 1 0 1 0 1 1 0 0 1 0 1 1 1 0 0 1 0 0 0 1 0 1 26 1 0 0 1 1 1 1 1 1 1 0 1 1 1 0 1 0 1 1 0 1 1 1 0 1 1 0 0 1 1 0 0 0 1 1 1 1 1 1 0 1 1 0 1 1 1 0 0 0 1 0 0 0 0 1 1 0 1 1 1 1 1 0 0 0 1 0 0 1 0 0 0 1 1 1 0 1 0
0 1 0 1 0 1 0 1 0 0 0 0 0 0 1 0 0 1 0 1 0 1 1 0 1 1 0 1 0 1 0 1 1 0 0 0 1 0 1 0 1 1 0 0 1 1 0 0 1 1 0 1 0 1 1 0 0 0 0 0 1 0 1 0 1 0 0 0 0 1 0 1 0 1 1 0 0 0 1 1 90 0 0 1 0 0 1 1 0 1 1 1 0 1 1 0 0 0 0 0 0 1 0 1 0 0 1 1 0 1 1 0 0 0 0 0 0 0 1 0 1 0 1 1 1 0 1 0 1 1 1 1 0 0 1 0 1 0 0 1 1 0 0 0 1 1 1 1 1 0 0 0 0 0 0 0 0 0
0 1 0 1 1 0 1 0 1 0 0 0 1 1 1 1 0 0 0 0 1 1 1 1 0 1 1 0 1 0 0 1 1 1 1 0 1 0 1 1 0 0 1 1 0 1 0 0 1 1 1 0 0 1 1 1 0 1 1 0 1 1 0 0 1 0 1 1 0 1 1 1 0 1 0 0 1 0 1 0 1 71 1 0 1 1 0 0 0 1 1 1 1 1 1 1 1 0 1 0 0 0 0 0 0 1 1 1 1 0 1 0 0 1 0 1 1 1 0 0 1 1 0 0 1 1 1 0 0 1 0 0 0 0 1 0 1 0 1 0 1 0 0 1 0 0 0 0 1 0 0 0 0 0 1 1 0 0
0 1 0 0 0 0 0 1 0 1 0 0 1 1 1 1 0 0 0 1 0 1 0 0 1 1 0 0 1 1 0 0 0 0 1 1 0 1 1 0 0 1 0 0 0 0 1 1 1 0 0 1 0 1 0 0 1 1 0 1 1 1 1 1 1 1 0 1 1 0 0 1 1 1 0 0 0 1 0 1 0 0 59 0 0 1 1 0 0 0 0 0 1 1 1 0 1 1 1 0 1 0 1 1 0 0 1 1 1 0 1 0 0 0 1 1 1 1 0 0 0 1 1 1 1 0 0 1 1 1 0 0 1 0 0 1 1 0 1 0 0 1 1 0 1 1 0 0 0 1 1 0 1 0 1 0 1 1
0 1 0 1 1 1 0 1 1 1 0 1 0 0 0 0 0 0 0 1 1 1 1 0 1 1 1 0 0 0 1 1 0 0 0 1 1 1 1 1 0 0 0 0 1 1 1 0 0 0 0 1 0 0 0 0 1 0 0 0 0 1 1 1 0 1 1 0 0 0 0 0 1 1 1 1 1 0 1 0 1 1 0 14 0 1 0 1 1 1 0 0 0 0 0 0 1 0 1 1 1 1 0 1 1 1 0 1 0 1 1 0 0 0 1 0 1 1 1 1 1 1 0 1 1 1 0 1 1 1 0 1 0 1 0 1 1 1 0 1 1 1 1 0 0 1 0 1 1 0 1 1 0 1 1 1 1 0
1 0 1 0 0 1 1 0 0 1 1 1 1 0 1 1 0 0 0 0 1 1 0 1 0 0 0 1 0 1 0 1 0 1 0 1 1 1 1 1 0 1 0 1 1 0 0 1 1 0 0 1 1 0 1 1 0 0 0 0 0 0 1 1 1 1 0 0 0 1 0 0 1 0 0 0 0 0 0 0 1 0 0 1 19 1 0 1 0 1 0 0 0 1 0 1 0 1 1 0 0 0 1 0 1 0 1 1 0 0 1 0 1 0 0 1 0 1 1 1 0 0 1 0 1 0 0 0 0 0 1 0 1 1 0 0 1 0 0 0 0 1 0 0 1 1 1 0 0 1 0 0 0 0 0 1 1 0
0 1 1 1 1 0 0 0 1 0 0 1 0 0 0 0 1 1 1 1 0 1 1 1 0 1 0 0 1 1 0 1 1 1 0 1 0 1 1 1 0 0 1 0 0 0 1 1 0 0 1 0 0 0 0 1 0 1 0 0 1 0 1 1 0 1 1 1 0 0 1 0 0 0 1 1 0 1 0 0 1 1 0 1 0 70 0 1 0 1 1 0 1 0 1 1 1 1 0 1 1 1 0 0 1 1 0 1 0 0 0 1 0 1 0 0 0 0 1 0 0 1 1 1 1 1 1 1 0 0 0 1 1 0 0 1 1 1 0 1 1 1 0 0 1 1 1 0 0 0 1 1 0 0 0 0 0 1
0 0 0 0 0 0 0 0 0 0 0 1 1 1 1 0 1 1 0 1 0 0 0 1 0 0 1 0 1 0 0 0 0 0 1 0 1 0 0 0 1 1 1 0 0 1 1 1 1 0 0 0 1 0 1 1 1 1 0 0 1 1 1 1 0 1 1 0 0 1 1 0 0 0 0 0 1 1 0 1 0 0 0 0 0 0 66 0 1 0 0 1 1 1 0 0 0 1 0 0 0 1 0 1 1 1 0 1 0 0 0 1 0 0 0 0 0 1 1 1 1 1 1 0 0 0 1 1 0 0 0 1 1 0 0 1 1 1 0 0 0 0 1 1 1 1 0 0 1 0 0 1 1 0 1 0 0 1
1 0 0 0 1 0 0 0 1 0 0 1 1 1 1 1 0 1 1 0 1 1 1 1 1 1 0 1 0 1 0 0 0 0 0 0 0 0 0 0 0 1 1 0 1 1 0 0 1 0 1 1 0 0 0 1 1 1 1 1 1 0 0 1 0 0 0 1 1 0 1 1 0 1 1 0 0 0 0 1 1 0 1 1 0 0 1 99 0 1 1 1 1 0 1 0 0 1 1 0 0 1 1 1 0 0 1 1 1 1 1 0 0 0 1 1 0 0 0 1 0 0 0 1 1 0 0 1 0 0 1 0 0 1 1 1 1 0 1 1 0 0 1 0 1 0 1 0 1 1 0 0 1 0 0 0 1 1
0 0 0 0 1 0 1 0 1 0 0 0 1 1 0 0 0 0 0 0 1 0 1 1 1 0 0 1 1 0 1 1 1 1 0 1 0 0 0 1 0 0 1 1 1 1 0 1 1 0 0 1 1 1 0 1 0 1 1 1 0 0 1 1 1 1 0 0 1 1 1 0 0 0 1 0 1 1 1 0 1 0 1 0 0 0 1 0 40 1 1 0 1 1 0 1 1 0 0 1 0 0 1 1 0 0 1 1 0 1 0 0 1 1 0 1 0 0 1 0 1 1 0 1 0 1 0 0 1 0 0 1 1 1 0 1 1 1 1 1 0 1 0 0 0 1 0 1 0 1 0 1 1 0 0 1 1 0
0 1 0 0 1 0 0 0 1 0 1 0 1 0 1 0 0 0 0 1 0 0 1 1 0 1 0 0 0 0 1 1 1 1 0 0 0 1 0 1 1 1 1 1 0 1 0 1 1 0 0 0 1 0 0 0 1 0 1 0 1 0 1 1 1 0 0 0 0 0 0 1 1 1 1 1 0 1 1 1 0 0 0 0 0 1 1 1 1 85 1 1 0 0 1 0 1 0 1 0 1 1 0 0 0 1 1 1 1 0 0 1 1 1 0 0 1 0 0 1 0 1 1 0 1 1 1 0 1 0 1 1 0 0 0 0 0 0 1 1 0 1 1 1 0 1 1 1 1 0 1 0 0 1 1 0 1 1
1 0 0 1 0 0 0 0 1 0 0 0 1 1 0 1 1 1 0 1 0 0 0 1 1 0 0 1 1 0 1 1 1 1 1 0 1 1 0 0 0 1 1 0 1 1 1 0 1 1 0 1 1 1 0 0 0 1 1 0 0 1 1 0 0 1 1 0 1 0 1 0 0 0 0 0 1 0 0 1 1 1 0 1 1 0 0 0 1 1 7 0 1 1 0 0 0 1 1 1 1 0 0 0 0 1 1 1 1 1 0 1 0 1 0 1 0 0 0 0 0 1 0 0 1 0 0 1 1 1 0 0 1 1 0 0 0 0 1 1 0 1 1 0 0 0 1 0 0 0 0 1 0 1 1 0 0 0
0 0 1 1 1 0 1 0 1 1 1 1 0 0 0 1 1 0 0 1 0 0 1 1 1 0 1 0 1 1 0 1 0 1 0 0 0 1 1 0 1 1 0 1 0 1 1 1 1 0 1 1 0 0 1 0 1 1 0 0 0 0 1 0 0 1 0 1 0 1 1 0 1 0 1 1 1 1 0 0 0 1 1 1 1 1 1 1 1 0 1 69 0 0 0 1 1 0 1 0 0 0 0 0 1 1 1 1 0 0 1 0 1 0 1 1 1 0 0 0 1 0 1 0 1 0 1 1 1 1 0 1 1 1 0 0 0 1 0 1 0 1 0 1 1 1 0 0 1 1 0 1 1 0 1 1 1 0
0 1 0 0 0 0 0 0 0 0 0 1 1 1 1 0 0 0 1 1 1 1 0 0 1 0 1 0 0 0 1 0 0 0 0 0 1 1 0 0 1 1 0 0 1 0 1 0 1 0 0 1 1 1 0 1 1 1 0 1 1 1 1 0 0 1 1 0 0 1 1 1 0 1 0 0 0 1 0 0 1 1 0 1 0 1 0 0 0 1 0 1 58 0 0 1 1 1 0 1 0 1 1 0 1 0 0 1 0 1 1 0 0 1 0 0 0 1 0 1 0 0 0 1 1 1 0 1 0 0 0 0 0 1 1 0 0 0 1 1 0 1 0 0 1 0 0 1 1 1 0 0 0 1 0 0 0 0
0 0 0 0 1 0 1 0 1 0 1 1 1 0 1 1 1 1 1 0 1 0 1 0 0 1 1 0 1 1 1 0 0 0 0 1 0 0 1 0 1 1 1 1 0 0 0 1 0 1 0 0 0 1 1 0 0 0 1 1 1 0 1 1 1 1 0 0 0 0 1 0 0 1 1 1 0 0 0 1 1 1 1 1 1 1 1 1 1 0 1 0 0 90 0 0 1 1 1 0 0 0 1 0 1 1 0 1 0 0 1 1 1 0 1 1 0 0 0 1 0 1 0 0 0 0 0 1 0 1 0 0 1 1 0 1 1 1 0 1 0 0 1 0 0 0 0 1 1 1 0 0 0 1 1 1 0 1
0 0 0 0 1 0 1 0 1 1 0 0 1 1 1 0 1 0 1 0 1 1 0 1 0 1 1 0 0 1 1 1 1 0 0 1 0 1 1 1 1 1 1 0 0 0 0 1 0 0 1 0 0 0 0 1 0 1 1 0 0 0 1 1 0 0 0 0 1 1 1 0 1 1 1 1 1 0 0 1 1 1 0 1 1 1 0 1 0 0 0 1 0 0 22 1 0 1 0 1 1 1 1 0 1 0 0 0 0 1 1 0 1 1 0 0 1 1 0 0 1 0 1 0 1 1 0 0 1 1 0 1 1 0 1 1 1 0 1 0 1 1 0 1 1 1 0 1 1 1 0 0 0 1 0 1 0 0
0 1 1 0 1 1 0 0 1 0 0 0 0 1 1 0 1 0 1 0 0 1 1 0 0 0 0 0 0 0 1 0 0 1 0 0 1 1 1 1 1 0 0 1 1 1 0 0 1 1 1 0 1 1 1 0 0 1 0 1 0 0 1 0 0 1 1 0 1 1 0 0 1 0 1 0 0 0 1 1 0 0 1 1 0 0 1 1 0 1 0 0 1 0 1 59 1 1 1 0 0 1 1 1 0 0 0 1 0 0 1 1 1 1 1 1 1 0 0 1 1 1 1 1 0 0 1 1 0 0 0 1 1 0 1 0 0 1 1 1 0 0 1 1 1 0 1 0 1 1 1 1 0 1 0 1 1 1
1 0 1 0 0 1 1 1 0 1 1 1 1 0 0 0 0 1 0 0 1 0 0 0 1 1 0 1 1 0 0 1 0 1 1 1 0 0 0 1 1 1 0 0 0 0 0 0 1 1 0 0 1 1 0 1 0 0 0 0 1 0 1 0 0 1 0 1 0 0 1 0 1 1 1 1 1 0 0 0 0 1 0 0 1 1 0 0 1 0 1 0 1 0 0 1 73 0 0 1 0 0 1 0 1 1 0 0 0 0 1 1 0 1 0 0 1 1 0 1 1 1 1 1 1 0 1 0 0 0 1 1 1 1 1 0 0 1 1 0 1 1 1 0 1 0 1 1 0 0 1 1 0 1 1 1 1 0
1 1 1 1 0 1 1 0 1 0 0 1 0 0 1 1 1 0 0 0 1 1 0 1 1 1 1 0 0 1 1 0 1 0 0 0 0 0 0 0 1 0 0 0 0 0 1 0 0 0 1 1 1 1 0 1 0 1 1 0 1 0 1 1 0 1 0 1 0 0 1 1 1 0 1 1 1 0 0 0 0 0 1 1 0 0 1 1 1 1 1 1 0 1 1 1 0 60 1 0 1 0 1 1 0 0 1 1 0 1 0 0 1 0 1 1 1 1 0 1 0 1 0 0 0 0 1 1 0 1 1 1 0 1 0 0 1 0 0 0 1 1 0 0 1 1 0 0 0 1 1 1 0 1 1 0 0 0
1 1 0 0 0 0 0 0 1 0 0 0 1 1 0 0 1 1 0 1 1 0 0 1 1 1 0 0 1 0 0 0 1 0 1 0 0 0 0 1 0 1 0 1 1 1 1 1 0 1 0 1 0 0 1 0 0 1 1 1 0 0 0 0 0 0 0 1 1 0 1 0 1 1 1 0 0 0 0 0 1 0 1 1 1 0 0 1 0 0 0 1 0 0 1 0 0 0 51 0 1 0 1 0 0 0 0 0 1 1 0 1 1 0 1 1 1 1 1 1 0 1 1 1 1 0 1 1 0 1 1 0 1 0 0 0 0 0 0 0 1 0 1 1 1 0 1 0 1 1 0 0 0 1 1 0 0 1
1 1 1 0 1 1 1 1 1 1 0 0 1 1 0 1 0 0 1 0 0 1 0 0 0 1 0 0 1 1 1 1 1 1 0 1 1 0 1 1 1 0 0 0 0 0 0 0 1 1 0 0 1 0 1 1 1 0 1 0 0 1 0 1 1 1 0 0 1 0 0 1 0 1 1 0 1 0 0 1 0 1 0 1 1 0 1 0 0 1 0 1 1 1 0 1 1 0 0 13 1 1 1 0 0 0 0 1 1 0 0 1 1 0 0 0 0 0 1 1 1 1 0 0 1 0 1 0 0 0 1 0 0 0 0 1 1 0 0 0 1 1 0 1 1 1 0 0 1 0 0 0 0 0 1 1 1 1
0 0 0 1 1 1 0 1 0 0 1 1 1 1 1 1 0 0 1 1 0 1 0 1 1 0 0 1 1 0 0 1 1 1 1 0 0 1 0 0 1 0 0 0 0 0 0 0 0 1 1 0 0 1 1 0 0 1 0 1 0 1 1 0 0 1 0 1 1 0 0 1 1 1 1 1 0 0 0 1 0 1 1 1 1 0 0 1 0 1 1 0 0 1 1 1 1 1 0 1 23 1 0 1 1 0 0 1 1 1 1 1 0 1 0 0 1 1 0 0 0 1 1 0 0 0 1 1 1 0 1 0 0 0 1 1 1 0 0 1 0 1 0 0 1 0 1 1 1 0 0 1 0 0 0 1 1 1
0 0 0 0 0 0 1 0 0 1 1 0 0 0 1 1 0 0 0 1 0 0 0 1 0 1 0 0 0 1 1 1 1 0 1 0 0 0 0 1 1 0 1 1 0 0 1 1 0 0 0 0 0 1 1 1 0 0 0 1 1 0 1 1 0 1 1 0 1 1 1 0 0 1 0 1 0 1 0 1 1 1 0 1 0 1 1 0 1 0 1 0 0 0 0 1 1 0 1 1 1 60 0 0 1 0 0 1 0 1 1 0 0 0 0 0 0 0 1 0 0 0 1 1 1 0 1 1 0 1 0 0 0 0 1 1 1 1 1 1 1 0 0 1 1 0 0 0 1 0 0 1 1 0 0 0 1 1
0 0 1 0 0 0 0 0 0 0 1 1 0 1 0 1 1 1 0 1 0 0 0 0 0 1 1 1 1 0 0 1 1 0 0 0 1 1 1 0 1 1 0 0 0 1 0 0 1 0 0 1 1 1 0 0 1 0 1 1 1 1 0 0 0 1 0 1 1 0 1 1 0 0 1 1 0 1 0 1 0 0 0 1 0 1 0 1 0 0 1 1 0 1 1 0 0 0 0 1 1 1 9 0 0 0 1 0 1 0 0 0 0 0 0 0 1 1 0 0 1 0 1 0 1 1 1 0 0 0 0 1 0 1 0 1 0 0 0 1 0 0 0 0 1 0 1 0 0 1 0 1 0 0 1 1 1 1
1 1 0 1 1 0 1 1 0 0 0 1 1 0 0 0 1 0 1 0 0 0 0 1 0 1 0 1 1 0 0 0 1 0 1 0 1 1 0 1 0 0 0 0 1 1 1 0 1 0 1 1 1 0 1 1 0 1 0 0 1 1 1 1 0 1 0 1 1 1 1 1 0 0 0 1 1 1 0 0 0 1 0 0 1 0 1 1 1 1 0 1 1 1 1 0 1 1 1 0 0 0 0 63 1 1 0 0 0 0 1 0 0 0 0 1 0 1 1 1 0 0 1 1 1 1 1 1 1 0 0 0 0 1 0 1 1 0 1 0 0 0 0 0 0 1 1 0 1 0 0 0 1 0 0 1 0 1
0 0 1 1 1 1 1 1 1 1 0 1 0 1 1 1 1 1 1 0 1 0 1 0 1 0 1 1 0 1 1 1 1 1 1 1 0 0 0 1 0 0 0 0 0 1 1 1 1 1 0 0 0 1 0 1 0 0 0 0 1 1 0 1 1 0 0 0 0 0 1 1 1 1 0 1 1 0 1 0 1 1 1 1 1 1 0 0 0 0 0 1 1 1 1 1 0 1 0 0 0 0 0 0 14 0 0 1 1 1 1 0 1 1 1 1 1 0 0 0 0 0 0 1 1 0 0 1 1 1 1 0 1 1 0 1 1 0 0 0 1 1 0 0 0 0 1 0 0 1 0 0 0 0 1 1 1 0
1 1 1 0 0 1 0 1 0 0 0 0 0 1 1 0 1 0 0 1 1 1 1 1 1 0 0 1 1 0 1 0 1 1 1 1 0 1 1 1 1 1 1 1 1 0 1 0 0 0 0 0 0 0 0 1 1 1 1 1 1 0 0 1 1 0 1 0 0 1 1 0 0 1 1 0 0 1 1 0 0 1 1 1 1 1 0 1 1 1 1 1 0 1 0 1 0 1 1 0 0 0 1 0 0 89 0 1 0 1 1 1 0 0 0 1 1 1 0 0 0 1 0 0 1 1 1 1 1 0 0 0 0 0 0 0 1 1 0 0 1 0 1 1 0 1 0 0 0 1 0 1 0 0 1 0 0 1
1 1 0 0 0 0 0 1 0 0 0 1 1 1 1 0 0 1 1 1 1 0 0 0 1 0 0 1 0 0 0 0 1 1 0 1 1 1 1 0 0 0 1 1 0 0 1 0 0 1 0 0 1 1 1 0 0 0 0 1 1 0 0 1 0 1 1 1 0 1 0 0 1 0 1 0 0 1 0 1 1 0 1 1 0 1 1 0 1 1 1 1 1 1 0 0 0 0 1 0 0 1 1 0 1 0 77 1 0 1 0 1 1 0 0 1 1 0 1 0 1 0 0 1 1 1 1 0 0 1 1 1 0 1 0 0 1 0 0 0 0 0 0 1 1 0 0 0 0 1 1 0 1 1 1 0 1 0
0 1 0 0 1 0 0 0 0 1 0 0 0 1 1 1 1 0 1 0 0 0 0 1 1 0 1 0 1 1 1 1 0 0 1 0 0 1 1 1 0 1 1 1 1 1 1 1 0 0 1 0 1 0 0 1 1 0 0 1 1 0 1 0 1 0 0 1 0 0 1 1 1 1 0 1 0 0 0 1 0 1 1 0 0 1 0 0 0 1 0 1 0 0 1 0 0 1 0 1 1 0 1 0 0 0 1 27 0 1 1 1 0 1 1 1 0 0 1 1 1 1 0 1 1 1 1 1 1 1 1 0 0 0 1 0 1 1 0 1 0 1 1 0 0 1 0 1 1 0 0 0 0 0 1 0 1 0
0 0 0 1 1 1 1 0 1 1 0 1 1 1 0 1 0 1 1 1 1 0 0 0 1 0 1 0 1 1 0 0 1 0 0 1 0 0 0 0 0 1 0 0 1 0 0 1 1 0 0 0 1 1 0 0 0 1 1 0 1 0 1 0 0 0 0 0 1 0 1 0 0 0 1 1 0 1 0 1 1 1 1 0 0 0 1 0 1 0 0 0 0 0 1 1 0 1 0 0 1 0 0 1 0 0 0 1 80 0 0 1 0 1 0 1 0 1 0 0 1 1 1 1 1 1 0 0 0 0 1 0 1 0 1 1 1 0 0 0 0 0 1 1 0 0 1 0 1 0 1 0 0 0 1 0 0 1
0 1 1 1 0 0 0 0 0 0 0 1 0 1 1 0 0 1 1 1 1 1 1 1 0 1 0 1 1 0 0 1 1 1 1 1 1 0 1 1 0 1 0 0 1 0 1 0 0 0 0 1 0 1 1 0 1 0 1 1 0 1 1 1 0 1 0 0 0 0 1 0 0 1 0 0 0 1 1 0 0 1 1 1 0 1 1 0 1 0 1 0 0 1 1 0 0 1 0 0 0 1 0 1 1 1 1 1 1 93 1 0 1 0 0 1 1 1 0 0 1 0 1 0 1 1 0 0 1 0 1 0 0 1 1 1 0 0 1 1 0 1 0 1 1 0 1 0 1 1 1 0 1 1 0 0 1 0
0 0 1 1 1 0 1 1 1 0 0 1 1 1 0 0 0 1 1 1 0 0 1 1 1 1 1 1 1 1 1 1 0 0 0 0 1 0 0 0 1 1 0 0 0 0 1 1 1 0 1 0 1 1 1 0 1 1 1 1 0 1 1 0 1 0 0 0 0 0 0 0 0 0 0 1 1 0 1 0 1 0 0 0 0 1 0 0 0 0 0 0 1 0 1 1 0 1 1 1 0 0 1 0 1 1 1 1 0 1 75 0 1 1 1 1 0 1 1 1 1 1 1 0 0 1 0 1 0 0 0 0 1 0 0 1 1 0 1 0 1 0 1 1 0 1 1 1 0 0 0 0 1 0 0 0 0 0
0 0 1 0 1 0 0 0 1 1 0 1 1 0 0 1 0 1 0 1 1 0 1 0 0 0 0 1 1 0 1 0 1 1 1 0 0 0 1 1 1 0 1 0 1 1 1 0 0 0 0 1 1 0 1 0 1 1 1 0 0 1 0 0 0 0 1 1 1 0 1 1 0 0 0 1 0 1 0 0 0 0 1 0 1 1 0 1 1 0 0 1 0 0 0 0 1 1 1 0 0 1 0 0 0 1 1 0 0 1 0 27 1 1 0 0 0 1 1 0 1 0 0 0 1 1 0 1 0 0 0 1 1 0 1 0 1 1 0 1 0 0 0 1 1 0 0 0 0 0 0 0 0 0 1 1 0 0
1 0 0 1 0 0 0 1 0 1 0 1 1 1 0 1 1 0 1 0 0 0 1 1 1 0 0 1 1 1 0 0 1 0 1 0 1 0 1 0 0 1 0 1 1 1 1 1 0 1 0 0 0 1 1 0 1 0 1 0 0 1 0 1 1 0 1 0 0 0 1 1 1 0 0 0 0 1 1 0 0 1 0 0 0 0 1 0 1 0 1 1 1 0 0 1 1 1 1 0 0 1 0 1 0 1 1 0 0 1 1 1 99 0 1 0 1 0 1 0 0 1 0 1 1 1 0 1 0 0 1 0 0 1 0 1 1 1 0 0 1 0 1 0 1 1 1 0 0 0 1 1 1 0 1 1 1 0
0 1 1 0 0 1 1 1 1 0 1 1 1 1 1 0 0 1 0 1 0 0 1 1 0 1 1 0 1 1 0 1 1 0 1 0 0 0 0 1 0 1 1 1 0 1 0 0 1 0 1 0 0 1 0 1 0 1 0 1 0 0 0 0 1 1 0 1 0 0 0 0 0 0 0 0 1 1 1 0 0 0 1 1 0 1 0 0 0 0 1 0 0 1 0 1 1 0 0 1 1 1 1 0 0 1 1 1 1 1 1 0 1 70 1 1 1 1 1 1 1 0 0 0 0 1 0 0 1 0 0 1 0 0 0 0 1 0 1 1 1 0 0 0 1 0 1 0 1 0 1 0 0 1 0 1 1 0
0 1 1 0 0 1 1 1 0 1 1 1 1 0 0 1 0 0 1 0 1 1 0 1 1 0 0 1 1 0 0 0 1 0 1 0 1 1 0 0 1 0 0 1 1 1 1 1 1 1 1 0 1 1 1 0 1 0 0 1 0 0 0 1 1 1 0 1 1 1 1 1 0 0 0 0 1 0 0 0 1 0 1 1 1 0 1 0 0 0 0 1 1 1 1 0 1 1 1 0 1 0 0 1 0 1 1 1 0 1 1 0 0 1 49 1 1 0 0 0 0 1 1 0 1 0 1 1 0 0 0 0 1 1 1 0 1 0 1 0 1 1 0 1 0 0 1 0 1 0 1 1 1 1 1 0 0 0
1 0 1 0 1 0 1 0 0 1 0 1 1 0 1 0 0 1 1 1 1 0 1 0 0 1 1 1 1 0 1 1 0 1 0 0 0 0 1 0 1 0 1 1 0 0 1 1 0 1 0 1 0 1 0 0 0 1 0 1 0 1 0 0 1 1 0 1 1 0 0 1 0 1 1 1 0 0 0 0 0 0 1 0 0 1 0 0 1 0 1 1 1 1 1 1 0 1 0 1 0 1 0 0 0 1 1 0 0 1 1 0 1 0 1 11 0 0 1 0 0 0 0 0 1 0 1 0 1 1 0 1 0 0 1 0 0 0 1 0 1 0 0 1 1 0 1 0 1 1 0 0 1 0 0 1 0 0
1 0 1 1 1 0 0 1 1 1 1 0 0 1 1 0 0 0 0 1 1 0 0 1 0 0 1 1 1 1 0 0 1 0 0 0 0 0 1 0 1 0 1 0 0 0 0 1 1 1 0 1 0 1 0 0 1 1 1 1 1 1 0 1 0 0 1 0 1 0 0 1 1 1 0 1 0 0 1 0 0 1 0 0 1 1 0 0 0 1 1 0 1 0 1 0 1 1 0 1 0 1 1 1 0 1 0 0 0 0 1 1 1 1 1 1 34 0 1 0 1 1 1 1 1 1 1 0 1 1 0 0 0 1 1 1 1 1 1 1 1 0 0 0 1 1 1 0 0 1 1 0 1 1 0 0 1 1
1 0 0 1 0 0 1 0 1 1 1 0 0 0 1 0 1 0 0 0 0 0 1 0 1 1 0 1 0 0 0 0 1 0 0 0 0 1 0 0 0 0 0 0 1 1 0 0 0 1 1 0 0 0 0 0 0 0 1 0 1 0 1 1 1 0 1 0 1 0 1 0 1 1 0 0 0 0 0 1 0 1 1 0 1 0 1 0 1 0 1 0 0 1 1 1 1 0 1 1 1 0 0 1 0 0 0 1 0 0 1 1 1 1 0 1 1 67 1 1 0 1 0 1 1 1 1 1 1 1 1 0 1 0 1 0 1 1 0 0 1 0 0 1 0 0 1 1 0 0 1 1 1 0 0 1 1 0
0 1 1 1 1 0 1 1 1 0 1 0 1 1 0 0 0 1 0 1 0 1 1 1 1 0 0 1 0 1 1 1 0 1 1 0 1 1 0 1 1 0 1 0 1 0 1 1 0 0 0 0 1 0 0 0 1 1 1 1 0 0 0 0 1 1 0 1 1 0 1 0 1 1 0 0 0 1 0 0 1 1 0 0 1 0 0 0 0 0 1 1 1 0 1 1 0 0 0 0 1 1 1 1 1 0 1 0 1 1 0 1 0 1 1 0 1 0 41 0 1 0 0 0 1 1 1 0 1 1 0 1 0 1 0 0 1 1 1 1 1 1 0 1 0 0 1 1 0 0 0 1 1 1 1 1 0 0
0 0 0 0 0 1 0 1 1 0 1 1 0 0 1 1 1 0 1 1 1 0 1 0 0 1 1 0 0 1 0 1 0 0 1 0 1 1 1 1 1 1 1 0 0 0 1 0 1 0 1 1 0 1 1 0 0 1 0 1 1 0 1 1 0 0 1 0 0 1 0 0 1 0 1 0 1 1 0 1 0 0 1 0 0 1 1 1 1 1 0 1 0 0 1 0 0 0 0 1 1 1 0 1 1 0 0 1 1 1 1 1 0 0 1 1 1 0 0 68 0 1 1 0 1 1 1 0 1 0 0 0 0 1 0 0 1 1 0 1 1 1 1 1 0 0 1 0 1 0 1 1 1 0 1 0 0 1
0 0 0 0 0 0 1 0 0 1 1 0 0 1 0 0 0 1 0 0 0 1 0 1 1 0 1 0 0 1 0 0 1 0 0 1 0 1 0 0 1 0 1 1 1 0 0 0 0 0 0 0 1 0 0 1 0 0 1 1 1 1 1 1 0 0 0 1 1 1 0 1 0 0 0 1 0 1 0 0 0 1 1 0 0 1 1 1 0 0 1 0 0 0 0 0 1 1 0 0 0 0 0 0 1 0 0 0 0 0 1 1 1 1 0 1 0 0 0 0 68 1 1 0 0 0 1 0 0 0 1 0 1 1 1 1 1 0 0 0 0 1 1 1 0 1 1 1 0 1 0 0 1 1 1 0 1 1
0 0 1 0 1 0 1 0 0 1 1 1 0 0 1 1 0 0 1 1 0 1 1 0 1 0 1 1 1 0 0 1 0 1 0 0 0 1 0 0 0 0 0 1 0 1 0 1 1 0 0 0 0 1 0 0 0 1 1 0 0 0 0 1 0 1 0 1 0 0 0 1 1 0 1 0 1 0 1 1 0 1 1 1 1 0 1 0 0 0 1 1 0 1 0 0 1 1 0 1 0 1 0 0 0 0 0 0 1 0 1 0 0 0 0 1 1 0 0 1 1 76 1 1 0 0 1 0 1 0 1 1 0 0 1 0 0 0 1 1 0 0 1 0 1 0 0 0 0 0 0 1 1 0 0 1 1 1
0 1 0 1 1 1 1 0 0 0 1 1 1 0 1 0 1 1 0 0 1 0 0 1 1 1 0 1 0 1 0 1 1 0 0 0 1 1 1 1 0 1 1 0 0 1 1 1 0 1 1 0 0 0 0 0 1 1 1 0 1 0 1 1 0 0 1 1 0 1 0 0 0 0 1 0 1 0 1 1 1 0 0 0 0 0 1 1 0 0 1 1 1 0 1 0 1 1 1 1 0 0 0 1 1 1 0 0 0 1 0 1 0 1 0 1 1 1 0 1 1 0 2 1 1 1 0 0 1 1 0 1 0 1 1 1 0 1 0 0 0 1 0 1 1 0 1 1 1 0 0 0 0 0 1 0 1 1
1 0 1 1 0 1 0 1 1 1 1 1 0 1 0 1 0 1 1 0 0 0 1 1 1 1 1 0 0 0 1 0 0 1 0 0 0 1 1 1 0 0 0 1 1 1 1 1 0 1 0 0 1 0 0 0 0 0 1 1 1 1 1 1 1 0 0 0 1 0 1 1 1 1 0 1 1 0 1 0 1 1 1 0 1 0 1 1 1 0 0 0 0 1 1 1 1 1 1 0 1 0 1 0 0 1 1 1 0 1 1 0 1 0 1 0 0 1 0 0 1 0 1 93 1 1 1 1 0 1 0 0 1 0 0 0 1 1 0 0 1 0 0 0 0 1 0 0 1 1 0 1 0 1 1 0 0 0
1 1 1 1 1 1 1 1 0 1 1 0 0 0 0 1 0 0 0 0 0 1 0 0 0 1 1 0 0 0 0 1 0 0 0 0 1 1 1 0 1 0 1 1 1 0 1 0 0 0 1 0 0 1 1 0 1 0 0 0 0 1 0 0 1 0 1 1 1 0 0 0 0 0 1 1 1 0 1 1 1 1 0 1 1 1 0 1 0 1 1 0 1 1 0 0 0 1 0 1 0 0 1 1 0 0 0 0 1 1 0 0 0 0 0 1 0 0 0 0 1 0 1 1 51 1 1 0 1 0 1 0 1 1 1 1 1 1 1 0 0 1 1 0 0 0 1 0 1 1 0 0 0 1 0 0 0 1
1 1 0 1 1 0 0 0 0 1 0 1 0 0 1 0 0 0 1 0 0 0 0 0 0 0 1 1 1 0 1 0 1 0 1 1 1 1 0 0 0 1 1 1 1 1 0 1 0 1 1 1 0 1 1 1 0 0 0 1 0 0 1 0 0 0 0 1 0 1 1 1 1 1 0 0 0 1 1 0 0 0 0 0 1 1 0 0 1 0 1 1 0 0 1 1 0 0 1 1 1 1 0 0 1 1 1 0 0 1 0 1 1 1 1 1 0 0 0 1 1 1 1 0 0 4 0 0 1 0 1 0 0 1 1 1 0 0 0 0 0 1 1 1 0 0 0 0 0 0 0 1 0 1 0 1 1 0
0 0 1 0 1 1 0 0 1 0 1 0 0 1 1 1 1 0 1 1 1 1 1 0 1 1 0 1 0 0 0 1 1 0 1 0 0 0 1 1 0 1 1 0 0 1 0 0 0 1 0 1 0 0 1 1 1 1 1 1 0 1 1 1 0 0 1 1 0 1 0 1 1 1 1 1 1 0 1 1 1 0 1 0 0 1 0 1 1 0 0 0 0 0 0 0 1 1 1 1 0 1 1 0 0 1 1 1 0 0 0 1 0 0 1 0 1 1 1 1 0 1 0 0 1 1 44 1 1 1 1 1 0 0 0 1 1 0 0 1 1 0 0 0 1 0 0 0 0 1 0 0 1 0 1 0 1 1
1 1 1 0 1 0 1 0 1 1 0 1 1 0 0 1 0 0 1 0 0 1 0 1 0 0 0 1 0 1 1 0 1 1 0 0 0 0 0 1 0 1 1 1 0 1 1 1 0 0 0 0 1 0 1 0 0 0 0 0 0 1 1 0 0 1 0 1 0 0 1 1 0 1 0 1 0 1 0 0 0 0 1 1 1 0 0 0 0 0 0 1 0 1 1 0 0 0 0 0 0 1 1 1 1 0 0 0 1 1 1 1 0 0 0 1 0 0 0 1 1 0 0 1 0 1 1 86 0 0 0 1 0 0 0 1 0 1 1 0 0 0 1 1 1 0 1 0 1 1 1 1 0 0 1 1 0 0
0 1 1 0 1 1 1 0 0 1 0 1 1 0 0 1 1 1 0 1 0 0 1 0 0 1 0 0 1 0 0 1 1 1 0 1 1 0 0 1 1 1 0 1 1 1 0 0 1 0 0 0 1 1 0 0 1 0 1 0 1 1 0 0 1 1 1 0 0 1 0 0 1 1 1 1 1 0 1 0 1 0 1 0 1 1 1 1 1 0 0 1 1 0 1 0 1 0 1 1 0 1 0 0 0 0 1 0 1 0 0 1 1 0 0 0 1 1 0 0 1 0 0 0 1 1 0 0 91 1 1 1 1 0 1 1 0 1 0 0 1 1 1 1 0 1 0 0 0 0 1 1 0 0 0 1 0 0
0 1 0 1 0 1 1 0 0 0 1 1 1 1 1 0 0 1 1 1 1 0 1 0 0 0 1 0 0 1 0 1 0 0 1 1 1 0 0 0 0 1 0 1 0 0 1 0 1 1 0 1 1 1 0 1 0 0 0 0 0 0 0 0 1 0 1 0 0 0 0 1 1 1 1 0 0 0 1 1 1 1 0 1 0 1 0 0 1 0 1 0 1 1 1 1 1 1 1 0 0 0 1 1 1 0 0 1 1 0 0 1 0 0 0 1 1 0 1 0 1 0 1 0 0 0 1 1 0 11 1 0 0 0 0 1 1 1 1 0 0 0 0 0 1 0 0 0 0 0 1 1 1 1 0 1 0 0
1 0 0 1 1 0 0 1 1 1 1 1 0 1 1 0 0 0 1 1 0 1 1 0 1 1 1 1 1 0 0 1 1 0 1 1 1 1 1 1 1 0 0 0 0 1 0 1 1 1 0 0 0 0 1 0 0 0 1 1 0 1 1 0 0 0 0 1 0 1 0 1 0 1 0 1 1 0 1 1 1 1 1 1 1 0 1 1 0 1 1 1 0 0 0 1 1 1 0 0 1 0 0 0 0 0 1 0 0 0 1 0 0 0 1 0 1 0 1 1 0 0 1 1 0 0 1 0 0 1 20 0 1 1 1 1 1 0 1 0 0 1 0 0 0 1 1 1 0 0 1 1 0 0 0 1 0 0
1 0 0 0 1 0 1 1 1 0 1 1 0 1 0 1 1 1 0 1 1 1 1 0 0 1 1 0 1 0 0 0 0 1 0 1 1 0 1 0 1 1 0 1 0 0 0 1 0 0 1 1 0 0 1 0 0 0 0 0 1 0 0 0 0 1 0 0 0 1 1 1 1 0 0 1 1 1 1 0 1 0 1 0 0 0 0 0 0 1 0 0 1 0 0 0 0 0 1 0 0 1 1 0 0 1 0 0 0 0 0 1 1 1 0 1 0 0 1 0 1 0 1 1 1 0 0 0 1 0 1 67 0 1 0 0 0 0 0 0 1 0 1 0 1 0 0 1 1 1 1 1 0 0 1 1 1 0
1 1 0 1 1 1 1 0 0 0 1 1 0 0 1 0 0 1 1 1 1 0 1 0 0 0 1 0 0 1 0 1 1 0 1 1 0 0 0 1 0 1 1 1 1 1 0 1 1 1 0 0 1 1 0 1 1 0 1 1 0 1 1 0 0 0 1 1 0 0 0 1 1 0 1 0 1 1 1 1 1 1 1 0 1 1 1 0 0 1 0 0 1 1 1 0 1 1 0 1 1 1 0 1 1 0 1 1 0 0 1 0 0 1 0 1 1 1 0 1 0 1 0 1 0 0 1 1 0 1 0 1 99 1 1 0 0 0 0 1 1 0 0 1 1 0 1 1 1 1 1 1 1 1 0 1 0 1
0 0 0 1 0 1 0 0 0 0 1 1 1 1 0 0 0 0 1 0 0 1 0 0 0 1 1 1 0 0 0 1 1 1 1 1 1 1 1 0 1 0 1 0 0 1 0 1 1 0 1 1 0 0 0 1 1 1 1 1 1 1 0 1 0 1 1 0 0 1 0 0 0 1 0 0 0 1 0 0 0 0 0 0 0 1 1 0 0 0 0 0 1 0 1 1 1 0 0 0 1 1 1 1 1 0 1 1 1 1 0 0 0 0 0 1 0 1 0 0 1 0 1 1 0 0 1 1 0 1 1 0 1 74 1 1 1 1 1 0 1 1 0 1 1 0 0 0 0 1 0 0 1 1 1 0 0 1
0 0 0 0 1 1 0 1 1 1 1 0 1 1 0 0 0 1 1 1 1 0 0 1 1 1 0 0 0 1 1 1 1 0 0 0 0 1 0 1 0 0 0 1 1 1 1 0 1 1 0 0 1 1 1 1 1 0 0 1 1 0 1 0 1 1 1 1 1 0 1 0 1 0 0 1 0 1 0 1 1 1 1 1 0 0 0 1 0 1 1 1 0 0 0 0 1 1 1 0 0 0 0 0 1 1 0 1 0 0 1 0 1 0 1 1 1 0 0 1 0 1 1 0 0 0 0 1 1 0 0 0 0 1 80 0 0 0 0 1 1 1 0 0 1 0 0 1 1 1 1 1 0 1 1 0 0 1
0 1 0 1 0 0 0 0 1 0 1 0 0 0 0 0 1 0 0 0 0 1 1 1 0 0 1 1 0 1 0 1 0 0 1 1 0 0 0 0 0 1 1 0 1 1 0 0 0 0 1 1 1 0 0 1 1 1 0 1 1 0 1 0 1 1 1 0 0 0 0 0 1 0 0 1 1 1 0 1 0 1 1 1 0 0 1 1 1 0 1 0 1 0 1 0 0 1 1 1 1 0 1 1 0 1 0 0 1 1 0 1 0 0 1 1 0 0 1 0 1 0 1 0 0 1 0 0 1 0 0 0 0 1 0 50 0 1 1 0 0 1 0 0 0 1 1 1 0 1 1 1 0 0 1 1 0 1
1 0 1 0 0 0 0 1 0 0 0 1 1 1 1 0 1 1 1 0 0 0 1 1 0 1 1 0 1 1 0 1 1 0 0 1 0 1 1 1 1 0 1 1 1 0 1 0 1 1 0 1 1 1 0 1 0 0 0 1 0 0 0 0 0 0 1 0 0 1 0 0 1 0 0 1 0 0 1 0 1 0 1 1 0 1 1 1 0 1 0 1 0 0 0 1 0 0 0 0 0 1 0 0 0 0 1 0 0 1 0 0 1 0 0 1 1 0 1 1 0 0 0 0 1 0 0 0 1 0 0 0 0 0 0 1 82 1 0 0 0 0 1 0 1 0 0 0 0 1 0 0 1 0 0 1 1 0
0 1 0 1 0 0 0 0 1 0 0 1 1 0 0 1 1 0 1 1 0 1 1 1 1 0 0 0 1 0 1 0 0 0 1 0 0 1 0 1 0 1 0 0 1 0 0 0 1 0 1 1 1 0 1 0 0 0 0 0 0 1 1 0 0 0 0 0 1 1 1 0 1 0 0 1 0 0 1 1 1 1 0 0 1 1 1 0 1 1 0 1 1 1 0 0 0 1 1 0 0 0 1 1 1 0 1 0 0 0 0 0 1 0 1 0 1 1 0 1 1 0 1 1 1 1 0 0 0 1 0 1 1 1 0 1 1 67 0 1 1 1 1 0 0 0 0 0 1 1 0 0 0 0 0 0 0 1
1 0 1 1 0 0 1 1 0 1 1 0 1 0 1 0 1 1 1 0 1 0 1 1 0 0 0 0 1 1 0 1 1 1 0 1 0 0 1 0 0 0 0 0 1 1 1 1 1 1 1 0 1 0 0 0 1 1 1 0 0 0 1 1 1 0 0 1 1 1 1 0 0 1 1 1 1 0 1 1 1 0 0 0 1 0 1 1 1 0 0 0 0 0 1 1 0 0 0 0 0 0 1 1 0 0 0 1 0 0 1 0 0 0 1 1 1 0 0 0 1 1 1 0 0 0 0 0 0 1 0 1 0 1 0 0 0 0 56 0 0 1 1 0 1 1 1 1 0 0 0 0 1 0 0 1 0 0
1 0 1 0 0 1 0 1 1 0 1 1 1 0 1 0 0 1 1 0 1 1 0 0 0 1 1 0 1 1 1 1 1 0 1 1 1 0 0 0 0 1 0 0 0 0 0 1 1 0 0 1 0 0 1 1 1 1 1 0 1 0 1 1 0 0 1 0 1 0 1 1 1 1 1 0 0 0 1 0 1 0 0 1 1 1 1 1 0 0 1 1 0 0 0 1 1 0 0 1 0 0 0 0 1 0 1 1 0 1 1 0 0 0 0 1 1 0 0 1 0 0 1 0 1 1 1 1 0 0 0 1 0 0 1 1 0 0 0 15 1 0 0 1 0 0 1 1 1 1 1 1 0 1 0 1 0 0
1 0 0 1 1 1 1 0 1 0 1 1 0 0 1 1 1 0 0 1 1 0 1 1 1 0 1 1 0 1 0 1 1 0 0 1 1 1 0 0 1 1 1 0 0 1 1 1 1 0 1 1 1 0 0 0 0 1 1 0 0 1 0 0 0 1 0 0 0 0 1 0 0 1 0 0 0 1 1 0 0 0 0 0 0 1 1 0 0 0 1 0 0 1 0 0 0 1 1 0 0 1 1 1 1 0 0 0 1 1 0 0 1 1 1 0 1 0 0 0 1 1 1 0 1 0 0 0 0 1 1 1 1 0 1 1 0 0 1 0 77 0 1 1 1 0 0 1 0 0 0 0 0 1 0 1 1 1
0 1 1 1 1 1 1 1 0 1 0 0 0 1 1 0 0 0 0 0 0 0 0 1 0 1 0 1 1 1 1 1 0 0 1 1 0 0 1 0 0 1 0 1 0 1 0 1 0 1 1 0 1 0 0 1 1 0 0 0 0 0 0 1 0 1 1 0 1 0 0 0 0 0 1 1 0 0 1 1 0 1 0 0 1 0 0 1 0 1 1 0 0 1 1 1 1 0 1 0 0 0 1 1 0 1 1 1 1 0 0 1 0 1 1 1 0 1 1 0 1 1 1 1 0 1 1 0 1 1 1 1 0 1 0 1 1 0 1 1 0 24 0 0 1 0 0 0 1 1 1 1 1 1 0 1 1 0
0 0 1 1 1 0 0 1 0 1 0 0 1 0 0 0 0 1 0 1 0 0 1 1 0 1 0 0 1 0 1 1 1 1 1 0 0 1 1 0 0 0 1 1 0 0 0 0 1 0 1 1 0 0 1 1 1 1 1 1 0 1 0 1 0 0 1 1 1 1 0 0 1 1 0 1 0 1 0 0 0 0 1 0 1 0 0 1 0 0 1 0 1 0 0 0 1 1 0 0 0 0 1 1 0 1 0 0 1 0 0 1 1 1 1 1 0 1 1 0 0 1 0 1 0 0 1 1 1 1 1 1 1 1 0 0 1 0 0 0 0 1 36 0 1 0 0 1 1 0 1 0 0 0 0 1 0 0
0 0 0 0 0 1 0 0 1 1 1 1 1 0 0 0 0 0 0 1 1 0 1 0 1 1 1 1 1 0 0 1 0 0 0 1 0 0 0 0 1 0 0 1 1 0 0 1 0 1 1 1 0 0 1 1 1 0 0 0 1 1 0 1 0 0 1 1 0 1 1 1 1 1 1 0 0 0 1 1 1 0 0 1 1 0 1 1 1 1 0 0 1 0 1 1 0 0 1 0 1 0 1 1 1 1 0 1 1 1 1 1 1 0 1 0 0 1 1 1 1 0 1 0 0 1 1 1 0 0 0 0 1 1 1 0 0 0 0 1 0 0 1 88 0 1 0 0 0 0 0 0 0 0 0 1 1 1
1 0 0 1 0 1 1 0 0 0 0 0 1 1 0 0 0 1 1 0 0 0 1 1 1 1 1 1 1 0 0 1 0 1 1 0 0 1 0 0 0 1 1 1 1 1 0 1 1 0 1 1 1 1 0 0 0 1 1 1 1 0 0 1 0 0 1 1 0 0 0 1 1 0 0 1 1 1 0 1 1 0 1 1 1 1 0 1 0 1 0 0 1 0 0 1 0 1 1 1 0 0 0 1 1 1 1 1 0 1 1 1 1 0 0 1 1 0 1 1 0 0 1 1 0 1 0 1 1 0 0 1 1 1 0 0 0 1 1 0 1 1 1 0 87 1 0 0 0 0 1 1 0 1 1 1 0 0
1 1 1 1 1 1 1 0 0 0 0 0 0 1 0 0 1 1 1 0 0 0 0 1 0 1 1 0 1 1 1 1 0 1 0 1 0 1 0 0 1 0 1 1 0 0 0 1 0 1 1 0 1 1 1 0 1 0 1 0 1 1 0 0 0 1 0 1 0 1 1 0 0 0 0 0 1 1 0 0 1 0 0 1 0 0 1 0 0 0 0 1 1 0 1 0 1 0 0 1 0 0 1 0 0 1 0 1 0 1 1 1 0 0 0 0 1 1 0 0 0 0 1 1 1 0 0 1 0 1 0 1 1 0 0 1 0 1 0 1 1 0 1 0 1 62 1 1 0 0 0 1 0 1 0 0 1 0
1 0 1 0 0 1 0 1 1 0 0 1 1 1 0 0 1 1 1 0 1 0 0 0 1 0 0 0 1 0 1 0 1 1 1 0 0 1 1 0 1 1 1 0 0 0 1 0 1 0 1 1 0 0 1 1 0 1 1 0 0 1 0 0 0 1 1 1 1 0 0 1 1 0 0 1 1 0 0 0 1 0 0 0 1 1 1 0 0 0 1 1 1 1 1 0 0 1 0 0 1 1 0 0 0 1 0 1 1 0 1 1 1 1 0 0 1 0 1 1 1 0 1 0 1 1 1 0 1 1 0 1 0 0 1 0 0 0 0 0 0 0 0 0 0 1 28 1 1 1 1 0 1 0 1 1 1 1
1 1 0 0 1 0 0 0 0 1 1 1 0 0 0 0 1 1 0 1 0 1 1 0 1 1 1 1 1 1 1 0 1 0 0 0 1 0 1 1 0 1 0 1 0 0 1 1 0 1 1 0 0 0 1 1 1 0 0 0 1 0 1 0 0 0 0 1 1 0 1 1 0 1 1 0 0 1 0 0 0 1 1 1 1 1 1 0 0 1 1 1 0 1 1 0 1 0 0 1 0 1 0 0 0 0 0 1 1 0 1 0 0 1 1 1 1 1 0 0 1 0 0 0 1 1 0 1 0 1 0 1 1 1 0 1 1 0 1 1 0 1 1 1 1 0 0 45 1 0 0 1 0 1 1 0 1 0
1 1 1 0 1 1 0 0 1 1 0 0 1 0 1 0 1 1 0 0 1 1 0 0 0 0 1 1 0 0 1 1 0 1 1 0 0 1 1 1 0 1 1 0 0 0 1 1 1 1 0 0 0 1 1 1 0 1 1 0 0 1 1 1 0 1 1 0 1 0 1 0 1 0 1 1 0 0 0 1 0 0 0 1 1 1 0 1 1 0 1 1 0 1 0 0 1 0 1 1 1 0 0 0 1 1 1 0 1 0 0 1 1 1 0 1 0 1 1 1 0 1 1 1 1 1 0 0 1 0 1 1 0 0 0 1 1 0 0 0 0 1 0 0 0 0 1 1 27 0 0 1 0 1 0 1 1 0
0 0 0 1 0 1 0 1 0 0 1 0 0 1 0 0 0 0 1 1 0 0 0 0 1 1 1 0 1 1 1 0 1 0 0 0 1 1 0 1 1 1 0 0 0 0 0 0 1 0 0 1 1 1 0 1 1 0 1 0 0 0 0 0 0 0 0 1 1 0 0 1 1 0 1 1 1 0 1 1 0 0 1 0 0 0 0 1 0 0 1 0 1 1 1 1 0 1 1 1 1 1 1 1 1 0 0 1 0 1 0 0 0 1 1 1 1 1 0 1 0 1 0 0 0 1 1 0 1 1 1 0 1 0 1 1 0 1 0 1 0 1 1 1 0 0 0 0 0 70 0 1 1 0 1 1 1 0
0 1 0 1 0 0 1 1 0 0 1 0 1 1 0 1 0 1 1 1 0 0 0 0 0 0 1 0 0 0 1 0 1 1 1 1 0 1 1 0 0 0 0 1 0 1 1 0 0 0 0 1 1 0 0 0 1 0 0 1 1 1 1 0 1 0 1 0 0 1 1 0 0 0 1 0 1 0 1 1 1 0 0 0 1 0 0 0 1 0 0 0 0 1 1 0 0 1 0 0 0 0 1 1 0 0 0 0 1 0 1 0 0 0 0 0 1 1 1 0 0 1 1 1 0 1 1 1 0 1 0 1 1 0 1 1 0 0 1 0 0 1 0 1 0 0 0 0 0 0 85 0 0 1 1 0 0 0
1 0 0 0 1 1 1 0 1 0 0 0 1 1 1 0 1 1 1 1 0 1 0 0 0 0 0 0 0 1 1 0 1 0 0 0 1 1 1 1 0 0 0 0 0 1 1 1 0 0 1 0 1 1 1 0 0 1 0 1 1 1 0 1 1 0 1 0 0 1 0 1 1 0 1 1 1 1 0 1 0 1 0 1 1 1 0 0 1 1 1 0 0 1 0 0 1 0 1 0 1 0 1 0 1 0 0 1 0 1 0 0 0 0 0 1 1 1 1 1 1 0 0 1 1 0 1 0 1 0 1 1 1 1 1 1 0 0 0 1 1 1 1 1 1 0 0 0 0 0 0 68 0 0 0 1 1 0
1 0 1 0 1 0 1 0 1 1 1 1 0 1 0 1 0 1 0 0 1 0 0 0 1 1 0 1 1 1 1 0 0 0 0 0 0 0 0 1 0 1 0 1 1 0 1 0 0 1 1 1 0 1 1 0 1 0 0 0 0 0 0 1 1 0 0 0 1 0 0 1 1 1 1 0 1 1 0 0 0 0 1 1 1 1 0 0 0 0 1 0 0 0 1 1 0 1 0 0 1 0 1 0 0 1 0 1 0 0 0 1 1 1 0 1 1 1 1 0 1 1 0 1 0 0 0 0 1 0 1 1 1 1 1 1 0 0 1 0 1 1 0 0 1 0 0 0 0 1 1 0 52 1 1 1 1 0
0 0 0 0 1 0 1 0 1 0 1 1 0 1 0 0 0 1 0 1 1 0 1 0 0 0 0 1 1 1 1 0 0 1 0 0 1 1 0 1 1 1 1 0 1 0 0 0 1 1 0 1 1 0 1 0 1 1 0 1 0 1 0 1 0 1 0 0 0 1 1 0 1 0 1 0 0 0 1 1 1 1 1 0 0 0 1 0 1 1 0 0 0 0 0 0 1 0 1 0 1 1 1 1 0 0 1 1 1 0 0 1 0 1 0 0 0 0 1 0 0 1 0 1 0 0 1 1 1 1 0 0 0 0 1 0 1 0 0 0 0 1 1 1 1 1 0 0 1 1 1 1 0 44 0 0 0 0
1 1 0 1 1 0 0 1 1 1 1 1 0 1 1 1 1 0 1 1 0 1 0 0 1 0 0 1 0 0 0 1 0 0 0 0 0 1 0 0 1 0 0 0 1 0 0 1 1 1 1 0 0 1 0 1 1 1 0 1 1 0 1 0 1 0 0 1 1 1 0 0 1 1 1 0 0 0 0 1 0 1 0 1 1 1 0 0 0 1 1 0 0 1 1 1 1 0 1 1 1 1 1 0 0 1 0 1 1 0 1 0 0 0 1 0 0 1 0 1 0 0 0 0 1 0 0 1 1 1 0 0 0 0 0 1 1 0 0 0 1 1 0 0 0 1 1 0 0 0 0 0 1 0 43 0 1 0
1 0 0 0 1 1 1 0 0 1 1 0 1 1 0 0 1 1 0 1 1 0 1 0 1 1 0 1 1 1 0 1 0 0 0 0 0 0 1 1 0 1 0 1 0 1 1 0 1 0 1 0 0 0 0 1 1 1 0 1 1 1 1 0 0 0 1 1 1 0 1 1 1 0 0 1 1 0 0 1 1 1 0 1 1 1 1 1 0 0 1 1 0 0 0 0 1 0 0 0 0 0 0 1 1 1 0 0 0 1 0 0 0 0 0 1 1 1 0 1 0 0 1 0 0 1 0 0 0 1 0 0 1 1 0 1 1 1 0 0 0 1 1 0 1 1 0 1 1 1 0 0 1 1 0 84 0 1
1 1 0 0 0 1 1 1 1 0 1 1 0 0 0 1 1 0 0 0 0 0 1 1 1 1 1 0 0 1 1 0 1 1 0 0 1 1 0 1 1 1 0 1 0 0 0 0 0 1 1 1 0 1 0 0 0 1 0 0 1 1 1 0 1 0 1 1 1 1 1 0 1 0 0 0 0 1 1 1 1 0 1 1 0 1 1 0 1 1 0 0 1 1 0 1 0 0 0 0 1 0 0 1 1 0 0 0 1 1 1 0 0 1 0 0 0 0 0 0 1 0 0 1 0 0 0 0 0 0 1 1 1 1 0 0 0 1 0 1 1 0 1 1 0 1 1 1 0 0 1 0 1 1 1 1 41 1
1 1 0 0 1 0 1 0 0 1 1 1 0 1 1 1 0 0 1 1 1 0 0 1 1 1 0 0 1 1 1 0 0 1 0 0 1 0 1 1 0 0 1 1 1 0 1 0 0 0 0 0 0 0 0 0 1 0 1 0 1 0 1 0 0 1 1 1 0 1 0 0 1 0 0 1 0 1 0 1 1 0 0 0 0 1 0 1 1 0 0 1 1 1 0 1 0 0 1 1 0 1 1 0 1 1 1 0 1 1 0 0 1 0 0 0 0 0 0 1 1 1 0 1 0 1 0 0 1 1 0 0 1 0 1 1 0 0 0 1 0 0 0 1 1 0 0 0 0 0 0 0 0 0 1 0 0 29
