31
51 0 0 1 0 0 0 1 0 0 0 1 0 0 0 1 0 1 1 0 0 1 0 1 0 0 1 0 1 1 0
1 60 1 0 1 1 0 0 1 0 1 0 1 0 1 1 1 0 1 1 0 0 1 0 0 1 0 1 0 0 1
1 1 42 0 1 1 0 0 0 0 1 0 1 1 1 1 0 1 1 0 0 1 1 1 0 1 1 1 1 0 0
1 1 0 99 1 0 0 1 0 0 0 0 0 1 0 0 1 1 0 0 1 0 1 1 0 0 1 0 1 1 1
0 0 1 1 89 0 1 1 1 1 1 0 1 0 0 0 0 1 0 1 0 0 1 0 0 0 0 0 0 0 0
0 1 0 1 1 60 0 1 0 0 0 1 0 0 0 0 0 1 1 0 0 1 0 0 1 1 0 0 0 0 1
1 0 0 1 0 0 89 1 1 0 0 1 1 1 0 1 0 1 1 0 0 1 0 0 1 0 0 1 1 1 0
0 0 1 1 1 0 1 66 0 0 0 1 0 0 1 1 1 0 0 1 0 1 1 0 1 1 1 0 0 1 1
0 0 0 0 1 1 1 1 84 1 0 1 1 1 1 1 1 0 0 0 0 1 0 1 1 0 0 0 0 0 0
0 1 1 0 0 1 1 0 0 31 1 1 0 0 1 1 1 0 1 1 1 0 1 1 0 1 0 0 0 0 1
1 1 1 0 0 1 1 0 0 1 10 0 1 0 1 1 0 1 0 0 1 0 0 0 0 1 1 1 0 1 0
1 0 0 0 1 1 1 0 1 1 1 77 0 0 1 0 1 0 0 0 1 0 1 1 0 1 0 0 1 1 1
1 0 1 1 1 0 1 1 1 0 1 0 37 1 1 1 1 1 0 1 1 0 0 1 1 1 0 0 0 1 1
1 0 0 1 1 1 1 1 1 1 0 0 1 87 1 1 1 0 1 1 0 1 1 1 1 0 1 0 1 0 0
0 0 0 0 0 0 1 1 0 1 0 0 1 1 75 0 1 1 1 1 1 0 0 0 0 0 0 1 0 0 0
0 1 0 1 0 0 0 1 0 1 0 1 1 1 0 73 1 1 0 0 0 1 1 0 0 1 0 0 1 1 0
0 1 1 0 0 0 0 1 0 1 0 1 0 1 0 0 68 0 0 0 0 0 0 0 1 0 1 0 1 1 1
0 0 1 0 0 0 1 0 1 1 0 0 0 0 1 1 1 4 0 1 0 0 0 0 1 0 0 0 0 0 0
1 1 0 1 0 1 0 1 0 1 1 0 1 0 1 1 0 1 8 1 0 1 0 1 0 0 1 1 1 0 0
0 1 1 1 1 0 0 0 0 1 0 0 1 0 1 1 1 0 1 33 0 1 1 0 0 0 0 0 1 0 1
0 0 0 1 1 1 0 1 0 0 0 0 0 1 1 0 0 1 1 1 80 1 1 0 1 0 0 1 1 1 1
0 0 0 1 0 0 0 1 0 0 0 0 0 1 1 1 1 0 0 0 0 70 1 1 1 1 1 1 1 0 0
0 0 0 1 0 0 0 0 0 1 0 1 1 0 1 0 1 1 0 1 1 0 64 1 1 1 0 0 1 0 0
0 1 1 0 1 1 1 0 1 0 1 0 0 1 1 0 0 0 0 0 1 0 0 1 1 0 0 1 0 1 1
0 1 0 1 0 1 1 1 1 0 1 0 0 0 1 0 1 1 1 0 1 0 0 0 0 1 0 0 1 1 0
1 1 1 1 0 0 1 1 1 1 1 1 0 0 1 1 1 0 0 1 1 0 0 0 1 98 0 0 0 0 1
1 0 1 1 1 0 0 0 0 0 1 1 0 1 0 0 1 0 1 1 1 1 0 1 0 0 75 0 0 1 1
0 0 0 0 0 1 0 1 0 1 0 0 1 1 0 0 0 1 0 1 1 0 1 1 1 1 0 48 0 1 1
1 1 1 1 0 1 1 0 1 0 1 0 1 0 0 0 0 1 1 1 1 1 1 1 0 1 1 0 62 0 1
0 1 0 0 0 1 0 0 0 1 0 0 0 1 1 0 1 1 0 1 0 1 1 1 0 1 1 1 1 30 0
1 0 1 0 1 0 0 1 1 0 0 0 0 1 0 1 0 0 1 1 0 1 0 0 0 0 1 1 0 1 0