100
56 0 1 0 0 1 1 0 1 0 1 0 0 0 0 0 1 0 0 0 0 0 0 0 0 0 0 0 0 1 1 1 1 0 1 0 1 0 0 0 1 0 1 0 1 1 0 1 1 1 0 1 0 1 0 0 0 1 1 1 1 1 0 0 1 0 0 1 1 0 1 1 1 1 0 1 0 1 1 1 0 1 0 0 0 0 0 1 1 0 1 0 0 0 0 1 1 0 0 1 
0 10 1 1 0 0 1 1 0 0 0 0 0 0 1 1 0 0 1 0 1 0 0 1 0 0 1 1 0 1 0 0 0 0 0 1 0 0 1 1 1 1 1 1 0 0 1 0 1 1 0 0 1 0 1 0 1 0 0 0 1 1 0 0 0 0 0 0 1 0 0 1 1 0 0 0 1 1 1 0 1 0 0 0 0 0 0 0 1 1 1 0 1 1 0 1 0 1 0 1 
0 0 79 0 0 1 0 0 0 0 1 1 0 1 1 1 0 0 1 0 1 0 0 0 0 0 1 0 0 0 0 1 0 0 0 1 1 0 1 0 1 1 0 1 1 1 1 1 1 0 0 1 0 1 0 1 1 1 1 0 1 1 0 1 0 0 0 1 0 1 0 0 0 0 0 0 0 1 1 1 1 1 0 1 1 0 1 1 0 1 0 1 0 0 1 0 0 0 0 1 
0 0 0 74 0 0 0 1 1 0 0 0 1 1 0 1 1 1 0 1 0 1 0 1 0 1 0 1 0 1 0 1 1 0 1 1 1 1 1 0 1 0 0 1 1 0 0 1 1 0 1 0 1 0 1 0 1 0 1 1 0 1 0 0 0 0 1 1 1 1 0 1 1 1 1 0 0 1 0 0 0 1 1 1 0 0 0 1 0 1 1 0 0 1 1 0 1 0 0 0 
1 1 1 1 73 1 1 1 0 1 1 0 0 0 1 0 1 1 1 1 1 0 1 0 1 1 0 1 0 0 1 1 1 1 1 1 0 1 1 0 1 1 0 1 0 0 1 0 0 1 1 1 1 0 0 1 0 0 0 0 1 0 1 0 1 0 0 0 1 0 1 0 0 1 1 0 1 0 0 0 0 0 1 0 1 1 1 1 1 0 0 0 0 1 1 0 0 0 0 1 
0 1 0 1 1 68 0 1 1 0 0 1 1 1 0 0 1 1 1 0 0 1 1 0 0 1 0 1 1 0 0 1 1 1 0 0 1 1 0 1 1 0 1 1 0 1 1 0 0 0 0 1 1 1 0 0 1 1 0 0 1 1 1 1 1 1 1 1 0 1 0 0 1 0 0 1 0 0 0 0 0 1 0 0 1 0 0 1 1 1 0 0 1 0 1 1 0 1 1 0 
1 0 0 1 1 0 72 0 1 1 1 1 1 0 0 1 1 0 0 0 0 0 0 1 0 1 1 1 1 1 0 0 0 1 1 1 0 0 1 1 1 1 1 1 1 0 1 1 1 0 1 1 0 0 1 1 1 1 1 1 1 1 1 0 1 0 1 0 0 1 1 1 0 1 1 1 0 1 1 0 1 0 0 1 1 0 1 1 0 1 0 0 0 1 0 1 0 0 1 1 
0 1 0 1 0 0 1 36 0 0 1 0 1 0 0 1 1 0 0 1 1 0 0 0 1 0 0 1 1 1 0 0 1 1 1 1 1 1 0 1 1 1 0 0 0 0 0 1 1 0 1 1 0 0 0 0 0 1 0 1 0 1 0 0 1 1 1 0 0 1 1 1 1 1 0 1 1 0 0 1 1 1 0 0 1 1 1 0 1 0 0 0 0 0 1 1 0 0 1 0 
0 0 0 1 0 1 1 0 63 0 0 1 1 1 0 1 0 1 1 0 1 1 0 0 0 1 1 1 1 1 0 0 1 0 1 0 0 1 0 0 1 1 1 1 0 1 1 0 1 1 1 1 1 0 1 1 0 0 1 0 0 0 1 1 1 1 1 0 1 0 0 0 0 0 0 1 1 1 0 0 0 0 1 1 1 0 0 0 0 0 1 0 0 1 0 1 0 1 0 0 
1 0 0 1 0 1 1 0 0 49 0 0 0 0 0 0 0 0 0 1 1 0 1 0 0 0 1 0 1 0 0 0 0 1 1 1 0 1 0 0 1 1 0 1 0 1 1 0 0 0 0 1 1 0 0 0 0 1 0 1 0 0 0 0 0 1 0 0 0 0 1 0 0 1 1 0 1 1 0 0 0 1 1 1 1 1 0 1 0 1 1 0 1 1 0 0 0 0 0 0 
0 1 1 1 1 1 0 0 0 0 30 0 0 1 0 0 0 1 0 0 1 1 1 0 0 1 0 0 0 1 1 1 1 0 0 1 1 0 0 1 1 0 0 1 0 1 0 0 0 0 0 1 1 0 1 1 1 0 1 1 0 1 1 0 1 1 1 1 0 0 0 0 1 0 1 1 1 1 1 0 0 0 0 1 0 1 0 0 0 1 0 0 0 1 1 0 0 0 0 1 
1 1 1 0 1 1 1 0 0 0 0 63 0 0 0 1 1 1 0 1 1 1 1 0 0 1 1 1 0 0 1 0 0 0 1 0 1 0 0 0 0 1 1 0 0 1 0 0 1 0 1 0 1 0 0 0 0 1 0 0 1 1 0 1 0 0 1 0 1 1 1 0 0 0 1 1 0 0 0 1 0 1 0 1 1 1 1 0 1 1 0 0 1 0 0 1 0 1 0 1 
0 0 0 0 1 1 1 1 0 0 1 0 75 1 0 0 0 1 0 0 0 0 0 1 1 1 0 1 1 1 0 1 0 0 0 1 0 1 1 1 0 1 0 1 0 1 0 0 0 1 1 1 1 0 0 0 0 1 0 1 1 0 1 0 0 1 1 0 0 1 1 1 1 1 0 0 1 0 1 1 1 1 0 0 0 1 1 1 0 1 1 0 1 1 0 1 0 1 0 0 
1 1 0 0 1 1 1 1 0 0 0 0 1 62 1 1 1 1 0 1 0 0 1 1 0 0 0 0 1 1 0 1 0 1 1 1 1 0 0 1 1 1 1 1 1 1 1 1 1 1 1 1 1 0 0 1 1 1 1 1 1 0 0 1 1 0 0 0 1 1 0 0 0 0 0 1 0 1 0 1 0 1 1 0 0 1 1 0 1 0 1 1 1 1 1 0 1 1 0 0 
1 0 1 0 1 1 1 1 0 1 1 0 0 0 17 0 0 1 0 1 0 1 0 1 0 1 1 0 1 1 0 0 0 0 0 0 0 1 1 0 1 1 1 0 0 0 0 0 0 1 0 1 1 1 0 1 0 1 0 1 1 1 1 0 0 1 0 1 0 0 1 1 0 0 0 1 1 1 1 1 1 0 0 1 0 0 1 1 0 1 0 1 1 0 0 0 0 0 1 0 
0 0 1 1 1 1 0 0 0 1 1 1 0 0 0 60 0 1 1 1 1 1 0 0 1 1 1 0 0 0 0 0 1 0 0 0 0 0 0 0 1 0 0 0 0 0 1 1 0 1 0 1 0 1 1 0 1 1 0 0 1 0 1 0 1 0 0 0 1 1 0 1 1 1 0 1 0 0 0 1 1 0 1 1 0 0 0 1 0 1 0 0 1 1 1 1 0 1 1 0 
0 1 1 1 1 1 1 0 1 1 0 0 0 0 0 1 57 0 0 1 1 1 1 1 0 1 0 1 1 1 0 1 1 0 0 0 0 0 1 1 1 0 1 1 1 1 1 0 1 1 1 0 0 0 1 0 0 1 0 1 1 0 0 0 0 0 1 0 1 0 0 0 1 1 1 1 1 1 0 0 1 1 0 1 0 0 1 1 0 1 0 0 1 0 0 1 0 0 1 1 
0 0 0 0 1 0 0 1 1 0 1 0 1 1 0 0 0 58 0 1 0 0 0 0 0 0 1 0 1 1 1 1 0 0 1 1 0 0 0 1 1 1 1 0 0 0 0 1 1 1 1 1 0 1 0 0 1 1 0 0 1 0 1 0 1 0 0 1 1 0 0 0 1 1 0 0 0 0 1 0 0 1 0 0 0 1 0 0 0 0 0 1 0 1 1 0 0 1 0 1 
0 1 0 1 0 0 1 1 0 0 0 1 1 0 0 1 1 1 22 0 0 0 1 0 1 1 0 1 0 0 0 0 0 0 1 0 1 0 1 0 1 1 1 1 0 0 0 1 1 1 1 1 0 1 1 1 1 1 0 0 1 0 1 0 1 1 1 1 1 1 1 0 0 1 1 0 1 1 1 1 0 0 0 0 1 0 1 0 0 0 1 1 1 0 0 1 0 0 1 0 
0 1 0 0 0 1 0 1 0 0 0 0 1 1 1 1 0 1 1 23 1 0 1 0 0 0 0 1 1 0 1 1 0 1 1 1 0 1 1 0 0 1 0 0 1 0 0 0 0 1 1 1 0 1 0 1 0 1 1 1 1 0 0 1 0 0 1 1 0 1 0 0 1 1 0 1 0 0 0 0 1 0 0 1 0 1 0 0 1 1 1 1 1 0 1 1 1 0 0 1 
0 0 1 0 0 0 1 0 1 1 0 1 1 1 1 1 1 1 1 1 37 1 1 0 0 1 1 0 0 1 0 0 1 1 1 1 1 0 1 1 1 0 0 0 1 0 1 0 0 0 1 1 1 1 1 0 1 0 0 1 0 0 1 1 0 0 0 0 1 0 0 0 0 0 0 1 0 1 1 0 0 1 0 1 1 1 1 1 1 0 0 1 0 1 0 1 0 0 1 1 
1 1 1 0 1 1 1 0 1 1 1 0 0 0 1 1 1 1 1 1 0 51 1 0 1 0 1 0 1 0 1 0 0 0 1 0 0 0 1 1 0 1 1 1 0 1 0 0 0 0 1 1 0 0 1 0 1 1 1 0 0 1 0 1 0 0 0 1 1 1 1 0 0 1 0 1 0 1 1 0 0 1 0 1 1 1 0 1 1 0 1 0 1 1 1 0 0 0 0 1 
1 1 0 1 0 1 0 0 1 0 1 1 0 1 0 0 0 1 0 1 0 1 46 1 1 1 0 1 1 1 0 0 0 1 1 1 1 0 0 0 1 1 0 0 1 0 1 0 1 1 0 0 0 1 0 1 1 0 1 1 1 1 1 1 0 0 1 1 1 1 1 1 0 0 0 1 1 0 1 1 1 0 0 0 1 1 0 1 0 0 0 0 0 1 0 0 1 1 0 0 
0 0 1 1 1 1 1 1 0 1 0 1 0 1 0 0 0 0 1 1 0 1 0 43 1 0 0 0 1 0 0 0 1 0 1 1 0 1 0 0 1 0 0 1 1 0 1 1 0 0 1 0 1 0 0 1 1 1 1 0 1 0 0 0 0 0 1 1 0 0 0 1 1 1 0 1 0 1 0 1 1 1 0 0 1 1 1 1 1 0 0 0 0 1 1 1 1 0 0 0 
1 0 1 0 0 1 0 1 1 0 1 1 0 1 0 0 0 1 0 1 0 1 1 1 30 0 1 1 1 1 0 1 0 0 1 1 0 0 1 0 0 0 1 1 0 0 1 1 0 1 0 0 1 1 0 1 1 0 1 0 1 1 0 1 1 0 1 0 1 1 0 0 0 0 0 0 1 0 1 1 1 0 1 1 1 0 0 0 0 0 0 0 1 1 0 1 1 0 0 1 
1 1 0 0 1 1 0 0 1 0 0 0 1 0 0 1 1 1 0 0 0 1 1 0 1 94 0 0 1 1 0 1 1 1 0 1 0 1 1 0 1 0 0 0 0 0 0 1 0 0 1 0 0 1 0 0 1 0 1 0 0 0 0 1 1 1 0 1 1 0 0 0 1 0 0 0 1 1 1 0 0 1 0 0 1 0 0 0 1 1 1 0 0 0 1 0 0 1 1 1 
0 1 0 1 1 0 0 0 1 1 1 0 0 1 1 1 0 0 0 0 0 1 0 0 0 1 43 1 1 1 0 1 0 1 1 0 1 1 0 1 1 1 1 1 0 1 0 0 1 0 0 0 1 1 1 1 1 1 1 0 1 1 1 1 1 1 0 0 0 1 0 0 0 0 1 1 0 1 0 1 1 0 1 0 1 1 0 1 1 0 1 1 0 1 1 1 0 1 0 1 
1 0 0 1 1 1 0 1 0 0 1 0 0 1 1 0 1 1 0 0 0 1 1 0 0 1 1 33 0 1 1 0 0 1 1 0 1 0 0 0 1 0 1 0 1 1 0 1 0 0 0 1 1 1 1 1 1 0 0 1 1 1 0 1 0 0 1 0 1 0 1 0 1 0 1 1 0 1 0 1 1 0 1 1 1 1 0 1 1 0 1 1 0 1 0 1 1 0 1 0 
0 0 1 1 1 1 0 0 1 0 1 0 0 0 1 1 0 0 1 0 1 0 0 0 0 1 0 1 84 1 1 0 1 0 1 1 0 1 0 0 0 0 1 0 0 1 0 1 0 0 1 1 0 0 0 1 0 1 0 0 0 0 1 0 1 0 1 0 0 1 1 0 0 0 1 0 0 1 0 0 1 0 1 1 0 0 0 1 1 0 1 1 1 0 1 0 0 1 0 0 
0 1 1 1 0 1 1 1 0 1 0 1 0 1 0 0 0 0 1 1 0 1 0 0 1 1 1 0 0 35 1 1 1 1 0 0 0 1 0 1 1 0 0 0 0 1 0 0 1 1 0 0 0 0 0 1 0 0 1 0 1 1 1 0 1 0 0 1 0 0 0 1 0 0 1 0 1 1 1 0 0 0 1 1 0 0 1 1 0 0 1 0 1 0 0 0 0 1 0 1 
1 1 0 1 1 1 1 0 0 0 1 0 0 1 0 1 1 1 1 0 0 0 1 0 0 1 0 1 1 0 31 1 1 1 1 1 0 1 1 0 1 1 0 1 1 1 1 0 1 1 0 1 0 0 1 0 0 0 1 0 0 0 1 0 0 0 0 0 1 0 1 1 1 0 0 1 1 0 1 0 1 1 0 1 1 0 1 1 1 1 0 0 0 0 1 1 1 1 0 1 
0 0 0 0 1 1 0 0 0 0 1 1 1 1 0 0 0 1 1 0 0 1 1 0 0 1 0 1 1 1 0 27 1 1 0 1 1 1 1 1 0 1 0 1 1 0 1 0 0 0 0 1 1 1 1 1 0 0 0 1 1 0 1 1 1 0 1 0 1 1 0 1 1 0 0 1 0 1 0 0 1 1 0 0 0 1 0 0 1 0 0 1 1 0 1 0 1 1 1 0 
0 0 0 1 0 1 0 0 1 0 1 1 1 1 1 0 0 0 1 0 1 0 0 0 0 1 1 1 0 0 1 0 95 0 0 1 1 0 1 1 0 0 0 0 1 0 0 1 1 1 0 1 0 0 0 0 1 1 1 1 0 1 1 0 0 0 1 1 0 0 0 0 1 0 0 1 1 0 0 0 1 1 0 0 0 0 1 0 0 0 1 0 1 1 1 1 0 1 0 0 
1 0 1 0 1 1 0 1 0 0 1 1 1 0 1 1 0 0 0 1 1 0 0 0 1 1 1 1 1 1 1 0 1 87 1 0 1 0 0 1 0 1 0 0 1 1 0 0 0 0 0 0 1 0 0 0 1 0 1 1 1 1 1 0 1 0 0 1 1 0 1 0 1 0 1 0 1 0 0 0 0 1 1 1 0 1 0 0 1 0 1 0 0 0 1 1 1 0 0 1 
1 0 0 0 1 0 0 0 1 1 1 1 1 1 0 1 1 1 0 1 1 0 1 0 0 0 1 1 1 0 0 1 1 0 78 1 0 1 0 1 1 0 1 1 1 1 0 0 0 0 0 0 0 1 0 1 1 0 1 1 1 1 0 0 0 0 1 1 0 1 1 0 0 1 1 0 0 1 0 0 0 0 1 0 1 1 0 1 1 0 1 0 0 0 0 0 0 1 0 1 
1 0 1 1 0 0 1 0 1 0 0 1 1 0 1 0 0 0 1 0 0 1 1 0 0 0 1 0 1 0 1 1 1 0 1 33 1 1 0 0 1 0 0 1 0 1 0 0 1 1 1 0 1 0 1 1 0 1 1 1 1 1 0 0 1 0 1 1 1 1 0 0 0 0 0 1 0 0 1 0 0 1 0 0 0 1 0 1 1 0 0 0 1 1 0 1 0 0 1 0 
1 0 0 0 1 0 1 1 0 0 0 0 0 1 1 0 1 0 1 0 0 1 1 1 0 0 1 0 0 0 1 0 1 1 1 1 44 1 0 1 1 0 1 1 0 0 0 0 1 1 0 1 0 0 1 0 1 1 1 0 1 1 1 0 1 1 1 0 1 0 0 1 1 0 0 0 1 0 1 1 1 1 1 1 1 1 0 0 1 0 0 0 0 0 1 0 1 1 0 1 
1 1 0 1 1 0 1 0 1 1 1 0 1 0 0 0 0 0 0 1 1 0 0 0 0 0 0 0 0 0 1 1 1 0 1 1 1 87 1 0 0 0 0 0 0 1 1 0 1 1 1 0 1 1 1 1 0 1 0 1 0 0 1 1 1 1 1 1 0 1 0 0 0 1 1 0 0 0 0 0 1 0 1 1 1 1 0 1 1 1 0 1 1 0 1 1 0 0 0 0 
0 0 0 0 1 1 0 0 0 1 0 1 1 1 0 0 0 1 1 1 0 0 1 0 1 0 0 1 0 0 0 1 0 0 1 0 0 0 76 0 0 1 1 1 0 0 1 0 1 1 0 0 1 1 0 0 0 1 1 1 1 1 1 0 0 0 0 1 0 0 1 1 0 0 1 1 0 1 1 0 1 1 0 1 0 1 1 1 0 1 1 1 0 0 1 1 1 0 0 0 
0 1 0 1 0 0 0 0 1 1 1 0 0 1 1 1 0 1 1 0 0 1 0 0 0 1 0 0 0 1 0 1 1 1 0 0 0 0 0 13 1 1 0 1 0 0 1 0 0 1 1 0 1 1 0 0 0 1 0 1 0 1 1 1 0 1 1 0 0 1 0 0 1 0 0 1 0 0 0 1 0 1 0 0 1 1 0 0 1 1 0 1 0 1 1 1 1 1 0 1 
0 0 1 0 0 1 0 1 0 0 0 1 0 1 0 1 1 0 0 1 1 0 0 0 1 0 0 0 0 0 0 0 0 1 1 0 1 0 1 1 39 1 1 1 0 1 0 0 1 1 0 0 1 1 1 1 0 1 0 0 0 0 0 1 0 0 0 0 0 0 1 0 0 1 1 0 1 1 1 1 0 1 1 0 1 0 1 1 1 0 0 1 0 1 0 1 1 0 0 0 
0 1 0 0 0 1 1 1 1 0 1 1 1 0 1 0 0 0 0 0 1 1 1 1 1 1 1 1 1 1 1 1 0 0 1 0 0 1 0 0 0 8 1 0 0 0 1 1 1 0 1 0 0 0 1 0 0 1 1 1 0 1 0 1 1 0 0 1 0 0 0 0 1 0 0 1 0 0 0 1 1 1 1 0 1 1 0 1 1 0 1 1 0 1 1 1 0 1 0 0 
0 0 0 1 0 1 0 0 1 0 0 1 1 1 1 0 0 1 1 0 1 0 0 0 0 1 1 1 1 0 0 1 1 0 1 0 1 1 0 1 1 1 76 1 1 1 1 0 0 1 0 1 1 1 1 1 1 1 0 1 1 1 1 0 1 1 0 0 1 0 1 0 0 0 0 1 1 0 1 0 0 0 1 1 0 1 0 0 1 0 0 1 0 1 0 0 0 1 0 0 
0 0 0 1 0 0 0 1 0 0 0 0 1 1 1 1 1 1 0 0 1 0 1 0 1 1 1 0 0 1 0 1 0 1 0 1 0 1 0 0 0 1 0 22 0 0 0 1 1 1 1 0 1 0 1 1 1 0 1 1 1 0 0 0 1 0 1 0 0 1 1 0 1 0 0 0 1 0 0 0 0 1 0 0 1 0 0 1 1 0 1 1 0 0 0 0 1 0 0 1 
0 1 1 1 1 1 1 1 1 0 1 1 0 0 0 1 1 1 0 1 1 0 1 1 0 0 0 1 0 0 0 1 0 0 0 0 0 1 1 0 1 0 0 1 12 0 1 0 0 1 0 1 0 1 0 0 0 0 0 1 0 1 1 1 0 1 1 1 1 0 1 0 1 1 1 1 0 1 1 0 0 1 1 0 0 0 0 0 1 1 1 0 1 1 0 0 1 0 1 0 
0 0 1 0 0 1 1 1 1 1 0 1 1 0 1 1 0 0 1 0 1 0 0 1 1 0 0 1 0 0 1 0 1 0 1 1 0 0 0 0 1 1 0 1 1 64 1 1 1 1 1 1 1 0 1 0 1 1 0 0 0 0 0 1 1 0 0 0 1 0 1 1 1 0 1 1 0 0 1 1 0 0 1 0 0 1 0 1 1 0 0 0 1 1 0 0 1 1 0 1 
0 1 0 1 0 0 1 0 1 1 1 0 0 0 1 1 1 1 1 1 1 0 1 1 0 1 0 0 1 0 0 1 1 1 0 0 0 0 1 0 0 0 0 0 0 0 51 1 0 1 0 0 1 1 1 1 0 1 1 0 0 0 0 1 0 1 1 1 0 1 0 1 1 0 1 0 0 0 0 0 1 1 0 0 0 1 0 1 1 1 0 0 1 1 1 1 1 0 0 0 
1 1 1 1 1 0 1 0 0 1 1 1 1 1 1 1 1 1 0 0 0 0 1 1 1 0 1 1 1 0 1 1 1 0 0 0 0 0 1 1 0 0 1 0 1 1 0 34 0 0 0 0 1 0 1 1 1 1 1 0 1 0 1 0 0 0 0 0 0 1 0 1 0 1 0 1 1 1 1 1 0 0 0 0 0 0 0 1 0 0 0 0 1 0 0 1 1 0 1 1 
1 1 0 0 1 1 1 0 1 1 1 1 0 1 0 1 1 1 1 1 1 0 0 1 1 0 0 0 1 0 1 0 1 1 1 1 1 1 0 1 1 0 1 1 0 0 1 0 3 1 0 0 0 0 0 1 1 0 0 0 1 1 0 0 1 0 0 0 1 1 1 1 1 1 0 0 0 0 1 0 0 1 1 0 0 0 1 1 1 0 1 1 0 0 0 1 1 1 1 0 
0 0 0 1 0 1 0 1 1 1 0 0 0 0 1 1 0 1 0 0 1 0 1 1 1 0 1 1 0 1 1 1 0 0 1 0 0 1 1 0 1 0 0 0 0 1 0 1 1 35 1 0 1 1 1 1 0 1 0 1 0 1 1 0 0 1 1 0 0 0 1 0 0 0 1 1 1 0 0 1 1 1 0 0 1 0 1 1 1 1 1 1 1 0 1 0 1 0 1 1 
1 0 1 1 1 1 0 1 0 0 1 1 1 1 1 0 1 1 0 0 1 1 1 1 1 1 0 1 1 1 0 1 0 0 0 1 1 0 1 1 0 1 0 1 0 1 1 1 0 0 44 0 0 1 0 1 0 0 1 0 0 0 1 0 1 0 0 0 1 1 1 0 0 1 1 0 0 1 0 0 0 0 0 1 1 0 0 0 0 1 1 0 0 1 0 0 1 1 0 0 
1 0 0 0 0 0 1 1 0 0 0 1 0 0 1 0 1 0 0 0 1 0 0 0 1 1 1 1 0 1 0 1 0 1 0 0 1 0 0 0 1 1 0 0 1 0 1 1 1 0 0 92 0 0 0 0 1 1 0 0 0 1 1 0 0 0 1 1 0 1 0 0 1 0 0 0 0 0 1 1 0 0 1 1 0 0 1 0 0 0 0 1 1 1 0 0 0 1 0 1 
1 1 1 0 1 0 0 1 1 1 1 1 1 1 0 0 1 1 1 1 0 0 1 1 1 1 0 0 1 1 0 0 1 1 0 1 1 1 0 0 0 0 1 1 1 0 1 0 1 0 0 1 72 1 0 1 1 0 1 0 1 1 1 1 0 1 0 1 1 0 1 0 0 1 0 1 1 1 0 0 0 1 0 1 0 1 1 0 1 0 0 0 1 0 0 0 1 1 0 1 
1 1 0 0 1 0 0 0 1 1 0 0 0 0 1 1 0 0 1 0 1 1 1 1 0 1 0 1 1 0 1 0 0 1 1 0 0 0 1 1 0 1 0 1 0 1 1 0 1 1 1 1 0 67 1 1 1 1 1 0 0 0 0 1 0 0 1 0 0 0 1 1 0 1 0 1 0 1 1 1 0 0 0 0 1 1 1 1 0 0 0 0 1 1 0 0 0 1 0 0 
0 1 0 1 1 0 0 1 1 0 1 1 0 0 0 0 1 0 0 0 0 0 0 0 0 0 0 1 1 0 0 0 0 0 0 0 1 0 1 0 1 0 0 0 1 0 1 0 1 1 1 1 1 0 29 0 1 0 0 0 0 0 1 1 0 1 1 0 1 1 0 0 1 1 0 0 0 1 1 0 1 0 0 0 1 0 0 0 1 1 0 1 1 0 0 0 1 1 0 0 
0 1 0 1 0 0 1 0 1 0 0 1 0 0 0 1 1 1 0 0 0 1 1 0 1 1 0 1 0 0 1 0 0 0 0 1 1 1 0 0 0 1 1 1 1 0 1 1 0 0 0 1 0 1 1 98 1 1 1 1 0 1 0 0 1 1 1 1 0 0 1 0 0 1 0 0 1 1 1 0 0 1 1 0 1 1 0 0 1 1 1 0 0 1 0 0 0 1 0 0 
0 0 1 1 0 0 0 0 1 1 1 0 0 0 1 1 0 0 0 1 0 0 1 0 1 0 0 1 0 0 0 0 1 0 0 1 1 0 1 0 1 0 1 0 1 0 1 0 0 1 1 0 1 1 0 0 63 0 0 0 1 0 1 1 0 0 1 1 0 1 1 0 1 1 0 0 0 0 1 1 1 0 1 0 1 0 1 0 0 0 0 1 0 1 1 1 0 0 0 0 
0 0 0 1 1 1 0 0 1 1 1 1 1 0 1 0 1 0 1 1 1 1 1 0 1 1 0 1 1 0 1 0 0 0 0 0 1 1 1 1 0 0 1 1 1 0 1 0 0 1 1 1 0 1 0 0 1 68 0 1 1 0 0 1 1 0 1 0 0 0 1 1 1 1 1 0 1 1 0 0 0 0 0 0 1 1 0 1 1 1 1 1 1 0 1 0 1 0 0 1 
1 1 0 0 0 1 1 0 0 0 1 0 0 1 0 1 1 0 0 1 1 1 0 0 0 0 1 0 0 0 1 0 0 0 0 0 1 1 0 0 0 0 0 0 1 0 1 0 1 1 1 0 0 0 1 1 1 1 86 1 1 1 1 1 0 1 0 0 0 1 0 0 1 1 0 1 0 0 1 1 0 1 0 0 0 0 0 1 1 1 0 1 0 1 0 0 0 0 0 1 
0 0 0 0 1 0 1 1 1 1 0 1 1 0 1 0 1 1 1 1 0 1 1 0 1 0 0 1 0 1 0 0 1 0 1 0 0 1 0 0 0 1 0 0 1 0 1 0 1 1 1 0 1 1 0 1 0 0 0 38 0 1 1 0 1 1 1 0 1 1 0 1 0 1 0 0 1 0 1 1 1 0 0 1 1 0 0 0 0 1 1 1 0 1 0 1 1 0 0 1 
0 1 1 1 0 1 0 1 1 0 1 1 1 1 1 0 1 0 1 0 1 1 0 1 0 0 1 1 0 0 1 1 1 1 1 0 0 0 1 1 0 1 0 1 0 1 0 0 1 0 0 1 0 0 1 0 0 1 0 0 47 0 1 1 1 1 1 0 1 1 1 0 0 0 0 0 0 1 0 1 0 0 1 0 1 1 1 1 0 0 1 0 0 1 0 0 0 1 0 0 
1 1 1 0 0 1 1 1 1 0 1 1 1 0 0 1 1 1 1 1 1 1 0 1 0 1 0 1 1 0 1 0 0 1 0 1 0 0 0 1 1 1 1 1 1 0 1 1 0 0 0 0 0 1 1 0 0 0 1 0 0 77 1 1 1 0 0 0 0 1 0 1 0 0 1 0 1 0 1 1 1 1 0 0 1 1 1 0 0 0 0 0 1 0 0 1 1 1 1 1 
0 0 1 0 0 1 0 1 1 1 0 0 0 1 0 1 1 0 0 0 1 0 0 0 0 1 0 0 1 1 1 1 1 1 0 1 0 0 1 0 1 1 1 0 0 0 0 0 1 0 0 0 0 0 1 0 0 0 0 1 1 0 59 0 0 0 1 0 0 1 1 0 0 0 1 1 1 0 1 0 0 0 1 0 0 1 0 0 1 1 0 0 1 1 1 1 1 1 0 0 
1 0 0 1 1 1 1 1 0 0 0 1 1 1 1 0 0 1 0 1 1 0 0 1 0 1 1 1 1 1 0 1 1 1 0 0 0 0 0 0 0 0 1 0 1 1 0 1 1 0 0 1 1 1 0 1 1 0 0 1 1 0 1 18 1 1 1 0 0 0 0 0 1 0 1 1 1 0 0 0 0 1 0 0 0 1 1 0 0 0 0 1 0 1 1 1 0 1 1 0 
1 0 0 1 1 0 0 1 0 0 0 0 0 0 1 0 1 0 1 1 1 1 0 1 1 1 0 0 0 0 0 1 1 0 1 0 0 1 0 1 1 0 0 0 1 1 0 1 1 1 1 0 0 1 1 1 1 0 0 1 1 0 0 0 10 1 0 0 1 1 0 0 0 1 1 0 1 0 0 0 0 0 0 0 1 1 1 1 1 0 0 0 0 1 1 1 1 1 1 1 
1 0 1 1 1 1 0 1 0 1 0 1 1 0 1 0 0 1 1 0 0 0 0 0 1 0 0 1 0 1 0 1 0 1 0 0 0 0 0 0 0 1 1 1 1 0 1 0 0 0 0 0 0 1 0 0 1 1 1 0 0 0 1 1 0 62 0 0 0 0 0 0 0 0 1 1 1 1 1 1 0 0 0 1 1 1 0 0 0 0 0 1 0 1 0 0 0 0 1 1 
1 1 0 1 0 0 0 1 1 1 0 0 1 0 0 0 0 0 1 0 0 0 1 1 0 0 1 1 1 1 1 1 1 0 1 0 1 1 0 1 1 0 1 0 1 0 1 0 0 1 0 1 0 1 0 0 1 0 1 0 0 1 1 1 0 1 65 1 0 1 0 1 1 0 1 1 0 1 1 1 0 1 0 1 1 0 0 1 0 1 0 0 0 1 1 1 0 1 1 0 
1 0 1 0 0 1 0 0 0 1 0 1 1 0 0 1 0 1 1 0 0 0 1 1 0 0 1 0 0 0 0 1 0 1 0 0 0 1 1 1 0 0 1 0 0 1 1 0 0 1 1 0 0 0 0 0 1 1 1 1 1 0 1 1 1 0 0 14 0 1 1 1 0 0 1 0 1 1 0 1 0 1 0 0 1 1 1 0 0 0 0 1 0 1 0 1 0 0 1 1 
0 0 1 0 1 0 0 1 0 0 1 0 0 1 0 0 1 0 1 0 0 1 1 1 1 1 1 1 0 0 0 1 0 1 1 1 1 1 0 1 1 0 0 0 1 0 1 1 1 1 1 0 1 0 1 0 1 0 0 1 1 1 1 0 1 1 1 1 54 0 0 1 0 0 1 1 1 1 1 1 1 1 1 1 0 0 1 0 0 1 0 1 1 0 1 1 1 0 1 0 
1 1 0 0 1 0 0 0 0 1 1 0 1 0 1 0 0 1 0 1 0 0 0 1 1 1 1 0 1 0 0 1 0 1 0 0 1 1 1 1 0 1 0 1 1 0 1 0 1 0 0 1 1 1 1 0 0 1 1 1 0 0 1 1 1 0 1 1 1 25 0 0 0 0 1 0 0 1 0 0 0 0 1 0 1 1 0 1 1 0 0 1 1 1 0 0 0 0 0 1 
1 1 1 0 0 0 0 1 0 1 0 0 0 1 0 0 1 0 1 0 1 1 1 0 1 1 1 0 0 1 0 0 0 1 1 1 0 1 1 1 0 1 0 0 1 0 0 1 0 0 1 1 0 1 0 1 0 1 0 0 1 0 0 1 0 0 1 0 1 0 3 1 1 1 1 1 0 1 0 0 0 1 0 1 0 0 1 1 0 1 0 1 1 0 1 0 1 1 1 1 
0 0 1 0 0 1 0 1 1 1 0 0 0 1 1 0 0 1 1 0 1 0 1 0 1 1 0 1 1 0 1 0 0 1 1 0 1 1 1 1 0 0 0 0 0 0 0 0 1 0 1 1 1 0 0 1 0 0 0 0 1 0 0 1 0 1 0 1 1 0 0 12 0 0 1 1 0 0 0 1 0 1 1 1 1 1 0 1 0 0 1 0 1 0 0 0 0 1 1 1 
0 1 1 0 1 0 0 0 1 1 1 1 0 0 1 1 1 0 0 0 1 0 1 0 0 0 1 1 1 0 1 1 1 1 0 1 1 0 1 1 1 1 1 0 0 0 0 1 0 0 1 1 1 1 1 1 1 1 1 0 0 0 0 1 0 1 1 1 0 1 1 1 93 0 1 0 0 1 0 0 1 0 1 1 0 1 0 0 1 0 1 1 0 1 0 1 0 1 1 1 
1 1 1 0 1 0 0 0 1 1 0 1 0 0 1 1 1 1 1 1 1 0 0 1 0 0 1 0 1 1 0 0 0 1 1 1 0 0 0 1 0 1 0 1 1 0 0 1 1 1 0 1 1 1 1 0 1 1 1 0 1 1 0 1 1 0 1 0 1 0 0 1 1 26 0 1 1 1 0 1 1 1 0 1 1 0 1 1 1 1 0 1 1 0 0 1 0 1 1 0 
1 0 1 0 1 1 0 1 0 0 0 1 0 1 0 0 0 1 1 1 1 1 0 0 1 0 1 0 1 1 0 0 0 1 0 1 0 1 1 0 1 1 0 0 0 1 0 1 1 0 0 1 0 0 0 1 1 1 0 0 0 0 1 1 0 0 0 0 1 1 0 0 0 1 85 1 0 1 1 0 0 1 1 1 0 0 1 0 0 0 1 1 0 0 0 1 0 1 1 0 
1 0 0 0 0 0 1 0 0 1 1 1 0 0 1 0 1 0 0 1 1 1 0 0 0 1 1 0 1 0 1 0 1 1 1 0 1 1 0 1 1 1 1 1 0 1 0 0 1 0 0 0 1 1 0 1 1 0 0 0 0 1 1 1 1 0 1 0 0 0 1 1 0 1 1 35 0 0 0 1 1 0 1 1 0 1 1 0 1 1 0 1 0 1 1 1 0 1 1 0 
0 0 0 0 1 1 0 1 1 0 1 1 1 1 0 0 0 1 0 0 1 0 1 0 1 1 0 1 0 0 0 1 1 0 0 0 1 0 0 1 0 1 0 0 1 0 0 0 1 1 1 1 1 0 0 1 1 1 1 0 1 1 1 0 0 1 1 0 0 0 0 1 1 0 0 1 61 1 1 0 1 0 0 0 0 1 0 1 0 1 0 1 1 0 1 0 1 1 0 0 
0 0 1 0 1 0 1 0 0 0 1 1 1 0 0 0 0 0 1 1 1 0 0 0 1 0 1 0 0 0 1 0 0 1 1 1 0 0 1 1 1 1 0 0 1 1 1 1 1 0 0 1 0 1 1 1 1 1 0 1 0 1 0 0 1 0 0 1 0 1 0 0 1 0 1 0 0 27 0 0 0 0 0 1 0 1 0 0 0 1 0 0 0 0 1 0 1 1 1 0 
1 1 0 0 1 0 0 1 1 0 0 1 0 0 1 1 1 1 1 0 0 1 0 1 1 0 0 1 1 1 0 1 1 0 1 1 1 1 1 1 0 1 1 1 0 1 0 1 1 0 1 0 0 0 0 1 1 0 1 1 1 1 0 0 1 1 1 0 1 0 1 1 1 0 1 1 1 1 56 1 1 0 0 0 0 0 0 0 0 1 0 0 0 1 0 0 1 1 1 0 
1 0 1 0 0 0 0 1 0 1 0 1 1 1 0 1 1 1 0 1 0 1 1 1 0 0 0 1 1 0 1 1 0 1 0 1 1 1 1 1 0 1 0 1 1 0 0 1 1 0 1 1 1 0 1 1 0 0 1 0 0 0 0 1 0 1 0 1 0 1 0 0 0 1 1 0 0 1 1 59 0 0 0 1 0 0 1 0 1 1 0 0 1 1 1 1 1 1 1 1 
0 1 0 0 1 0 0 1 1 0 1 0 1 0 0 1 0 0 1 0 0 1 0 1 1 1 1 0 1 0 0 1 0 1 0 1 0 0 1 1 0 1 0 0 1 1 1 0 0 1 1 0 1 0 1 0 0 1 1 0 1 0 1 0 0 1 0 1 1 1 1 0 0 0 0 1 0 0 0 1 54 1 1 0 1 1 0 0 1 1 1 1 0 0 0 0 1 1 1 1 
1 1 1 0 1 0 0 0 1 0 1 0 1 1 0 0 0 1 0 1 1 1 0 1 1 1 1 1 1 0 1 0 1 0 0 0 1 0 0 0 0 1 0 1 1 0 0 1 1 1 0 0 0 0 1 1 0 0 0 1 0 0 1 1 1 0 1 0 1 0 1 0 1 0 0 0 1 1 1 1 0 21 0 1 0 0 0 1 1 0 1 1 1 1 0 0 0 0 0 0 
1 1 1 0 0 0 0 1 0 0 0 1 1 1 1 0 0 0 1 1 0 1 1 0 0 1 1 1 0 0 1 1 1 1 1 1 0 1 1 0 0 0 1 1 0 1 0 1 1 1 1 1 0 1 0 0 1 0 0 1 1 0 0 0 0 1 1 0 0 1 0 0 0 0 0 0 0 0 0 1 1 0 21 0 1 0 0 0 1 1 0 0 0 0 0 0 1 1 0 0 
0 0 0 1 1 1 0 1 1 0 1 1 0 0 1 1 1 0 1 1 1 0 1 1 1 0 1 1 0 1 0 1 1 1 0 1 0 1 0 1 0 0 0 0 1 1 1 1 0 0 1 1 0 0 1 0 1 1 0 1 1 0 0 0 0 0 1 1 1 1 1 1 1 1 0 1 0 1 1 0 1 1 0 87 1 0 1 1 0 0 0 1 0 0 1 0 0 0 0 0 
1 1 0 0 1 1 0 0 0 0 1 1 1 0 1 1 0 1 0 1 0 0 1 0 0 0 1 0 1 0 1 1 0 0 1 1 0 1 0 0 0 1 0 1 0 1 1 0 0 1 0 1 0 0 1 0 1 1 0 0 0 0 0 0 1 1 1 1 0 0 1 1 0 1 1 0 0 0 0 1 1 0 1 1 52 0 1 1 1 1 0 0 0 1 1 0 0 1 1 1 
1 0 1 0 1 0 1 1 1 0 0 0 1 0 0 1 1 0 1 1 0 1 1 1 1 0 1 0 1 1 1 1 1 1 0 1 1 0 0 1 0 1 1 1 1 0 1 1 1 1 1 1 0 1 0 0 0 1 1 0 1 0 1 1 1 1 1 1 1 1 0 0 1 1 0 1 0 1 0 1 1 0 0 1 1 33 1 0 0 0 0 1 1 1 1 0 1 0 1 1 
1 1 0 0 1 0 1 1 0 1 1 1 0 0 1 0 1 1 1 1 0 0 1 0 0 1 0 1 1 0 1 0 1 1 0 0 0 0 0 0 1 1 0 0 1 0 1 0 1 1 0 1 0 0 0 1 0 1 1 0 1 0 1 1 1 1 0 1 1 0 0 0 0 1 1 1 0 1 1 0 0 1 0 1 0 1 60 1 0 1 0 0 0 1 1 0 1 1 0 0 
1 0 1 1 0 0 0 0 1 1 0 1 0 1 0 0 1 1 1 1 0 1 0 0 0 1 0 1 1 1 0 0 1 1 0 0 1 0 0 1 0 1 0 1 1 1 1 0 1 1 1 0 0 0 0 1 0 0 1 1 1 1 0 1 0 0 1 0 1 0 1 1 1 1 1 0 0 0 0 0 0 0 1 0 1 0 1 79 0 1 0 1 0 0 1 0 0 0 0 0 
0 0 0 1 0 1 1 0 1 0 1 1 1 1 0 1 0 1 1 0 0 0 0 1 0 0 1 0 0 1 1 0 0 1 1 1 1 0 0 0 0 1 0 0 1 0 1 0 1 0 0 0 0 1 0 0 0 1 1 1 0 1 1 0 1 1 0 0 1 1 1 1 0 1 1 1 0 0 0 0 1 0 1 1 0 0 1 0 46 0 0 1 0 0 1 0 1 0 1 1 
1 1 1 1 1 1 1 0 1 1 1 0 1 0 0 1 1 0 0 0 0 1 0 1 1 0 0 1 0 0 0 0 1 0 1 0 0 0 0 1 1 0 1 1 1 0 0 1 1 1 1 0 0 0 0 1 1 1 0 1 1 1 1 0 0 1 0 0 1 1 1 0 1 0 0 1 1 0 1 1 1 0 0 1 1 0 0 1 1 32 1 1 1 0 0 1 1 0 1 0 
0 0 0 0 0 1 1 1 1 0 1 0 1 0 1 0 1 1 0 0 0 0 1 1 0 0 1 1 1 0 1 1 0 1 1 1 1 0 0 1 0 0 0 0 0 0 1 1 1 1 0 1 0 1 0 1 0 0 0 1 0 0 1 1 1 1 0 0 0 1 1 1 0 1 1 0 1 0 0 1 1 1 1 0 1 0 0 0 1 1 56 0 1 1 0 1 1 1 1 1 
0 1 1 1 1 1 1 1 0 1 1 1 1 0 0 0 0 1 1 0 0 0 0 1 1 0 0 0 1 1 0 1 0 0 0 0 1 0 1 1 0 0 1 0 1 1 1 0 0 0 0 1 0 1 1 1 0 1 1 0 0 0 0 0 0 0 0 0 0 0 1 0 0 1 0 0 0 0 1 0 1 1 0 1 1 1 1 1 0 1 1 53 1 1 0 0 1 0 1 1 
0 1 0 1 1 1 0 0 0 1 0 0 0 1 0 1 1 0 0 1 1 0 0 1 1 1 0 1 1 0 1 0 1 1 0 1 0 0 1 0 1 1 1 0 1 1 1 1 1 0 1 0 0 0 1 1 1 0 0 0 1 0 0 1 1 1 1 1 0 1 1 1 1 0 1 1 0 1 1 1 0 0 1 0 1 0 0 0 1 1 1 1 2 0 1 0 1 0 0 1 
0 1 1 0 0 0 0 1 0 0 1 1 1 0 1 0 1 0 1 0 1 1 1 1 0 0 1 0 0 0 1 1 1 1 0 0 1 0 0 0 1 0 0 0 0 0 0 1 1 1 1 1 0 1 0 0 1 1 1 1 1 0 0 1 1 1 1 0 0 1 0 1 0 0 1 1 0 1 0 1 1 1 1 0 0 1 1 1 0 0 0 1 1 52 1 1 0 0 1 1 
0 1 1 0 1 0 0 1 1 1 1 0 0 1 0 1 1 0 0 0 0 1 1 1 1 1 0 1 1 1 0 0 1 1 0 0 1 1 1 0 0 1 1 0 1 1 1 1 0 0 1 1 1 0 0 1 0 0 1 1 0 0 1 1 0 1 1 0 1 1 0 1 0 0 0 0 1 1 1 1 0 1 1 1 0 1 0 0 0 0 1 0 0 1 19 1 0 0 0 1 
1 1 1 1 1 1 1 0 1 1 0 0 0 1 1 0 1 0 0 0 0 1 1 1 0 0 0 1 1 1 0 0 1 1 0 0 0 0 1 1 1 0 1 0 1 0 0 1 1 0 1 0 1 1 1 0 1 1 0 0 1 1 0 0 0 1 0 0 0 1 1 1 0 0 0 1 0 1 1 1 1 1 1 0 0 0 0 0 1 1 0 1 1 0 0 31 0 0 0 1 
1 0 1 0 0 1 0 0 1 0 1 1 0 0 1 0 1 0 0 1 0 1 1 0 0 0 0 0 1 1 0 0 1 1 0 0 0 1 0 1 0 0 1 0 0 1 1 0 0 1 1 1 1 0 0 1 1 1 0 1 1 0 0 0 0 0 0 1 1 0 1 1 0 0 0 0 1 1 0 0 1 0 1 1 0 1 1 1 1 0 0 0 1 0 0 0 40 1 1 0 
1 1 1 1 0 0 0 1 0 0 1 1 0 0 0 0 1 1 1 0 0 1 0 1 1 0 1 0 1 1 0 1 0 1 1 1 0 0 1 0 0 1 1 1 0 1 0 0 1 0 0 1 1 1 0 0 1 1 1 1 1 0 1 1 0 0 1 0 1 0 1 0 0 1 1 0 0 0 1 0 0 1 0 1 1 1 1 0 0 1 1 1 1 1 0 0 0 18 1 0 
1 1 1 0 1 0 0 1 0 1 0 0 1 0 1 0 1 1 1 0 1 1 0 0 1 0 0 0 0 1 0 1 1 0 1 1 0 1 1 1 1 1 0 0 1 0 0 1 0 0 1 1 1 0 1 0 0 1 0 1 1 1 0 0 0 0 0 0 1 1 0 1 0 0 0 0 1 0 0 1 1 1 1 0 0 0 0 0 0 1 0 1 1 1 0 0 0 1 92 1 
1 1 0 1 0 0 0 0 1 1 1 1 0 0 0 0 0 1 1 0 1 1 1 0 1 0 1 0 0 1 0 1 1 0 1 0 0 0 0 1 0 1 1 1 0 0 1 0 1 0 0 1 0 0 0 1 1 1 0 1 0 1 0 0 1 1 1 1 0 1 0 1 0 1 1 1 1 1 0 0 1 0 0 0 0 1 0 0 0 0 1 1 0 1 0 0 0 1 1 63 
