100
13 1 0 0 0 0 0 1 1 0 0 0 1 0 0 1 0 0 1 0 1 0 1 1 1 1 0 1 0 1 1 0 1 1 1 0 1 1 0 1 1 1 0 0 0 1 1 1 1 1 1 1 1 1 1 1 1 1 1 0 0 0 1 1 1 1 0 1 1 1 1 1 0 0 0 0 0 0 0 0 1 1 0 1 0 0 1 0 0 1 1 1 1 1 1 0 0 0 1 0
1 7 1 1 0 1 1 0 1 0 0 1 1 1 0 0 1 1 1 0 1 0 1 1 1 1 1 0 0 0 1 1 1 1 0 1 1 1 0 0 1 1 0 1 1 0 0 0 1 1 1 0 0 0 1 1 0 0 0 0 0 0 0 0 1 1 0 1 0 0 0 0 0 1 0 1 0 0 1 0 0 1 0 1 0 0 1 0 1 0 0 0 0 1 0 0 0 1 1 0
1 0 45 0 0 1 1 1 0 1 0 0 0 0 1 1 0 0 1 0 1 0 1 0 1 0 1 1 0 1 1 1 1 0 0 1 0 0 1 0 0 0 0 0 0 0 1 1 0 1 0 1 1 1 0 1 0 1 1 1 1 0 0 1 1 0 0 0 0 1 1 1 1 1 0 1 1 1 0 0 1 1 0 0 0 1 1 1 1 0 1 0 1 1 0 1 1 1 0 1
0 1 1 62 1 0 0 1 1 1 0 1 1 1 1 1 1 0 0 0 1 0 1 1 1 1 0 1 0 0 0 1 1 0 0 1 1 0 0 1 0 1 1 1 1 0 1 0 0 0 0 0 0 1 1 0 0 1 0 0 0 0 0 1 0 0 0 0 1 1 1 1 0 1 0 1 0 0 1 0 1 1 1 0 0 0 0 1 0 1 0 1 0 0 1 1 0 0 0 0
0 1 1 0 87 0 1 0 0 1 1 0 1 1 1 1 1 1 1 0 0 1 0 0 0 1 0 0 0 0 0 0 1 1 1 1 0 1 0 1 1 1 1 0 0 0 0 1 1 0 0 0 0 0 1 1 0 0 0 0 1 1 0 0 0 1 1 0 0 1 0 1 1 0 1 0 1 0 1 1 1 1 0 0 1 0 0 0 0 0 0 1 1 1 1 0 0 0 1 0
1 0 0 0 1 21 1 1 1 1 0 0 0 0 1 1 1 1 0 1 1 1 0 0 1 0 0 0 0 0 0 0 1 0 0 1 1 0 0 0 1 1 1 0 0 1 0 0 1 1 0 1 0 1 1 0 1 1 0 0 0 1 0 0 1 0 0 1 0 0 0 1 1 0 1 0 0 0 0 1 1 0 1 1 1 1 1 1 0 1 1 0 0 1 1 0 1 1 1 1
0 1 1 0 0 0 76 1 0 1 1 1 1 1 0 0 0 0 0 0 0 1 0 0 0 1 0 0 1 1 0 1 1 0 0 1 0 1 0 0 0 1 1 0 1 1 1 0 0 0 1 1 0 1 0 0 0 0 0 0 1 0 1 0 1 1 0 1 0 1 0 1 0 1 0 1 1 1 1 1 0 0 0 1 1 0 0 1 0 1 0 1 0 0 1 0 0 0 1 0
1 1 1 0 0 1 1 65 0 0 1 0 0 1 1 0 1 1 0 1 1 0 0 0 1 0 1 0 0 1 0 1 1 1 0 0 0 1 1 0 1 0 0 0 1 0 1 1 0 1 1 0 0 0 1 1 1 0 0 1 0 1 0 0 1 0 0 0 0 1 0 1 0 1 1 1 0 0 1 0 0 0 1 1 0 1 1 1 0 1 0 0 0 0 1 1 1 1 1 0
1 0 1 1 1 0 0 1 84 1 1 1 0 0 1 1 0 0 1 0 1 0 1 0 0 1 1 0 0 0 0 0 1 0 1 1 0 0 1 0 1 1 1 1 0 1 1 1 0 1 1 1 0 0 1 0 0 1 0 1 1 1 0 0 0 0 1 0 1 0 1 0 1 1 1 0 1 1 0 0 0 1 1 0 0 0 1 1 1 0 1 0 1 0 1 0 1 0 0 1
1 1 1 1 0 1 1 0 0 83 0 0 0 1 1 1 1 0 0 1 0 1 0 0 0 0 0 0 0 0 1 0 0 0 0 1 1 0 1 1 0 0 1 1 0 1 0 1 1 0 0 0 1 0 1 1 0 0 0 1 0 1 1 0 1 1 0 0 0 0 0 0 1 0 0 1 0 1 1 0 1 0 1 0 1 0 0 1 1 0 1 0 1 0 1 1 0 1 1 1
0 0 1 0 1 1 1 0 1 0 62 1 1 0 1 0 0 0 0 0 1 0 0 0 0 0 0 1 0 0 1 1 1 0 1 1 0 1 1 0 0 1 0 0 1 1 0 0 0 1 0 0 1 1 0 1 1 1 1 1 1 1 0 1 1 1 1 1 1 0 0 1 0 0 1 1 1 0 0 0 0 1 0 0 1 1 0 1 0 1 1 0 0 0 1 1 1 0 1 1
0 1 1 0 0 0 0 0 0 1 1 43 0 0 0 1 1 0 1 0 1 0 0 1 0 0 1 1 1 1 0 0 1 1 1 1 0 1 1 0 0 1 0 0 0 1 1 1 0 0 1 1 1 1 0 1 0 1 0 0 1 1 1 1 0 0 0 0 1 1 1 0 1 0 0 1 1 1 1 0 0 0 1 1 0 0 1 0 1 1 0 1 0 1 0 0 1 1 1 0
0 0 1 0 1 1 0 1 1 0 1 1 78 1 1 0 1 1 1 1 0 0 0 0 1 0 0 0 1 0 1 0 1 0 0 0 0 1 0 0 1 1 0 0 0 1 0 0 0 1 0 1 1 1 0 0 0 1 1 0 1 1 1 0 0 0 1 1 1 1 0 1 0 1 0 1 1 0 0 1 1 1 1 1 0 1 0 1 1 0 0 0 0 1 0 0 0 0 1 1
1 0 0 0 1 1 1 1 1 0 1 1 0 93 0 1 1 1 0 0 0 1 0 0 0 1 1 1 1 0 1 1 0 0 0 1 0 0 1 1 1 0 1 0 0 0 1 1 1 0 0 1 0 0 1 1 1 0 1 0 1 1 0 0 0 0 1 1 1 0 0 0 0 1 0 1 1 0 1 0 1 1 0 1 1 1 0 0 0 1 0 0 1 0 0 1 1 0 0 1
1 0 0 0 0 0 1 0 0 0 0 1 1 1 29 1 1 0 0 1 0 0 0 1 1 1 0 1 0 0 0 1 0 0 1 0 0 0 1 0 1 1 1 1 0 1 1 0 0 0 1 1 0 0 0 1 1 1 0 0 1 1 1 1 0 0 0 0 0 1 1 1 1 0 0 1 0 1 0 1 1 0 0 0 1 0 0 1 0 0 1 0 1 0 1 0 1 1 0 0
0 0 1 1 1 0 0 1 0 0 1 1 0 0 0 69 1 1 1 0 1 1 1 0 0 0 1 1 1 0 1 1 1 1 1 1 0 0 1 0 0 1 0 0 1 0 0 1 1 1 1 1 1 0 1 0 0 0 1 1 1 0 0 0 1 0 0 0 1 1 1 1 0 1 1 0 0 1 1 1 0 0 1 1 0 1 0 0 0 1 0 1 0 0 0 0 0 0 1 0
1 0 1 0 0 0 0 0 0 0 1 0 1 0 0 1 50 0 0 1 0 0 0 0 0 1 0 0 0 1 0 1 1 0 1 0 1 0 1 1 1 0 1 0 0 0 1 1 0 1 1 0 1 1 0 0 1 1 1 0 0 0 1 0 0 1 0 0 1 0 1 0 0 1 1 0 1 1 0 1 0 1 1 0 0 1 1 0 0 1 1 1 0 1 0 1 0 1 0 0
0 0 0 0 0 1 0 0 0 1 1 1 1 1 0 0 0 22 1 0 0 1 1 1 0 0 1 1 1 1 0 0 1 0 0 0 0 1 0 1 1 1 1 0 1 1 1 0 1 1 0 1 1 1 0 1 0 0 1 0 0 0 1 1 0 1 0 1 1 0 1 0 1 1 0 0 1 1 1 0 0 0 0 0 1 0 1 0 0 1 0 1 1 0 0 1 1 1 1 0
1 1 0 0 0 0 0 0 1 0 1 1 0 1 0 0 0 0 74 1 1 0 0 1 0 1 1 0 1 1 1 1 0 0 0 0 0 0 0 0 1 0 0 0 0 1 0 1 0 0 1 0 1 0 1 1 1 0 1 1 0 0 1 0 0 0 1 1 0 1 1 1 0 0 0 0 0 1 1 1 1 0 0 1 0 1 0 0 0 1 0 1 0 1 1 0 1 0 0 0
0 1 1 1 0 0 0 1 0 1 0 1 1 1 0 0 1 1 1 57 0 0 1 1 0 0 0 1 1 1 0 0 0 0 1 0 0 1 0 1 0 0 1 0 0 0 0 1 0 1 0 0 0 1 0 1 1 1 1 1 1 0 1 1 1 0 1 0 0 1 1 0 0 1 1 0 1 1 0 0 1 0 1 0 1 0 0 1 1 1 0 0 1 0 0 0 0 0 1 0
1 1 1 0 0 1 1 0 0 0 1 0 0 0 0 1 1 1 1 0 16 1 1 1 1 0 1 1 0 0 0 1 0 1 1 1 1 1 0 0 1 0 1 0 0 1 0 0 1 0 0 0 0 1 0 0 1 1 1 1 0 1 0 1 0 1 0 1 0 0 1 0 1 1 0 0 0 1 1 1 1 0 0 0 1 1 0 1 1 0 1 0 0 0 0 1 0 0 1 1
0 0 1 1 0 0 0 0 0 0 1 0 1 0 1 1 1 0 0 1 0 26 0 0 1 1 1 1 1 0 0 0 1 1 0 0 1 1 1 1 0 0 0 0 0 0 1 0 1 0 0 1 0 0 0 0 1 1 0 1 1 0 1 0 0 0 1 0 1 1 0 1 1 0 1 0 0 0 1 0 0 0 1 1 1 0 1 1 0 1 1 1 0 1 0 0 1 0 0 1
1 1 0 1 1 0 1 0 1 1 0 1 1 1 1 0 1 0 0 1 1 1 14 1 1 0 0 1 0 1 0 1 1 0 0 1 1 0 1 0 1 1 1 0 0 1 0 1 1 1 0 1 1 0 0 1 0 1 1 0 1 1 1 1 0 1 1 0 1 1 1 1 0 1 1 1 0 0 1 1 1 1 0 1 0 0 0 1 0 0 1 0 0 1 1 1 1 1 0 0
0 1 1 0 0 1 0 0 0 0 0 1 1 1 0 1 1 1 1 0 0 1 0 68 1 0 1 0 1 0 0 1 0 0 0 1 0 0 0 0 1 1 0 0 0 1 0 0 1 0 0 0 1 1 1 0 1 0 1 0 1 1 1 0 1 0 0 0 0 1 1 1 0 1 1 1 1 0 1 1 1 1 0 0 0 1 0 0 1 0 0 0 1 1 0 1 0 0 0 0
0 1 0 0 0 1 1 0 0 1 0 0 1 0 1 1 1 1 1 1 1 0 1 1 41 0 0 1 1 1 1 1 0 1 0 1 0 1 1 1 0 1 0 1 0 0 0 0 1 0 0 1 1 0 0 1 0 1 0 0 1 1 1 0 0 1 0 1 1 1 0 0 1 0 0 1 0 1 0 0 1 1 0 1 0 0 1 0 0 0 1 1 1 0 1 0 1 1 1 0
0 1 0 0 0 0 0 0 1 1 0 0 0 1 0 0 1 0 0 0 0 0 1 0 1 69 1 0 1 0 0 1 1 0 1 1 1 0 1 0 0 1 1 0 1 0 0 1 0 0 1 0 0 0 0 1 0 1 0 0 1 1 0 1 1 0 0 1 0 1 1 0 1 1 0 0 0 1 1 1 0 1 1 0 1 1 1 0 0 0 1 0 1 1 1 0 0 1 0 1
1 1 0 1 1 0 1 0 0 1 0 1 1 1 1 1 0 1 1 0 1 0 1 1 0 0 94 1 0 1 0 1 0 0 0 0 0 0 0 0 0 1 0 1 0 1 0 1 1 0 1 1 0 0 1 1 1 0 1 0 1 1 1 0 0 1 0 0 1 1 0 1 0 0 0 1 1 0 1 1 1 1 0 0 0 0 0 1 0 0 1 0 1 1 0 1 1 0 1 1
1 0 0 1 1 1 1 1 1 0 1 0 0 1 1 1 0 1 1 1 0 0 0 0 1 0 0 19 0 0 1 1 0 0 1 1 0 0 0 0 1 0 0 0 1 1 0 1 0 0 1 1 1 0 1 0 1 0 1 0 1 0 1 0 1 1 0 1 1 0 1 0 1 1 1 1 0 0 0 1 0 1 0 1 0 1 0 0 0 0 1 1 0 0 0 1 0 1 1 0
0 1 1 1 1 0 0 1 0 1 0 0 0 1 0 1 1 0 0 0 1 1 0 0 0 1 0 0 74 1 0 1 1 1 1 1 0 1 0 1 1 0 1 1 1 0 1 1 0 1 1 1 1 0 0 0 0 0 0 1 1 1 1 1 1 0 1 1 0 0 0 1 0 0 1 1 1 0 0 0 1 1 0 0 0 0 0 1 1 0 1 0 0 1 1 1 1 0 1 0
0 1 1 0 0 1 1 1 0 0 0 1 1 1 0 1 1 0 1 0 0 1 0 0 1 0 0 0 1 82 0 1 0 0 0 1 0 0 1 0 1 0 1 1 1 1 0 1 0 1 1 0 0 0 1 1 0 0 0 0 0 0 1 1 0 0 0 0 1 0 0 1 0 0 1 0 1 0 1 1 0 0 0 1 1 1 1 1 1 0 1 1 1 0 1 0 1 0 0 1
0 1 1 0 0 0 1 1 1 0 0 1 0 1 0 0 0 1 1 0 1 0 0 0 0 1 0 0 1 0 99 0 0 0 0 0 0 0 0 1 1 1 1 0 0 0 0 0 1 1 1 0 0 1 0 1 0 0 0 0 1 1 0 0 0 0 0 0 0 1 1 0 1 1 1 0 0 0 1 0 1 1 1 0 0 0 0 0 1 0 0 1 0 0 0 1 1 0 0 0
1 1 1 1 1 0 1 0 1 1 1 0 0 1 1 1 0 0 0 1 0 1 0 0 0 1 0 0 1 0 0 35 1 0 1 1 0 1 1 0 1 1 0 0 1 0 1 0 1 1 0 0 0 1 1 0 0 0 0 0 1 1 1 1 0 1 0 1 1 0 1 1 0 0 1 1 0 0 0 1 0 0 1 0 1 0 0 0 0 1 0 0 1 1 1 1 1 0 0 0
0 1 0 0 0 0 1 1 0 1 1 1 1 1 0 1 0 0 0 1 0 1 1 0 0 0 0 1 0 0 1 1 81 0 1 1 0 1 1 0 1 0 1 0 0 1 0 0 1 0 0 1 1 1 1 1 0 1 1 0 0 0 0 1 1 1 0 0 1 1 1 1 0 0 1 0 1 1 0 1 1 0 1 0 1 1 1 0 1 0 1 1 0 1 1 0 0 0 1 0
1 0 1 0 1 0 1 1 0 1 1 1 0 0 1 1 1 0 1 0 1 0 1 1 1 1 1 0 0 0 1 0 1 19 1 0 0 0 0 0 0 0 1 1 0 1 0 1 1 0 1 1 1 0 1 1 0 0 1 1 0 0 0 0 0 1 0 0 1 1 0 0 1 0 0 0 0 1 1 0 1 0 0 1 0 0 0 1 0 1 1 1 1 1 1 0 1 0 0 0
0 0 1 1 0 0 1 1 0 0 0 0 0 0 1 1 1 0 1 1 0 0 0 1 0 1 0 0 1 1 0 0 1 1 6 1 0 1 1 0 0 1 1 1 1 1 0 1 0 1 0 1 1 0 0 0 1 1 0 0 1 1 0 1 1 0 1 1 1 0 0 1 0 1 1 0 0 1 0 0 1 0 1 1 0 0 0 0 0 1 1 1 0 1 0 0 0 0 1 0
1 0 1 0 1 0 1 0 1 0 1 1 1 0 0 0 1 1 1 0 0 0 1 0 1 0 0 0 0 0 1 1 1 1 0 7 1 0 0 0 1 1 1 0 0 1 0 0 1 0 1 1 0 1 0 0 0 0 0 1 1 1 0 0 1 0 0 0 1 0 1 0 1 0 1 0 0 0 1 1 0 0 0 0 0 0 1 1 1 1 1 1 1 0 1 0 1 0 1 1
1 0 1 1 1 0 1 1 0 1 0 1 0 1 0 0 1 1 0 0 0 1 0 1 1 0 1 1 0 0 0 1 0 0 0 0 71 0 1 1 1 0 0 0 0 0 0 1 1 0 1 0 0 1 0 0 0 1 0 0 1 1 0 0 1 1 0 0 1 0 0 1 1 1 0 1 0 0 0 1 0 0 1 1 0 0 1 1 0 0 0 1 0 0 0 0 1 0 0 1
1 1 1 0 0 0 1 0 1 0 0 0 0 1 1 1 0 0 1 1 1 0 0 0 0 0 1 1 1 1 1 0 1 0 0 0 0 41 0 1 0 0 0 1 1 0 0 0 0 1 1 0 1 1 0 1 1 1 1 0 0 1 1 1 1 0 0 1 0 0 1 1 1 0 0 0 1 0 0 1 0 0 1 0 1 0 0 1 1 0 0 1 0 0 1 0 1 1 0 0
1 0 1 0 1 0 0 1 0 0 1 0 1 0 0 0 1 0 1 0 0 1 1 1 1 1 1 0 0 0 1 1 0 0 1 1 0 0 96 1 0 0 1 1 0 1 0 1 1 1 1 1 0 0 1 1 1 1 0 1 0 0 0 1 1 0 1 0 0 0 0 0 0 0 0 0 1 0 0 1 0 0 1 0 0 0 1 1 1 0 0 1 1 0 1 0 1 0 0 0
1 0 0 0 1 0 0 1 0 1 0 1 1 0 0 0 1 1 1 0 1 1 0 1 1 0 1 1 0 1 0 1 1 1 0 1 1 0 0 44 0 0 1 1 1 0 0 1 1 0 1 1 1 0 1 1 1 1 1 0 0 1 1 0 0 0 1 1 1 0 0 0 1 1 1 1 0 0 1 1 1 1 0 1 1 0 0 0 0 1 1 0 1 0 0 0 1 0 0 1
0 1 0 1 1 1 1 0 0 1 1 0 1 1 1 1 1 0 1 1 0 1 0 1 0 0 1 1 0 0 0 1 1 0 0 0 1 1 0 1 36 0 1 1 0 1 1 1 0 0 1 0 1 1 1 0 0 1 0 0 0 0 0 0 1 1 1 0 0 0 0 0 0 1 0 0 0 0 0 0 1 1 1 0 1 0 0 0 0 1 0 0 0 1 0 1 0 0 1 0
0 1 0 1 1 1 1 1 0 0 1 1 0 1 0 0 0 0 1 1 0 1 1 0 0 0 1 1 1 0 0 0 0 0 0 0 0 0 0 1 0 85 1 0 0 1 0 1 0 1 1 0 0 0 0 0 1 1 1 0 0 0 1 1 0 1 0 0 0 1 0 1 0 0 1 0 0 0 0 0 1 0 1 0 0 0 1 1 0 1 0 0 1 0 1 0 1 0 0 1
0 1 1 1 1 0 0 0 1 0 0 0 1 0 0 0 0 0 1 1 1 0 1 1 0 1 1 1 0 1 0 1 1 1 0 0 1 0 0 1 1 1 73 0 0 1 0 1 0 1 1 0 1 0 0 0 0 0 0 0 0 0 1 0 0 0 0 1 0 0 0 0 0 1 1 1 1 0 0 1 1 1 1 0 1 1 0 1 1 0 1 1 0 1 1 0 1 1 1 0
0 1 0 0 0 1 0 0 0 0 1 1 0 1 1 0 0 0 1 0 0 1 1 1 1 1 1 1 1 1 0 0 1 1 1 1 0 1 1 1 1 0 0 52 1 1 0 1 1 1 0 1 0 1 0 0 0 1 0 0 1 1 1 1 0 0 1 0 0 0 0 0 1 1 1 1 1 0 1 1 0 1 1 1 1 1 1 0 0 1 1 0 0 0 0 0 0 0 1 1
1 1 1 1 1 0 0 1 0 1 0 0 1 1 0 1 1 1 1 0 0 0 0 1 0 1 1 0 1 0 1 1 1 0 1 1 1 0 0 0 0 0 0 0 93 0 1 1 1 1 1 0 0 1 0 1 0 0 1 0 0 0 1 0 0 0 1 1 0 1 0 0 1 0 0 0 1 0 1 0 1 1 1 1 0 1 1 1 1 1 0 0 0 1 0 0 0 0 0 1
0 1 1 0 1 0 1 0 0 0 0 0 1 0 0 1 0 0 1 1 0 0 0 1 1 0 0 1 1 0 1 1 0 1 0 0 0 1 0 0 1 0 0 0 0 66 0 1 1 1 1 1 1 1 1 0 1 0 1 0 0 1 1 1 0 0 0 1 1 0 0 1 0 1 1 0 0 1 0 1 0 0 1 1 0 1 1 1 1 1 1 1 1 0 1 1 1 1 0 1
0 1 1 0 0 0 1 0 1 0 1 0 1 0 0 1 0 1 1 0 1 0 0 0 0 0 0 0 1 0 1 1 1 0 1 0 0 1 0 1 0 1 0 0 1 0 7 1 1 1 1 0 0 1 1 1 1 1 0 0 0 1 0 1 0 1 1 0 1 0 0 1 1 0 0 0 1 0 0 0 1 0 0 0 1 0 1 0 1 1 1 1 1 1 0 1 1 0 0 0
0 0 1 0 0 1 1 0 1 1 1 0 1 0 1 0 1 1 0 0 0 1 1 0 0 0 0 0 0 1 1 0 0 0 1 0 1 0 1 1 0 1 1 0 0 1 1 2 0 1 0 1 1 0 1 1 0 1 0 0 0 1 1 1 0 1 1 0 0 1 1 1 0 1 0 0 0 0 0 0 1 1 1 0 0 0 1 0 1 0 1 0 1 1 0 0 1 0 0 1
1 1 0 1 1 1 0 1 1 1 1 0 0 1 0 0 1 1 1 0 1 1 0 1 0 0 0 0 0 1 0 0 0 1 0 1 1 0 0 1 0 0 1 0 1 1 0 1 39 1 1 1 1 0 1 0 0 0 1 1 1 0 0 1 1 0 0 0 1 0 0 1 0 1 1 1 1 0 1 0 0 0 1 0 0 0 1 0 0 1 1 1 1 1 1 0 0 0 0 1
1 1 1 0 0 1 0 1 0 1 1 1 0 0 1 0 1 0 1 0 1 0 1 1 0 1 0 0 1 1 1 1 1 1 1 0 0 0 0 0 0 1 1 0 1 0 1 1 1 32 0 0 0 0 0 0 1 0 1 0 1 1 0 1 1 1 1 1 0 0 1 0 1 0 0 1 1 1 1 1 1 1 0 1 0 1 1 0 0 1 0 1 0 0 1 0 1 0 1 1
0 0 0 1 1 1 1 1 1 1 0 0 1 1 0 0 0 0 1 0 1 1 0 0 1 0 1 0 1 0 0 1 0 1 1 1 0 0 1 1 1 1 1 0 1 0 0 0 0 0 63 1 0 1 1 1 0 0 0 0 1 1 1 1 1 1 1 1 1 1 1 1 1 0 1 0 1 1 0 1 1 1 1 0 0 1 0 0 1 0 0 0 1 1 1 0 1 0 1 1
0 0 1 1 0 0 1 1 1 1 1 0 1 0 0 0 1 0 1 0 0 1 0 1 0 0 0 0 1 1 0 1 1 1 1 1 1 1 1 0 1 0 0 1 0 1 0 1 1 0 0 73 0 1 0 0 0 1 0 0 1 0 1 1 0 1 0 0 1 0 0 0 1 0 1 0 1 0 1 1 1 1 1 0 0 1 1 0 1 1 0 1 1 1 1 1 1 1 1 1
0 1 1 1 0 0 1 1 0 0 0 0 0 1 0 1 1 1 1 0 0 0 1 1 1 0 0 1 1 0 0 0 1 0 1 1 0 1 0 0 0 0 0 0 1 0 0 0 1 0 1 1 98 1 1 0 0 1 0 1 0 1 0 0 0 1 0 0 0 0 1 1 0 1 1 0 1 1 0 1 1 1 0 0 0 0 1 1 1 1 1 0 0 1 1 1 0 1 0 0
0 1 1 0 1 1 0 0 1 1 1 0 1 0 0 0 0 0 0 0 1 0 0 1 0 0 1 0 0 0 0 0 1 1 0 0 1 0 0 1 0 0 0 0 1 1 1 0 0 0 1 1 0 41 0 1 0 1 0 0 1 0 0 0 1 0 1 0 0 0 1 0 0 1 1 1 0 1 1 1 1 0 1 1 0 0 1 0 1 1 1 1 0 0 1 0 1 0 1 1
0 0 0 1 0 1 1 0 1 1 0 0 1 1 0 1 1 0 1 0 1 1 0 1 0 1 0 1 1 0 0 0 0 1 1 1 1 1 0 0 1 1 0 0 0 0 0 1 0 1 0 1 1 1 39 0 0 1 0 0 1 1 0 0 0 1 1 1 0 1 0 1 1 0 0 1 1 1 1 0 0 1 0 1 0 1 1 1 1 0 0 0 1 0 1 0 1 0 1 1
0 0 0 0 0 1 0 0 1 1 1 0 1 1 0 1 0 0 1 1 1 1 1 0 1 0 0 1 0 0 0 0 0 0 1 0 1 1 1 1 0 0 0 1 1 1 1 1 1 0 0 0 0 1 1 43 1 0 1 0 0 0 0 1 1 1 1 0 1 1 1 0 1 1 1 0 1 1 0 0 1 1 0 1 0 0 1 0 0 1 0 1 1 1 0 0 1 0 1 0
1 0 0 1 0 1 1 1 0 1 1 1 0 1 1 1 1 0 0 1 1 0 1 1 0 1 0 1 0 0 1 0 0 0 0 1 1 1 1 0 1 1 0 0 1 0 0 0 1 0 1 1 1 1 1 0 23 0 1 1 1 0 1 1 1 0 0 0 0 1 1 1 0 0 0 0 1 1 0 1 1 0 1 0 0 1 1 1 0 0 0 0 1 1 0 1 0 1 1 1
1 1 0 0 0 1 0 1 0 0 1 1 0 1 1 0 0 1 1 1 0 1 0 1 1 1 1 1 1 1 0 0 0 0 1 0 0 0 0 1 1 0 0 1 0 1 1 1 1 0 1 1 0 0 1 1 1 24 0 0 1 1 0 0 0 1 0 0 0 0 0 1 1 1 1 0 1 1 0 0 1 0 1 1 0 1 1 0 1 1 1 1 0 0 1 1 1 1 0 0
1 0 0 0 1 1 1 0 0 1 0 0 0 0 0 1 0 0 1 0 0 1 1 0 0 1 1 1 1 0 1 1 0 0 1 0 0 0 1 1 1 1 0 1 0 0 1 0 0 0 0 1 1 1 0 1 0 1 73 1 1 1 1 1 0 1 1 0 1 0 1 0 0 1 0 0 1 1 1 0 1 0 0 1 0 0 1 0 1 0 0 1 1 0 1 0 0 0 0 1
0 0 1 1 1 1 0 1 0 1 1 0 0 0 0 0 0 0 1 0 0 1 0 0 1 1 0 1 1 1 1 1 0 0 0 0 0 1 1 1 0 0 1 0 0 1 1 0 1 0 1 0 1 1 0 0 1 1 1 89 1 0 0 1 1 1 0 1 0 0 1 0 0 1 0 1 1 0 0 0 1 1 1 0 1 0 0 0 1 1 0 1 1 0 0 1 0 1 0 1
1 0 1 0 0 0 1 0 0 0 1 1 0 1 1 1 1 0 0 1 1 1 1 1 1 1 0 1 1 1 1 0 1 0 1 1 0 1 0 0 0 0 1 1 0 1 1 1 1 0 0 0 1 0 1 1 0 1 1 0 3 0 0 0 0 1 0 1 1 0 1 0 1 0 0 1 0 0 1 1 1 1 1 1 0 0 1 0 0 0 0 0 1 0 0 1 1 0 0 0
0 1 1 1 1 0 1 0 0 1 1 1 0 0 1 0 1 0 0 0 1 1 0 0 0 1 1 0 0 1 1 0 1 1 1 1 0 1 1 1 0 1 1 0 0 0 1 1 1 0 1 0 1 1 0 1 1 1 1 0 0 24 0 0 1 0 1 1 1 0 0 0 0 0 1 1 1 0 1 1 1 0 0 0 1 0 0 0 1 1 1 1 1 0 1 1 0 0 0 1
0 1 1 0 0 0 0 0 1 1 1 0 1 1 0 0 1 1 1 0 0 0 0 1 1 0 1 0 0 0 1 0 1 1 1 0 0 1 1 0 1 1 0 1 1 1 0 0 1 1 0 1 0 1 1 1 1 1 0 1 0 1 46 1 1 1 1 0 0 1 0 1 1 0 0 1 1 0 1 1 1 1 1 1 1 0 0 0 1 1 0 0 1 0 0 0 0 1 0 1
0 0 1 1 1 1 0 0 1 0 1 1 1 1 0 0 1 1 1 0 0 1 1 0 1 0 0 1 0 1 1 0 1 1 0 1 1 0 1 0 1 1 0 1 1 0 1 0 0 1 1 1 0 0 1 0 1 0 1 0 0 1 0 47 1 1 1 1 1 0 1 1 0 1 0 0 0 0 0 1 0 0 0 0 0 0 1 1 1 1 1 0 1 0 0 0 0 1 1 1
1 0 1 1 0 1 0 0 1 0 0 0 0 1 0 0 0 0 0 1 1 1 0 1 1 0 1 1 1 1 1 0 1 0 1 1 1 0 0 0 0 0 1 0 1 1 1 1 1 0 1 1 0 1 0 0 1 0 0 1 0 1 0 1 84 1 1 0 0 0 1 0 1 1 1 0 1 0 1 1 1 0 1 1 1 1 1 1 1 0 0 0 1 1 1 0 0 1 0 1
0 0 0 0 0 1 1 0 1 0 1 0 1 1 1 1 0 0 0 0 0 1 1 1 1 0 1 1 1 1 1 0 0 0 1 1 1 0 0 1 0 0 1 1 0 1 0 1 0 0 0 1 0 1 1 0 0 0 0 0 0 1 0 1 0 52 1 1 1 1 0 1 0 1 0 0 0 0 0 0 1 0 0 0 1 1 1 0 0 1 0 1 0 1 0 1 1 0 0 1
0 1 0 1 1 0 0 0 0 1 0 1 1 1 0 1 1 0 0 1 1 0 1 0 1 1 0 0 1 1 1 1 0 0 0 1 0 1 0 1 0 0 1 1 0 0 1 0 0 1 0 1 0 0 1 0 0 1 0 0 1 0 1 0 0 1 43 1 1 0 1 1 0 1 0 0 1 1 0 0 0 1 1 0 0 0 0 0 1 0 0 1 0 1 0 1 0 0 0 1
0 0 0 1 1 1 0 1 0 1 0 1 1 1 0 1 1 0 1 1 1 0 1 0 0 0 0 0 0 0 0 1 0 1 0 1 0 0 1 1 0 1 0 1 0 0 1 1 0 0 1 0 1 0 0 1 0 0 0 0 0 1 0 1 1 0 0 57 0 1 0 0 0 0 0 0 1 1 0 1 0 1 1 1 0 0 0 1 0 0 1 1 0 0 0 0 0 1 0 1
0 0 1 0 0 1 1 1 1 1 0 0 1 0 0 0 1 0 1 1 0 0 1 1 0 0 1 1 1 1 1 1 1 1 1 1 0 1 0 0 1 0 1 1 0 1 1 1 1 0 1 0 1 0 1 0 0 0 0 0 1 1 0 1 1 0 0 1 92 1 1 0 0 1 1 0 0 1 1 1 0 1 0 1 0 0 1 1 0 0 1 1 1 0 0 0 1 1 0 0
0 0 1 0 1 0 1 0 1 1 1 0 0 0 0 1 0 1 0 0 1 1 0 1 1 1 1 1 1 1 1 1 1 0 1 0 1 1 1 0 0 1 1 0 0 1 0 1 0 1 1 1 0 0 0 0 1 1 0 1 1 1 0 1 0 1 1 1 1 36 0 1 0 0 0 0 1 0 0 0 0 0 0 1 0 0 0 0 0 0 0 0 1 0 1 0 1 0 1 0
1 0 1 1 0 1 0 1 1 1 1 1 0 0 0 1 0 0 1 1 0 0 1 0 0 1 0 0 1 0 1 1 1 0 1 1 0 0 1 0 1 1 0 0 0 1 1 0 0 1 0 0 0 0 0 1 1 1 0 1 1 1 0 1 1 1 0 1 0 1 57 1 1 1 1 1 0 1 0 0 1 1 1 1 0 1 0 0 0 1 0 1 0 1 1 0 0 0 0 0
1 0 0 1 0 0 1 1 1 1 1 0 0 1 0 0 1 0 1 1 1 0 1 0 1 1 1 1 0 1 1 1 1 1 0 0 0 1 0 0 0 0 0 0 0 0 0 1 0 1 0 0 1 1 0 1 1 0 1 0 0 0 0 1 1 0 1 0 0 1 1 78 0 1 1 1 0 1 0 0 0 1 0 0 0 1 0 0 1 1 0 1 1 1 0 1 1 1 1 1
0 0 1 0 1 0 0 1 1 0 0 0 0 0 1 1 1 0 1 0 0 1 1 1 1 0 1 0 0 1 0 1 1 0 1 0 0 0 1 0 1 0 0 1 1 1 0 0 0 1 1 1 0 1 1 0 0 1 0 0 1 1 1 1 1 1 0 0 0 1 0 0 85 1 1 1 0 1 1 0 1 0 1 0 0 0 1 1 0 0 1 1 1 1 0 0 0 0 0 0
0 0 1 1 0 1 0 1 0 1 0 1 1 1 1 0 1 1 0 0 0 1 0 1 0 0 0 1 0 1 0 0 1 0 0 0 0 1 1 1 0 0 1 1 0 0 0 0 0 0 1 0 1 1 1 0 0 0 1 0 0 1 1 0 1 0 0 1 0 0 1 0 0 21 1 1 0 1 0 0 1 0 1 0 0 1 0 1 0 0 0 1 0 0 0 0 0 0 0 1
0 0 1 0 1 0 0 1 0 1 1 0 0 1 1 1 1 0 0 1 0 1 1 1 0 1 0 0 1 0 0 1 1 1 0 0 1 1 1 0 0 0 1 1 1 0 1 1 1 1 0 0 1 0 1 1 1 1 1 0 0 1 1 1 1 1 1 1 0 0 1 0 1 0 18 1 1 0 0 1 0 1 0 0 1 0 1 1 0 0 0 1 0 0 0 1 0 0 1 1
0 0 1 1 1 1 0 0 1 0 1 1 0 0 0 0 1 1 1 0 0 1 1 1 1 1 0 1 1 0 0 0 1 1 0 1 1 0 1 0 1 1 0 0 1 1 0 1 0 0 0 1 1 0 1 1 1 0 1 0 0 1 1 0 0 1 0 0 0 0 1 1 1 0 0 1 1 1 0 1 1 0 1 1 0 1 1 1 1 0 1 1 0 1 1 1 1 1 0 1
0 0 1 0 1 1 0 1 1 1 1 1 0 0 1 0 0 1 1 0 0 0 1 0 1 1 1 1 1 1 0 0 1 1 1 0 1 0 0 0 1 0 0 0 0 1 0 0 1 0 0 1 0 1 1 0 1 0 1 0 0 0 1 1 0 0 1 1 1 1 1 1 0 0 1 0 51 1 0 1 1 0 0 0 0 1 1 0 1 1 0 0 0 0 1 1 1 1 1 1
0 1 1 0 0 1 1 0 0 1 1 1 1 0 0 1 1 0 0 0 1 1 1 1 1 0 1 1 1 0 0 0 0 1 0 1 0 0 0 0 1 0 1 0 1 1 1 0 0 0 1 1 0 1 0 0 0 0 1 1 1 0 1 1 1 1 0 1 1 0 0 0 0 0 0 1 1 1 1 1 1 0 1 0 0 0 1 0 0 0 0 1 1 1 0 0 0 0 0 1
0 1 1 0 1 1 1 1 0 1 0 0 1 1 0 0 1 0 1 1 1 1 0 1 1 1 0 0 0 1 1 1 1 0 1 0 0 1 1 1 1 0 0 0 1 1 0 1 1 0 1 0 1 0 0 0 0 1 1 0 1 0 1 1 0 1 1 0 0 1 1 1 0 0 0 1 1 1 67 0 0 0 0 1 1 0 0 1 0 1 0 1 0 0 1 1 0 0 1 1
1 1 1 0 1 0 1 0 1 1 0 1 1 0 0 1 1 0 0 0 0 0 1 0 1 0 1 0 0 1 0 0 0 0 1 0 1 0 0 0 1 1 0 1 1 0 1 1 1 0 0 0 0 1 0 1 0 0 0 0 0 1 1 1 0 0 0 1 0 1 1 0 1 0 0 1 1 0 1 46 0 0 1 1 0 1 0 0 1 0 0 0 1 0 0 1 1 1 1 0
1 1 1 1 1 1 0 0 1 0 1 0 1 1 0 1 1 0 0 0 0 1 1 1 1 1 1 0 0 0 0 1 0 1 1 1 1 0 1 0 1 0 1 1 0 0 0 1 1 1 1 0 0 0 0 0 1 0 1 1 0 0 1 1 0 1 1 1 1 0 1 0 1 0 1 1 1 0 0 1 12 1 1 0 1 0 0 1 1 0 1 0 0 1 1 1 0 1 0 0
0 0 1 0 1 0 0 0 1 0 0 1 0 0 1 1 0 0 0 1 0 0 0 1 0 0 1 1 0 1 1 0 1 0 0 1 1 0 0 0 1 1 1 0 1 0 1 1 0 1 0 1 0 0 0 1 1 1 0 1 1 1 0 0 1 1 0 0 0 0 0 0 0 0 0 1 0 0 1 1 0 54 0 0 1 0 0 0 0 1 1 1 0 0 1 1 0 0 0 1
0 0 0 1 0 0 1 0 1 0 0 0 0 1 0 1 0 1 0 0 0 0 0 0 0 0 1 1 1 1 1 1 1 0 1 1 1 1 0 0 0 0 0 0 0 1 1 1 1 0 1 1 0 0 1 1 1 0 0 0 0 1 1 1 0 0 0 0 0 1 0 1 0 1 0 0 1 0 0 1 0 0 30 0 1 1 0 1 0 0 1 0 1 1 0 0 0 1 1 1
1 1 0 0 0 1 0 0 1 1 0 0 1 0 1 1 1 1 0 0 0 0 1 0 1 1 1 1 0 1 0 1 1 0 0 1 1 1 1 1 1 1 0 0 0 0 1 0 1 0 0 0 1 0 1 0 0 1 0 0 0 0 1 0 0 1 0 1 1 1 0 1 1 0 1 1 1 0 0 0 1 1 0 45 1 1 1 0 1 0 0 1 1 1 1 1 1 0 1 1
1 0 0 1 1 0 0 0 1 0 0 0 1 0 0 1 1 0 1 1 0 0 1 1 0 1 0 0 0 0 1 1 0 1 0 0 0 0 1 0 1 1 1 0 0 0 1 0 0 0 0 1 0 0 0 1 1 0 1 0 0 1 1 1 0 1 1 0 0 0 1 0 0 1 1 0 0 1 0 0 1 1 1 0 85 0 1 1 0 1 0 1 1 0 0 1 0 0 0 1
1 0 1 0 1 1 0 0 0 1 0 1 0 0 1 0 0 1 0 1 0 1 0 0 1 0 0 1 0 1 0 0 0 1 1 1 0 0 1 1 1 0 0 1 0 1 0 1 1 0 0 0 0 1 1 0 1 1 1 0 0 1 1 1 1 1 0 0 1 0 0 0 0 1 1 1 1 1 1 0 0 1 1 1 0 59 1 0 1 1 1 1 0 0 0 1 1 0 1 0
1 0 0 1 1 0 0 1 0 0 0 0 0 1 0 1 1 1 1 0 0 0 0 0 1 1 1 0 1 0 1 1 0 1 0 0 0 1 1 0 1 0 1 0 0 0 0 0 0 1 0 1 0 0 0 1 0 1 1 0 0 0 0 0 1 0 0 1 0 1 1 1 0 0 1 1 1 1 0 1 0 1 0 1 0 1 94 1 1 0 0 1 0 1 1 0 1 0 0 0
1 0 1 1 1 0 1 0 0 0 0 1 1 1 1 0 1 0 1 1 1 1 0 1 1 0 1 0 0 0 1 1 0 0 1 0 0 0 0 0 0 1 0 1 0 1 0 0 0 1 1 0 0 0 0 1 0 0 1 0 0 1 0 0 1 1 1 1 1 0 0 0 0 0 0 1 0 1 1 0 1 1 1 0 1 1 0 38 0 1 0 1 1 0 1 1 1 1 0 1
1 0 0 0 0 0 0 1 1 1 1 0 0 1 0 0 0 0 0 1 1 1 1 1 1 0 0 1 0 1 0 0 0 0 0 1 0 1 1 0 0 0 0 1 1 0 1 0 0 0 0 0 1 0 1 1 0 0 1 0 0 0 0 0 1 0 1 1 0 0 1 0 0 1 0 1 1 1 1 1 1 1 1 0 0 0 1 0 65 0 0 1 1 1 1 1 0 0 0 1
1 1 0 1 0 1 0 1 1 0 0 1 0 1 0 0 0 0 1 1 0 1 0 0 0 1 0 1 0 1 0 0 1 0 0 1 0 1 0 0 1 1 1 1 1 0 1 1 1 1 0 1 1 1 1 0 1 1 0 0 1 1 1 0 1 1 1 0 0 1 0 0 0 1 0 1 0 1 1 1 1 1 0 1 1 0 1 1 1 4 1 1 0 0 1 0 1 1 1 1
1 0 0 0 0 0 0 1 1 0 1 0 0 0 1 0 0 0 1 0 0 0 0 1 0 0 1 1 0 1 1 0 0 0 0 1 1 0 0 1 0 0 0 0 0 0 1 0 0 1 0 1 1 0 0 1 1 0 1 1 1 1 0 1 0 1 1 0 1 1 1 1 0 0 0 1 0 1 0 0 1 0 1 0 1 1 1 1 1 1 17 0 1 1 0 1 1 0 0 1
0 0 0 0 0 0 1 0 0 0 0 1 1 1 1 1 0 0 0 0 0 0 0 0 1 1 1 1 1 0 1 1 1 1 0 1 1 0 0 1 0 1 1 0 0 0 1 1 1 0 0 1 1 0 1 1 1 1 0 1 1 1 0 1 1 1 1 0 0 0 1 1 0 0 1 0 0 0 1 0 1 1 0 0 1 0 0 0 0 0 1 14 0 1 1 0 0 1 0 1
1 1 1 0 1 1 0 1 1 1 0 0 1 1 1 0 1 0 0 1 1 1 1 0 1 1 0 1 1 1 0 1 0 0 0 0 1 1 1 0 1 1 1 1 0 0 1 1 1 1 0 0 1 1 0 0 0 1 1 1 0 1 0 0 0 1 0 0 0 0 1 1 1 0 1 1 0 1 0 1 1 1 1 1 0 0 1 1 1 0 0 1 45 1 0 0 1 0 0 1
0 0 1 0 1 0 1 0 0 1 0 0 1 0 0 1 0 1 0 1 0 1 1 0 0 1 0 1 0 0 1 0 1 0 1 1 0 1 0 1 0 1 0 1 1 1 0 0 0 0 0 1 0 0 0 1 1 0 1 0 0 1 1 1 1 0 0 0 0 1 0 0 1 0 1 0 0 1 1 1 0 1 1 0 0 0 0 1 1 1 1 1 1 35 0 0 1 0 0 0
0 1 1 1 0 0 0 1 0 1 1 0 1 0 0 1 0 1 0 1 0 0 0 0 0 1 1 1 0 0 1 0 0 0 0 1 0 0 1 0 0 1 1 1 0 1 0 0 0 0 1 0 0 1 0 0 0 0 0 0 1 1 1 1 1 0 1 0 0 0 0 0 1 0 0 1 1 1 1 0 1 0 0 0 0 0 1 1 1 0 1 1 0 1 31 1 1 0 1 1
0 0 1 1 0 0 1 1 1 0 1 0 0 0 0 1 0 0 1 1 0 0 0 1 0 0 0 0 0 0 1 1 0 0 1 1 0 0 1 0 1 1 1 1 0 0 0 0 1 0 0 1 1 1 0 1 0 0 0 1 0 1 0 0 1 1 0 0 0 1 1 1 1 1 0 0 0 0 0 0 1 0 0 1 1 1 1 0 0 0 0 0 1 1 0 90 0 0 1 0
1 1 1 0 1 0 0 1 0 0 0 1 0 0 0 1 0 0 0 1 1 1 1 0 0 1 1 0 0 1 0 1 1 0 0 0 0 0 1 1 1 1 1 1 1 1 0 0 0 0 0 1 1 1 1 1 0 1 0 1 1 1 1 0 0 1 0 1 1 1 1 1 1 1 1 0 1 1 1 0 1 1 0 0 1 1 0 0 0 0 1 1 1 1 1 0 63 0 1 1
1 1 1 0 0 0 1 0 0 1 0 1 0 1 1 1 1 0 0 1 0 1 1 1 1 0 1 0 0 0 1 0 1 0 0 0 1 0 1 1 0 1 1 0 0 0 1 1 1 1 1 0 1 1 1 0 1 1 1 0 0 0 0 1 0 0 0 1 1 1 0 0 1 0 0 1 1 0 1 0 1 0 1 1 1 1 1 0 0 0 0 0 1 1 0 0 1 79 0 0
0 0 0 1 1 0 1 1 0 1 1 1 1 1 1 0 0 0 0 0 1 0 0 0 1 1 0 0 1 1 1 0 0 1 0 1 0 0 1 0 0 1 1 1 0 0 0 0 0 1 1 1 1 0 1 1 0 1 1 0 1 0 1 1 0 1 0 0 1 0 1 1 0 1 1 1 1 1 0 1 1 1 1 1 1 0 0 1 1 1 1 0 1 1 1 0 0 0 59 0
0 0 0 0 0 0 0 0 0 0 0 1 1 1 1 1 0 0 1 1 0 1 1 1 0 1 0 1 1 1 1 1 0 1 1 1 1 1 0 0 1 1 0 0 1 1 0 0 0 1 0 0 0 1 1 0 0 0 0 1 0 1 1 0 1 1 1 1 1 1 0 0 1 1 1 1 1 1 0 0 0 0 1 1 1 1 1 1 0 0 1 0 0 0 0 0 0 0 0 32