150
97 1 0 0 0 1 1 0 1 0 1 1 1 1 1 0 0 1 0 1 1 0 1 1 1 1 0 1 0 1 0 1 0 0 0 1 1 0 1 1 0 1 0 1 1 1 1 1 0 1 1 0 1 1 1 1 0 1 1 0 1 1 0 1 1 1 0 0 1 0 0 0 1 1 0 1 0 1 0 1 1 0 1 0 0 1 1 0 1 0 1 1 0 0 1 0 0 1 0 0 0 1 1 0 0 1 0 0 0 1 0 0 0 0 1 1 1 0 0 0 0 0 0 1 1 0 1 0 1 1 1 0 0 1 0 0 0 1 0 0 1 1 1 0 0 0 0 1 0 0
0 55 0 0 0 0 1 0 1 1 1 0 0 1 0 0 0 1 0 1 1 0 0 1 0 0 1 1 0 1 0 1 0 1 1 1 1 1 0 1 0 0 0 1 0 1 1 1 1 0 0 0 1 0 0 0 0 1 0 0 1 1 1 1 0 1 0 0 0 1 1 0 0 1 1 1 0 1 0 0 1 0 1 1 1 0 0 1 1 0 1 1 0 1 1 1 1 0 1 1 0 0 0 1 1 0 0 1 1 0 0 1 1 0 0 1 0 1 1 0 0 0 0 0 0 1 0 0 1 0 0 0 1 0 0 1 1 0 1 0 1 1 0 1 0 1 0 0 0 1
1 1 52 1 0 0 0 0 0 0 1 0 1 0 0 1 1 0 1 0 1 0 1 0 1 1 0 1 0 1 0 0 0 0 0 0 1 1 1 1 0 0 0 1 0 0 1 1 1 0 0 1 0 0 1 0 1 1 0 1 1 0 1 1 0 0 1 0 0 0 0 0 0 0 1 0 1 1 0 0 1 1 1 0 1 1 0 0 0 0 0 1 0 0 0 1 1 1 1 0 1 0 0 1 1 1 0 1 0 0 1 0 1 0 1 1 0 0 1 1 1 1 0 1 0 1 1 0 1 0 0 1 1 0 1 1 0 1 1 1 0 0 1 0 0 0 1 0 0 1
1 0 0 71 0 0 0 0 1 1 1 0 0 1 1 0 0 0 1 0 0 0 1 1 1 1 0 0 1 0 1 0 1 0 1 0 0 1 0 0 1 1 1 1 0 1 1 0 0 0 0 1 0 1 0 0 0 1 0 0 0 1 1 0 0 1 1 1 0 1 1 0 1 1 0 0 1 0 0 1 0 1 1 1 1 0 1 0 0 0 1 1 0 0 1 0 0 0 1 0 0 1 0 0 0 1 0 1 0 1 0 1 0 0 0 0 0 0 1 0 0 0 0 0 1 1 0 1 1 1 0 1 1 0 1 1 0 0 0 1 0 0 0 0 1 0 1 1 0 0
0 1 0 1 67 0 0 1 0 1 1 0 0 1 0 0 1 0 0 0 0 0 0 0 1 0 1 0 1 1 0 1 0 1 1 1 0 1 1 1 1 1 1 1 0 0 0 0 0 0 0 1 1 0 0 0 1 1 1 0 1 1 1 1 0 1 1 1 1 0 1 1 1 1 1 0 0 0 1 0 0 0 1 0 1 1 1 1 1 1 1 1 0 1 1 0 1 1 0 1 0 1 0 0 1 0 1 0 1 0 0 1 1 1 0 1 1 1 0 1 0 0 0 0 1 1 0 0 1 0 1 0 1 0 0 0 0 1 0 0 0 0 0 0 0 1 1 0 0 0
1 1 0 1 0 33 1 1 1 0 1 1 0 1 1 1 1 1 1 0 1 0 0 0 1 1 1 0 1 1 1 0 1 1 1 0 0 1 1 1 0 1 1 1 0 0 0 1 0 0 0 0 0 1 1 0 1 0 1 0 1 1 1 1 1 0 0 1 0 0 1 1 0 0 0 0 1 0 0 1 0 1 0 1 1 0 0 1 0 0 1 0 1 1 0 1 0 0 0 0 0 0 1 0 0 0 1 1 1 1 0 0 1 0 0 1 0 1 1 1 1 1 1 1 1 0 1 1 0 1 1 0 1 0 0 0 1 0 1 0 1 0 1 0 0 0 0 1 1 0
0 1 0 0 1 0 84 0 0 0 0 1 1 1 0 0 1 0 1 0 0 1 0 1 0 1 1 1 1 0 0 0 1 0 0 0 1 0 0 0 1 0 0 1 0 1 1 0 1 0 0 1 0 1 1 1 1 1 0 0 1 0 1 0 1 1 1 0 0 0 1 0 1 0 1 0 0 0 0 0 0 0 0 1 1 1 0 1 0 0 1 0 1 1 1 1 1 1 0 1 0 1 0 0 1 0 0 0 1 0 0 1 1 1 1 1 0 1 0 0 0 1 0 0 0 0 1 0 1 0 0 1 0 1 1 0 0 1 1 1 0 1 0 1 1 0 0 1 1 0
1 0 0 1 0 1 1 95 1 0 0 0 1 0 1 0 1 0 0 0 1 0 0 1 0 1 0 1 1 0 1 1 0 0 1 1 1 0 0 0 1 0 1 1 1 1 1 1 1 1 1 1 1 1 1 0 1 1 0 1 1 1 1 1 0 1 0 0 1 1 1 0 0 0 1 0 1 1 1 1 1 0 0 0 1 0 1 0 1 1 0 1 1 1 0 1 0 1 0 1 1 1 0 1 1 1 0 1 0 0 0 0 0 0 0 0 1 1 0 1 1 0 1 0 0 1 0 0 1 0 1 0 0 0 0 0 0 0 0 0 0 0 0 0 1 0 0 1 0 0
1 1 0 1 1 0 0 1 71 1 1 0 0 0 1 0 0 1 0 1 1 0 1 0 0 1 1 1 0 1 0 1 0 0 1 1 1 0 1 0 1 0 0 1 0 1 1 1 0 0 0 1 0 0 1 1 0 0 1 1 0 1 1 1 0 0 0 1 1 1 0 1 0 0 1 0 1 1 1 0 1 1 1 1 0 0 0 0 1 0 0 1 0 0 1 0 1 0 1 0 1 0 0 1 1 1 1 1 0 0 0 0 1 0 0 1 1 0 0 0 1 1 0 1 1 0 1 1 0 0 0 1 0 1 0 0 1 0 1 1 1 0 1 0 1 1 0 0 1 0
1 0 0 1 0 0 1 1 1 6 0 1 1 1 1 1 1 1 1 1 0 0 1 0 0 1 1 0 1 1 0 1 0 0 0 1 1 1 1 0 1 0 1 0 1 0 0 1 0 1 0 1 0 1 1 1 1 0 0 0 1 0 0 0 0 0 1 1 0 1 1 1 1 1 0 0 1 0 0 0 0 1 0 1 1 0 1 1 1 1 0 0 1 1 0 0 1 1 0 0 0 0 1 0 1 0 0 1 1 1 0 0 1 1 0 0 1 0 1 1 0 1 0 1 1 0 1 1 0 0 1 0 1 0 0 1 0 1 0 1 1 0 1 0 1 1 1 0 0 0
0 0 1 0 1 0 1 0 1 1 12 1 1 0 0 1 0 1 0 0 0 0 1 0 1 1 0 1 1 0 0 1 1 1 1 0 0 1 0 1 0 0 1 1 1 1 1 0 1 1 1 0 0 0 1 1 1 0 0 1 1 0 1 0 0 0 1 0 1 0 1 0 0 1 0 1 1 1 0 1 1 1 1 1 1 1 0 0 0 0 1 0 0 0 0 1 1 0 1 1 1 0 1 1 1 1 0 1 0 0 1 1 0 1 1 1 1 1 0 1 1 1 0 1 0 1 1 0 1 1 0 0 0 0 0 1 1 1 0 1 0 0 1 0 1 1 0 1 1 1
1 1 0 1 0 0 0 1 1 0 1 69 1 0 0 1 0 0 0 1 1 1 0 0 1 0 1 0 0 1 0 1 0 0 1 1 0 0 0 1 1 0 1 1 0 1 1 0 1 0 0 0 1 1 1 1 0 1 0 1 0 1 1 0 1 0 1 1 1 0 0 0 1 1 1 0 1 0 0 1 1 1 0 0 0 0 1 1 1 1 1 1 1 0 1 1 1 0 1 0 1 0 1 0 0 0 0 0 1 1 1 1 0 1 1 0 1 1 0 0 1 0 1 1 0 1 0 0 0 0 0 0 0 1 1 1 1 1 0 0 1 0 0 1 0 0 1 0 1 0
0 1 1 0 1 0 0 0 0 1 0 0 48 0 1 1 1 1 1 1 1 1 0 0 0 1 0 0 1 0 0 1 0 0 0 1 0 0 1 1 1 0 0 0 1 1 0 1 1 0 0 1 1 1 1 0 0 1 0 1 0 0 0 0 1 1 0 1 0 1 1 0 0 0 1 0 1 0 1 1 1 1 1 1 1 1 0 1 1 1 1 1 1 1 0 0 0 1 1 0 0 1 1 0 1 1 0 1 1 1 1 0 0 0 1 1 1 1 1 0 0 0 1 1 0 0 0 1 1 1 1 0 1 1 1 1 1 1 0 1 0 0 1 0 0 0 0 1 1 0
0 0 0 1 1 1 0 0 1 0 0 0 0 28 1 0 0 1 1 0 0 1 1 0 0 1 1 1 1 0 1 0 1 1 1 0 1 0 0 1 1 1 0 0 1 0 1 0 0 1 1 0 0 0 0 0 1 1 1 1 0 0 1 1 0 1 0 0 0 1 1 1 0 1 1 1 0 0 0 0 0 0 1 0 0 1 1 1 0 1 1 1 0 0 1 1 1 1 0 0 1 0 1 0 0 0 1 0 0 1 1 0 1 1 1 1 0 1 0 1 1 1 1 0 0 0 0 1 1 0 1 1 1 1 1 0 1 0 0 0 1 0 0 0 1 0 0 0 1 1
0 1 0 0 1 0 1 1 1 1 1 0 0 0 24 1 0 0 0 0 0 1 0 1 0 1 1 1 1 1 1 0 0 1 0 1 0 1 1 0 0 0 1 1 0 1 0 0 0 0 0 1 0 0 0 0 0 0 1 1 1 1 1 1 0 0 0 0 1 0 0 1 1 0 0 1 0 1 1 1 0 0 1 0 1 1 1 1 1 0 0 0 1 1 1 0 0 0 1 1 0 0 1 0 1 1 0 1 1 1 1 0 0 0 1 0 0 1 0 1 1 1 0 1 1 1 0 1 0 0 0 0 0 0 1 1 0 0 1 0 0 0 0 1 0 0 1 1 1 0
0 0 0 0 1 0 0 0 0 1 0 1 0 0 1 99 0 1 0 0 0 1 1 1 0 1 0 1 0 0 1 0 0 0 1 0 1 0 1 0 0 0 0 0 1 0 0 0 0 1 1 1 1 1 0 0 1 0 1 1 1 0 0 1 0 0 1 0 0 1 1 1 1 1 1 1 1 1 1 0 0 0 1 1 0 0 1 0 1 0 1 1 1 0 0 1 1 1 0 1 1 1 1 0 1 1 0 0 1 1 1 0 0 1 0 1 0 1 0 0 1 0 1 0 1 1 1 1 1 1 1 1 1 0 0 0 1 1 0 1 1 1 1 1 0 1 1 0 0 0
0 0 0 0 1 1 1 0 1 0 0 1 0 1 1 0 80 1 1 0 1 0 1 1 1 1 0 0 1 1 0 1 0 0 0 1 1 1 1 1 0 1 0 1 1 1 1 0 1 1 0 1 1 1 1 1 0 1 0 1 1 0 0 0 1 1 1 1 0 1 0 0 0 1 1 0 0 1 0 0 1 1 1 0 0 0 1 1 0 1 0 0 1 1 1 1 1 1 0 0 0 0 1 0 0 0 1 1 0 1 1 0 0 0 1 1 1 1 1 1 0 0 1 0 1 1 0 0 1 0 1 1 1 1 1 0 0 0 0 0 0 0 1 0 1 0 1 1 1 1
0 1 0 1 1 0 0 0 1 0 0 1 0 1 0 1 0 49 0 0 0 0 1 1 1 1 1 1 0 0 0 0 0 1 0 1 1 0 1 0 0 1 1 0 0 1 0 1 1 0 1 0 1 1 0 0 0 0 0 0 0 1 1 1 0 0 1 0 0 1 1 1 0 0 0 0 0 0 1 0 0 1 0 1 1 0 0 0 0 1 0 1 1 0 1 1 1 1 1 0 1 1 0 0 0 1 1 0 1 0 0 0 0 0 0 0 0 1 0 1 0 1 1 0 1 0 1 0 0 1 1 1 1 0 1 0 0 0 0 1 1 0 0 0 1 0 0 0 1 0
1 1 1 1 0 1 1 0 1 0 1 0 1 1 1 0 1 0 25 0 1 0 0 0 1 1 0 0 0 1 1 1 0 0 1 1 1 1 1 0 1 0 1 0 1 1 1 1 0 0 0 0 1 0 0 1 0 1 0 0 1 1 0 0 0 1 1 1 0 0 1 1 0 0 1 0 0 1 1 0 0 0 1 0 1 1 0 1 0 1 1 1 0 0 0 0 0 1 1 1 0 1 1 0 1 0 0 0 0 1 0 1 1 0 1 1 0 1 1 1 0 1 1 1 0 1 1 0 0 0 1 0 1 1 0 0 1 1 0 1 0 1 0 0 1 1 1 0 0 0
0 0 0 0 1 1 0 0 1 0 1 0 1 0 1 0 0 0 1 61 0 1 1 0 0 1 1 0 1 0 1 0 1 0 1 0 0 0 0 1 1 0 0 0 0 0 1 1 1 1 1 1 0 1 0 0 0 0 0 0 0 1 1 1 1 1 0 0 0 1 1 0 1 0 0 1 1 0 0 1 1 1 0 0 0 0 1 1 0 0 0 0 0 0 0 0 0 1 1 0 0 0 1 0 1 1 0 1 1 0 1 0 0 1 1 1 0 0 1 1 0 0 1 0 0 0 1 0 0 1 1 1 0 1 1 0 0 1 1 0 1 0 1 0 0 1 1 0 0 1
1 1 0 1 0 1 0 1 0 0 0 0 0 0 0 0 1 0 1 0 5 1 0 1 0 0 1 0 0 1 0 0 1 1 1 1 0 1 0 0 0 0 1 0 0 1 0 1 1 1 1 0 0 1 0 0 1 0 0 0 0 1 1 1 1 0 1 1 1 1 1 1 0 1 1 1 0 1 1 0 1 0 1 1 1 0 1 0 1 0 0 0 0 0 1 0 0 0 1 1 0 1 0 1 0 1 1 0 1 1 0 1 0 1 0 1 0 1 0 0 1 0 1 1 1 1 0 0 1 1 1 1 0 0 1 1 0 1 1 0 0 0 1 1 1 0 1 1 1 1
1 1 1 1 0 0 1 0 1 0 0 1 1 0 1 0 0 1 0 0 1 91 0 1 0 1 1 0 1 1 0 1 0 0 1 0 0 1 1 1 0 1 1 0 0 0 0 1 0 1 1 0 0 0 1 1 0 1 0 1 0 0 1 0 1 1 0 1 0 0 1 0 0 0 1 0 1 0 0 0 0 1 1 1 1 0 1 1 0 0 1 0 1 1 0 0 1 1 1 1 0 1 1 1 0 0 1 1 1 0 1 1 0 1 0 1 1 1 1 1 0 0 1 1 0 0 1 0 0 0 1 1 1 0 0 0 1 1 1 0 1 1 1 0 0 1 0 1 1 1
0 1 1 1 1 0 1 1 0 0 0 0 1 1 1 0 1 1 1 0 0 1 77 0 1 0 1 1 1 1 1 1 0 0 1 1 0 1 0 1 0 1 0 1 0 1 0 1 0 0 1 0 0 0 0 1 0 1 0 0 0 1 0 0 1 1 0 0 1 1 1 0 1 1 1 1 0 1 1 1 1 0 1 0 0 1 0 1 1 1 0 0 0 0 1 1 0 1 1 1 0 0 1 1 0 0 0 0 0 0 0 1 1 1 1 0 1 1 1 0 0 1 1 0 0 1 0 1 0 0 1 1 0 1 0 1 1 0 1 1 0 0 1 0 1 1 1 1 0 0
1 0 1 0 0 1 0 0 1 1 1 1 1 1 1 1 0 0 0 1 0 0 0 98 0 0 0 1 1 1 0 1 0 1 0 0 1 0 1 0 1 0 1 0 1 0 1 1 1 0 1 0 1 1 0 0 1 0 1 0 0 0 1 1 1 1 0 0 0 0 0 1 0 0 0 1 1 0 1 0 0 1 0 1 1 1 1 1 0 1 0 0 0 1 0 1 1 0 0 0 1 1 0 1 1 1 0 0 1 1 0 0 0 0 1 0 1 1 0 1 1 0 1 0 0 0 0 0 1 0 1 1 0 1 1 1 0 0 1 0 1 0 1 1 1 0 0 1 0 1
1 1 1 0 1 0 0 1 1 0 0 0 1 0 1 1 0 1 0 0 0 0 1 1 91 1 1 0 0 0 0 0 0 1 0 0 1 0 1 1 0 0 1 1 1 1 1 0 0 1 0 0 1 0 0 0 0 0 1 1 1 0 0 1 1 1 1 0 1 1 1 1 1 0 0 0 0 0 0 1 0 1 0 0 1 1 0 1 0 0 0 1 0 0 0 1 1 1 0 0 0 0 1 0 0 1 1 0 0 1 1 0 0 0 1 1 1 0 0 1 1 1 0 0 0 1 0 1 0 1 0 1 0 0 1 1 0 0 1 0 1 1 0 0 0 0 1 0 1 1
1 0 1 0 0 1 0 0 0 1 0 0 0 1 0 1 1 1 0 0 0 1 0 0 1 81 0 1 0 1 1 0 1 1 1 1 0 1 1 0 0 1 1 1 0 0 0 0 1 1 1 1 1 1 1 1 1 1 1 1 1 0 1 1 0 0 1 1 0 1 1 1 1 0 0 1 0 0 1 1 0 1 1 1 1 0 0 0 0 0 1 1 1 1 0 1 1 0 0 0 0 0 0 0 1 0 0 1 1 1 0 0 1 0 1 0 0 0 1 0 0 0 1 0 1 1 0 0 1 0 1 0 0 1 1 0 1 0 0 1 1 0 1 1 0 0 1 0 0 0
0 1 1 0 0 1 0 1 0 0 0 1 0 1 1 0 0 1 1 1 1 0 0 0 0 1 67 1 1 1 1 0 1 0 1 0 1 1 0 0 1 0 0 0 0 1 0 1 0 0 1 1 0 1 1 1 0 1 1 1 0 1 1 0 1 1 0 0 1 0 0 0 0 0 1 1 0 1 1 0 1 1 0 1 1 1 0 1 1 0 1 1 0 0 1 1 0 1 1 1 1 1 0 1 0 1 1 1 0 0 0 0 1 0 1 1 1 1 1 1 0 1 0 0 1 1 1 1 1 0 0 1 0 0 1 1 0 0 0 1 0 1 0 0 0 1 0 1 0 0
1 1 0 0 0 0 0 0 1 1 1 1 1 1 0 1 0 1 1 0 0 1 0 1 1 1 1 5 0 1 0 0 0 0 0 1 1 0 1 0 1 1 1 0 0 0 0 1 1 1 0 0 0 0 0 1 1 0 0 0 0 1 1 0 1 1 1 0 1 1 0 1 0 1 1 0 1 0 1 0 0 0 0 0 1 1 1 0 0 1 1 0 1 0 0 0 1 0 1 1 1 1 0 1 0 1 1 1 1 1 0 0 0 1 0 0 0 1 0 1 0 0 1 1 1 0 0 1 1 0 1 1 0 0 1 1 1 1 0 1 0 1 1 1 0 0 1 1 1 0
1 1 0 0 0 0 1 1 0 1 0 1 0 1 0 1 0 1 1 1 0 1 1 1 0 0 1 0 97 0 1 1 1 1 1 1 1 0 0 0 1 0 0 0 0 1 0 1 0 1 0 1 1 0 0 1 0 0 0 0 1 1 0 0 0 1 0 1 1 1 1 1 0 0 0 1 0 1 0 1 0 0 1 1 0 1 1 0 0 0 1 1 1 1 1 1 1 0 0 1 1 1 1 0 0 0 0 0 0 0 1 1 0 0 1 1 1 1 0 0 0 0 1 1 1 0 0 1 1 1 1 0 1 0 0 1 0 1 0 1 1 0 0 0 0 0 1 0 1 0
0 1 0 0 1 1 0 1 0 1 1 0 1 0 0 1 1 0 0 0 0 1 1 1 1 1 0 0 1 23 1 0 1 0 0 1 1 0 0 1 0 0 0 1 0 0 0 0 0 1 1 0 1 1 1 0 1 1 1 1 1 1 0 1 1 1 0 1 1 1 1 0 1 1 0 0 0 0 1 0 0 1 0 1 1 0 1 1 1 1 1 1 0 0 1 0 0 0 1 1 0 0 1 1 1 0 0 1 0 0 0 1 0 1 0 0 0 1 1 0 0 0 1 1 0 0 1 0 1 1 1 0 1 1 0 0 0 1 0 0 1 0 1 1 0 1 1 0 0 1
1 0 0 1 1 0 1 0 0 1 0 1 0 0 0 0 1 1 1 0 1 0 1 1 0 1 1 0 0 1 39 0 1 0 1 0 0 1 1 0 0 1 1 0 1 0 1 1 1 0 1 0 1 1 1 0 1 0 0 0 0 0 0 0 1 1 0 1 1 0 0 1 1 1 0 1 1 0 1 1 1 1 1 1 1 0 0 0 0 0 1 1 0 0 1 1 0 0 0 0 0 0 0 1 0 1 0 1 1 0 1 0 0 0 0 0 1 0 0 1 1 0 0 1 0 1 1 0 1 0 0 1 1 0 1 0 0 0 0 1 0 0 0 0 0 0 1 0 1 1
1 1 0 1 1 1 1 1 1 0 0 0 0 1 0 0 0 0 1 1 1 1 1 1 1 1 1 0 1 0 0 23 1 0 1 1 1 1 1 0 1 0 1 1 1 0 1 0 1 1 1 1 0 1 1 1 1 1 1 0 0 1 0 0 1 0 0 1 1 1 0 0 1 0 0 1 0 1 1 0 0 0 1 1 0 0 0 1 0 1 0 0 1 0 0 0 0 1 1 0 0 1 0 1 1 1 1 1 1 1 0 1 1 0 1 1 0 1 1 1 0 1 0 1 0 1 0 0 0 1 0 0 0 0 0 0 1 1 1 0 0 1 1 1 0 1 1 1 1 1
0 0 1 1 1 1 0 0 1 0 0 0 0 0 0 1 0 0 0 0 0 1 1 1 0 0 1 0 0 0 0 0 1 1 0 0 1 1 0 1 0 0 1 1 1 0 1 0 1 0 0 1 1 1 1 0 0 0 1 0 0 1 0 0 0 1 1 0 0 0 1 0 0 0 1 0 1 1 1 1 0 0 0 1 1 0 0 1 0 0 1 0 0 0 1 1 0 1 1 0 0 1 1 1 0 1 0 1 1 0 0 1 0 1 0 0 0 0 1 0 1 0 1 1 0 1 1 0 1 0 1 1 1 1 1 1 1 0 0 1 1 1 1 1 1 0 0 0 1 1
0 1 0 0 1 1 1 1 1 0 0 0 1 0 0 1 1 1 1 0 0 0 1 1 0 0 0 1 0 0 1 0 0 33 1 1 1 1 0 0 0 0 1 1 0 1 0 0 0 0 0 0 0 0 1 0 0 0 1 1 1 0 1 1 0 1 1 0 1 0 1 1 1 0 0 1 0 1 1 0 0 1 0 1 0 1 0 1 0 1 1 0 1 1 0 1 1 1 1 1 0 0 1 0 1 0 1 1 1 1 0 1 1 0 1 0 1 0 1 1 0 1 0 0 1 1 0 1 0 0 0 0 0 0 1 1 0 1 1 1 0 0 0 1 1 1 0 1 1 1
1 1 0 0 1 1 0 1 1 0 0 0 0 0 1 0 1 0 1 0 1 0 0 1 1 1 0 0 0 0 0 1 0 0 99 0 0 1 0 1 0 0 1 1 1 0 0 0 1 0 1 0 1 0 0 1 1 1 1 1 0 0 0 1 0 1 0 1 1 1 0 1 0 1 0 1 1 0 1 0 0 1 0 1 1 0 1 1 1 1 0 0 0 0 1 0 0 0 0 0 1 1 1 0 1 1 1 0 1 1 1 1 0 1 0 1 1 1 1 0 0 1 1 0 1 0 1 0 0 0 0 0 0 0 0 0 1 1 1 1 1 1 1 0 0 0 0 1 1 1
0 1 1 0 1 0 1 0 0 0 0 1 0 0 0 1 1 0 0 1 1 1 0 0 1 0 0 1 1 1 0 1 0 0 1 29 0 1 1 0 0 1 0 0 0 0 0 1 0 1 1 1 1 1 1 1 0 1 1 1 0 1 0 0 0 1 1 1 1 0 0 1 0 1 1 0 0 0 0 1 0 1 1 0 0 1 0 1 0 1 1 0 0 1 1 0 0 1 1 1 1 1 1 0 1 0 1 0 0 1 0 1 1 1 1 0 1 0 0 0 1 0 1 0 1 1 1 0 0 0 1 0 1 0 0 0 1 0 1 1 1 0 1 1 1 1 1 0 1 0
1 1 1 1 1 0 0 0 0 1 0 0 1 1 1 0 0 0 1 0 0 0 1 0 0 1 0 0 0 1 1 0 1 1 1 0 58 1 1 0 0 0 0 1 0 0 1 0 0 0 1 1 0 1 1 1 1 0 0 0 1 1 0 1 1 0 1 0 0 0 0 1 1 1 0 0 0 1 1 0 0 1 1 1 1 0 0 0 1 0 0 0 0 0 1 0 1 1 1 0 0 1 0 1 0 1 1 0 0 1 1 0 0 0 1 1 1 0 0 1 0 0 0 0 0 1 0 1 1 0 1 0 1 1 0 1 0 1 1 1 0 1 0 1 1 1 1 0 0 0
1 0 0 1 0 0 1 0 1 1 1 0 0 1 1 1 0 1 1 0 0 1 0 1 0 1 1 0 1 0 0 0 1 1 0 1 0 58 1 1 0 0 0 1 1 1 1 1 0 1 1 0 0 1 1 1 1 0 1 1 0 1 1 0 0 1 1 1 1 1 0 0 0 0 0 1 1 1 0 1 1 0 0 1 1 0 1 0 1 0 0 1 0 1 1 0 1 0 1 0 1 1 1 1 1 1 0 0 0 1 0 1 0 1 1 0 1 1 1 1 0 0 0 1 1 0 1 1 1 0 0 1 0 0 0 1 1 0 0 1 0 1 0 1 1 1 1 0 1 0
1 0 0 0 0 0 1 0 0 1 0 1 1 1 1 1 0 1 0 0 1 0 1 1 0 1 1 0 1 1 1 1 0 0 1 0 0 1 74 0 0 0 0 0 0 0 1 1 0 0 1 1 1 1 0 0 1 1 0 0 0 1 1 0 0 0 1 1 0 1 0 1 0 0 1 1 1 0 1 1 1 0 0 1 1 1 1 1 0 1 1 1 1 0 0 0 1 0 1 0 0 1 0 1 0 1 1 1 0 0 0 1 1 1 1 1 0 0 0 0 1 0 0 1 1 1 1 0 0 1 1 0 1 1 0 1 1 1 0 1 1 1 0 0 1 1 1 0 1 0
0 0 1 0 0 1 0 0 0 1 1 1 1 1 1 0 1 1 0 0 0 1 1 1 0 1 1 1 0 0 0 0 1 1 1 1 0 0 1 85 0 0 0 0 0 0 0 0 0 0 1 0 1 0 0 1 1 1 1 0 1 1 1 0 0 1 0 0 1 1 0 0 1 1 1 1 0 0 1 1 1 1 0 0 0 1 1 1 0 0 1 1 1 0 0 1 1 1 1 0 0 1 0 0 0 0 1 0 0 0 0 1 1 1 1 1 0 0 1 1 0 1 0 0 1 1 0 0 1 1 1 0 1 1 0 0 1 1 1 0 0 1 0 1 0 0 1 1 1 1
1 1 0 0 0 0 0 1 0 0 1 1 1 0 1 1 1 0 0 0 0 0 1 0 1 1 0 1 1 0 1 1 1 0 1 0 1 1 1 1 75 1 0 0 1 1 0 0 0 1 1 0 1 1 0 0 1 1 0 0 0 1 0 1 1 1 0 1 1 1 1 0 0 1 0 1 0 1 0 0 0 1 0 1 0 1 1 1 0 1 1 1 1 0 1 1 1 0 1 0 0 1 0 0 0 0 1 0 0 1 1 1 1 0 1 1 1 0 1 1 0 0 1 1 0 0 0 0 0 1 1 0 1 1 1 1 0 0 1 1 1 1 0 0 1 1 1 0 1 0
1 1 0 0 1 0 1 0 0 0 1 0 0 1 0 1 0 1 1 0 0 1 1 0 1 0 1 1 0 0 1 1 1 0 0 0 1 1 0 1 0 82 0 1 1 0 1 1 0 1 0 0 0 1 1 0 1 1 0 0 0 1 0 1 0 1 1 0 1 1 1 1 0 1 0 0 1 0 1 1 1 1 0 0 1 0 1 1 1 1 0 0 1 0 1 1 0 0 0 1 0 1 0 1 0 1 1 0 1 1 0 0 0 1 0 1 1 0 1 0 0 1 0 0 1 1 0 1 0 0 0 1 0 1 1 1 0 0 1 0 1 0 0 0 1 1 1 0 0 0
0 1 1 1 1 0 0 0 0 1 1 0 0 0 0 1 0 1 1 0 1 0 1 0 1 1 1 0 0 0 0 1 0 1 1 1 0 1 1 0 0 1 91 1 1 1 1 0 0 0 0 0 0 0 1 1 1 0 0 0 1 1 1 1 0 0 0 0 1 0 1 0 1 0 0 1 0 0 0 0 0 1 1 0 0 1 1 1 1 0 0 1 1 0 1 0 0 1 0 1 1 0 0 0 1 1 0 0 0 0 1 1 1 1 0 0 1 0 1 1 0 0 0 0 1 0 1 0 1 0 0 0 0 0 0 1 0 0 1 0 0 0 0 0 0 1 1 1 1 0
1 1 1 1 1 0 1 1 1 0 0 0 0 0 1 0 1 1 0 0 1 1 1 0 0 0 1 1 0 0 1 1 1 1 0 1 0 0 0 0 1 0 0 12 0 1 1 0 0 0 1 0 0 1 0 0 0 0 1 0 1 0 1 1 1 1 1 1 0 1 1 0 1 1 1 1 1 0 1 1 1 1 0 1 0 0 1 1 1 0 1 1 0 1 1 1 1 0 0 0 0 0 0 1 0 0 0 1 1 0 1 0 0 1 0 1 1 1 1 1 1 0 0 0 0 1 1 0 0 0 0 1 0 0 0 0 1 0 0 1 1 1 1 1 1 0 0 1 0 0
1 0 0 0 1 0 1 0 0 0 0 0 1 0 0 0 1 0 0 1 0 0 0 0 1 1 0 1 0 1 1 0 0 0 1 1 1 1 0 1 0 1 1 1 35 1 0 1 1 1 1 0 0 1 0 1 1 1 0 1 1 1 1 0 1 1 0 1 0 0 1 1 0 0 0 0 1 1 1 1 0 0 1 0 1 1 0 0 0 1 1 1 1 0 0 0 0 0 0 1 1 1 0 0 0 0 1 0 0 0 1 0 0 0 0 0 1 1 0 1 0 0 1 1 0 1 1 0 1 1 1 0 0 0 1 1 0 1 0 0 0 0 1 0 0 0 0 1 1 0
1 1 1 0 0 1 1 0 1 1 0 0 1 1 0 1 0 0 0 1 1 1 0 1 0 0 1 1 1 0 1 0 0 1 1 1 1 1 0 0 0 1 1 0 0 91 0 0 0 1 0 0 0 0 0 0 1 0 1 0 0 0 1 0 1 0 1 1 1 0 0 0 0 0 0 1 0 0 0 0 0 1 1 0 0 0 1 0 1 0 0 0 0 1 1 1 0 1 0 0 1 1 0 1 1 1 1 0 1 0 1 1 1 1 1 0 1 1 1 1 1 0 1 1 0 0 1 1 0 1 1 0 0 1 0 1 0 1 0 0 0 0 0 1 1 1 1 0 0 0
1 0 0 0 0 0 1 0 0 0 1 1 0 1 0 0 1 1 1 1 0 1 0 1 1 0 0 0 1 0 0 0 1 0 0 0 1 1 1 1 0 0 0 1 1 0 73 1 0 1 0 0 1 1 0 1 0 1 1 1 0 0 1 1 1 1 1 0 0 1 0 1 0 0 1 1 0 1 0 1 0 0 1 1 0 0 0 0 1 0 1 0 0 0 1 0 0 0 1 1 0 0 0 1 0 1 0 0 1 0 1 1 1 1 1 0 0 0 1 1 1 0 0 1 1 0 1 0 0 0 1 0 1 1 1 1 0 1 1 0 0 1 0 1 1 0 0 0 0 0
0 0 1 0 1 0 0 0 1 0 1 0 0 0 0 0 0 1 0 0 0 1 0 0 1 1 0 0 1 1 0 1 1 0 1 1 0 1 0 1 0 1 1 1 1 1 0 54 1 0 0 0 1 1 1 0 1 1 0 1 1 1 1 0 1 1 0 0 1 0 0 0 1 0 0 1 0 1 0 1 1 0 1 1 0 0 0 1 0 0 1 1 1 0 1 1 1 0 1 0 0 0 0 1 0 1 1 0 1 1 0 0 0 1 0 1 1 0 1 1 0 0 0 1 1 0 1 1 1 0 0 0 1 0 1 1 1 1 1 1 0 0 1 0 1 0 1 0 0 1
0 1 1 1 0 1 1 1 0 0 1 0 1 1 1 1 0 0 0 0 0 1 0 0 0 0 0 1 1 1 0 1 1 0 1 1 1 0 0 1 0 0 0 1 0 1 0 0 84 0 0 1 1 0 0 0 1 0 1 1 0 1 0 0 1 1 0 0 0 1 0 1 0 0 0 0 1 1 1 0 0 1 0 1 0 1 1 1 0 0 1 1 1 1 0 1 0 1 0 0 1 1 0 0 0 1 0 0 0 0 0 1 0 1 1 0 1 1 1 1 1 0 1 1 1 0 0 0 1 1 0 1 0 1 1 1 0 1 1 0 0 0 1 1 1 1 0 1 1 0
1 1 0 0 1 1 1 0 1 1 1 0 0 1 0 1 1 1 1 1 0 0 0 0 1 1 1 1 0 0 1 0 0 1 0 1 1 0 1 1 1 1 1 1 0 1 1 1 0 7 1 0 1 0 0 0 1 0 1 1 0 1 0 0 0 0 0 1 0 1 1 1 0 1 1 1 0 0 0 1 0 1 0 0 1 1 1 1 0 0 1 1 1 0 0 1 1 1 1 1 1 1 0 0 0 1 1 1 1 1 0 0 0 1 0 0 1 1 0 0 1 0 0 1 1 0 0 1 0 1 0 0 1 1 0 0 0 1 1 0 0 0 0 0 1 0 0 1 1 0
0 1 0 0 1 0 0 1 1 1 1 1 0 1 1 1 1 0 0 1 1 1 1 1 1 0 1 1 1 1 0 1 0 0 1 0 1 1 0 0 0 1 0 0 0 0 1 1 1 1 94 1 1 0 0 1 1 1 0 0 0 1 1 0 1 0 1 0 1 0 1 0 1 1 1 1 0 0 1 0 0 1 1 0 0 1 1 1 0 0 1 0 1 0 1 1 0 0 0 1 1 1 1 1 1 0 1 1 1 0 0 0 1 0 0 1 0 1 1 1 0 0 1 1 1 0 0 1 1 1 1 0 1 0 0 1 0 1 0 0 1 0 1 0 1 1 0 0 0 1
1 1 0 0 1 0 1 1 0 0 0 0 0 1 1 1 1 1 1 0 1 1 1 1 1 0 0 0 1 0 0 0 1 1 1 1 1 1 0 0 0 1 1 0 0 1 0 1 1 1 1 16 0 0 0 1 1 1 1 1 1 0 1 1 1 1 0 1 0 0 1 0 1 1 0 0 0 1 1 1 0 0 0 1 1 1 1 1 1 0 1 1 1 0 1 1 1 1 1 0 0 0 0 1 1 0 1 1 1 0 0 1 0 0 0 1 1 1 0 1 0 1 0 1 1 1 1 0 0 1 1 1 0 0 1 1 0 1 0 1 1 0 0 0 1 0 1 1 1 1
1 1 0 0 1 1 0 1 1 0 0 1 0 0 1 1 1 0 1 1 1 0 0 1 0 1 0 1 0 1 0 1 1 0 0 0 0 1 0 0 0 0 1 0 0 1 0 0 0 1 0 0 13 0 1 1 0 0 1 1 1 0 1 1 0 0 1 0 0 0 0 1 1 1 0 1 1 1 0 1 0 0 1 0 1 0 0 0 0 1 0 0 1 0 0 1 0 1 1 0 0 1 1 0 1 1 1 1 1 1 1 1 1 0 1 1 0 1 1 1 1 0 0 1 0 0 0 1 0 0 1 1 1 0 1 0 0 1 0 0 0 0 0 1 0 1 0 1 0 1
0 0 0 0 1 0 0 1 0 1 0 0 0 0 0 0 0 0 0 0 1 1 1 1 1 0 0 1 1 0 1 1 1 0 0 0 0 1 1 0 0 1 1 1 0 1 0 1 1 1 1 0 1 49 1 0 0 1 0 1 0 0 0 1 1 0 1 0 1 0 1 1 1 1 1 0 0 0 1 1 1 0 0 1 0 0 0 1 1 1 0 0 1 0 0 1 0 1 0 1 1 0 0 1 1 0 0 0 0 1 0 1 1 0 1 1 1 1 1 1 1 1 1 1 1 0 1 0 1 1 0 0 1 1 0 0 1 1 1 1 0 1 0 0 0 1 1 0 1 0
0 0 0 1 0 1 1 0 1 1 0 1 0 0 1 0 0 0 0 0 1 1 0 1 0 1 0 0 1 1 0 1 1 0 0 0 1 0 0 0 1 0 0 0 0 1 1 1 1 0 1 0 1 0 55 1 1 0 1 1 0 1 0 1 0 0 1 1 1 0 0 0 0 0 0 0 1 1 1 1 0 1 1 1 1 1 0 1 0 1 1 1 0 0 1 0 0 0 1 0 1 1 1 0 0 1 0 0 1 0 1 0 1 0 0 1 1 0 1 0 1 1 0 0 0 1 1 0 1 0 0 1 0 0 1 0 1 0 1 0 0 1 0 0 0 1 1 1 1 0
0 1 1 0 0 0 0 0 1 0 1 1 0 0 0 0 0 1 1 1 0 1 0 0 1 0 1 0 0 1 0 0 1 1 0 1 0 1 0 1 0 1 1 1 1 1 1 0 1 0 0 1 1 0 0 92 0 1 1 0 0 0 1 0 1 1 1 0 1 0 0 0 0 1 0 0 0 0 0 1 0 1 0 1 0 1 0 1 1 0 0 0 1 0 0 0 0 0 0 0 1 0 0 1 0 0 1 1 0 1 1 0 1 0 0 1 1 0 1 1 0 1 0 1 0 1 0 1 1 1 1 0 1 0 0 0 1 0 1 0 0 1 0 0 0 1 1 1 0 0
0 0 0 0 0 0 1 1 0 0 1 0 0 1 1 0 1 0 0 0 0 0 0 0 0 1 1 0 0 1 0 0 0 1 1 0 0 0 1 1 1 1 1 1 1 0 0 0 1 1 0 1 1 0 1 0 67 0 1 1 1 0 1 0 0 0 1 0 0 0 0 1 1 0 0 1 0 0 0 0 0 0 1 1 1 0 0 0 1 0 1 0 1 0 0 0 1 0 0 1 0 0 1 1 1 1 1 1 1 1 1 0 0 1 1 0 1 1 0 0 0 0 0 1 1 1 0 0 1 0 0 1 1 0 0 1 0 1 0 0 1 0 0 0 1 1 0 1 1 0
1 0 0 0 1 0 0 1 0 1 1 1 1 1 1 1 0 0 1 0 1 0 0 1 1 0 0 1 0 1 0 1 0 0 0 1 1 1 1 1 0 1 0 0 1 0 0 0 1 0 1 0 0 1 1 1 1 30 0 1 0 0 1 1 0 0 0 1 0 0 1 0 0 0 1 1 0 1 0 1 0 0 0 1 1 1 0 1 0 1 1 1 1 0 0 0 0 0 1 0 0 0 1 0 0 1 1 1 1 1 1 1 0 1 0 0 1 0 0 0 0 0 1 0 0 1 0 1 1 0 0 0 1 1 1 0 1 1 1 1 0 0 1 0 0 1 1 0 0 1
0 1 1 0 0 1 0 0 1 1 0 0 0 1 0 0 1 0 0 1 1 0 0 0 0 1 1 1 0 1 1 0 1 1 1 0 1 0 1 1 0 1 1 1 1 1 1 1 1 0 1 0 0 1 0 1 1 0 41 1 1 0 1 1 0 0 1 1 0 1 1 1 0 1 0 1 1 1 1 0 1 1 1 0 1 0 1 1 1 0 1 0 1 1 0 1 1 1 0 1 0 0 0 1 1 0 0 0 0 1 1 1 0 1 0 0 0 0 1 0 0 1 1 0 0 0 1 1 0 0 1 1 1 1 1 0 0 1 0 1 1 0 0 0 1 1 1 0 0 0
0 1 0 0 1 1 0 0 1 0 0 0 1 1 0 0 0 1 1 0 0 0 1 1 0 1 0 1 1 0 0 1 0 0 0 0 1 0 0 1 0 0 0 0 1 1 0 0 1 1 0 1 0 0 0 1 0 1 1 79 1 1 1 1 1 1 1 0 1 1 1 1 1 1 0 1 0 0 0 1 1 0 0 0 0 0 0 0 1 1 1 0 0 0 1 1 0 1 0 0 1 0 0 1 0 0 0 1 0 1 0 1 0 1 1 1 1 1 0 0 1 1 1 0 1 0 0 0 0 1 1 0 1 0 0 1 0 1 1 1 0 0 0 0 0 1 1 1 0 1
0 1 1 0 1 1 1 0 0 1 0 1 0 0 1 1 1 0 1 1 1 0 0 0 1 0 1 1 1 1 1 1 0 1 0 1 1 0 0 0 1 0 1 1 0 0 0 1 0 1 1 1 0 1 0 0 0 0 0 0 48 1 1 1 1 0 0 0 0 1 1 0 1 1 0 1 0 0 0 1 0 0 0 0 1 0 1 0 0 1 0 1 1 0 1 1 1 0 1 0 1 0 0 0 0 0 0 0 1 1 1 0 0 0 1 0 0 1 0 1 0 0 1 1 1 0 1 0 1 0 0 0 1 1 1 0 1 0 0 1 1 1 1 0 1 0 1 1 1 0
1 0 1 0 1 0 1 1 1 1 1 1 1 1 0 1 0 1 1 0 1 1 0 0 1 1 1 0 1 0 0 1 0 0 1 1 0 0 0 1 0 1 0 1 1 0 0 0 0 0 0 0 0 0 0 1 1 1 0 1 1 27 1 1 0 0 0 0 0 0 0 0 0 0 1 1 0 1 0 0 0 0 1 1 1 0 1 0 0 0 0 0 0 0 1 0 1 1 1 0 1 0 0 0 0 0 1 0 0 0 1 1 1 0 1 0 0 1 1 0 1 0 0 1 1 0 1 1 1 0 1 0 1 0 0 0 0 1 1 1 1 1 1 0 1 1 1 0 0 0
1 1 0 0 1 0 0 0 1 1 0 1 1 1 0 1 1 0 1 0 1 1 0 1 1 0 1 1 0 0 0 1 1 0 1 0 0 0 1 1 1 0 1 0 0 1 0 0 1 1 1 0 1 1 1 0 0 1 1 0 1 1 40 1 0 0 1 0 0 1 0 1 1 0 1 1 0 0 0 1 0 0 1 0 1 0 0 1 0 0 1 1 1 0 0 0 1 0 1 0 0 1 0 1 1 0 0 0 0 1 1 0 0 0 0 1 0 0 1 1 1 1 0 1 1 1 0 0 0 0 1 1 0 0 1 1 1 1 0 1 1 0 1 0 0 1 0 0 0 1
0 0 1 0 0 1 0 1 1 1 0 1 0 0 1 1 1 1 1 0 1 1 1 0 0 0 0 0 0 1 1 1 1 1 1 0 1 0 1 0 1 0 1 1 0 1 0 1 1 0 0 1 0 1 1 0 0 1 0 0 1 0 0 23 0 0 1 1 1 0 1 1 1 0 0 0 0 1 1 1 1 0 1 0 0 0 1 0 0 0 0 1 1 0 1 1 1 0 1 0 0 1 1 1 1 0 1 0 1 1 0 0 0 0 1 0 0 0 0 0 0 0 0 1 1 1 0 0 0 1 0 1 0 1 1 1 1 0 0 1 0 0 0 1 1 0 1 0 1 0
0 1 1 1 1 1 1 0 0 0 0 0 0 0 0 0 0 0 1 0 1 0 1 1 0 0 0 1 0 0 0 1 0 0 1 0 1 1 0 0 1 1 1 1 1 0 0 1 1 0 1 1 0 1 0 0 0 0 1 0 1 0 0 0 21 1 0 1 1 1 0 0 0 0 1 1 0 1 0 1 1 1 0 1 1 0 1 1 0 1 1 0 0 1 1 0 0 1 1 1 0 0 1 1 0 1 1 0 0 0 1 1 1 1 1 0 0 1 0 1 1 0 1 1 0 1 0 0 0 1 0 1 0 1 1 1 1 1 0 0 1 0 1 0 1 1 0 0 0 1
0 1 1 0 0 0 1 0 1 0 1 1 0 0 1 1 0 0 0 0 0 0 0 1 0 0 0 0 1 1 0 0 0 1 0 0 1 0 1 1 0 0 1 0 0 0 1 1 0 0 1 0 1 0 0 1 0 1 1 1 1 1 0 0 1 50 0 0 1 1 0 1 0 0 1 1 1 1 0 1 1 0 0 1 0 0 1 0 1 0 0 1 0 0 1 0 1 1 0 1 1 0 0 1 0 1 1 1 0 1 0 1 1 1 0 1 0 1 1 0 0 0 1 0 0 1 1 0 0 0 0 0 1 0 0 0 1 1 0 1 1 0 0 1 1 0 0 1 1 0
1 1 0 1 0 1 1 1 1 1 0 1 1 0 1 1 0 0 0 1 1 1 0 0 1 1 1 0 1 0 0 1 0 1 0 0 0 0 0 0 1 0 1 0 1 1 1 1 0 0 0 0 0 1 0 0 0 1 0 0 0 0 0 1 0 1 6 1 0 0 0 1 0 1 1 1 0 1 0 0 0 1 1 0 0 1 0 0 1 0 1 0 0 0 1 0 1 0 0 0 1 1 0 0 1 0 0 0 1 1 1 0 1 0 1 0 0 0 1 0 0 1 1 0 1 0 0 0 0 1 1 0 1 1 1 1 1 0 1 0 0 0 0 1 0 1 1 1 1 1
0 1 0 0 0 1 0 0 1 0 0 0 1 0 0 1 1 0 1 0 0 0 0 1 1 1 0 1 1 1 1 0 0 1 1 0 1 0 1 0 0 0 1 0 0 0 0 1 0 1 0 1 1 0 1 0 0 0 0 1 0 0 0 1 1 0 0 86 1 0 1 1 1 1 0 1 1 1 0 1 1 1 0 1 1 1 0 1 0 0 0 0 1 1 0 0 0 0 0 0 1 0 1 1 1 1 0 0 0 1 1 0 0 1 0 1 0 0 1 0 1 1 0 0 1 1 0 0 0 1 1 1 1 1 1 1 0 0 1 0 1 0 0 1 0 1 0 1 1 1
1 1 1 1 0 1 1 1 1 1 1 1 1 1 0 1 1 0 1 1 0 1 0 0 1 0 1 0 0 1 1 1 1 0 1 0 0 1 1 1 0 1 1 1 0 0 0 1 1 0 0 0 1 0 1 0 1 1 1 0 0 1 1 1 0 0 0 1 72 1 0 0 0 1 1 0 0 1 1 1 0 0 1 1 1 1 0 1 1 0 0 1 0 0 1 0 0 1 0 1 1 0 1 1 0 0 0 0 0 1 1 0 0 1 1 1 0 0 1 1 1 1 0 0 0 0 1 0 0 0 0 0 1 1 1 0 0 1 1 0 1 0 1 0 0 0 0 1 1 0
1 1 0 1 0 0 1 0 0 1 0 0 1 0 0 1 1 1 1 1 0 1 1 1 1 1 1 1 1 0 0 1 0 0 1 0 0 1 1 0 1 0 1 0 0 0 0 1 0 1 1 1 0 1 1 1 1 0 0 1 1 1 0 0 0 0 0 1 0 40 0 1 0 0 0 0 1 1 1 0 1 1 1 1 1 1 1 0 0 0 1 1 0 1 1 0 1 0 0 0 0 1 0 1 0 0 0 0 1 0 0 0 1 0 0 1 0 1 1 0 1 0 0 1 1 0 0 1 0 0 1 0 0 0 0 0 0 0 1 0 1 0 0 1 1 1 1 1 1 0
0 1 0 0 0 0 1 0 0 0 1 0 1 1 0 1 0 1 0 0 1 1 0 1 0 1 0 1 1 0 1 0 0 1 0 1 1 0 0 1 0 1 0 1 0 0 1 0 1 1 0 1 0 0 1 0 1 1 1 0 1 1 0 0 1 1 1 1 0 0 50 0 0 0 1 0 0 1 0 1 0 0 1 1 1 0 1 0 1 1 0 1 0 1 1 0 0 0 0 1 1 1 1 0 1 0 0 1 1 1 1 1 1 1 1 1 1 1 1 0 0 0 0 0 0 1 0 1 0 0 0 0 1 0 0 1 1 0 1 0 0 1 1 1 1 0 0 0 1 1
0 0 1 0 0 0 1 0 0 0 0 1 0 1 1 0 1 1 1 1 1 0 0 1 1 0 0 1 1 0 0 1 1 1 0 1 0 0 1 0 1 1 1 1 1 0 0 1 0 1 1 0 0 1 1 1 1 1 0 1 1 0 0 0 0 0 1 1 1 1 1 90 1 0 1 1 0 0 1 0 1 0 0 1 1 1 1 0 1 0 0 1 1 1 1 1 1 1 0 0 1 1 1 1 0 1 1 1 0 1 1 0 0 0 0 1 0 0 1 0 1 1 0 1 0 1 1 0 0 0 0 0 0 1 0 1 0 1 0 1 0 0 0 0 0 0 0 0 0 1
0 1 0 1 0 0 1 0 0 1 0 0 0 0 0 1 0 0 1 1 1 0 1 0 1 1 0 1 0 0 0 0 1 1 1 1 0 1 0 1 1 1 0 1 1 1 1 0 0 1 1 0 0 0 1 0 1 0 1 1 0 0 0 0 1 0 0 0 1 0 1 1 71 0 1 0 1 1 1 0 1 0 0 1 0 1 0 0 0 1 1 0 0 1 0 1 1 0 0 0 0 1 1 0 0 0 1 1 0 0 1 1 1 0 0 0 0 1 0 1 1 1 0 1 0 1 1 1 1 1 1 1 1 0 0 0 1 1 1 0 0 1 0 1 1 0 1 0 0 1
1 1 0 0 1 0 0 1 1 0 0 1 0 1 1 1 1 1 1 0 0 0 1 0 0 0 1 0 0 0 1 0 0 1 1 0 1 0 0 0 0 1 0 0 0 0 1 1 1 0 1 1 0 1 0 1 0 1 1 0 1 0 0 0 1 0 0 1 1 0 1 1 1 24 0 1 0 1 0 1 1 0 1 0 1 0 1 0 0 0 0 1 1 1 0 1 0 0 0 1 0 1 0 1 1 0 0 1 0 0 1 1 1 1 0 0 1 1 1 0 1 0 1 0 1 1 1 0 0 0 1 1 0 0 0 1 1 1 0 0 1 1 0 1 1 1 1 1 0 0
0 0 0 1 0 0 1 1 0 0 1 0 0 1 0 1 0 0 0 1 0 0 1 1 1 1 0 1 1 0 1 1 0 0 1 0 0 1 0 1 0 1 1 0 1 1 0 1 0 1 0 0 0 1 1 1 0 0 0 0 0 0 1 1 1 0 0 0 1 0 0 1 1 1 5 1 1 0 0 1 0 0 1 0 1 0 1 1 0 0 1 1 0 0 0 1 0 0 0 0 0 0 0 0 1 0 1 0 0 0 0 0 1 0 1 0 1 1 0 1 0 1 0 0 1 0 1 0 0 1 1 1 0 0 1 1 0 0 1 1 1 1 0 1 0 0 0 0 0 0
0 0 1 0 1 0 0 0 0 0 1 0 0 1 0 0 0 0 1 0 1 1 1 1 0 1 0 0 0 0 1 0 1 0 0 0 0 1 1 0 1 0 1 0 0 0 0 0 1 0 1 0 0 0 0 0 1 0 0 1 1 0 0 0 0 0 0 1 1 1 1 0 1 1 1 11 1 0 1 1 0 0 0 0 0 1 1 0 0 1 0 1 0 1 0 1 0 0 0 0 0 0 1 1 0 1 0 0 1 1 0 1 0 0 0 0 1 1 0 0 1 0 1 0 0 0 0 1 1 0 1 1 0 1 0 0 0 1 0 1 1 0 0 0 0 1 1 0 0 0
0 0 1 0 1 0 0 0 1 1 0 0 0 0 1 0 1 0 0 1 1 0 0 1 1 1 0 0 0 1 0 1 1 1 0 1 1 0 0 0 0 1 1 1 1 0 1 0 1 1 1 0 0 0 1 1 1 0 0 0 0 0 0 0 0 0 0 1 0 1 1 1 0 1 0 0 30 0 1 1 1 0 1 0 0 1 1 0 1 1 0 0 1 0 1 0 0 0 1 1 1 1 0 0 0 0 0 0 0 0 0 1 0 1 1 1 1 1 1 1 1 0 1 1 0 0 1 1 1 1 0 0 0 1 1 1 1 0 0 0 1 1 0 0 1 1 0 1 1 1
1 0 0 1 0 0 1 1 0 1 0 1 1 0 0 0 0 1 1 1 1 1 1 1 1 0 0 1 0 0 1 1 1 1 1 1 1 0 0 1 1 1 1 0 0 1 0 1 0 1 1 0 1 1 1 0 1 0 0 1 0 1 0 1 1 0 0 0 1 0 1 1 1 0 0 0 0 52 1 0 1 0 1 1 0 0 0 0 1 0 0 0 0 1 1 0 1 1 0 0 1 0 0 1 0 1 1 0 0 0 1 0 1 0 0 0 1 1 1 1 0 1 1 0 1 0 0 1 1 1 1 0 1 0 0 1 1 0 1 1 0 0 1 0 1 1 1 1 0 0
0 0 0 1 1 0 1 0 0 0 1 0 1 0 0 1 0 1 1 1 1 0 0 1 0 1 1 1 0 0 0 1 1 1 0 0 1 0 1 0 0 0 0 1 0 0 1 1 1 1 1 1 1 1 1 1 1 0 0 0 1 1 1 1 1 0 0 1 0 1 0 1 0 1 0 1 0 1 19 0 0 1 1 1 0 0 0 1 1 1 0 0 1 0 0 1 0 0 0 1 0 0 1 1 1 0 0 0 0 0 1 1 0 1 0 1 0 0 0 0 1 1 1 1 1 1 0 0 0 0 1 1 1 0 0 0 1 0 1 0 1 0 1 0 1 0 0 0 0 0
1 0 0 0 0 0 0 0 0 0 0 1 1 1 0 1 0 0 0 0 1 0 1 1 1 0 1 0 1 0 0 1 0 0 1 0 1 0 0 0 1 1 0 1 1 0 1 0 1 0 0 0 0 0 1 0 1 0 1 0 0 1 1 1 0 0 1 0 1 1 1 0 0 0 0 1 0 1 0 39 0 0 0 1 1 1 0 1 0 1 1 1 0 0 0 0 1 0 0 0 0 1 0 0 1 1 0 0 1 1 1 1 1 0 0 0 0 0 1 1 1 0 0 0 0 1 1 0 0 1 0 0 1 0 1 0 0 1 0 1 1 0 0 1 1 0 1 0 1 0
1 1 1 1 1 0 1 0 0 1 0 1 1 1 0 1 1 1 0 0 1 1 0 0 0 0 0 0 0 0 0 1 1 1 0 1 0 0 1 1 1 0 0 1 0 1 1 0 1 0 0 0 0 1 1 1 1 0 1 0 1 0 0 0 1 1 1 1 1 1 0 0 0 1 1 1 1 1 1 0 50 0 0 0 0 1 0 1 1 1 0 0 1 1 1 1 1 1 0 1 0 1 0 1 0 0 1 0 0 0 1 1 1 0 1 0 1 1 1 1 0 0 1 1 0 0 0 1 0 0 0 1 0 1 1 1 0 1 0 1 1 1 1 1 0 0 0 1 1 1
0 0 1 0 0 0 0 1 0 1 0 1 1 0 0 1 1 1 0 1 0 0 0 0 1 1 1 1 0 0 0 0 0 1 1 1 0 1 0 1 1 0 0 1 0 0 0 1 1 0 0 1 0 0 0 0 0 0 1 0 0 1 0 0 1 1 1 1 1 1 1 0 1 1 1 0 0 1 0 0 1 34 0 0 1 0 1 1 1 1 0 1 1 1 1 0 0 1 0 0 1 0 0 1 0 1 1 1 0 1 0 0 1 0 1 1 1 0 1 0 1 1 0 0 1 1 1 0 0 1 0 1 0 0 1 1 1 1 0 0 1 1 1 0 1 1 0 1 1 0
0 0 1 0 1 1 1 1 1 0 1 1 1 0 1 1 1 0 1 0 0 0 1 0 1 0 1 0 1 1 0 0 0 0 1 1 0 1 1 1 1 0 0 1 1 0 1 0 1 0 0 0 0 0 1 0 1 0 1 1 0 1 0 1 1 0 0 0 1 0 1 1 0 1 0 0 1 1 0 1 0 0 87 0 0 0 1 0 0 0 0 1 0 0 0 1 0 0 1 1 0 1 0 1 1 1 1 1 0 0 1 0 0 0 1 0 1 0 0 1 1 0 0 0 1 1 1 0 1 0 0 1 1 1 1 1 0 0 1 1 1 0 0 1 1 1 0 1 1 0
1 1 1 0 0 1 1 0 0 1 0 0 1 0 0 0 1 1 0 0 0 0 0 0 1 1 0 0 0 1 0 0 0 1 1 1 0 1 0 1 1 0 0 0 1 1 1 1 1 0 1 1 0 0 1 1 0 0 0 1 0 0 0 0 1 0 1 1 1 1 1 0 0 0 1 1 0 0 0 1 1 0 1 8 0 1 0 0 0 0 1 0 1 0 1 0 1 0 1 1 0 1 0 0 1 1 1 0 0 1 1 1 1 1 0 0 0 1 0 1 1 0 1 1 1 0 1 0 0 1 0 0 0 0 0 1 1 0 1 0 0 1 0 0 0 1 0 1 0 1
1 1 1 0 0 0 1 0 1 1 0 0 1 0 0 0 1 0 0 1 0 0 0 1 0 1 0 0 1 0 1 1 1 0 0 1 0 1 1 1 1 0 1 1 0 1 1 0 1 1 1 0 1 0 1 1 1 0 1 0 1 1 1 1 1 1 0 0 0 1 0 0 1 0 0 1 0 0 1 1 0 1 0 1 70 1 0 0 1 0 0 0 1 1 1 0 0 0 0 1 0 0 0 1 1 1 1 1 1 0 1 1 0 0 1 0 1 0 0 0 0 0 1 0 1 1 0 0 1 0 0 0 0 1 0 0 0 1 1 0 1 0 0 0 0 1 0 1 0 1
0 0 0 0 0 0 1 0 1 0 0 0 0 1 0 1 0 1 0 0 0 0 1 1 1 0 0 1 1 0 1 0 0 0 0 1 1 0 1 0 1 0 0 1 0 1 1 0 0 0 1 1 1 0 1 1 0 0 0 1 1 0 1 1 1 0 0 1 1 1 1 0 1 1 0 1 0 1 0 1 0 1 0 0 0 52 0 0 0 1 0 0 0 1 0 0 0 1 1 0 0 0 1 1 1 0 1 1 0 0 1 0 0 0 0 1 1 0 1 1 0 0 0 1 1 0 0 1 1 1 1 0 0 1 1 0 1 0 1 1 0 0 0 1 1 1 1 1 1 0
0 1 0 1 1 1 0 0 1 0 1 0 0 0 0 0 0 1 1 1 0 1 0 0 0 1 1 0 0 1 1 1 0 0 1 0 1 1 1 0 1 0 1 1 0 0 1 0 1 1 0 0 0 1 0 0 0 1 1 0 0 1 1 1 1 0 1 1 1 0 0 1 0 0 0 0 1 1 1 0 1 0 1 0 0 1 55 0 0 0 1 1 1 0 1 0 1 1 1 0 1 1 1 1 0 0 1 0 1 0 0 0 1 0 0 0 1 0 1 1 0 0 1 0 1 0 0 0 0 0 0 0 1 0 1 0 1 1 1 0 1 1 0 0 1 1 0 0 0 0
0 0 1 0 0 0 1 1 0 1 0 0 0 1 1 1 0 0 0 0 0 0 1 0 0 1 1 0 0 0 1 1 1 0 1 0 0 0 0 0 0 0 0 1 0 0 1 1 1 1 1 1 1 1 0 1 0 1 1 1 1 0 1 1 0 1 0 0 0 1 1 1 0 1 0 1 0 1 0 1 0 1 0 1 1 0 1 35 1 1 1 1 0 0 1 1 0 1 1 1 1 0 0 1 0 1 1 1 0 1 0 1 1 0 1 1 0 1 1 0 1 1 0 1 1 0 0 0 0 0 0 0 0 0 1 1 1 0 0 0 1 0 0 1 1 1 1 1 1 1
1 0 1 0 0 0 1 0 0 1 1 1 1 0 1 0 0 0 1 0 1 1 0 1 1 1 1 1 0 1 0 1 1 1 1 1 1 0 1 0 1 0 1 1 0 0 0 1 0 0 0 0 0 0 1 0 0 1 0 0 1 1 1 0 1 1 0 1 1 1 0 1 1 0 0 0 0 0 0 1 1 1 1 0 1 0 0 0 73 0 0 0 0 0 0 0 0 0 0 0 1 0 0 0 1 1 0 1 0 1 0 0 0 0 1 1 0 0 0 0 0 1 0 1 0 0 0 0 0 0 0 1 0 0 1 1 1 0 1 0 1 0 0 1 0 1 1 0 0 1
0 1 0 1 0 0 1 0 1 1 1 1 1 1 1 0 1 1 1 0 1 1 0 1 0 1 0 0 0 0 0 1 0 1 0 1 1 0 1 0 1 0 0 0 0 0 1 1 0 0 1 1 1 1 1 1 1 0 0 0 1 0 1 0 0 0 0 0 0 1 0 1 0 0 0 1 0 0 0 0 1 0 1 1 1 1 0 1 1 99 1 0 0 1 1 1 1 0 0 1 0 1 1 0 0 0 1 0 1 0 1 0 1 0 1 1 1 0 0 0 0 0 1 0 0 1 0 1 1 0 1 0 0 1 1 0 0 1 0 1 0 0 0 1 0 1 1 0 0 1
0 0 0 1 0 1 0 1 1 1 1 1 1 0 0 1 1 1 1 1 1 0 0 0 0 1 1 0 1 0 1 0 1 1 1 0 1 1 1 1 0 0 1 0 0 1 1 0 1 0 0 0 1 1 1 0 1 1 0 0 1 0 1 0 1 0 1 0 1 0 0 0 0 1 1 1 1 0 1 0 0 1 1 0 1 0 1 0 0 0 36 1 0 1 0 0 0 1 1 1 1 1 1 1 1 1 1 0 0 1 1 0 1 1 1 0 0 0 1 0 1 0 1 0 0 1 1 1 1 1 0 1 1 1 0 1 1 0 0 0 0 1 1 1 0 1 1 1 1 0
1 0 0 0 1 0 1 1 0 0 0 1 1 0 1 0 0 0 1 1 0 1 0 0 0 0 0 1 1 0 1 1 0 1 1 1 1 1 0 0 0 1 0 0 1 0 1 1 0 1 1 0 0 0 0 1 1 0 0 1 1 0 0 1 0 1 1 1 1 0 1 0 1 1 1 1 1 0 1 0 0 1 0 1 1 0 0 0 0 0 1 24 0 0 1 1 0 0 0 1 0 0 1 0 1 0 0 0 0 1 1 1 1 1 0 1 0 1 1 0 1 0 1 1 0 0 1 0 0 1 0 1 1 1 0 0 0 0 1 0 0 1 1 1 0 1 1 1 1 0
0 1 1 1 1 0 0 1 1 1 1 1 1 1 0 1 1 0 1 1 0 1 0 1 0 0 1 0 1 0 0 1 1 1 0 0 0 1 1 0 1 1 1 1 1 1 0 0 1 1 0 0 1 0 1 1 1 0 0 1 0 1 1 1 0 0 0 0 1 0 0 1 1 0 0 1 1 1 0 0 1 1 0 1 0 1 1 1 0 0 1 1 93 1 1 0 0 1 1 1 0 0 0 1 1 0 0 0 0 1 0 0 0 0 0 0 0 1 0 0 1 1 0 0 0 0 0 0 0 1 0 1 1 1 1 1 1 1 1 0 1 1 1 0 0 1 0 1 1 1
0 0 1 1 0 1 0 1 0 1 1 0 0 0 1 0 1 0 1 1 0 1 1 1 1 0 1 0 1 1 0 1 1 0 0 1 1 0 0 1 1 0 1 1 1 0 1 0 1 0 0 0 1 1 0 1 0 0 1 1 1 1 0 0 1 1 0 1 0 0 1 1 0 0 0 0 0 0 0 1 1 0 1 1 1 0 1 1 1 1 0 0 1 70 0 0 1 0 0 1 1 0 1 0 1 1 1 0 0 1 1 1 0 0 1 1 0 1 0 0 1 1 1 1 0 1 1 1 0 0 1 1 0 1 0 1 0 0 1 1 0 0 1 0 0 1 0 0 1 1
0 1 1 1 1 1 1 1 1 1 0 1 0 1 0 1 0 0 1 0 1 1 0 0 0 1 1 0 1 0 0 1 0 0 0 0 1 1 0 1 1 0 0 1 0 0 1 1 1 0 0 1 0 1 1 0 0 1 0 0 1 0 0 0 1 0 1 0 0 0 1 1 0 0 1 1 0 0 1 1 0 0 1 1 1 0 0 1 0 0 1 0 0 1 52 0 1 1 0 0 1 1 1 0 0 0 0 1 1 0 0 0 0 0 1 0 1 0 0 1 0 1 1 0 0 0 0 0 0 1 1 1 1 1 0 0 1 0 0 0 1 0 0 0 0 0 1 1 0 0
1 1 1 0 0 0 1 1 0 1 0 1 1 1 1 1 1 0 0 1 1 0 1 0 1 0 1 1 0 1 1 1 1 0 0 0 0 1 1 1 1 1 1 0 1 0 1 0 1 1 1 0 1 0 1 1 0 1 1 1 0 1 1 1 1 1 0 1 1 0 1 0 0 1 1 1 1 1 1 0 0 1 0 1 0 1 0 0 1 0 1 0 0 1 1 0 0 0 0 0 0 0 0 1 0 1 0 0 0 0 1 0 0 0 0 1 1 1 1 1 0 0 0 1 0 1 1 0 0 1 0 1 1 1 0 1 1 1 1 0 0 0 1 1 0 1 1 1 0 0
1 1 0 1 0 1 0 1 1 0 0 1 0 1 1 1 1 1 0 1 1 0 0 1 1 1 1 1 1 1 1 0 1 1 1 0 0 0 1 1 0 0 0 1 1 0 1 1 1 1 1 1 0 0 1 1 0 1 0 1 0 0 0 0 0 0 0 0 1 1 0 0 1 0 0 0 1 0 0 0 1 0 0 0 0 0 1 1 0 1 1 0 1 1 0 0 95 1 1 0 0 0 0 0 0 0 1 0 1 0 1 0 0 0 0 0 1 0 1 0 0 1 0 0 0 1 0 0 0 1 0 0 1 0 0 0 0 0 1 1 0 0 0 1 1 1 1 0 1 0
1 1 0 1 0 1 1 0 1 1 1 1 0 0 0 0 1 0 0 0 1 1 0 1 0 1 0 1 0 0 0 1 1 0 1 1 1 0 1 1 0 1 1 0 1 0 1 0 0 1 0 0 0 0 0 0 1 1 1 1 0 1 1 0 1 1 1 1 0 0 0 1 1 1 0 1 1 0 0 0 0 0 0 1 0 0 0 1 1 1 0 0 0 0 1 0 0 84 0 1 1 0 1 1 0 0 0 1 1 0 1 0 0 0 1 1 0 0 1 0 1 1 0 0 0 1 1 0 1 0 1 1 1 1 1 1 0 0 1 0 0 1 0 1 0 0 1 0 1 0
0 0 1 0 0 0 1 0 0 0 0 1 0 0 1 1 1 0 1 1 0 1 1 0 1 1 1 0 0 1 1 0 0 0 1 1 0 1 1 1 1 1 0 1 1 1 1 0 0 1 0 1 1 1 1 0 1 0 0 0 0 1 0 1 1 0 1 1 1 0 1 1 1 0 0 0 1 1 1 0 1 1 0 1 1 1 0 0 1 0 1 0 1 1 1 1 0 1 17 1 1 0 1 0 1 0 0 0 1 1 1 0 1 1 1 1 0 1 1 1 0 1 0 1 1 0 1 1 1 0 1 0 1 0 1 1 0 0 1 0 1 1 1 0 1 0 0 1 1 0
0 0 0 1 0 1 1 0 0 0 0 0 0 1 1 0 1 1 1 0 0 1 1 0 0 1 1 1 1 0 1 1 1 1 1 1 0 0 1 1 0 0 1 1 1 0 0 0 0 1 0 1 0 1 0 1 1 1 0 0 1 1 1 1 0 1 0 0 0 1 1 0 0 0 0 1 1 1 1 1 1 1 1 0 1 0 1 1 1 1 1 1 0 0 0 1 0 1 1 15 0 0 0 1 0 1 0 0 1 0 1 0 0 1 0 1 0 0 1 1 0 0 1 0 1 0 1 1 0 1 0 1 0 0 1 1 1 0 0 1 0 0 1 1 1 0 1 1 0 0
1 1 0 1 1 1 1 1 1 1 1 0 1 0 0 1 0 1 0 0 0 1 0 0 0 0 0 1 0 0 0 1 1 0 0 0 0 0 0 1 0 0 1 0 1 1 1 1 1 0 0 0 0 1 1 0 1 0 1 1 0 0 1 0 1 1 0 0 0 1 0 0 1 0 0 0 0 0 1 1 0 1 1 1 1 1 0 0 0 1 0 1 1 0 1 1 0 1 1 1 30 0 1 0 1 1 1 0 0 1 0 0 1 0 1 1 1 1 1 0 1 0 1 1 1 0 1 1 1 0 1 1 0 0 1 0 0 0 1 1 1 1 1 0 0 1 1 1 1 0
1 0 0 1 1 0 1 1 0 1 1 0 1 0 1 1 0 1 1 0 1 1 0 1 1 1 0 1 1 0 1 0 1 0 0 0 0 1 1 0 1 0 0 1 1 1 0 0 0 0 0 0 0 0 1 0 1 1 0 1 1 1 0 1 1 1 1 0 0 0 1 1 0 0 0 1 1 1 1 1 1 1 1 0 1 0 1 0 0 1 0 1 1 0 0 1 1 0 0 0 0 82 0 0 1 0 1 0 1 0 0 1 1 0 1 0 1 1 1 0 1 0 0 1 1 0 1 0 1 0 0 0 0 1 1 0 0 0 1 1 0 0 0 0 1 1 0 0 0 0
0 1 0 1 1 1 0 1 1 1 1 0 1 1 0 1 0 1 1 0 0 1 1 1 1 1 0 1 1 1 0 1 1 0 1 1 0 1 1 1 1 1 0 1 0 1 1 1 0 0 0 0 0 1 0 1 0 0 1 1 1 0 1 1 0 0 1 1 0 1 0 0 0 1 1 0 1 0 1 1 0 0 1 0 1 1 0 1 1 0 0 1 1 1 0 1 1 0 0 1 0 1 3 0 1 1 0 1 1 1 1 0 1 0 1 0 0 1 0 1 1 1 0 0 0 1 1 1 0 0 1 0 0 0 0 1 1 0 1 1 1 1 1 1 1 0 0 1 0 1
1 1 0 1 0 0 0 1 0 1 0 1 1 0 1 1 1 1 0 1 1 0 1 1 0 0 1 0 0 1 1 0 1 1 1 1 0 0 1 1 0 1 1 1 1 0 0 1 1 1 1 1 0 1 0 0 1 1 0 0 0 0 0 0 1 0 1 0 1 1 0 0 1 1 0 1 0 1 1 0 1 1 0 0 0 0 0 0 0 0 1 1 0 1 1 0 1 0 1 1 0 0 1 78 1 0 0 1 0 1 1 0 1 0 0 0 0 0 0 0 0 1 1 0 1 0 0 1 0 1 0 0 1 0 0 1 1 1 0 0 0 1 1 0 0 1 0 1 1 1
1 1 0 1 0 0 1 0 1 0 0 0 1 0 0 0 0 1 1 0 0 1 0 0 0 0 1 1 1 0 1 1 0 0 0 1 0 1 1 0 0 1 0 0 0 0 0 1 1 1 1 0 0 0 0 0 0 1 0 0 1 0 0 0 1 1 0 1 0 0 0 1 1 1 0 1 0 1 1 1 0 1 1 0 1 0 0 0 0 0 0 1 0 1 0 1 0 1 0 0 0 1 0 0 18 1 0 0 0 0 1 0 0 0 1 1 1 0 1 1 1 0 1 0 0 1 0 0 0 1 1 1 1 1 1 1 0 1 0 1 1 0 1 0 1 0 0 0 0 1
1 0 1 0 0 0 1 1 0 1 1 1 0 1 0 1 0 0 1 0 0 0 0 0 1 0 1 1 1 1 1 1 0 1 0 0 0 1 1 1 0 0 1 1 1 1 1 0 0 0 1 0 1 1 0 0 1 0 1 1 0 0 1 1 0 0 1 0 1 0 0 0 1 0 0 0 0 1 1 0 0 0 1 0 1 0 0 1 0 0 0 1 0 1 0 0 0 0 0 0 1 1 0 1 0 70 1 0 0 0 1 1 0 0 1 1 0 1 1 0 1 0 0 1 0 0 0 0 1 1 1 0 0 1 0 0 1 1 0 0 1 0 1 1 1 0 0 1 1 1
1 1 0 0 1 1 1 1 1 0 1 0 1 0 0 1 1 1 0 0 1 1 0 1 0 1 1 1 1 0 0 0 0 1 0 1 1 0 1 1 1 1 1 1 1 0 1 1 1 1 0 1 1 0 1 1 1 1 1 0 1 0 0 0 0 0 0 1 0 0 1 0 1 1 1 0 0 1 1 0 1 0 1 0 0 0 0 1 0 1 1 0 1 1 1 1 0 0 0 1 1 1 1 0 1 0 38 0 1 0 0 0 0 1 1 0 1 1 0 0 1 0 0 1 1 1 1 1 0 0 1 1 1 1 1 1 0 0 0 0 0 0 1 1 0 1 1 1 1 1
0 1 1 0 1 0 0 1 0 0 1 1 1 0 0 1 1 1 0 0 1 0 0 1 0 1 1 1 1 0 1 0 1 1 1 0 0 0 1 1 0 1 0 1 0 1 0 0 0 0 0 1 0 1 1 1 1 0 0 1 0 1 0 1 1 0 1 1 1 1 0 1 0 0 0 1 0 0 0 0 1 1 0 0 1 0 0 1 0 0 1 0 0 1 1 1 0 1 1 0 1 0 0 0 1 0 1 3 0 1 0 1 0 0 1 1 0 0 1 0 1 0 1 0 0 1 1 1 1 0 1 1 1 1 1 0 1 0 1 1 0 0 0 1 1 0 1 1 0 0
1 0 0 0 0 0 1 1 1 1 0 1 1 0 0 1 1 1 1 0 1 1 0 0 1 1 0 0 0 0 0 1 1 1 1 0 1 0 0 1 1 1 1 1 0 1 1 0 0 1 1 0 1 1 0 0 1 1 0 0 1 1 0 0 0 1 1 1 1 1 0 1 0 0 0 1 1 0 0 0 1 0 0 0 0 0 1 1 1 1 1 0 0 1 1 1 0 1 0 0 0 1 1 1 1 0 0 1 30 1 1 1 0 0 1 1 1 1 1 1 1 1 0 0 1 0 0 1 0 1 1 1 1 0 1 0 1 0 1 1 0 1 0 0 1 0 1 1 1 1
1 0 0 0 1 1 0 1 0 1 0 0 1 0 1 1 1 1 0 1 0 0 0 0 1 1 1 0 0 0 0 0 0 0 0 0 0 0 0 0 1 1 0 1 0 1 1 1 0 1 1 0 1 1 1 1 0 1 1 0 1 0 1 0 0 0 1 1 0 1 0 1 1 1 0 1 0 0 0 1 0 0 1 1 0 1 0 0 0 1 1 0 0 1 0 1 1 0 1 1 1 1 0 0 1 0 1 1 1 60 0 0 0 1 1 0 0 1 0 1 1 0 0 0 1 0 1 0 0 1 1 1 1 0 0 0 1 0 0 0 0 1 0 1 1 0 1 0 1 1
0 0 0 0 1 0 0 1 0 1 0 1 0 1 1 1 0 0 0 1 0 0 0 1 0 0 1 0 0 0 0 0 0 0 0 0 1 0 1 0 1 0 0 1 0 1 1 0 1 0 0 0 0 1 0 0 0 1 0 0 0 0 1 1 1 1 1 1 1 0 1 1 1 0 0 1 0 1 0 0 0 1 0 1 0 0 1 0 1 1 0 0 0 0 0 1 0 1 1 1 1 1 0 0 1 1 1 1 0 1 2 1 1 0 0 1 0 0 1 1 1 0 0 1 0 0 0 1 0 0 1 1 0 1 1 1 0 0 1 1 1 1 0 1 1 0 1 1 1 1
0 1 1 1 0 0 0 0 0 0 1 1 1 0 1 1 1 0 1 1 1 1 1 1 0 0 1 0 1 0 1 0 0 0 0 1 0 1 1 1 1 0 1 1 1 0 0 0 0 0 0 0 1 1 0 0 1 1 0 1 0 1 0 1 1 0 1 1 0 1 0 0 0 1 0 1 0 1 0 0 0 0 0 0 1 0 0 0 0 0 0 1 0 0 0 1 0 1 1 0 1 1 1 0 0 1 1 1 1 0 0 24 0 0 0 1 0 0 1 1 1 1 0 1 0 1 0 1 1 1 0 0 1 1 1 1 0 0 0 1 1 0 1 1 0 1 1 0 1 1
1 0 0 1 0 0 0 1 1 0 1 0 1 1 1 0 0 0 0 0 1 1 0 1 0 1 0 1 0 1 1 0 0 1 0 0 0 0 0 1 1 0 1 0 0 1 1 0 1 1 1 0 0 0 1 0 0 1 1 0 1 1 1 0 1 0 1 0 0 1 1 0 1 0 1 0 1 1 1 0 1 0 0 0 1 0 1 1 0 1 0 1 1 0 1 1 0 0 0 0 1 0 0 0 0 0 1 0 0 1 1 0 65 0 1 1 0 1 1 0 1 1 1 0 0 0 0 1 0 0 1 0 0 1 0 1 1 0 0 1 0 0 0 0 1 1 0 1 0 1
0 0 0 0 0 1 0 0 1 0 0 0 0 1 0 1 1 1 0 1 1 0 0 0 1 0 1 1 1 1 0 1 1 1 0 0 1 1 1 0 0 1 1 0 1 1 1 0 1 1 1 0 0 0 1 0 0 1 1 0 1 1 0 1 0 0 1 0 1 0 0 1 0 1 0 1 0 1 1 1 1 1 0 0 0 0 0 0 0 0 0 0 0 0 0 1 1 1 1 0 1 1 0 0 0 0 0 1 0 0 1 1 0 64 1 0 0 1 1 1 1 0 0 0 0 0 1 1 1 1 1 0 1 0 0 1 0 1 0 0 1 1 1 1 0 0 1 0 1 0
1 1 0 0 0 0 0 0 1 0 0 0 1 1 1 0 0 1 0 1 1 1 0 1 1 1 0 0 0 0 1 0 1 0 0 1 1 1 1 0 0 0 1 0 0 0 0 0 1 1 0 0 0 0 1 0 1 0 1 1 0 0 0 0 0 1 0 0 0 1 0 1 1 0 0 1 1 0 0 1 0 0 1 0 1 0 1 1 1 1 1 0 1 0 0 1 0 1 0 1 1 1 0 1 1 0 1 0 1 0 1 1 1 1 76 0 1 0 0 0 0 1 1 1 0 1 1 0 1 0 1 1 0 1 0 1 1 1 0 1 1 1 1 1 1 0 1 1 1 1
1 0 1 0 1 1 0 0 1 0 1 1 1 0 0 0 1 0 0 1 1 0 0 0 0 1 0 1 1 1 1 0 0 1 1 1 1 1 1 1 1 1 1 0 0 1 0 0 0 0 1 1 0 1 0 1 0 0 1 1 1 1 1 0 0 1 0 1 0 0 0 0 0 0 0 0 0 0 1 1 1 1 1 0 0 1 0 0 1 1 1 1 0 1 0 1 0 0 0 1 0 1 1 1 0 0 1 0 0 0 1 0 1 0 0 23 1 1 1 0 0 0 1 1 0 0 1 1 1 1 0 1 0 1 1 1 0 1 0 1 1 1 1 1 0 1 1 0 0 1
0 1 1 0 1 1 0 0 0 0 1 0 0 0 0 0 1 0 0 0 1 1 0 1 0 1 0 1 0 0 0 0 1 0 1 1 1 1 1 1 0 0 0 1 1 1 1 1 1 1 1 1 1 1 1 1 0 1 0 1 0 1 0 0 0 1 0 1 1 0 1 1 1 0 0 1 0 0 1 0 1 0 0 1 1 1 1 1 1 1 1 0 0 0 1 1 1 0 0 1 0 0 1 0 1 0 0 0 1 1 0 1 1 0 1 0 24 0 1 0 0 1 0 1 1 0 0 1 1 0 1 1 0 0 0 1 1 1 1 1 0 0 0 1 1 1 1 0 1 0
0 1 0 0 1 1 0 0 0 1 1 0 1 0 0 0 1 1 0 0 0 0 0 0 0 1 0 1 1 1 0 1 0 0 0 0 0 1 0 0 1 1 1 1 1 0 0 0 0 0 0 1 1 0 1 1 1 0 1 1 1 0 1 1 1 1 1 0 1 1 0 1 1 1 0 1 0 0 1 0 0 1 0 1 0 0 1 0 0 1 1 1 1 0 0 0 1 1 1 1 0 0 1 1 0 1 1 0 0 0 0 1 0 0 0 1 0 85 1 1 1 1 0 0 0 0 1 1 1 1 1 1 1 0 0 1 0 0 0 1 1 0 1 0 0 1 0 1 0 1
0 1 1 1 0 0 0 0 0 0 1 0 1 1 0 1 0 0 1 1 1 1 1 0 1 0 0 0 1 1 1 1 0 1 0 1 1 1 0 1 1 1 1 1 0 1 1 0 0 1 0 1 0 0 1 0 1 0 1 0 1 0 0 1 0 1 0 1 1 0 0 0 1 1 1 0 0 0 0 1 1 1 1 1 1 1 0 0 1 1 0 0 1 0 0 1 0 1 1 1 0 1 1 0 0 0 0 1 1 0 1 1 0 1 0 1 1 1 22 0 0 0 0 1 1 1 0 1 0 1 0 1 1 1 0 0 0 1 0 1 1 0 0 0 1 1 0 0 0 1
0 0 0 1 1 1 0 1 0 0 1 0 0 1 0 0 0 0 1 0 0 1 1 0 0 1 1 1 0 1 0 1 1 1 0 0 0 1 1 0 0 0 1 0 0 0 1 1 1 0 1 0 0 1 0 0 1 1 0 1 0 1 1 1 1 0 1 0 0 1 0 0 0 0 0 0 1 1 1 1 0 1 0 0 0 0 0 1 1 1 0 0 0 1 0 0 1 0 1 0 1 0 1 1 0 1 1 0 0 0 0 0 1 1 1 1 1 0 1 63 0 0 1 1 1 1 0 0 1 1 0 0 0 1 1 1 0 0 0 1 1 0 1 1 1 0 1 0 1 0
1 0 1 1 0 0 0 1 0 1 1 1 1 1 0 0 1 1 1 1 0 0 0 0 1 1 1 1 0 0 1 1 1 1 0 1 0 1 1 0 1 1 1 1 1 1 1 0 0 0 1 0 1 1 0 1 0 1 0 1 1 1 0 0 0 0 0 0 0 0 0 1 1 1 1 0 0 1 1 1 1 0 1 0 1 1 1 0 0 0 0 0 1 0 1 0 0 0 1 1 1 0 1 0 0 0 1 0 0 0 1 1 0 1 0 0 0 0 0 1 56 1 1 1 0 1 0 1 0 1 1 1 0 1 0 0 1 0 1 1 1 1 1 1 1 1 0 1 0 0
0 1 0 0 0 0 1 0 0 1 1 0 0 1 0 0 1 1 0 1 0 0 0 1 1 1 0 1 0 0 1 0 1 0 1 1 1 0 0 0 0 1 1 1 1 0 0 1 1 1 0 1 0 0 0 1 1 1 0 0 1 0 1 0 0 1 0 0 0 0 1 1 1 0 0 1 0 0 1 1 1 1 1 1 0 0 0 1 1 1 0 1 1 0 1 0 0 1 0 1 0 0 1 0 0 0 0 1 0 1 1 0 0 0 0 1 0 1 1 0 1 82 0 0 1 0 1 0 1 1 1 1 1 1 0 1 0 1 1 0 0 1 1 1 0 0 1 1 0 0
1 0 1 0 1 1 1 1 1 0 0 0 1 0 0 0 0 1 0 0 1 0 1 0 1 1 0 0 0 1 0 1 1 1 1 0 1 1 0 0 0 1 0 1 0 1 1 1 1 1 1 0 1 1 0 0 0 0 0 0 0 1 0 1 1 1 1 1 0 0 0 1 0 0 0 0 0 0 1 0 0 0 0 0 1 1 1 1 0 0 0 1 1 1 0 1 1 0 1 1 1 1 0 0 1 1 1 0 0 0 0 0 1 1 1 1 1 1 0 1 1 1 2 0 0 1 1 0 0 0 1 1 0 1 1 0 1 1 0 0 1 1 0 1 0 0 0 0 1 1
0 0 0 1 0 0 0 0 0 1 1 0 1 1 0 1 1 1 0 1 1 0 0 1 0 0 0 1 1 1 1 1 1 0 1 0 1 0 1 0 1 0 1 0 1 1 1 1 0 0 0 0 1 1 1 1 1 0 1 0 1 0 0 0 1 0 1 1 0 0 0 1 0 1 1 1 1 0 1 0 1 0 0 1 1 1 1 1 1 0 0 1 0 0 1 0 1 0 0 0 1 1 0 1 1 1 1 0 1 0 1 1 0 0 0 0 0 0 1 0 0 1 0 73 0 0 0 1 1 0 0 1 1 0 1 1 1 1 1 0 1 1 1 0 1 0 1 0 1 0
0 1 0 1 0 1 0 0 0 1 1 1 1 0 0 1 0 1 1 1 0 1 0 0 1 0 0 0 1 1 1 1 1 0 1 1 0 1 0 0 0 1 0 1 1 1 1 1 1 1 1 1 1 1 0 1 0 1 1 0 1 0 0 0 0 1 1 0 1 1 0 1 1 0 1 1 0 1 1 0 1 1 1 0 1 1 0 1 0 0 0 1 1 1 1 1 1 0 0 1 0 0 1 0 0 1 1 0 0 1 1 0 1 1 1 0 1 1 1 1 0 0 1 0 36 0 1 1 0 1 0 1 1 0 1 1 0 1 1 1 0 0 1 0 0 0 1 1 0 1
1 1 0 0 1 1 0 0 1 0 1 1 0 0 0 1 0 0 0 1 0 0 0 0 0 0 0 0 1 1 0 1 0 1 1 1 0 1 1 1 0 0 1 0 0 0 1 1 0 0 1 1 1 0 1 0 1 0 1 1 1 0 1 1 1 0 0 1 0 1 0 0 0 1 0 1 1 0 1 1 1 0 1 0 1 0 1 1 0 1 0 1 1 1 0 1 0 0 1 1 0 0 1 0 1 0 0 0 1 0 1 1 1 0 1 0 0 0 1 1 1 1 1 1 1 52 0 1 0 1 0 1 0 1 0 0 0 0 1 0 1 1 0 1 0 1 1 1 0 1
0 0 0 1 0 0 0 1 1 1 1 0 0 1 0 0 1 0 1 0 1 1 0 0 1 0 1 1 1 0 1 0 0 0 0 0 0 0 1 0 0 0 0 1 1 0 0 0 1 1 0 1 0 1 1 1 1 0 0 1 1 1 1 1 1 1 0 1 0 0 1 0 1 0 0 1 1 0 1 0 0 0 0 0 1 0 0 1 1 0 1 1 1 0 0 0 0 1 1 1 0 0 0 1 1 1 0 1 0 0 0 0 1 0 1 0 1 1 0 1 1 0 1 1 1 1 36 1 0 0 1 1 1 0 1 0 1 1 1 1 1 0 1 0 0 1 1 1 0 0
0 0 1 1 0 1 0 1 0 0 1 0 1 0 0 0 1 0 0 1 1 1 1 0 0 1 0 0 1 0 0 0 1 1 0 1 0 1 1 1 0 0 1 0 0 1 1 1 1 1 1 0 0 0 0 0 0 0 1 0 1 1 0 1 1 1 1 0 0 1 0 1 1 1 1 1 0 1 0 1 1 1 0 1 0 0 0 0 1 1 1 1 1 0 0 0 0 0 0 0 0 1 1 0 1 0 0 0 1 1 0 0 1 0 0 1 0 1 1 1 1 0 1 1 1 1 1 87 1 1 1 1 0 1 0 1 0 0 0 0 0 1 1 1 1 0 1 0 1 1
1 0 1 0 1 1 0 0 0 1 1 0 0 0 0 0 1 0 1 1 0 1 1 1 1 1 1 1 1 0 0 0 1 0 1 0 0 1 1 1 0 0 1 1 0 1 0 1 1 1 0 0 1 1 1 1 0 1 1 1 0 1 0 0 1 1 1 0 0 0 0 1 0 1 0 1 0 0 0 0 0 1 0 1 0 1 0 1 0 1 0 1 1 0 0 1 1 1 1 1 0 1 0 0 1 0 0 0 0 1 0 1 1 0 1 1 0 1 0 0 0 1 1 1 0 0 1 1 65 1 0 0 1 1 1 1 0 0 1 1 1 1 0 1 0 1 1 0 0 0
1 0 1 0 1 0 1 1 0 1 0 0 1 0 1 0 1 0 1 1 0 1 0 1 1 1 0 0 1 0 1 1 0 1 1 0 0 1 0 0 1 1 0 1 0 1 1 1 0 0 0 0 1 0 1 0 0 1 0 0 1 1 1 1 1 0 1 0 1 1 0 1 1 0 1 1 0 1 1 0 1 0 0 0 1 0 0 1 0 1 1 1 0 0 0 1 0 0 1 0 1 1 1 1 0 1 1 1 1 0 1 1 0 1 0 1 0 1 0 1 1 0 1 0 1 1 1 0 0 29 0 0 1 1 1 0 0 0 0 1 0 1 1 1 1 1 0 1 1 1
0 1 0 1 0 0 0 1 0 0 1 1 0 1 1 1 0 0 1 1 0 1 1 1 0 1 0 0 0 1 0 0 0 0 0 1 1 1 0 1 0 0 1 1 1 0 1 1 0 0 0 1 0 1 0 1 0 1 0 0 0 1 1 0 0 0 1 0 1 1 0 0 1 1 1 1 1 0 1 0 1 1 1 0 1 1 0 0 1 0 1 0 0 0 1 0 1 0 0 0 0 0 1 1 1 1 1 1 0 0 0 1 1 1 0 0 1 0 1 1 0 1 1 0 0 0 0 1 1 0 55 0 0 1 0 1 0 0 0 0 1 1 0 0 1 0 1 0 0 0
0 1 0 0 1 1 0 0 0 1 1 1 1 1 0 1 0 0 1 0 1 1 0 0 1 1 1 1 0 0 0 1 0 0 1 0 0 1 0 0 0 0 1 0 1 0 1 0 0 1 0 1 1 0 0 0 1 0 0 1 1 1 0 0 1 0 1 1 0 1 0 1 1 0 0 1 0 0 0 0 1 0 0 1 1 1 0 0 1 1 0 0 1 1 1 0 0 0 1 1 1 0 0 1 1 0 0 0 1 1 1 0 0 0 1 1 0 0 0 1 0 1 0 0 1 0 1 0 0 0 1 51 0 1 0 0 0 0 1 0 1 1 0 0 0 0 1 1 1 0
1 1 1 0 1 1 1 1 0 1 1 1 0 0 0 0 1 1 0 1 1 1 1 1 1 0 0 0 0 0 0 1 1 0 0 1 1 0 0 0 1 0 0 0 0 0 0 1 0 1 1 1 0 1 1 1 0 0 0 1 1 0 0 1 1 1 1 1 0 1 1 0 0 1 1 1 0 0 1 0 1 1 1 1 1 0 1 0 1 1 0 0 0 0 0 0 1 1 0 0 0 1 0 1 0 1 0 1 0 1 0 1 0 1 1 1 0 0 0 0 1 0 0 1 0 0 0 0 1 1 1 1 83 1 1 0 1 0 0 0 1 1 1 0 0 0 1 1 0 1
0 1 0 1 1 0 1 0 0 0 0 1 0 1 1 0 1 1 1 0 1 0 0 1 0 0 0 1 0 0 0 1 0 0 0 0 1 0 1 1 0 1 0 0 1 1 1 1 1 0 1 1 0 1 0 1 0 1 1 1 0 0 1 0 0 0 1 0 0 1 0 1 1 0 0 0 1 0 1 0 1 0 1 0 0 0 0 0 1 0 1 1 1 0 1 1 0 1 0 0 0 1 1 1 1 0 1 1 1 1 0 1 0 0 1 0 1 1 0 0 0 1 0 1 0 1 1 1 0 1 1 0 1 12 1 0 0 1 0 1 1 0 1 0 1 1 0 0 0 1
1 1 1 1 1 1 1 1 1 1 0 1 0 0 0 0 1 0 1 1 0 1 0 1 1 0 1 0 0 1 0 1 0 0 1 1 1 0 0 0 0 1 1 0 1 0 1 1 1 1 1 0 1 1 1 1 0 0 1 0 0 0 0 1 1 1 0 0 0 1 1 0 0 0 0 1 1 0 0 0 0 1 1 0 1 0 1 1 0 0 1 0 1 0 0 0 1 0 1 0 0 0 1 1 0 1 0 0 0 0 1 0 0 0 0 0 0 1 0 1 1 0 0 0 1 0 1 0 1 0 0 1 0 1 71 0 1 0 0 1 0 0 0 1 0 0 0 0 1 0
0 0 0 1 1 0 0 0 1 0 0 0 1 1 0 0 0 0 0 0 0 0 0 0 0 0 0 0 1 1 0 0 0 0 1 1 0 1 1 0 1 0 1 1 1 1 0 0 0 0 0 1 0 1 1 1 1 1 1 0 1 0 0 0 1 0 0 0 0 0 0 0 1 0 0 1 1 1 1 0 0 0 1 0 0 1 0 0 0 1 0 0 0 1 0 0 1 1 1 1 1 0 1 1 1 0 1 0 0 1 0 0 1 1 0 0 0 0 0 0 1 0 0 1 0 1 0 0 0 1 0 1 1 0 0 2 0 0 1 0 0 0 1 0 0 0 1 0 0 0
0 1 0 0 1 1 1 0 1 0 1 0 1 0 1 1 1 0 0 1 1 0 0 1 1 1 1 0 0 1 1 0 0 0 1 0 0 1 1 0 0 1 0 1 0 1 0 1 1 1 1 1 0 0 0 1 1 1 0 1 0 0 1 1 1 1 1 0 0 1 0 0 0 0 0 0 1 1 0 0 0 0 0 0 0 0 1 0 1 1 0 0 0 0 1 1 0 1 0 0 0 0 1 0 1 0 1 0 0 1 0 1 1 0 1 1 0 1 0 0 1 1 1 0 0 1 1 1 1 0 0 1 0 0 1 0 62 1 1 0 0 1 0 1 0 1 0 0 1 1
1 0 1 0 1 1 0 0 1 0 0 1 1 0 1 1 0 0 1 1 0 0 1 0 1 1 0 0 0 0 1 0 1 1 0 1 0 0 0 1 0 1 0 1 0 1 1 0 1 0 1 1 0 1 0 0 1 1 0 0 0 1 0 1 0 0 0 1 1 0 0 0 1 1 0 1 1 1 1 0 1 1 1 1 1 0 0 0 1 1 1 1 0 1 1 1 0 1 0 1 1 1 1 0 0 0 0 1 1 0 1 0 0 1 1 0 1 1 1 0 0 1 0 1 0 1 0 1 1 0 0 0 0 0 0 0 1 20 0 0 0 1 0 0 0 1 1 1 0 1
1 0 0 0 1 1 1 1 1 1 0 1 1 0 1 1 1 0 0 0 0 1 1 0 0 0 0 1 0 1 0 0 1 1 0 0 1 0 1 0 1 1 1 0 1 1 1 1 0 1 0 1 0 1 0 1 1 1 1 0 0 0 1 1 0 0 0 0 0 1 0 1 0 0 0 0 0 1 0 0 0 1 0 0 0 1 0 0 1 1 1 0 1 1 0 0 1 0 0 1 0 0 1 1 1 0 0 0 1 1 0 0 0 0 0 0 0 1 1 1 1 0 1 1 1 0 1 0 1 1 0 0 0 1 1 1 0 1 14 1 0 1 1 0 1 1 1 0 1 0
0 1 1 1 0 1 1 1 1 1 0 1 0 1 1 0 1 1 1 1 0 0 1 1 0 0 1 0 1 0 0 0 1 1 1 1 0 1 0 1 0 0 0 0 0 1 1 1 0 1 1 1 1 1 0 1 0 1 1 1 1 0 1 1 0 0 0 0 1 1 1 1 0 0 0 0 1 0 1 0 0 1 1 0 0 0 0 0 0 0 0 0 1 1 1 0 1 0 0 0 0 1 0 0 0 0 0 1 0 0 1 0 1 0 0 0 0 0 0 0 1 1 0 1 1 0 1 1 0 1 1 1 0 0 1 1 1 0 1 82 1 1 0 1 0 1 0 0 1 0
1 0 1 1 0 1 1 1 1 1 1 0 0 1 0 0 0 1 1 0 1 1 0 0 1 0 1 0 0 1 1 1 0 1 0 0 0 0 1 0 1 1 0 0 1 0 1 1 1 1 1 0 1 1 0 1 1 0 0 0 1 1 0 0 1 0 0 1 1 1 0 0 0 1 1 0 0 1 0 0 0 0 1 1 1 0 0 1 0 0 0 1 0 0 1 1 1 0 1 1 0 0 1 0 1 0 1 0 1 1 0 1 0 1 1 0 0 0 0 1 1 0 1 1 0 0 1 0 1 0 0 1 0 0 0 1 0 1 0 1 52 1 0 0 0 1 1 0 1 1
1 0 1 1 0 1 1 1 1 0 1 1 0 0 1 1 0 0 0 1 0 0 1 0 1 1 0 1 0 0 1 1 1 1 0 0 1 0 1 1 0 0 1 1 1 1 1 0 0 0 1 1 0 0 0 1 0 1 0 1 0 1 1 0 1 1 0 0 0 1 0 0 0 1 0 0 1 0 1 0 1 0 0 1 0 0 1 1 0 0 0 1 1 1 1 1 1 1 0 1 0 1 0 1 0 1 1 0 0 1 0 0 0 1 1 0 0 0 1 0 0 0 0 0 0 0 1 0 1 0 0 1 1 1 1 1 0 1 0 1 1 4 0 0 1 0 1 0 1 0
1 1 0 0 1 1 1 0 0 0 1 0 1 1 1 1 1 0 0 1 1 1 0 0 0 0 1 1 1 1 0 1 1 0 0 0 1 0 0 0 0 0 1 0 1 1 0 1 1 1 0 1 0 1 1 1 0 0 0 1 1 1 0 0 1 1 0 1 1 1 1 0 0 0 1 1 1 1 0 0 0 0 1 0 1 0 1 1 0 1 1 0 0 0 1 0 0 1 0 0 1 0 1 0 1 1 0 1 0 1 0 1 0 1 0 0 1 0 1 0 0 0 0 1 1 0 1 1 1 1 1 0 1 0 0 0 1 1 1 1 0 1 54 1 1 1 0 1 1 1
1 1 0 0 1 0 1 1 1 0 0 0 1 1 1 1 1 0 0 0 1 1 1 0 0 1 1 1 0 1 0 0 1 0 1 0 0 0 0 1 0 1 0 1 1 0 0 0 1 0 0 0 0 0 1 1 1 0 0 1 0 1 1 1 1 1 1 1 1 0 0 1 1 0 1 0 0 0 0 1 1 1 1 0 1 0 0 1 1 1 1 1 1 0 1 1 1 1 1 1 1 1 0 1 1 0 1 1 1 0 1 0 0 1 1 1 0 0 0 1 1 0 1 1 1 0 0 1 1 1 0 0 1 1 1 0 1 0 1 0 1 1 0 20 1 1 1 1 1 1
0 1 1 1 1 0 0 0 1 1 1 1 1 0 1 1 0 0 0 0 0 1 1 1 0 0 1 1 0 1 1 1 1 1 0 0 0 0 1 0 0 0 0 0 1 0 1 0 0 0 0 1 1 1 0 0 0 1 1 0 1 0 1 1 0 1 1 1 1 1 1 0 0 0 0 0 0 0 0 0 0 1 1 1 1 1 0 0 1 0 0 1 0 0 0 1 0 1 1 0 1 1 0 1 1 0 1 1 1 1 1 1 0 1 0 0 0 0 1 0 1 0 1 0 0 0 1 1 0 1 1 0 1 1 0 0 0 0 0 1 1 1 0 1 37 0 1 1 0 0
0 1 0 1 1 0 1 0 0 0 1 1 1 1 0 1 1 0 1 1 0 0 1 0 1 1 1 1 1 0 0 1 1 1 0 1 0 1 0 1 1 0 0 1 1 0 1 1 1 0 0 1 0 0 0 1 0 1 0 0 1 1 1 0 1 0 1 0 1 1 0 1 0 0 0 1 0 0 0 1 1 0 1 1 1 1 0 0 0 0 1 0 1 1 1 1 0 0 1 1 0 0 0 1 1 1 0 1 1 1 1 0 0 0 0 0 0 0 0 0 1 1 0 0 1 0 0 0 1 1 1 0 1 1 0 1 1 1 1 0 1 0 0 1 0 93 1 1 0 1
0 0 1 1 1 1 1 0 0 0 1 1 0 1 0 1 1 1 0 1 1 0 0 1 0 0 0 1 0 0 1 1 1 0 0 0 0 0 1 1 1 0 1 1 1 1 0 1 0 1 1 0 1 0 0 1 1 1 1 1 1 1 0 0 0 0 0 1 0 0 0 1 0 1 1 1 0 0 1 0 1 1 0 0 1 0 1 0 0 0 1 1 0 0 1 1 1 0 1 1 1 0 1 1 0 0 0 0 0 1 1 0 0 1 0 0 0 1 1 0 1 0 0 0 1 1 0 0 1 0 1 0 1 0 1 0 0 0 1 1 1 0 0 0 0 0 71 0 1 1
1 1 0 0 1 1 1 0 0 0 0 0 1 1 0 1 0 0 1 0 0 1 1 0 1 0 0 0 0 0 1 1 0 0 0 1 1 1 1 0 1 1 1 0 0 0 1 1 1 1 1 1 1 0 0 0 1 1 0 1 1 0 0 0 0 1 0 1 0 1 1 0 1 0 1 0 1 0 1 1 1 1 1 1 1 0 0 1 0 1 1 0 1 1 0 0 0 0 1 0 0 0 0 0 1 0 0 1 0 1 1 0 1 1 0 1 1 1 0 1 0 0 0 0 1 0 1 0 1 0 1 1 1 0 1 0 0 0 0 1 1 0 0 1 0 0 1 64 0 1
1 1 0 0 1 0 1 0 1 1 1 0 1 0 0 1 0 1 0 0 0 1 1 1 1 1 1 0 0 1 1 1 0 1 0 0 0 0 0 0 1 1 1 0 0 0 0 1 1 1 1 1 1 0 0 1 1 0 1 0 1 0 1 1 0 0 0 1 1 0 0 1 0 1 1 1 0 0 0 1 0 0 1 0 0 1 0 0 1 1 0 0 0 1 0 1 0 1 1 0 1 0 1 0 1 1 0 0 1 1 1 1 0 0 1 1 1 0 1 0 0 1 0 1 1 0 0 1 1 0 1 0 0 0 1 1 0 1 1 1 0 0 1 0 1 0 0 0 77 1
1 1 0 0 0 0 0 1 0 1 1 0 1 0 0 0 1 1 0 0 1 0 0 1 1 0 1 0 1 0 0 1 1 1 0 0 1 0 1 1 0 0 0 1 0 1 1 1 1 0 1 1 1 0 0 0 1 1 1 0 0 1 0 1 1 0 1 1 0 1 0 0 0 1 0 1 1 1 1 1 0 1 0 0 1 1 1 0 1 1 1 1 1 1 1 0 0 1 1 1 1 0 1 0 0 0 1 1 1 0 1 0 0 1 1 1 1 0 1 0 1 1 0 0 1 1 1 1 0 0 0 0 0 1 1 1 0 1 1 0 1 1 1 0 0 0 1 1 0 80