200
61 1 1 1 1 0 1 1 0 1 0 1 0 1 1 1 1 1 0 0 1 0 0 0 1 1 1 1 1 1 0 1 0 1 1 1 1 0 1 1 0 0 1 1 1 1 1 1 0 1 1 1 0 1 0 1 0 0 1 1 0 0 1 0 1 0 0 1 1 1 1 0 0 0 1 0 0 1 0 1 0 1 1 1 0 1 0 1 1 1 0 0 1 0 1 0 1 1 1 1 1 0 1 0 0 1 1 1 1 0 1 1 0 1 1 0 0 1 1 1 0 0 1 0 1 1 1 1 0 1 0 0 1 1 0 0 0 0 0 0 1 1 1 0 1 1 1 1 0 1 0 0 1 1 0 0 0 0 1 0 1 1 0 1 0 1 0 0 0 1 0 1 0 1 0 1 0 1 1 0 1 0 1 1 0 0 0 0 1 0 1 1 0 0 0 1 1 0 0 1
1 65 0 0 1 0 0 1 1 0 1 1 1 0 0 0 1 0 0 1 0 1 0 1 0 0 1 1 1 1 1 1 0 1 0 1 1 1 1 1 1 0 1 0 0 1 0 1 1 0 0 0 1 1 1 0 1 1 0 1 1 1 1 1 0 0 1 1 0 1 1 1 1 1 1 1 1 1 0 1 1 1 0 0 1 1 1 0 0 0 0 1 1 0 1 1 1 1 0 0 1 1 0 1 1 0 1 0 1 0 0 0 1 1 1 1 0 0 0 1 1 1 0 1 0 1 1 0 1 0 1 0 1 0 1 1 1 1 1 0 1 1 1 1 0 1 0 0 0 1 0 0 0 1 1 1 0 0 0 0 1 1 0 0 0 0 1 1 0 0 0 1 1 1 0 0 1 1 0 1 1 1 0 1 1 1 1 1 1 0 1 1 1 1 1 1 0 1 1 0
1 0 87 1 1 1 0 0 0 0 0 0 1 1 0 1 1 1 1 1 1 1 1 1 0 0 1 1 1 1 0 0 0 1 1 0 1 0 1 0 0 1 0 0 1 0 1 1 0 1 1 0 0 1 1 1 1 1 0 1 0 1 1 1 1 0 0 1 1 1 1 0 0 1 1 1 1 0 0 1 0 0 1 1 1 1 1 1 0 1 0 1 1 1 1 1 1 0 0 0 1 1 1 1 1 1 0 1 1 1 1 1 1 1 1 1 1 1 1 1 0 1 0 1 0 0 1 0 1 1 0 0 1 1 1 1 0 1 1 1 0 1 1 1 0 0 0 1 0 1 1 0 0 1 1 0 1 1 1 1 1 0 1 1 0 1 1 1 0 1 1 0 0 1 0 1 1 0 1 1 0 1 1 1 1 1 1 0 1 0 0 1 0 0 0 0 0 1 0 1
1 1 0 99 0 1 0 0 1 1 1 0 1 0 0 1 0 0 1 0 1 0 1 1 1 0 1 0 0 1 1 0 0 0 0 1 1 1 0 0 0 1 0 0 1 0 1 1 1 1 1 1 0 1 1 0 1 1 1 1 1 1 1 0 1 1 0 1 1 1 1 0 0 1 1 0 1 1 0 0 0 0 0 0 1 0 0 0 0 0 1 0 0 0 0 1 1 0 1 1 0 1 1 0 1 0 1 0 1 1 1 1 0 1 1 0 0 1 1 0 0 1 0 1 1 1 0 0 1 0 0 1 1 1 0 1 1 1 1 0 0 1 0 0 1 0 0 0 1 0 1 1 1 0 0 0 1 1 1 1 1 1 1 0 1 1 1 1 0 1 1 1 1 0 1 0 0 0 1 1 1 0 1 1 0 1 0 1 0 0 1 1 1 1 1 1 0 0 1 1
0 1 1 1 63 1 1 1 1 1 1 0 1 1 1 0 0 1 1 0 0 0 1 0 1 1 1 1 1 1 1 0 0 0 1 0 1 0 0 1 0 1 0 1 0 0 1 0 1 0 1 1 1 1 0 0 1 1 0 1 1 0 0 1 1 1 1 1 1 1 0 0 1 1 0 1 0 0 0 0 0 0 1 0 1 0 0 1 1 0 1 1 0 1 0 0 0 1 0 1 1 1 1 0 1 1 1 0 0 0 0 1 0 1 1 1 0 0 0 0 0 1 1 1 1 0 1 1 1 0 1 1 0 0 1 1 0 1 1 1 0 1 0 0 0 0 0 0 1 1 0 1 1 1 1 0 0 0 0 1 0 0 1 1 1 1 0 1 1 0 0 0 1 1 1 1 1 0 0 0 1 1 0 1 1 1 1 1 1 1 0 1 1 1 0 1 1 0 0 0
1 0 1 1 1 89 1 1 0 1 0 1 1 0 0 1 0 1 0 0 0 0 1 0 1 1 1 1 1 1 0 1 1 0 0 1 1 1 1 1 1 1 1 0 0 1 0 1 1 1 1 1 1 1 1 1 1 0 1 1 0 0 0 1 1 1 0 1 1 1 0 0 0 0 1 1 0 1 1 1 1 0 1 1 1 1 1 1 1 1 0 1 1 1 1 0 1 1 1 1 1 1 0 1 1 0 0 1 1 0 1 1 1 0 0 1 1 0 0 1 1 1 0 0 0 0 0 0 1 1 0 1 0 0 0 1 0 1 0 1 0 1 1 0 0 1 0 1 1 0 0 0 1 1 0 0 1 1 1 0 1 1 1 1 1 1 1 0 1 1 0 1 1 1 1 0 1 1 1 1 1 1 0 1 0 1 1 0 1 1 0 1 0 1 1 1 1 1 1 1
1 1 1 0 0 0 9 1 1 1 1 1 1 1 0 1 1 1 1 1 1 1 0 0 1 1 0 1 1 1 0 0 1 0 1 0 0 1 1 0 1 1 0 0 1 1 1 1 0 1 1 1 0 1 1 1 0 0 0 0 1 1 0 1 0 0 1 0 1 0 1 0 0 1 0 0 0 0 1 0 1 1 0 1 1 1 1 1 1 1 0 1 0 0 1 1 0 1 0 1 1 0 0 1 0 0 1 1 1 1 0 0 0 0 0 1 0 0 0 1 0 1 1 0 1 0 1 1 1 1 1 1 0 1 0 1 0 1 0 0 0 1 1 1 1 1 1 1 0 1 0 1 1 0 1 1 1 0 0 1 1 0 1 0 1 0 1 0 0 1 1 1 1 0 1 1 1 1 0 1 1 1 1 0 1 1 1 1 1 1 0 0 1 1 1 0 0 0 1 1
1 0 1 0 1 1 0 55 1 1 1 1 1 0 0 1 1 0 0 1 1 1 0 1 0 1 1 0 1 0 1 1 1 1 1 1 1 1 0 0 1 1 1 0 0 1 0 0 1 1 1 1 0 1 1 1 1 0 1 1 0 0 1 0 1 0 1 1 0 1 1 0 1 0 0 1 1 0 0 0 0 0 0 1 0 1 0 1 0 1 1 1 0 0 0 1 0 0 0 0 0 0 0 1 1 1 1 0 1 1 1 1 1 1 0 1 1 0 1 1 1 1 1 1 1 0 0 0 0 1 1 1 1 1 1 0 0 0 1 1 1 1 1 0 0 0 1 1 0 0 0 1 0 1 1 1 0 1 1 0 0 0 0 1 1 1 0 1 0 0 0 1 1 1 1 1 1 1 0 1 1 1 1 0 1 0 0 0 1 1 0 1 1 1 1 1 1 0 0 1
0 1 1 0 0 1 0 1 78 0 0 1 1 1 1 0 0 0 1 1 1 1 1 1 0 0 0 0 0 1 1 0 1 0 1 1 0 1 1 1 0 1 0 1 1 1 1 1 1 1 0 1 0 1 0 1 0 0 1 1 1 1 0 0 1 1 0 1 0 1 0 1 0 0 0 1 1 1 1 1 0 1 1 0 1 1 1 1 1 1 0 1 0 0 1 0 0 1 1 0 0 1 1 1 0 1 0 0 1 0 0 0 0 1 0 1 1 1 1 1 0 0 1 0 0 0 1 1 1 1 0 0 0 1 0 0 0 0 0 1 1 1 1 1 1 0 1 0 1 1 1 1 1 1 1 1 1 1 1 0 1 1 1 0 1 1 1 1 1 0 0 1 1 1 0 1 1 1 0 0 0 1 1 0 1 0 1 1 0 0 1 0 1 1 1 0 1 1 0 1
0 1 0 0 1 1 1 1 1 60 1 1 1 0 0 1 0 1 1 0 0 1 0 0 1 1 1 0 0 1 1 0 1 0 0 1 1 0 1 0 1 0 0 0 1 1 1 1 1 1 0 0 1 1 1 0 1 0 0 1 1 1 1 1 0 1 1 0 1 0 1 1 1 0 1 1 0 1 0 0 1 1 0 1 0 0 0 0 1 1 0 1 1 1 1 0 1 0 1 1 0 1 1 0 1 0 1 1 1 0 0 1 1 0 1 1 1 1 1 1 1 0 0 0 0 1 0 1 1 1 1 0 1 1 0 0 1 0 1 1 1 1 0 1 1 0 0 0 1 1 1 0 0 0 1 1 1 0 0 1 1 0 1 1 1 1 1 1 1 0 1 1 0 1 0 0 0 1 1 1 1 0 1 0 0 0 1 0 0 0 0 1 1 1 0 1 1 0 0 0
1 0 1 0 1 1 1 0 0 0 19 1 0 1 1 0 0 0 1 0 0 1 0 1 0 0 0 1 0 1 0 1 0 1 1 0 1 1 0 1 0 1 1 1 1 0 0 1 1 0 0 0 1 0 1 1 0 1 1 1 1 0 1 1 1 1 0 0 0 0 1 0 0 0 0 1 0 0 1 1 0 1 1 1 1 1 1 0 1 0 1 0 0 1 1 0 1 0 0 0 1 0 0 1 0 0 1 1 1 1 0 1 1 0 0 1 0 1 0 0 1 1 1 1 0 1 1 0 1 0 0 1 1 1 0 1 1 1 1 1 0 1 0 1 1 0 0 1 1 1 0 1 0 1 1 1 0 1 1 1 1 1 1 1 0 0 1 1 0 1 1 0 1 1 1 1 1 0 1 0 0 0 0 0 0 0 1 1 1 1 1 1 1 1 1 1 1 1 1 1
0 1 0 1 1 0 1 0 1 0 1 55 0 1 1 1 1 0 0 0 1 1 1 1 1 1 0 0 1 1 0 0 0 0 0 1 1 1 0 0 1 1 0 0 1 1 0 1 1 1 1 1 1 1 0 0 0 1 1 1 0 1 1 1 1 0 1 1 0 1 1 1 0 1 1 1 0 1 1 1 1 0 0 0 1 1 1 1 1 0 0 1 1 1 0 1 0 0 1 1 1 1 0 0 1 1 1 0 1 1 1 0 1 1 1 1 1 1 1 1 0 1 0 1 1 0 1 1 1 1 1 0 1 1 0 0 1 0 1 1 0 1 0 1 1 1 0 0 0 0 1 0 1 0 0 1 1 1 1 1 0 1 1 1 1 0 1 1 1 0 1 0 0 0 0 1 1 0 1 0 0 0 1 0 0 0 1 0 1 1 1 1 1 1 0 0 1 1 1 0
0 0 1 0 1 1 1 1 1 1 1 0 12 0 0 0 1 1 1 0 1 1 0 0 1 0 0 1 1 1 1 1 1 1 1 1 0 1 0 0 1 1 1 1 0 1 0 1 1 0 1 0 0 0 1 1 0 1 1 1 0 1 0 0 0 0 1 1 0 1 0 1 1 1 0 1 0 1 0 1 1 1 0 1 1 0 1 1 1 1 1 1 0 1 1 1 1 1 0 1 0 1 1 0 1 1 0 1 0 0 1 1 1 1 0 0 0 1 1 1 0 0 0 1 1 1 0 1 0 0 0 1 0 1 1 1 0 1 1 0 1 1 1 1 1 1 1 0 0 1 1 1 0 1 0 1 0 1 0 1 1 1 0 1 1 1 1 0 0 1 0 1 0 0 1 1 0 0 1 0 1 1 0 1 0 0 1 1 1 0 0 0 1 0 1 1 0 0 1 1
0 0 0 1 1 0 0 1 0 0 0 0 0 1 1 1 0 1 1 1 1 0 1 1 1 1 0 0 1 0 0 1 0 0 0 0 1 0 1 1 0 1 0 1 0 0 1 0 1 1 0 1 0 1 1 1 1 1 0 1 1 0 0 1 1 0 0 0 1 1 0 0 1 1 1 1 0 1 0 1 0 1 0 0 1 1 0 0 1 1 1 1 0 0 1 0 1 1 1 1 0 1 1 1 1 0 1 1 1 1 1 1 1 1 1 1 1 1 0 1 1 0 0 1 0 1 0 0 1 1 1 1 0 0 1 1 0 0 1 0 1 1 0 1 1 1 0 0 1 0 1 0 0 1 0 0 1 1 0 1 1 0 1 0 0 0 1 1 1 1 0 0 1 0 1 0 0 1 1 1 1 0 0 1 0 0 1 0 1 1 1 0 0 1 0 1 0 1 1 0
1 1 1 1 1 0 1 1 1 0 0 0 1 1 57 1 0 0 1 1 1 1 0 0 0 0 1 1 1 0 1 0 1 0 1 1 0 0 0 0 1 1 0 0 1 1 1 0 0 0 1 1 1 1 1 1 0 1 1 0 0 1 1 0 1 0 0 1 0 1 1 1 1 0 1 1 0 1 0 1 0 0 1 0 1 1 1 0 0 0 0 1 0 0 0 1 1 1 0 1 1 1 1 1 1 1 1 0 1 1 1 1 0 0 1 1 0 0 1 1 0 0 0 1 0 0 0 1 1 1 1 0 1 0 1 1 1 0 0 0 0 1 1 1 0 0 1 1 1 0 0 0 0 1 1 0 1 1 1 1 1 1 0 1 0 1 0 1 0 1 0 1 0 1 1 0 1 1 1 1 0 1 1 0 1 1 0 0 1 1 1 0 1 0 0 0 1 0 0 0
0 0 0 1 0 1 0 1 1 1 1 0 0 0 1 49 1 1 0 1 1 0 1 1 0 1 1 0 0 1 1 1 1 1 0 1 1 1 1 1 0 1 0 1 1 1 1 0 1 1 1 0 0 0 0 1 1 0 1 1 0 1 1 0 1 1 1 0 0 0 1 1 1 1 1 0 0 1 1 1 1 1 0 0 1 0 1 1 1 1 1 0 0 1 1 1 1 1 0 1 0 1 0 1 0 0 1 0 0 0 1 1 1 1 1 1 1 0 0 0 0 0 1 1 1 1 0 1 0 1 0 1 0 1 1 0 0 1 0 1 1 1 1 0 1 1 0 0 1 1 0 1 1 1 1 1 1 0 0 0 0 0 0 0 0 1 0 0 0 0 1 1 1 1 1 0 1 1 1 1 0 0 1 0 0 1 1 0 1 0 0 0 1 1 0 0 1 1 1 0
0 0 1 0 0 1 1 0 1 0 1 1 1 1 0 0 75 0 1 1 0 0 0 0 1 1 1 0 1 0 1 1 1 0 0 1 0 1 0 0 0 1 1 1 1 1 0 0 1 1 0 1 0 0 1 1 1 1 1 1 1 1 0 0 1 1 1 1 1 0 0 1 0 1 0 1 0 1 1 1 1 1 1 0 1 0 0 1 1 1 1 1 0 0 1 1 1 0 1 0 1 0 1 1 1 1 0 0 0 1 1 1 1 1 1 0 1 0 1 1 0 1 1 1 0 0 1 1 1 1 0 1 0 1 0 1 1 1 1 1 1 0 1 0 1 0 1 1 1 0 1 0 1 0 0 0 1 1 0 0 1 0 1 0 1 0 1 1 0 1 1 1 0 1 1 1 1 0 1 1 0 0 0 1 1 1 1 1 0 0 1 0 0 0 1 0 0 1 0 1
1 1 1 1 0 1 0 1 1 1 1 1 1 0 1 1 1 23 0 1 0 1 1 1 1 0 1 0 1 1 0 0 0 0 0 1 1 0 1 0 0 0 0 0 1 0 0 0 0 1 1 1 0 0 0 1 0 0 1 1 0 0 1 0 1 0 0 1 0 1 1 0 1 1 0 1 1 0 0 0 1 0 1 1 1 1 1 1 1 0 1 1 1 1 0 0 0 1 1 0 0 1 1 1 1 1 0 1 1 1 1 1 1 0 1 1 1 1 1 1 0 1 0 0 1 1 0 0 1 1 0 1 1 0 0 1 0 1 1 1 0 0 1 1 0 1 0 0 0 0 1 1 1 1 1 0 1 1 0 1 1 1 0 1 1 0 1 0 0 0 1 1 0 1 1 1 1 1 0 1 0 0 0 1 1 0 1 1 1 0 1 1 1 1 0 0 1 1 1 1
1 1 0 1 0 1 1 0 0 1 0 1 0 1 0 1 1 0 55 0 0 1 1 0 1 0 0 0 1 0 1 0 0 1 1 0 0 1 1 0 0 1 1 0 0 1 1 1 1 1 1 1 1 1 1 1 1 0 0 0 1 0 1 1 0 1 1 0 0 0 0 1 0 1 1 1 1 1 1 0 0 0 0 1 1 0 0 0 1 1 1 1 1 0 0 1 0 1 0 1 1 1 0 0 0 0 0 1 1 1 1 1 1 1 1 1 1 0 0 1 0 0 0 0 0 0 0 1 1 1 0 0 1 0 0 1 0 1 1 0 0 0 1 1 0 0 0 0 1 1 0 1 1 0 0 0 1 0 1 1 1 0 1 1 0 1 0 1 1 1 0 1 0 0 0 1 0 0 1 0 0 0 0 1 1 1 1 1 1 0 1 0 1 1 0 1 0 0 1 1
0 1 0 0 0 1 1 0 1 0 1 1 0 0 1 1 0 1 0 15 0 0 0 1 1 0 1 1 1 1 0 1 1 1 1 1 1 1 1 1 0 1 0 0 0 1 1 0 1 1 0 1 0 1 0 1 0 1 1 1 0 0 1 1 1 1 0 0 1 0 1 1 1 1 1 1 0 0 0 1 0 1 1 1 1 0 0 0 1 0 1 0 1 0 0 1 1 1 1 1 0 1 0 0 0 0 1 1 1 0 0 0 1 0 1 1 1 0 1 1 1 1 1 0 0 0 1 0 0 1 0 0 0 1 1 0 0 0 1 1 1 1 1 1 1 1 1 1 0 1 0 1 1 1 0 1 1 0 0 0 0 1 1 1 0 0 0 1 1 1 0 0 1 0 1 1 1 1 0 1 0 1 1 1 1 1 0 1 0 0 0 1 1 0 1 1 0 1 0 1
0 0 1 1 1 1 1 0 1 0 0 0 1 0 0 1 0 1 0 1 15 0 0 0 1 1 1 1 0 0 0 0 1 1 1 1 1 1 1 0 1 1 1 0 0 0 1 1 0 1 1 0 1 1 1 1 1 1 0 1 0 1 1 0 0 0 1 0 0 1 1 1 1 0 0 1 1 0 0 0 0 0 0 1 0 0 0 0 1 1 0 1 0 0 1 1 0 1 0 0 1 1 1 1 1 1 1 1 1 1 1 1 1 1 1 1 0 1 1 1 0 1 1 1 0 1 1 0 1 1 1 1 0 0 1 1 1 0 1 0 1 1 0 0 1 1 1 1 1 1 1 0 0 1 0 1 1 0 0 1 1 0 1 0 0 0 0 1 1 1 1 1 0 0 1 1 1 0 0 1 1 0 1 1 0 1 0 0 1 0 0 0 0 1 1 1 1 1 1 0
1 1 1 1 0 1 0 0 1 0 1 1 0 1 1 0 0 1 0 0 0 22 0 0 1 1 1 0 0 1 1 0 0 0 1 1 1 0 1 0 1 0 1 0 0 0 1 0 1 0 1 1 1 1 0 1 0 1 0 1 0 1 1 1 0 1 1 1 1 1 1 1 1 0 0 1 1 1 0 1 0 1 0 1 1 0 1 1 0 0 1 0 0 1 1 1 1 0 1 0 1 0 1 1 1 1 1 1 1 0 0 1 0 1 0 1 0 1 0 1 1 0 0 1 1 1 1 0 1 0 0 0 1 1 0 1 1 1 1 1 1 1 0 1 1 1 0 1 1 1 1 1 0 1 0 0 1 0 1 1 1 1 1 0 0 1 0 0 1 0 1 0 0 1 0 1 1 1 0 0 0 1 1 0 0 0 0 1 0 0 1 1 1 1 1 1 1 1 0 0
1 0 1 1 0 1 0 1 1 0 1 1 0 0 0 1 1 0 1 0 1 1 88 1 1 1 1 1 1 0 1 1 1 0 1 0 1 0 0 0 1 0 1 0 1 0 1 1 1 1 1 0 0 1 0 1 0 0 1 1 1 1 1 1 0 0 1 0 0 1 1 1 0 1 0 1 1 1 1 1 0 1 1 0 0 0 0 0 0 0 0 0 1 1 1 0 0 0 1 1 1 1 1 1 0 1 0 1 0 1 1 1 0 1 0 0 0 1 0 1 1 0 0 0 1 1 1 1 0 1 1 0 0 1 1 1 0 1 1 0 1 1 0 1 1 1 1 0 1 1 0 1 0 1 0 1 1 1 1 0 0 0 1 1 1 0 1 1 1 0 1 1 1 1 1 1 0 1 1 0 1 1 0 0 1 1 1 1 0 0 0 1 1 1 0 1 1 0 1 1
0 1 0 1 1 0 1 1 1 1 1 1 1 0 0 1 0 1 1 1 1 1 1 81 0 1 0 0 1 1 0 1 1 0 0 1 1 0 0 0 1 0 0 0 0 0 0 0 1 1 0 0 1 0 1 0 1 1 1 1 1 0 1 1 1 0 1 0 0 0 0 0 1 1 1 0 0 1 1 1 1 1 0 1 1 1 0 0 1 1 1 0 1 1 1 1 0 1 1 1 1 1 1 0 1 1 1 1 1 0 1 0 1 0 1 1 0 1 1 0 0 1 1 1 0 0 0 1 1 1 1 1 1 1 1 0 1 1 1 1 0 0 0 1 1 1 1 1 1 0 1 1 0 1 0 0 1 0 0 1 1 1 1 0 0 0 0 1 1 1 1 0 1 1 1 1 0 0 1 1 1 1 1 1 0 0 0 0 1 1 1 0 0 1 0 0 1 1 1 0
0 0 1 0 1 0 0 1 1 1 1 0 0 1 1 0 0 1 1 0 0 0 1 0 12 1 0 0 0 1 1 0 1 1 1 0 1 0 1 1 0 1 1 1 1 1 1 1 1 0 0 0 1 0 0 1 1 0 1 1 1 1 1 1 1 1 1 1 0 1 0 1 0 1 0 1 1 0 1 0 0 1 1 0 1 1 1 0 0 0 0 1 1 1 0 1 1 1 1 1 1 1 1 1 1 0 0 0 0 0 0 1 1 1 1 0 1 1 1 1 1 1 1 1 0 0 0 0 0 0 0 1 1 0 1 1 0 1 1 1 1 0 0 1 1 1 0 0 0 1 1 0 1 1 1 1 1 0 1 1 0 1 1 0 1 0 0 1 0 1 1 0 1 1 1 1 1 0 0 0 0 1 0 1 1 0 1 0 1 0 0 1 0 0 1 1 1 0 1 1
0 1 1 1 0 0 0 1 0 1 0 1 1 1 0 0 1 0 0 1 1 0 0 1 1 21 1 1 1 0 1 0 1 1 0 0 1 1 1 1 1 1 1 0 1 1 1 0 0 0 1 1 1 1 0 1 0 1 0 0 1 0 1 1 0 0 1 0 1 1 1 1 1 1 1 0 0 1 1 1 1 1 0 0 1 0 1 0 0 1 0 1 1 1 0 1 1 1 1 1 0 1 1 1 0 0 1 1 0 0 1 0 1 0 1 1 0 1 1 1 1 0 0 1 1 1 1 1 1 1 0 1 1 1 0 1 0 1 0 0 1 0 0 1 1 1 1 1 1 1 1 0 1 1 1 0 0 0 1 1 1 1 0 0 0 0 0 0 1 1 0 1 1 0 1 1 0 0 0 1 1 1 1 1 1 0 1 0 1 1 1 0 0 1 1 0 1 1 0 1
0 0 1 1 1 1 0 1 1 1 0 0 1 0 1 0 1 0 1 1 1 1 1 1 0 0 91 0 0 0 0 1 1 0 1 0 1 0 1 1 0 0 1 1 0 0 1 0 1 0 0 0 1 1 1 1 0 0 1 1 1 1 0 1 0 1 1 0 1 0 1 0 0 0 1 0 1 0 0 1 1 1 0 0 1 1 0 1 1 0 0 0 1 1 0 0 0 1 1 1 1 0 1 1 1 1 1 0 0 1 0 0 0 1 1 1 0 0 0 1 1 1 1 1 1 1 1 1 1 0 0 0 1 1 1 1 0 1 1 0 1 1 0 0 1 1 0 0 1 0 1 1 1 1 1 0 1 1 1 1 0 1 1 1 0 1 1 0 1 0 1 0 1 1 0 1 1 1 0 1 1 1 0 0 1 1 1 1 1 1 1 1 1 0 0 1 0 0 1 1
0 0 0 0 0 1 0 1 1 0 1 0 1 1 0 0 0 1 1 1 1 1 1 0 0 1 1 97 1 0 1 1 1 1 0 1 1 0 0 0 1 1 0 1 0 1 0 1 0 0 0 1 0 1 1 1 0 1 0 0 1 1 0 0 0 1 1 1 1 1 1 1 1 0 0 0 1 1 1 1 1 0 0 1 0 0 0 1 1 1 0 0 0 1 0 1 0 0 1 0 0 1 0 0 0 1 0 0 0 1 1 1 1 1 1 1 1 1 1 1 1 1 1 1 1 1 1 0 0 1 1 1 0 0 0 0 1 0 0 1 0 1 0 1 1 1 1 1 1 1 0 1 0 1 1 1 0 0 0 1 0 0 1 0 1 0 1 1 1 1 1 0 1 0 0 1 1 1 1 0 1 1 0 1 1 0 1 1 0 0 1 0 1 0 1 1 1 1 0 0
0 1 1 1 0 0 0 0 0 1 1 0 0 1 1 1 1 1 1 1 1 1 1 1 1 1 1 1 44 0 1 0 0 1 1 1 0 1 1 1 1 0 0 0 0 1 1 1 1 1 0 1 0 1 0 1 0 1 0 0 1 1 0 1 1 1 0 1 0 1 0 1 1 0 1 1 1 0 1 1 0 0 0 0 0 0 1 0 1 1 1 1 0 0 1 1 0 0 1 0 1 1 1 0 1 1 0 1 0 1 1 0 1 1 1 1 0 1 1 1 1 1 0 0 1 1 1 0 0 0 1 0 0 1 1 1 0 0 1 0 0 0 1 0 1 1 0 1 1 1 0 0 1 1 0 0 0 0 0 1 1 1 0 1 1 0 1 1 1 0 1 0 0 1 1 0 0 1 1 1 0 1 1 1 1 1 0 0 0 1 1 0 0 0 0 1 0 1 1 1
0 1 1 0 0 1 1 1 1 0 1 1 1 1 0 0 1 0 1 0 1 1 0 1 1 1 1 1 1 80 1 0 0 1 0 1 1 0 1 1 0 0 0 1 1 0 1 1 0 1 1 0 1 0 1 1 0 1 1 1 0 1 0 0 1 1 1 1 1 0 0 1 0 1 0 0 1 0 1 0 0 0 1 1 0 0 0 1 1 1 0 0 1 1 0 0 1 0 1 1 1 0 0 0 0 1 1 0 1 1 1 0 1 1 1 1 0 1 1 1 0 0 1 0 1 1 0 0 0 0 0 1 1 0 0 1 1 0 0 1 1 1 1 0 0 1 0 0 1 0 1 0 1 1 0 1 0 0 1 0 1 0 1 0 0 1 1 1 1 0 1 1 1 0 1 0 1 1 1 0 0 1 1 1 1 1 1 1 0 0 1 1 1 1 0 1 1 0 1 1
1 1 1 1 0 1 1 1 0 1 1 0 1 0 0 0 0 1 0 0 0 1 1 0 1 1 1 1 1 0 97 1 1 0 0 1 1 0 1 0 1 0 1 1 1 1 1 1 1 0 1 0 1 0 1 1 1 1 1 0 1 0 0 0 0 1 0 0 1 1 1 1 1 1 0 1 1 0 1 1 1 1 1 0 0 1 1 1 1 0 1 1 0 0 1 1 0 1 1 1 1 1 1 1 0 1 0 1 1 1 0 0 0 0 0 1 1 0 0 0 0 1 0 1 0 0 1 0 0 1 1 1 1 0 0 1 1 0 0 1 1 1 1 0 0 1 1 1 1 0 1 1 1 0 0 1 0 1 0 1 1 1 1 1 0 1 1 0 0 1 0 1 1 1 0 1 1 1 1 0 0 1 1 1 1 1 1 0 0 0 1 1 0 1 1 1 0 1 1 1
1 0 1 1 1 0 0 1 1 1 1 0 1 1 1 0 1 0 1 1 1 0 1 0 1 0 0 1 1 1 1 19 1 0 1 1 0 1 1 0 1 1 0 1 1 0 1 1 1 1 0 1 1 0 0 1 1 0 1 0 0 0 1 1 1 1 0 1 0 1 0 0 1 1 1 0 1 0 1 1 0 1 0 1 1 0 0 1 1 1 0 1 1 1 1 0 1 0 1 0 1 0 0 1 1 0 1 1 0 0 0 1 0 0 1 0 1 1 1 1 0 1 1 0 0 0 0 0 1 1 1 1 0 1 1 1 1 1 1 1 1 0 1 1 1 1 1 0 1 1 1 0 0 1 1 1 1 1 1 0 0 1 1 1 1 1 1 1 0 0 1 1 1 0 1 1 1 0 0 0 1 1 1 0 1 1 0 1 1 1 0 0 0 1 1 0 1 0 1 0
0 1 1 0 1 0 0 0 1 0 0 1 0 0 0 1 1 0 1 1 1 0 0 0 0 1 1 1 0 1 1 0 74 1 1 0 0 0 0 0 1 0 0 0 1 1 1 1 1 0 0 1 1 0 1 0 0 1 1 1 0 1 1 0 0 1 1 0 1 0 0 1 0 0 0 1 1 0 1 1 1 1 1 0 1 1 1 0 0 0 0 1 0 0 1 0 1 1 1 1 1 1 0 1 0 1 1 1 0 1 1 1 1 1 1 0 1 1 1 1 0 1 1 0 1 1 0 0 0 0 1 1 0 1 1 1 0 1 1 1 0 1 1 1 1 0 1 0 1 0 1 0 1 0 1 1 1 1 1 0 1 0 0 0 1 1 1 1 1 0 0 1 1 0 0 1 0 1 0 1 1 1 0 1 1 1 1 1 1 1 1 1 0 0 0 1 0 0 0 0
1 1 1 1 1 1 1 0 0 0 0 1 1 1 1 1 0 0 1 0 1 1 1 1 1 1 1 1 0 0 1 0 1 27 1 0 0 1 1 1 1 1 1 0 0 1 1 1 1 0 1 1 0 1 1 0 1 0 0 1 1 1 1 1 1 1 1 1 1 0 1 1 0 1 1 1 0 1 1 0 1 1 0 1 1 1 1 1 0 1 1 0 1 0 1 1 1 1 0 1 0 0 1 0 0 0 1 1 1 0 0 1 1 0 0 1 0 1 1 0 1 0 0 0 1 0 0 1 1 1 0 1 1 1 1 1 0 1 1 0 1 1 0 0 1 0 0 1 1 0 0 0 0 0 0 1 1 1 0 0 0 0 1 1 1 1 0 1 1 1 1 1 1 1 0 1 1 1 0 1 1 1 0 1 0 0 0 0 1 1 0 0 0 1 1 1 0 1 1 1
0 0 1 0 1 1 0 1 1 1 0 0 1 0 0 1 0 1 1 0 1 0 0 0 0 1 0 1 0 1 1 1 0 1 66 1 0 1 0 0 0 0 1 1 1 1 0 1 1 0 0 0 1 0 0 0 1 0 1 0 1 1 1 1 0 1 1 1 1 1 0 0 0 0 0 0 0 0 1 1 1 0 1 1 0 1 0 0 1 1 1 1 0 1 0 1 1 1 1 0 1 0 0 1 0 0 0 1 1 1 0 1 1 0 1 1 0 1 0 1 0 1 0 1 1 1 1 0 0 0 0 1 0 1 1 1 1 0 0 1 0 1 0 1 1 1 1 1 1 1 0 1 0 1 1 1 1 0 1 0 1 1 0 1 0 0 1 0 1 1 0 1 1 1 1 1 1 1 1 0 0 0 1 1 0 0 1 1 1 1 0 0 1 1 0 1 1 0 0 0
1 1 1 1 0 0 0 1 1 1 0 0 1 1 0 1 1 0 1 0 1 0 1 1 1 1 1 0 0 1 0 1 1 1 1 34 0 0 0 1 1 0 0 1 0 0 1 1 0 1 0 1 0 0 0 1 1 1 1 0 1 0 0 0 1 1 1 1 0 1 0 1 0 0 1 0 1 1 1 1 0 1 1 1 0 0 0 1 1 0 1 1 0 1 1 1 1 0 1 0 0 1 1 1 0 1 1 0 1 1 1 1 1 1 0 1 0 1 0 1 1 1 0 0 1 0 0 0 1 0 0 1 0 0 1 1 0 0 1 1 1 0 0 1 1 1 1 1 1 1 0 1 1 0 1 1 0 1 0 0 1 1 0 0 1 1 1 1 1 1 1 0 1 1 1 1 0 0 1 0 1 1 0 0 1 0 1 1 1 1 1 0 0 1 0 0 0 0 1 1
1 0 0 1 0 1 1 1 0 0 1 1 1 1 1 0 0 0 0 0 1 1 0 0 1 1 1 1 1 1 1 1 0 0 1 1 4 0 0 1 0 1 0 0 0 0 0 1 1 0 1 0 1 1 1 1 1 0 1 0 0 1 0 0 0 1 0 1 1 0 0 1 0 0 0 1 1 0 0 0 1 1 1 0 0 1 1 1 1 0 0 0 1 0 1 1 1 0 1 1 0 1 1 0 0 1 1 1 0 0 1 1 1 1 0 0 1 0 1 1 1 1 1 1 1 0 1 0 1 1 0 0 1 0 1 1 1 1 0 1 0 1 0 0 0 1 1 1 0 1 1 1 0 0 1 0 1 1 1 0 1 0 0 0 1 0 1 1 0 0 1 0 1 1 0 0 1 0 0 1 1 1 0 0 1 1 1 0 0 0 0 0 1 1 0 1 0 1 1 0
1 0 1 0 0 1 0 0 1 1 1 1 0 1 1 1 1 1 0 1 1 0 1 1 0 1 0 0 0 1 1 1 0 1 1 0 1 32 0 0 1 0 1 1 1 0 0 1 0 1 1 0 1 1 0 0 0 0 1 1 1 1 1 1 1 0 0 0 1 1 1 1 1 1 1 1 1 1 0 1 1 1 0 0 1 1 1 1 1 0 1 1 1 0 0 1 1 1 0 1 1 1 1 0 1 1 1 1 1 1 0 0 1 1 0 0 1 0 1 0 1 1 0 1 1 0 1 0 1 1 0 0 1 0 0 1 1 1 0 1 1 1 1 1 0 0 1 1 0 1 1 1 0 0 1 1 1 1 1 0 1 1 0 0 0 1 0 0 1 0 1 0 0 0 0 0 1 1 1 0 1 0 1 1 0 1 1 1 1 1 0 1 1 1 1 1 0 1 1 1
1 1 1 0 0 1 1 0 0 0 1 1 1 0 0 0 1 0 1 0 0 0 1 1 1 0 1 0 1 0 1 1 0 1 0 1 1 0 76 1 0 0 0 1 1 0 1 1 0 1 0 1 1 1 1 0 1 0 0 0 1 0 1 1 1 0 1 0 0 1 1 0 1 1 0 1 0 1 1 0 0 1 1 1 1 1 1 1 0 1 1 0 0 0 1 1 0 1 1 1 0 1 1 1 0 1 0 1 1 0 1 0 1 0 1 1 0 1 0 1 1 1 0 1 0 0 0 1 0 0 0 1 1 0 0 1 0 1 1 1 1 1 0 1 1 1 1 0 0 1 1 1 0 1 1 1 0 0 1 1 1 1 0 0 0 1 0 0 1 1 1 1 0 1 0 1 0 1 1 1 1 1 1 1 1 1 1 0 0 0 1 1 1 1 1 1 1 1 0 1
1 0 1 1 1 0 1 1 1 1 0 1 0 0 0 1 1 0 1 1 1 1 1 1 0 1 0 1 1 1 0 0 1 1 0 0 1 1 1 45 1 0 0 0 1 1 0 1 0 1 1 0 0 0 1 0 1 1 1 0 1 1 1 1 1 1 1 1 1 1 1 0 0 0 1 1 0 1 1 1 1 1 1 1 1 1 0 0 1 1 0 1 1 0 1 0 0 1 1 1 1 1 1 1 0 0 0 0 0 1 0 1 1 1 1 1 1 0 1 1 0 1 0 1 1 1 0 0 0 1 1 1 1 0 1 1 0 0 0 0 1 1 1 1 0 1 1 0 1 1 0 0 0 0 0 0 1 1 1 1 0 0 1 0 1 0 0 0 1 0 1 1 1 0 1 1 0 0 1 1 1 1 1 1 1 0 1 1 1 0 1 0 1 1 1 0 1 0 1 1
0 0 1 0 0 1 1 1 0 0 0 1 1 0 1 1 1 1 0 1 1 1 1 0 1 1 0 1 1 0 1 1 1 0 0 0 1 0 1 0 61 1 1 0 1 1 1 0 0 1 0 0 0 0 1 1 1 0 1 1 1 0 1 1 1 0 1 0 1 0 0 0 1 1 1 1 0 0 1 0 1 0 0 1 1 1 1 0 0 0 1 1 0 1 0 1 1 0 1 1 1 0 0 1 0 1 1 1 0 1 1 0 1 0 1 1 0 1 1 1 1 0 1 0 1 1 0 0 1 1 0 0 0 1 0 0 1 1 1 1 1 1 0 1 1 1 1 0 0 0 0 1 1 0 0 1 0 1 0 0 0 1 1 1 0 0 0 1 1 1 1 1 0 1 1 1 1 1 1 1 0 0 0 0 0 0 1 1 0 1 0 0 0 1 0 1 0 0 0 0
1 1 0 1 1 1 1 1 0 0 0 0 1 0 1 1 0 1 1 1 1 1 0 1 0 0 1 1 1 1 0 1 0 1 1 0 0 1 1 0 1 83 1 1 1 1 1 0 0 1 0 1 0 0 1 0 0 0 0 0 1 0 0 1 1 1 0 1 1 1 1 1 0 1 0 1 1 1 1 0 1 1 1 1 0 0 1 1 1 0 0 1 1 1 1 0 1 1 1 1 1 1 1 1 1 0 0 0 0 1 1 0 1 1 0 1 1 1 1 0 1 0 0 1 1 0 0 1 0 1 0 0 1 1 1 1 0 1 1 1 1 1 0 0 1 0 1 0 1 1 0 1 1 1 1 0 1 0 0 0 0 1 0 1 1 1 1 0 1 1 0 1 1 1 1 1 0 0 1 1 1 0 1 1 0 1 1 0 1 1 0 1 1 1 0 1 0 0 1 0
1 1 0 0 1 1 1 0 1 0 0 0 1 1 1 1 1 0 0 1 1 0 0 0 1 1 0 0 0 0 1 0 1 0 1 0 0 0 0 1 1 1 93 0 1 1 0 1 0 1 0 1 0 1 1 0 1 1 0 1 1 1 0 1 1 1 1 0 1 1 0 1 0 0 1 1 1 0 0 1 1 0 1 0 0 0 0 1 1 1 0 1 1 0 0 1 1 1 1 1 1 1 0 0 1 1 1 1 1 0 1 1 1 1 1 1 1 1 1 0 1 1 0 1 0 0 0 1 1 1 1 0 1 1 0 0 1 1 0 1 0 1 0 1 0 1 0 1 1 1 0 0 1 0 0 1 1 1 0 1 1 0 0 1 1 0 1 0 1 0 1 1 1 0 0 1 0 0 1 0 1 1 1 1 0 1 0 1 1 1 1 1 0 0 1 1 1 0 1 0
1 1 1 1 1 1 1 1 1 0 1 1 0 0 1 1 1 1 1 1 1 1 1 1 0 1 1 1 1 1 0 1 1 0 0 0 0 1 0 1 1 1 1 86 1 1 0 1 1 0 1 0 1 1 0 0 1 1 1 1 1 1 0 1 0 0 1 1 1 1 0 1 1 0 1 0 1 1 1 0 1 1 1 1 1 1 0 1 0 1 1 1 0 1 0 1 0 1 1 0 0 1 0 0 0 0 0 0 1 0 1 0 0 0 0 0 1 0 1 0 1 0 1 0 0 1 0 1 1 0 1 1 0 0 1 0 0 1 0 0 0 0 1 0 1 0 1 1 1 1 0 1 0 0 1 1 0 1 0 0 1 0 1 0 0 1 0 1 0 1 1 1 1 1 1 0 1 1 0 0 0 0 0 1 1 0 0 1 0 1 1 1 1 1 0 1 0 0 1 1
0 0 1 1 0 0 0 1 1 1 1 1 0 0 1 1 1 0 1 1 1 0 0 0 0 1 1 1 1 1 1 1 1 0 1 1 0 1 0 0 0 0 1 1 14 1 1 1 1 1 0 1 1 0 0 1 0 0 1 0 1 1 1 1 0 1 0 1 0 0 1 1 1 0 0 0 1 1 0 0 1 1 0 1 1 1 0 0 1 1 0 1 1 1 1 1 1 1 1 0 1 1 0 1 1 0 1 0 0 1 1 1 0 0 0 1 1 0 0 1 0 1 1 1 0 1 1 1 1 0 0 1 1 0 1 0 0 1 0 0 1 0 0 0 0 1 0 1 1 1 1 1 0 0 0 0 1 0 1 0 1 0 0 1 1 1 1 0 1 0 1 0 1 0 0 1 1 1 1 0 0 0 1 1 0 0 1 1 1 1 1 0 1 1 0 0 1 1 0 1
1 1 1 0 0 1 1 1 1 1 0 1 1 1 1 1 0 0 1 1 0 0 0 1 1 1 1 0 0 0 1 1 1 1 1 1 1 0 0 0 0 0 0 0 0 17 1 1 1 1 1 1 0 1 1 0 0 0 1 1 0 1 0 1 1 0 1 1 0 0 0 1 1 0 0 0 0 0 1 1 1 0 0 0 1 1 0 0 0 0 0 1 0 0 1 0 0 0 1 0 1 1 0 0 0 1 1 1 1 0 1 0 0 1 1 1 1 1 1 0 1 1 0 1 1 1 0 1 1 1 0 1 1 1 0 0 1 1 0 1 0 0 0 0 0 1 1 1 1 1 1 1 0 1 0 1 1 1 1 1 1 1 0 1 0 1 0 1 1 1 1 1 1 1 0 0 0 0 1 1 1 0 0 1 1 0 1 0 1 0 0 1 1 1 1 1 0 1 1 1
0 1 0 1 1 1 1 0 0 1 1 1 1 0 1 0 1 1 1 1 1 1 0 0 0 1 0 1 1 1 1 0 1 1 0 1 1 1 1 1 1 0 1 0 1 1 5 1 0 1 1 1 0 1 1 1 1 0 1 0 1 0 1 1 0 1 1 1 1 1 1 0 1 0 1 1 1 1 1 1 0 1 1 0 0 1 0 1 0 1 1 0 1 0 1 0 1 1 1 0 1 1 1 0 0 0 1 0 1 1 1 1 1 0 1 0 1 1 1 1 1 1 1 1 1 1 1 1 0 1 0 1 0 1 1 1 0 1 1 1 1 0 1 1 1 1 1 1 1 0 1 0 0 0 1 1 1 1 1 0 1 0 1 0 1 1 1 1 1 0 1 0 0 0 0 1 1 0 1 0 0 0 1 0 1 0 1 0 0 1 1 1 1 1 1 1 0 1 1 0
0 1 0 0 1 1 1 1 1 0 1 1 1 1 1 0 1 1 0 1 1 0 1 0 1 1 1 1 1 0 1 0 0 1 1 1 1 1 1 1 0 1 0 1 1 1 0 43 1 0 0 1 0 1 1 1 1 1 1 1 0 1 1 1 1 1 1 1 1 0 1 1 1 1 1 1 1 0 0 1 0 0 1 0 1 0 0 1 1 0 0 0 1 1 1 1 1 0 0 0 1 1 1 1 0 1 1 1 1 0 0 1 1 0 1 0 0 1 1 0 1 1 1 1 1 1 0 1 1 1 1 1 1 1 0 0 1 1 1 1 1 0 1 1 1 1 0 0 1 1 0 1 1 0 0 1 1 1 0 1 0 1 1 0 1 1 1 1 1 0 0 0 1 1 1 1 1 1 1 1 1 0 0 1 1 0 0 0 0 1 1 0 0 1 1 0 0 0 1 1
1 1 0 1 0 0 1 0 0 1 0 1 0 1 0 1 1 1 1 1 1 1 1 1 1 1 0 1 1 1 1 0 1 1 1 1 1 1 1 1 1 1 0 1 0 1 1 1 45 1 1 0 0 0 1 0 0 1 1 0 0 1 0 1 1 1 0 0 1 0 1 1 1 1 1 0 1 1 1 0 1 0 0 0 0 0 1 1 0 1 1 1 1 1 1 0 1 1 0 0 1 1 0 1 0 1 0 1 1 1 1 0 1 0 1 1 0 1 1 0 0 1 0 0 1 1 1 0 1 0 1 1 1 0 0 1 0 1 0 0 1 0 1 0 0 1 0 0 0 0 1 1 1 1 1 1 1 1 0 0 1 0 0 1 0 0 0 0 0 0 1 1 1 0 1 1 0 0 0 1 0 0 0 0 1 1 0 0 0 1 0 0 0 0 0 1 1 1 1 0
1 0 1 1 1 0 1 1 0 1 1 1 1 1 1 1 1 1 1 1 0 0 0 0 1 1 1 1 1 0 1 0 1 1 1 1 1 0 0 1 0 1 1 1 1 1 0 1 0 51 1 0 1 1 1 0 0 1 0 0 1 1 0 1 1 0 1 1 1 1 0 1 1 1 1 0 1 1 0 1 1 0 0 0 1 1 1 1 0 0 1 1 1 1 0 1 1 0 0 0 0 1 0 1 1 0 1 1 1 1 0 1 0 1 0 0 0 1 1 1 0 0 1 1 1 1 1 1 1 1 1 1 1 1 1 1 1 1 0 0 0 1 1 1 1 1 1 0 1 0 1 0 0 0 1 0 1 1 1 1 0 1 0 1 1 1 0 0 0 0 1 0 1 0 0 0 0 1 0 0 1 0 0 1 0 0 1 0 1 0 1 0 0 1 1 1 0 0 1 0
1 1 1 1 1 1 1 1 1 1 1 0 0 0 1 0 0 1 0 1 1 1 1 0 1 0 1 1 1 1 1 1 0 1 0 1 1 0 0 0 0 1 0 1 1 1 0 1 1 1 99 1 0 1 0 0 0 1 0 1 0 0 0 1 0 1 1 0 0 0 1 0 0 1 0 0 1 1 1 1 1 1 1 0 1 1 1 1 1 0 1 0 0 1 0 1 0 1 0 0 1 1 0 1 0 1 1 1 1 1 0 1 0 1 1 0 0 1 1 1 1 1 1 1 1 1 1 0 0 1 1 0 0 0 1 1 1 0 1 1 0 1 1 1 1 1 0 1 0 0 0 0 1 0 0 1 0 0 0 0 0 0 0 0 1 1 1 0 1 0 1 1 1 0 0 1 0 0 1 0 1 1 0 1 0 1 1 0 1 1 0 1 1 0 0 0 1 1 1 0
1 0 1 0 1 0 1 1 1 1 1 1 1 1 0 0 1 0 1 1 1 0 1 1 0 1 0 1 1 0 1 1 1 1 0 0 0 1 1 1 0 0 1 1 1 1 1 1 1 0 1 12 0 1 0 1 0 1 1 0 0 0 1 0 0 0 1 1 1 1 1 1 0 0 1 1 0 1 1 1 1 0 1 0 0 1 0 1 0 1 1 1 1 0 0 1 1 1 1 0 0 1 1 1 0 1 1 0 1 0 0 0 0 0 1 1 1 1 0 1 0 1 0 0 0 0 0 1 1 1 0 1 0 0 1 1 0 1 1 1 0 1 1 0 1 0 0 1 0 1 0 0 0 0 1 0 1 1 0 0 0 1 1 0 1 1 0 1 1 0 1 0 1 0 0 1 0 1 1 1 0 0 1 0 0 0 0 1 0 0 0 0 0 1 0 1 1 1 1 0
1 0 0 0 0 0 1 1 0 0 1 1 0 0 1 0 1 0 1 1 1 1 0 0 1 1 1 1 1 0 0 1 1 1 1 1 1 1 0 1 0 1 0 1 1 0 0 1 1 0 0 1 57 1 1 1 0 1 0 1 0 1 1 0 1 1 0 1 0 0 0 1 1 0 1 0 1 1 0 0 0 0 1 1 0 1 1 0 1 0 1 1 1 1 1 0 0 0 1 1 0 1 1 0 0 0 1 1 1 1 0 0 0 1 1 1 1 1 1 0 1 1 0 1 1 1 1 1 0 0 1 0 1 0 1 1 0 1 1 0 0 1 1 1 1 0 0 1 1 1 0 0 0 1 1 1 1 0 0 1 0 0 0 0 1 1 0 0 0 1 0 0 0 1 1 0 0 1 1 1 0 1 0 0 0 1 0 1 0 1 1 0 0 1 0 1 1 0 1 1
0 1 1 1 0 0 0 0 1 1 1 0 1 1 1 1 1 1 1 0 1 1 1 1 1 0 1 1 1 1 0 1 0 1 1 1 0 1 1 1 0 0 1 1 0 1 1 1 1 0 1 0 1 41 1 1 0 1 0 0 0 0 0 1 0 1 1 1 1 1 1 1 1 1 0 1 0 0 1 1 0 1 1 0 0 1 0 1 1 1 0 0 1 0 1 0 1 1 0 1 1 0 0 0 1 0 0 0 0 1 1 0 0 0 0 0 1 1 1 0 1 1 1 1 1 1 1 0 1 1 0 0 1 1 1 1 1 1 1 0 1 1 1 0 1 1 1 0 0 1 0 1 1 1 1 1 0 1 1 1 1 1 1 0 0 0 1 0 1 0 0 1 1 1 0 1 0 0 1 1 1 0 1 1 0 1 0 0 0 1 0 0 1 1 0 1 1 1 1 0
1 0 0 0 1 1 1 0 0 0 1 0 0 1 0 1 0 0 0 1 0 0 0 0 1 0 0 1 1 1 0 0 0 0 1 1 1 1 0 1 1 1 1 1 0 1 1 1 1 0 1 0 0 1 10 0 1 0 0 0 1 0 1 0 1 0 1 1 1 1 1 0 1 1 0 1 1 0 1 1 1 0 1 0 0 0 1 1 1 1 1 0 0 0 1 1 1 1 1 0 1 1 0 1 1 0 1 0 1 0 1 0 1 0 1 0 1 0 0 0 0 1 0 1 0 1 1 1 1 1 1 0 0 0 1 1 0 1 0 1 0 0 1 1 0 1 0 1 1 1 1 0 1 1 1 1 0 1 1 1 1 1 0 0 0 0 1 1 0 0 0 1 1 1 1 0 1 1 1 0 1 1 1 0 1 1 1 0 0 1 1 1 0 0 0 1 1 1 0 1
1 1 1 0 1 0 0 0 0 1 1 0 1 1 0 1 0 1 1 0 1 0 1 1 0 0 1 1 1 1 1 1 1 1 1 1 1 1 1 0 1 0 1 0 1 0 0 1 0 0 1 1 1 0 1 76 0 1 1 1 1 1 0 1 0 0 0 1 0 1 0 1 1 0 0 1 0 1 1 0 1 0 1 0 0 1 1 1 0 1 1 0 0 0 1 0 0 0 0 1 1 1 0 0 0 1 0 1 0 0 0 0 0 1 0 1 1 1 1 0 1 1 1 1 1 1 1 1 0 1 1 1 1 1 1 1 1 1 1 1 1 1 1 1 1 1 0 1 1 1 0 1 1 1 1 1 0 1 1 1 1 1 1 1 0 0 1 0 1 1 1 1 1 1 1 1 0 0 0 1 0 1 0 1 0 1 0 1 0 1 0 1 1 1 1 1 1 1 0 1
0 1 1 1 1 1 1 1 1 0 0 1 0 1 1 1 0 0 1 1 0 1 0 1 1 1 1 1 1 0 1 0 1 0 0 1 0 0 1 1 0 0 0 1 1 1 1 1 0 1 1 1 1 0 1 1 21 1 1 1 1 0 0 1 0 0 0 1 1 1 1 1 0 0 1 0 1 1 0 0 0 0 1 1 1 1 1 0 0 0 1 1 1 1 0 1 1 1 1 0 1 1 0 1 1 1 1 0 1 0 0 0 1 0 1 1 1 1 1 1 0 1 1 0 1 0 1 0 0 0 1 1 0 0 0 1 0 1 0 0 1 1 1 1 0 1 1 1 0 1 1 1 1 1 1 1 1 0 0 1 1 1 1 1 0 0 1 1 1 1 1 1 0 1 0 0 1 1 1 1 0 0 0 0 1 0 1 1 1 1 0 1 1 1 1 0 1 1 1 1
1 1 1 1 1 0 1 0 0 1 1 1 0 1 0 1 1 1 0 0 0 1 0 1 1 0 1 0 1 1 0 0 1 1 0 0 0 1 1 1 1 0 1 1 0 0 0 1 1 1 1 0 1 0 1 1 1 72 1 0 0 0 0 0 0 0 0 1 1 0 0 1 1 0 1 1 1 0 0 1 1 1 1 1 1 1 1 1 1 1 1 1 1 1 0 1 1 1 0 1 0 0 0 1 0 1 1 0 1 1 1 1 1 0 0 1 1 1 0 1 1 1 1 0 0 1 1 1 1 1 0 1 1 1 1 1 0 0 1 1 1 1 1 1 1 1 1 0 0 0 1 1 0 1 0 1 0 1 1 1 1 1 1 0 0 0 0 1 0 1 0 1 1 1 1 1 1 1 1 1 1 0 1 1 0 0 1 0 0 1 1 1 1 0 0 0 0 1 1 1
0 0 0 1 0 0 0 1 1 0 0 0 1 1 1 1 1 1 1 1 1 0 1 0 1 1 0 0 1 0 1 1 1 1 1 1 1 0 1 0 0 0 0 1 0 1 1 0 0 1 1 1 1 1 1 1 0 1 52 1 0 0 1 1 0 1 1 1 1 1 0 0 0 1 0 1 1 1 1 0 1 1 1 0 0 1 0 1 1 1 1 0 0 1 1 1 0 1 0 1 0 0 1 1 0 0 1 1 1 1 1 1 1 1 1 0 1 0 1 0 0 1 1 0 0 1 1 0 0 0 1 1 1 1 1 1 1 1 1 1 1 0 1 0 0 0 0 1 1 1 1 1 0 0 1 1 1 1 0 0 0 0 1 1 0 1 0 1 1 0 1 1 0 1 0 1 0 0 1 1 1 1 0 1 0 1 0 1 1 0 0 1 0 0 0 1 0 0 1 1
1 0 0 1 1 1 0 0 1 0 1 1 1 0 1 0 1 1 1 1 1 0 1 1 0 0 1 0 1 1 1 0 1 0 0 0 0 1 1 1 1 0 1 1 0 1 1 1 0 1 0 1 1 0 1 1 1 1 1 17 0 1 1 1 1 1 0 1 1 1 1 1 0 1 0 0 1 1 1 1 0 1 0 1 1 1 0 0 1 1 0 1 1 0 0 0 0 1 1 0 0 0 1 0 1 1 0 1 1 1 1 1 0 1 1 0 1 0 1 1 1 1 0 1 0 1 0 1 0 0 1 0 1 0 1 0 1 1 1 0 1 0 0 1 1 1 0 1 1 1 0 0 0 1 0 1 0 1 0 1 1 1 1 1 0 1 1 0 1 1 1 1 1 0 0 0 1 1 1 0 1 0 1 0 1 1 0 1 1 1 1 0 1 1 0 0 1 0 1 0
1 0 0 1 0 1 0 1 0 0 0 1 1 0 1 0 1 1 1 1 1 0 0 0 1 1 1 0 1 1 0 1 1 0 0 1 1 1 1 1 1 1 0 0 1 1 1 0 1 0 1 1 1 1 1 1 1 1 1 1 29 1 0 1 1 1 1 0 0 0 0 1 1 1 1 1 1 0 1 1 1 0 1 1 0 1 1 1 1 1 1 1 0 1 0 1 0 1 1 1 1 1 0 1 1 1 1 1 0 1 1 1 0 1 1 1 0 1 1 1 0 1 1 0 0 1 1 1 1 0 1 1 1 1 0 1 1 1 0 1 1 0 1 1 1 1 0 1 1 0 1 1 0 0 1 1 0 0 1 1 1 1 1 1 1 1 0 1 1 1 0 0 0 1 1 0 1 1 1 0 0 1 1 0 1 0 1 0 0 0 1 1 0 1 0 0 1 1 1 0
0 0 0 1 1 1 1 1 1 1 1 0 0 1 0 1 1 1 1 1 1 0 1 1 1 0 1 0 0 1 1 1 0 1 1 1 1 0 0 1 0 1 1 1 0 1 1 1 1 0 1 0 1 0 1 1 1 0 0 1 1 52 0 1 1 0 1 0 1 0 1 0 0 1 1 1 0 1 0 0 0 1 1 1 1 0 0 0 0 1 0 1 0 0 0 0 0 0 1 1 0 0 1 1 1 1 1 0 1 1 1 1 0 1 1 0 1 0 1 0 0 0 1 0 0 1 1 0 1 1 1 0 1 1 0 0 1 0 1 0 0 1 0 0 1 0 0 1 0 1 0 1 0 1 1 0 1 0 1 1 1 0 0 0 0 1 0 0 1 1 0 1 0 1 0 0 1 0 1 1 1 1 1 1 1 0 1 0 1 1 1 1 0 1 0 1 0 0 1 0
0 1 1 0 0 1 0 1 0 0 0 0 0 1 0 1 1 1 0 1 0 0 0 0 1 0 1 0 1 1 0 1 0 1 1 0 1 0 1 1 0 1 1 1 0 1 0 1 1 1 1 1 1 0 1 1 1 1 0 1 1 1 8 1 1 0 1 0 0 1 0 1 0 1 0 1 1 1 1 1 1 0 0 0 1 1 1 0 1 0 1 1 0 1 0 0 1 1 0 0 1 1 0 1 1 0 0 1 1 1 0 1 1 0 0 0 0 0 0 1 0 0 1 1 0 1 0 0 1 1 0 1 1 0 0 1 1 0 0 0 0 1 0 0 1 1 0 1 1 1 0 1 0 1 0 1 0 0 0 1 1 0 1 1 0 0 1 1 1 1 0 1 1 1 0 1 1 1 1 1 1 0 1 0 1 1 0 0 0 1 0 0 1 1 1 1 1 0 1 1
1 0 1 1 1 1 0 1 1 0 1 1 0 1 1 0 0 1 1 0 1 1 1 0 1 1 1 1 1 1 0 1 1 0 1 1 1 1 1 1 0 1 1 0 0 1 1 1 0 1 0 1 1 0 1 0 1 1 0 1 1 1 1 47 1 0 1 1 0 0 0 1 0 1 0 0 1 1 0 0 1 1 0 1 0 1 1 0 0 0 1 0 1 1 0 1 1 1 1 0 1 0 0 1 1 1 0 0 1 1 0 1 1 1 0 1 1 1 1 0 1 0 1 1 0 0 1 0 1 0 0 1 1 1 1 1 1 0 1 0 0 0 0 0 1 0 0 1 0 1 1 1 1 1 0 1 1 1 1 1 0 1 0 1 1 1 1 1 0 1 0 0 0 0 0 0 0 1 1 0 0 0 1 1 0 0 0 1 1 1 1 0 0 1 1 1 0 0 1 0
1 0 0 0 0 1 1 1 1 1 1 1 0 1 1 1 0 1 1 1 0 0 0 1 0 1 1 1 1 1 1 1 0 1 1 1 1 1 0 1 0 0 1 0 0 1 0 1 1 1 1 1 1 1 0 1 0 1 0 0 0 0 1 0 15 1 1 1 0 0 0 1 0 0 1 1 0 1 1 1 0 0 1 0 1 0 1 1 0 1 0 1 0 0 0 1 0 1 1 1 1 1 1 1 1 1 1 1 1 1 0 1 0 1 0 0 1 1 1 0 0 1 0 0 1 1 0 0 1 0 1 0 1 0 1 1 0 1 0 1 0 1 1 1 1 0 1 0 0 0 1 0 0 1 0 0 1 0 0 0 0 0 1 0 0 0 0 0 0 0 1 1 1 0 1 1 0 1 0 0 1 1 0 1 0 1 1 1 1 1 1 0 0 0 1 0 0 0 0 1
0 1 0 1 0 1 1 0 1 0 1 1 0 0 0 1 0 1 1 1 1 1 0 0 1 0 1 1 1 0 0 1 1 1 1 1 0 1 1 1 0 0 1 1 0 1 0 1 0 1 1 1 1 1 0 0 0 1 1 1 1 0 1 1 1 31 1 1 1 0 0 1 1 1 1 1 1 1 1 1 1 1 0 0 1 1 1 0 0 1 0 1 1 1 1 0 0 1 0 0 0 1 0 1 0 1 0 1 0 1 1 1 1 0 1 0 0 1 1 1 0 0 0 1 0 1 1 1 0 1 1 1 1 0 1 0 0 0 1 1 1 1 1 1 1 0 0 0 1 1 1 1 0 0 1 0 0 0 1 1 1 0 1 0 1 1 0 1 1 1 1 1 0 0 0 1 1 0 1 0 1 0 1 0 0 0 0 1 0 1 1 0 0 1 0 1 0 1 1 0
1 1 1 0 1 1 1 0 1 0 1 0 1 1 0 1 0 1 1 1 1 1 1 1 1 1 1 1 1 1 1 0 0 0 0 1 1 0 1 1 1 1 0 1 1 0 1 1 0 1 1 1 1 0 0 1 1 0 0 1 1 1 1 1 0 1 84 1 1 1 0 0 1 1 0 1 0 1 1 1 1 1 1 1 1 1 1 1 1 1 0 1 1 1 0 1 1 1 1 1 1 1 1 0 1 1 1 1 1 1 0 0 1 0 1 1 1 1 1 1 0 0 1 0 0 1 1 0 1 0 1 1 1 0 1 1 0 0 0 1 0 0 1 0 1 0 0 1 1 0 1 1 1 1 1 1 0 1 1 1 0 0 0 1 0 1 0 1 1 1 1 1 1 0 1 1 1 1 0 0 1 1 1 0 0 0 1 1 1 0 1 1 1 1 1 0 1 0 1 1
1 0 1 0 1 0 1 1 1 0 0 1 1 0 0 1 0 1 0 0 0 0 0 1 1 0 1 1 0 0 1 1 1 1 0 0 0 0 1 0 0 0 0 1 1 0 0 1 1 1 1 0 0 1 0 1 1 1 1 1 1 1 0 1 1 0 1 77 0 0 1 1 1 1 1 0 1 1 1 1 1 1 0 0 1 1 1 1 1 1 1 0 1 1 1 0 0 1 1 1 0 0 1 1 0 1 1 0 1 1 0 0 0 0 1 1 0 0 1 1 0 0 1 0 0 1 1 0 1 0 0 0 1 1 0 0 1 1 1 1 0 1 1 1 0 0 0 1 1 1 1 0 1 1 0 1 1 1 0 1 1 0 0 1 1 0 1 1 1 1 1 1 0 0 1 1 1 1 1 0 1 1 1 0 0 0 1 1 1 0 1 0 1 1 0 0 1 1 0 1
0 0 1 1 0 1 0 1 1 1 1 1 1 0 1 1 0 1 1 0 0 1 0 0 0 0 1 1 1 1 1 1 1 0 1 0 0 1 1 1 1 1 1 1 0 1 1 0 0 0 0 0 1 1 1 1 1 0 0 0 1 0 0 1 1 1 1 0 98 1 0 1 1 1 1 0 1 1 1 1 0 1 0 1 0 1 1 0 0 1 0 1 0 1 1 0 0 1 1 1 1 0 1 1 1 1 0 1 0 0 1 1 0 0 1 0 1 1 1 0 1 1 0 1 0 1 0 1 0 0 0 1 1 1 1 0 0 1 1 0 1 0 1 1 1 1 0 1 1 0 1 1 0 1 1 0 1 0 1 1 0 1 1 1 0 1 1 0 0 0 1 1 0 0 0 1 1 1 0 1 1 0 1 0 0 0 1 1 0 0 0 1 1 1 1 1 0 1 0 1
1 1 1 1 1 1 1 1 1 1 1 1 1 1 0 0 0 1 0 0 1 0 1 1 1 1 1 0 1 1 1 1 0 1 0 1 1 0 1 0 0 1 1 1 1 1 0 1 0 1 0 1 1 0 1 1 1 1 1 0 1 0 1 0 0 0 0 1 1 23 1 0 0 0 1 1 1 1 1 0 0 0 0 1 1 1 1 0 0 0 0 0 1 1 1 1 1 1 1 0 0 0 0 1 1 1 0 1 1 1 1 0 0 1 0 1 1 0 0 1 1 1 1 0 0 1 1 1 0 1 1 0 0 1 1 0 0 1 1 1 1 0 0 0 1 1 1 1 1 1 0 1 1 1 1 1 1 0 1 0 1 1 1 1 1 0 1 1 1 0 1 1 0 0 0 1 0 0 0 1 1 1 1 0 0 0 1 0 0 1 0 1 1 0 1 1 1 1 0 0
1 0 0 1 0 1 1 1 1 1 1 0 0 1 1 0 1 0 1 0 0 1 1 1 1 0 0 1 0 1 0 1 1 1 1 1 0 1 0 1 1 0 1 0 1 0 0 1 1 0 0 1 1 0 1 1 0 1 1 0 1 1 1 0 1 1 0 0 1 1 23 0 0 1 0 1 0 0 0 0 0 0 0 1 1 1 0 0 1 1 0 1 1 1 0 1 0 0 1 1 0 0 1 1 0 1 0 0 0 0 1 0 1 1 1 0 0 0 1 0 1 1 0 1 0 1 0 1 1 0 1 0 1 0 1 1 1 0 1 1 1 1 1 1 1 1 1 1 1 1 1 1 1 1 0 0 0 0 1 0 1 0 0 1 1 1 1 0 1 1 0 0 1 0 1 0 1 1 1 1 0 0 0 1 0 1 1 1 0 0 1 1 1 0 1 1 0 0 1 0
0 0 1 1 1 1 1 1 1 1 1 0 1 0 0 0 1 1 0 1 1 0 0 1 0 1 1 1 0 1 1 0 0 1 0 0 1 1 0 0 0 0 1 1 1 1 1 0 0 1 1 1 1 1 1 1 0 1 0 1 0 0 0 1 0 1 1 1 1 1 0 39 0 1 0 0 1 1 0 0 1 1 1 1 0 0 1 0 0 0 1 0 1 0 1 1 1 0 0 1 1 0 1 0 1 1 0 1 0 0 0 1 1 1 1 1 1 1 0 0 1 1 1 1 1 1 1 0 1 0 0 0 1 1 1 1 0 1 0 0 0 1 0 1 1 1 0 1 1 0 1 0 1 0 0 1 0 1 1 1 1 0 1 1 1 1 0 1 1 1 0 0 0 1 0 1 0 1 1 1 0 0 0 0 0 1 1 1 1 1 1 1 0 1 0 0 0 0 0 1
1 0 1 1 1 1 1 1 1 0 0 1 0 1 1 0 1 1 1 1 0 0 1 1 0 1 0 1 0 0 1 0 1 1 0 1 0 1 1 1 1 1 0 1 0 1 1 1 0 1 0 1 1 1 0 0 0 1 1 0 0 1 1 1 0 0 0 1 1 0 0 0 47 0 0 1 1 1 1 1 1 1 1 1 1 1 1 1 1 1 1 0 1 1 1 0 1 1 0 1 1 0 1 1 0 1 0 0 1 1 1 1 0 0 1 1 0 0 0 1 0 1 0 1 0 1 1 1 1 0 1 0 1 0 1 1 1 0 1 0 1 1 1 0 1 0 1 1 1 0 0 1 1 1 1 1 1 1 1 1 1 0 0 1 1 0 0 1 0 0 1 1 1 1 1 1 1 0 0 0 1 1 1 0 0 1 1 1 1 1 0 1 0 1 0 1 1 0 1 0
1 1 1 0 1 0 1 0 0 1 0 1 1 1 1 1 1 1 1 1 1 0 0 1 1 1 1 0 1 1 1 0 0 1 0 0 0 0 1 1 1 1 1 0 1 1 1 1 1 1 1 0 1 1 1 1 0 0 1 0 0 0 1 1 0 0 1 0 1 0 1 1 1 18 1 0 0 0 1 1 1 1 1 1 1 1 0 1 1 1 1 0 1 1 0 1 1 0 1 1 1 1 1 1 1 1 0 1 1 0 0 1 1 0 0 0 1 1 1 1 1 1 1 1 1 0 0 1 0 1 0 1 0 0 1 1 0 1 1 1 0 1 1 1 0 1 1 1 1 1 1 1 1 1 0 1 1 1 1 0 0 1 0 1 1 0 1 0 1 0 0 1 1 1 0 0 0 1 0 1 0 0 0 1 1 1 0 1 1 1 0 1 0 1 1 0 1 0 0 0
0 1 0 1 1 1 0 0 1 0 1 0 1 1 1 1 0 1 1 0 1 0 1 1 1 0 1 1 1 0 1 1 0 1 0 1 0 1 1 0 0 0 1 1 0 0 1 1 1 1 0 0 1 1 1 0 1 0 1 0 0 1 0 0 1 1 1 1 1 0 0 0 0 1 54 0 0 1 1 1 0 0 1 1 1 0 0 1 0 0 1 0 1 1 0 1 0 1 0 0 1 0 0 1 1 1 0 1 0 1 1 1 0 0 0 1 0 1 1 1 0 0 0 0 1 1 0 0 1 0 1 0 1 1 1 0 0 0 0 1 1 1 0 1 0 1 1 0 0 1 0 1 1 1 0 1 0 1 0 1 0 0 1 1 1 0 1 0 1 1 1 1 1 0 1 1 1 1 1 0 1 1 1 1 1 1 0 1 1 0 0 0 0 0 0 1 1 0 0 0
1 1 1 0 0 1 1 0 1 0 1 1 0 0 0 1 0 1 1 1 1 1 1 0 1 0 1 0 1 1 1 0 1 0 0 1 0 0 0 1 0 0 0 0 1 0 1 1 0 1 1 0 1 1 0 0 1 1 1 0 1 1 1 1 0 0 0 1 1 0 0 1 0 1 1 18 1 1 0 0 0 0 1 1 1 1 1 1 0 0 1 1 1 1 1 0 0 0 1 0 0 1 1 0 1 0 0 1 0 1 0 1 1 0 1 0 0 1 1 1 1 0 0 1 1 1 1 1 1 1 1 0 1 1 0 0 1 1 1 1 1 0 0 1 1 1 1 1 1 0 1 1 1 0 0 1 0 1 0 0 1 1 0 1 1 1 1 1 1 1 1 1 0 0 1 0 1 0 0 1 1 0 0 0 1 1 1 1 0 0 0 0 1 1 1 1 1 1 1 1
1 0 0 1 1 1 1 0 1 0 0 1 0 0 1 1 1 0 1 0 0 1 1 0 1 1 1 1 0 1 1 0 0 1 1 0 1 1 0 1 1 1 0 1 1 0 1 0 1 0 1 0 0 1 0 1 0 1 0 0 0 1 1 0 1 1 1 0 0 1 0 1 0 1 0 1 93 0 1 0 0 1 1 1 1 1 1 0 0 0 1 0 0 0 0 0 1 1 1 0 0 0 0 1 1 0 1 0 0 1 0 1 1 1 0 1 0 1 1 1 1 1 0 0 1 0 0 1 1 0 0 1 1 1 0 1 0 0 1 0 1 1 1 1 1 0 0 0 1 0 1 1 1 1 0 1 1 0 1 0 0 0 1 1 0 0 1 0 0 0 1 1 0 1 1 1 1 1 0 1 0 0 0 0 1 1 1 1 1 1 1 1 1 1 0 1 0 0 0 1
0 1 1 1 0 1 1 1 0 1 1 0 1 1 1 1 0 0 1 1 0 1 1 1 0 1 0 0 1 1 1 1 1 1 0 1 1 1 1 1 0 1 1 0 1 0 1 1 1 0 1 1 0 0 1 0 0 1 1 0 1 0 0 0 1 1 1 1 1 1 0 1 1 1 1 1 1 32 0 0 0 0 1 0 1 1 1 1 1 0 1 0 1 1 1 0 0 1 1 1 1 1 0 1 0 0 1 0 1 0 1 1 1 1 1 1 0 1 0 0 1 0 0 1 1 1 0 0 0 1 1 1 1 1 1 1 1 1 1 1 1 0 1 0 0 1 1 0 0 1 1 1 1 1 1 1 1 0 1 1 0 0 1 0 1 1 0 0 1 1 1 1 0 0 1 1 0 1 0 1 1 1 1 0 0 1 1 1 1 1 0 1 0 0 0 1 0 1 0 1
0 1 1 0 1 1 0 1 0 1 0 1 0 1 1 0 1 0 0 0 0 1 0 0 1 1 1 1 0 0 0 1 1 1 1 1 0 1 0 1 1 1 1 1 0 0 1 1 0 1 0 1 0 0 1 0 1 0 0 0 1 1 1 1 1 1 0 0 0 1 1 1 1 1 1 0 1 0 58 1 0 0 0 1 1 1 0 1 1 0 1 1 0 0 1 1 1 1 1 1 0 1 1 1 1 1 0 0 1 0 0 0 1 1 1 0 1 1 0 1 1 0 0 0 0 0 1 1 1 1 0 0 1 0 1 1 1 1 1 0 0 0 1 1 1 0 1 0 0 0 1 1 0 1 1 0 1 1 0 1 1 1 0 1 0 1 0 1 0 1 0 1 1 1 1 1 1 1 0 0 1 1 0 0 0 0 1 1 1 1 1 1 1 0 1 0 1 1 1 0
0 1 0 1 1 1 1 0 0 1 1 0 1 0 0 1 1 1 1 1 1 0 1 0 0 0 1 0 1 1 0 1 1 0 1 0 0 0 0 1 0 0 0 1 1 0 0 1 0 1 0 1 0 1 1 1 1 0 1 0 1 0 0 0 1 1 1 0 0 0 0 1 1 1 1 1 1 1 1 53 1 0 0 1 1 0 0 1 0 0 1 1 1 1 1 1 0 0 0 0 1 1 1 1 1 1 0 0 0 0 0 1 0 1 1 1 0 0 0 1 0 1 0 0 1 0 1 1 0 1 1 1 1 1 0 1 0 1 1 0 1 0 0 0 1 1 1 0 0 0 0 1 0 0 0 1 1 0 0 0 1 0 0 1 1 0 0 1 1 1 1 0 0 1 1 1 0 0 1 1 1 1 1 0 0 0 0 0 1 1 0 0 1 1 0 1 0 1 1 0
1 1 0 1 1 0 0 0 1 1 0 0 0 0 1 1 0 1 1 0 1 1 0 1 0 1 1 1 0 1 1 0 0 1 1 0 1 1 0 1 1 1 0 0 1 1 1 0 1 0 0 1 1 1 0 1 1 0 0 1 1 0 1 1 0 1 1 1 0 0 0 0 1 0 0 0 1 0 0 0 83 1 0 0 0 1 0 1 1 1 1 1 1 1 0 0 1 0 1 1 0 1 0 1 1 0 0 1 1 0 1 0 1 1 1 0 0 0 1 1 1 1 1 1 0 1 0 0 1 1 1 1 0 1 0 1 0 0 1 1 1 1 0 1 1 1 0 0 1 0 1 1 1 1 1 1 1 1 0 0 1 1 1 0 1 1 1 1 0 1 0 1 0 1 0 1 1 1 0 0 0 0 1 0 0 1 1 1 1 1 1 1 1 0 0 0 0 1 0 1
0 0 1 0 1 1 1 1 1 1 1 1 0 1 1 1 1 1 0 0 0 0 1 0 0 1 1 1 0 0 1 0 1 0 0 0 1 1 0 1 1 0 1 1 1 1 1 1 0 1 0 1 1 0 0 0 0 1 0 0 0 0 1 0 1 1 0 1 1 0 1 1 1 1 1 1 1 0 1 1 0 98 1 1 0 0 1 0 1 1 1 1 1 1 0 1 0 1 1 0 1 0 1 1 1 1 0 1 0 1 0 0 1 1 1 1 1 1 1 0 0 0 1 1 0 1 1 0 1 1 0 1 0 0 0 1 0 0 1 1 0 1 0 1 1 0 1 1 0 1 1 0 0 0 0 1 1 1 0 0 0 1 0 1 1 1 1 1 1 1 0 1 1 0 1 1 1 1 0 1 0 1 0 1 0 1 1 1 0 0 0 1 1 0 0 0 1 1 1 0
1 0 1 1 1 1 0 1 0 1 0 1 0 1 1 1 0 0 1 1 1 1 1 1 1 1 1 0 0 0 0 1 0 1 1 1 1 0 1 1 0 1 0 1 1 1 1 1 1 0 1 0 1 0 0 1 0 1 0 1 1 1 1 1 1 1 0 1 1 1 0 1 1 0 0 0 0 0 0 0 0 1 93 0 1 1 0 1 0 1 0 1 1 1 0 0 0 1 1 1 0 1 1 1 0 0 0 1 1 0 0 1 1 1 1 1 0 1 1 1 0 1 1 1 1 1 1 1 1 0 1 0 1 0 1 1 0 0 0 1 1 1 0 0 0 0 0 1 0 1 1 0 1 0 1 1 1 0 1 1 1 1 1 1 0 0 0 1 1 1 0 1 1 1 1 0 1 1 0 0 1 1 1 1 1 0 0 0 0 1 0 1 1 0 0 0 0 0 1 0
0 1 1 1 0 1 1 1 0 0 1 1 1 0 1 0 0 1 1 1 1 1 1 1 1 1 1 1 1 1 0 1 1 1 0 1 1 1 0 1 1 1 0 0 0 1 0 1 0 0 1 1 0 1 1 1 0 0 1 1 0 1 1 1 1 1 0 1 1 0 0 0 1 0 1 1 1 0 0 1 0 0 1 10 0 0 1 1 1 0 1 1 0 0 1 0 1 1 1 1 1 1 1 1 0 1 0 1 1 0 1 1 1 0 1 1 1 1 0 1 0 1 1 1 0 1 1 1 0 0 1 0 1 0 0 1 1 1 0 0 0 1 1 1 1 0 1 1 1 1 1 1 0 1 0 1 1 1 1 1 1 0 1 0 1 1 1 1 1 0 0 0 0 1 1 1 1 0 0 1 1 1 0 1 1 1 1 1 1 1 0 1 0 0 0 1 1 1 0 1
1 1 1 1 0 1 0 1 0 0 1 0 1 1 1 1 1 1 0 0 1 1 1 1 1 0 1 1 1 1 1 0 0 1 0 1 1 0 1 1 1 1 0 1 0 1 1 1 0 1 0 1 0 1 1 1 1 0 1 1 1 0 1 1 1 1 1 1 1 0 0 1 0 0 0 1 0 0 1 0 0 1 1 0 24 0 1 0 0 1 1 1 1 1 0 0 0 0 1 1 1 1 0 1 0 1 0 1 0 1 1 0 1 1 1 1 0 0 1 1 1 1 1 1 0 1 1 0 0 1 0 1 1 0 1 1 1 0 1 1 1 0 1 0 1 1 1 1 0 0 0 0 0 1 1 1 1 1 1 1 0 0 1 1 0 1 1 1 1 1 1 0 1 1 0 0 1 1 0 1 0 1 1 0 1 0 1 1 0 1 1 0 1 0 1 1 1 1 0 1
1 1 1 1 1 0 1 1 1 1 1 0 0 0 1 1 1 0 1 1 1 1 0 1 1 0 1 1 1 0 0 1 1 0 1 1 1 1 1 1 0 1 1 0 0 1 1 1 0 0 0 1 1 1 1 1 1 1 1 0 0 0 0 1 1 1 0 0 0 0 0 1 0 1 1 1 1 0 1 1 0 1 1 1 0 77 1 1 1 1 0 1 1 1 1 1 0 0 1 1 0 1 1 1 1 1 1 1 1 1 1 1 1 1 1 1 1 1 1 0 0 0 1 1 1 0 0 1 1 1 1 1 0 1 1 1 1 1 1 0 1 1 0 0 1 0 1 0 1 0 1 0 0 1 0 1 0 0 0 1 1 0 1 0 1 0 0 0 0 0 1 0 1 0 1 1 0 1 0 1 1 1 1 0 1 0 0 0 1 1 1 0 1 1 1 0 1 1 0 1
0 0 1 0 0 0 1 0 0 1 1 0 1 0 1 0 0 0 1 1 0 1 0 1 0 0 1 1 1 0 0 0 1 0 1 0 1 1 0 0 0 1 1 1 1 1 0 0 1 1 0 0 0 0 0 0 1 0 0 1 1 1 0 0 0 1 0 1 0 0 1 1 1 0 1 0 0 0 1 1 0 1 0 1 0 0 71 0 1 1 1 0 1 0 1 0 0 0 1 0 1 0 1 1 0 1 0 1 1 1 0 1 1 0 1 1 0 1 1 1 0 1 0 1 0 1 1 1 1 0 1 1 0 1 1 1 0 0 0 0 0 0 0 1 1 1 0 1 0 1 1 0 1 0 0 1 1 1 0 1 1 0 0 1 1 0 1 0 0 1 1 1 1 1 1 0 0 0 1 0 0 1 1 0 0 0 1 1 1 1 0 1 0 1 1 1 1 0 1 0
0 1 1 1 1 0 0 0 1 1 0 1 1 1 0 1 0 0 1 1 0 1 0 0 0 1 1 1 1 1 0 1 1 0 1 0 0 1 1 1 1 0 1 1 1 0 0 0 1 0 0 1 0 0 1 1 0 1 1 1 1 1 1 1 0 0 1 1 1 1 0 0 1 1 0 1 1 1 0 1 1 0 0 1 1 1 1 6 0 1 1 1 0 0 1 0 0 0 0 1 1 0 1 0 1 0 0 0 1 1 1 1 1 1 0 1 1 1 0 0 1 0 1 0 1 0 1 1 0 0 1 1 0 1 0 0 1 1 1 0 0 0 0 0 1 1 1 0 0 1 1 1 1 1 1 1 1 0 1 0 1 1 0 0 1 1 0 1 1 0 0 0 0 0 0 0 1 1 1 0 1 1 0 1 0 1 1 1 1 1 0 0 0 1 0 1 1 0 0 1
1 1 0 1 1 1 0 0 0 0 0 0 0 1 0 1 1 1 1 0 1 0 1 1 1 1 1 0 1 1 0 1 1 0 1 0 1 1 1 0 0 1 0 0 0 1 0 1 0 1 0 1 1 1 1 1 1 0 1 1 1 1 0 1 0 1 0 0 0 0 1 0 1 0 0 0 0 1 1 1 1 1 1 0 0 1 1 0 68 1 0 1 0 0 0 1 1 0 0 0 0 1 0 0 1 1 1 1 0 1 1 1 1 1 1 1 0 1 0 0 1 1 0 0 0 1 0 0 1 1 1 0 1 1 0 1 1 0 1 0 1 1 0 0 1 1 0 1 1 0 0 1 1 1 0 0 0 0 1 1 0 1 1 1 1 0 0 1 0 0 1 1 0 1 1 0 1 1 0 1 1 1 1 1 1 0 1 0 0 1 1 0 1 1 0 0 1 1 1 0
1 1 0 1 0 1 1 0 1 1 1 0 1 1 0 0 1 0 1 1 0 1 1 1 0 1 1 1 0 0 1 1 0 1 1 1 1 0 0 0 0 0 1 1 0 0 0 0 1 0 1 1 1 1 0 1 1 0 0 1 0 1 1 1 1 0 1 0 0 1 1 1 1 1 0 1 0 0 1 0 1 0 0 1 1 0 0 1 1 44 0 0 0 0 0 1 0 1 1 0 1 0 0 1 0 1 0 1 1 1 1 0 0 1 1 1 0 1 1 1 0 1 0 1 0 1 0 0 0 0 1 1 1 0 0 1 1 1 1 0 1 0 0 1 0 1 0 0 1 1 1 0 1 0 0 1 1 1 1 0 0 1 1 0 1 1 0 0 1 0 1 0 0 1 1 1 1 0 0 1 0 1 1 0 0 1 1 0 1 0 1 1 0 1 0 1 1 0 1 0
0 1 1 0 1 1 0 0 1 1 0 1 1 1 1 1 1 1 0 0 0 1 0 0 1 1 1 1 1 1 1 0 1 1 1 1 1 1 0 1 1 0 0 1 1 0 1 1 0 0 1 1 1 1 1 1 1 0 1 1 1 0 0 1 1 0 0 1 0 1 1 0 1 1 1 1 1 1 1 1 1 1 1 0 0 0 1 0 0 1 83 0 1 1 1 0 1 0 1 0 1 0 0 1 0 1 1 1 1 1 1 0 0 0 1 0 1 1 1 1 0 1 1 0 1 1 0 1 1 1 0 1 1 0 1 1 1 1 0 1 0 0 1 1 0 1 1 1 0 1 0 0 0 0 1 0 1 1 1 1 1 1 0 1 0 1 0 1 1 0 0 1 1 0 0 1 0 1 0 0 1 1 0 1 1 0 1 1 1 0 0 1 1 0 0 1 1 1 0 0
0 0 1 1 1 0 1 1 0 1 0 1 0 0 1 1 0 0 1 1 0 1 1 1 1 1 0 0 0 1 1 0 1 0 0 0 0 1 1 0 1 0 1 1 0 0 1 1 1 1 1 0 0 0 1 0 0 1 1 1 1 1 0 1 0 1 0 1 1 1 1 0 0 1 0 0 1 0 0 0 1 0 1 1 0 1 1 1 0 1 1 47 1 1 1 0 0 1 1 1 1 1 1 1 1 0 0 0 1 1 0 1 1 1 0 1 1 1 1 1 1 1 0 1 1 1 0 1 0 1 1 0 1 1 1 1 1 1 1 1 0 0 0 0 0 1 1 1 0 1 1 1 1 1 0 0 0 0 1 0 0 0 0 1 1 0 0 1 1 1 0 0 1 0 0 1 0 0 0 0 1 1 0 1 1 1 1 0 1 1 1 1 0 1 0 1 1 0 1 1
0 0 1 1 1 0 0 0 1 1 1 1 0 1 1 1 1 0 1 1 1 1 0 1 0 0 1 1 0 0 0 0 0 1 1 1 1 0 1 0 1 1 1 1 1 0 0 1 1 1 1 1 1 0 1 1 0 0 1 1 1 0 1 1 1 1 1 1 1 1 1 0 0 1 0 1 1 1 1 1 1 0 1 1 1 1 0 0 1 1 1 0 18 1 0 0 0 0 1 1 1 0 1 0 0 0 1 0 1 0 1 1 0 1 0 1 1 1 0 0 0 0 0 1 0 0 1 1 1 0 1 0 1 1 1 1 0 1 0 1 0 1 1 0 0 0 1 1 0 0 1 1 1 0 1 1 0 0 1 0 1 1 0 1 0 0 1 1 1 0 1 1 0 1 1 1 1 0 0 1 1 1 1 1 1 0 0 0 1 1 1 1 0 1 0 1 1 1 0 1
1 1 1 1 0 0 0 0 0 0 0 1 0 1 1 1 1 1 0 0 0 0 1 0 0 0 0 1 1 0 1 0 1 1 1 0 1 1 0 1 1 0 1 0 0 0 1 1 1 1 1 0 0 0 0 0 0 1 1 1 1 1 0 0 1 0 1 1 1 1 1 1 0 1 0 1 1 1 1 1 0 0 1 0 1 0 0 1 1 1 1 0 1 24 0 1 0 1 0 1 1 1 1 1 1 1 1 1 1 1 0 1 1 1 1 0 0 0 1 1 1 1 1 0 0 1 1 0 0 1 0 1 0 1 0 0 1 1 0 1 1 1 1 0 1 1 1 0 1 1 1 0 0 1 0 1 1 1 1 1 0 1 0 1 0 1 0 1 1 1 1 0 0 0 0 1 0 0 1 1 0 1 0 1 1 0 0 0 0 0 0 0 1 0 1 1 1 1 1 0
1 0 1 0 1 1 1 0 1 1 1 1 1 1 1 1 0 1 1 0 1 1 0 1 1 1 1 0 1 1 1 1 1 1 0 0 1 1 0 0 1 0 0 1 1 1 0 1 0 1 0 0 1 0 1 1 1 0 1 1 1 1 1 0 1 0 0 0 1 0 1 0 1 0 0 1 1 0 1 1 0 0 1 1 0 1 0 1 0 1 1 0 1 1 75 1 1 1 1 0 0 0 1 1 0 1 0 1 1 0 1 1 0 1 1 1 0 0 1 1 1 1 1 1 0 1 1 1 1 0 1 0 1 1 0 1 0 1 1 1 1 0 1 0 0 1 0 0 0 1 1 1 1 0 1 1 1 0 0 0 1 1 1 0 1 1 1 1 0 1 0 0 0 0 1 1 1 1 0 1 0 1 1 0 0 1 1 1 1 1 1 0 0 1 1 0 1 1 1 1
0 1 1 1 1 1 1 0 1 0 0 1 1 0 1 1 1 0 1 0 1 1 0 1 1 1 0 1 1 1 0 0 1 1 0 1 0 0 1 1 1 1 1 0 0 1 1 1 0 1 1 0 0 1 0 0 0 1 1 0 0 0 1 1 1 1 1 1 0 0 1 0 1 1 0 1 1 0 1 0 1 1 0 1 0 1 0 1 1 1 0 0 0 0 0 39 0 1 1 0 0 1 1 0 1 0 1 1 1 0 1 1 1 1 1 1 0 0 0 1 0 0 0 0 0 0 1 0 1 1 0 1 1 1 0 1 0 1 1 0 0 1 1 1 0 0 1 1 0 1 0 1 0 1 0 0 0 1 1 1 0 1 0 0 0 1 1 0 1 1 1 1 1 1 0 1 0 0 1 1 1 1 0 1 0 0 0 0 1 0 1 1 1 1 0 1 0 1 1 1
0 1 1 1 1 0 0 0 1 1 0 0 0 0 1 0 1 1 0 1 0 0 1 1 1 1 0 0 1 1 1 1 1 1 0 0 0 0 0 1 0 1 1 1 1 1 0 1 0 1 0 1 1 1 1 0 1 0 0 1 1 1 0 1 1 0 1 0 0 1 1 1 0 0 1 1 0 1 0 0 1 0 0 1 1 0 1 0 0 0 0 1 0 1 1 1 36 1 0 1 1 1 1 0 0 1 1 0 1 1 0 1 1 1 1 1 0 1 0 1 1 0 1 0 1 1 1 1 0 0 0 0 0 0 1 1 0 0 1 0 0 0 1 0 0 0 1 1 0 1 1 0 1 0 0 1 1 1 1 1 0 1 1 0 0 1 1 1 1 0 0 0 1 1 0 0 1 1 0 1 0 1 0 1 1 0 0 1 0 0 0 1 1 1 0 0 0 1 1 1
1 0 0 0 1 1 1 1 0 0 0 1 1 1 1 0 1 0 0 1 1 1 1 0 1 1 1 0 1 1 0 1 1 1 0 1 0 0 1 1 0 1 1 0 1 0 0 0 0 1 1 1 0 0 0 1 1 0 0 0 0 1 0 1 1 1 1 1 1 1 1 1 1 1 1 0 1 1 1 1 1 1 1 0 0 1 0 1 1 0 0 1 0 1 1 0 0 16 0 1 1 1 1 0 1 1 1 1 0 0 0 0 1 0 1 1 1 0 0 0 0 1 0 1 1 1 1 1 1 1 0 1 1 0 1 0 1 0 0 0 1 1 1 1 1 0 1 1 1 1 1 0 1 1 1 1 0 1 0 1 1 0 1 1 0 0 1 0 1 1 0 1 0 1 0 0 0 0 0 0 0 1 0 1 1 1 0 1 1 0 1 0 1 1 0 1 0 0 1 1
1 1 1 1 1 1 0 0 1 0 0 1 0 0 0 1 1 0 1 1 1 1 0 1 1 1 0 1 0 0 0 1 1 1 1 1 1 1 0 0 1 1 1 1 1 1 0 1 0 1 1 0 1 0 0 1 1 1 1 0 0 1 1 0 1 1 0 1 0 0 1 1 0 1 0 1 1 1 0 1 1 0 1 0 1 0 1 1 0 1 1 0 1 0 0 0 1 1 46 1 1 0 1 1 0 0 1 1 1 1 1 1 0 1 0 1 0 0 0 0 0 1 1 1 1 1 0 1 1 0 1 1 1 1 1 1 0 0 0 0 0 0 1 1 0 1 1 0 0 0 0 1 0 0 0 1 0 1 1 0 0 0 0 1 0 1 1 0 1 1 0 1 1 1 1 1 0 1 0 0 1 1 1 0 0 1 1 1 1 1 0 1 1 1 1 1 0 1 1 1
1 0 1 0 1 1 1 0 1 1 1 0 1 0 0 1 0 0 0 0 1 1 1 1 1 1 0 1 1 0 1 1 0 1 1 1 0 0 0 1 1 0 1 1 1 1 0 0 1 0 1 1 1 0 1 0 1 1 1 0 0 1 1 1 0 0 1 1 0 1 1 1 0 0 1 0 1 0 0 0 1 0 0 0 0 0 0 1 1 1 1 1 0 0 1 0 1 1 0 13 1 1 0 1 1 0 1 0 0 0 1 0 1 1 0 0 1 1 1 1 0 0 1 1 0 1 0 0 0 0 1 0 0 0 1 0 1 0 1 1 1 0 1 1 0 0 1 1 0 0 0 0 0 1 1 1 1 1 1 1 1 1 1 0 1 0 1 0 0 1 1 1 1 0 1 1 0 1 1 1 1 1 1 1 1 1 1 0 0 1 1 1 0 1 1 1 1 1 1 0
0 1 1 1 1 1 0 1 1 1 1 1 1 0 1 1 1 1 0 1 1 0 0 1 1 0 0 1 0 1 0 1 0 1 1 0 0 1 1 1 0 1 1 0 0 0 0 1 0 1 1 1 0 0 0 0 0 1 1 0 1 1 1 0 1 1 0 0 0 1 0 0 0 1 0 0 0 0 1 1 0 0 1 1 0 1 1 0 1 1 0 0 1 1 0 0 1 1 1 1 75 1 1 1 1 0 0 0 0 0 0 1 1 1 0 0 1 0 1 1 0 1 1 1 1 0 0 1 0 1 1 0 0 1 1 0 0 1 0 1 1 0 1 0 1 1 1 1 1 1 1 1 1 0 1 0 0 1 1 1 1 1 1 1 0 1 1 1 0 0 1 1 1 0 0 0 0 1 1 0 1 0 1 1 1 1 0 0 0 1 1 0 1 0 0 1 0 1 1 0
1 0 0 1 0 0 1 1 0 1 0 0 1 0 1 1 1 1 0 0 0 1 0 1 1 0 1 0 1 1 0 1 0 1 1 1 0 1 1 1 1 1 0 1 1 1 1 0 1 0 1 0 1 0 0 1 1 1 0 1 0 0 1 1 1 1 0 1 1 1 0 1 1 1 1 1 1 1 1 1 1 1 0 1 0 1 0 1 0 1 1 0 1 0 0 1 0 0 0 1 1 59 1 1 0 0 0 0 0 1 0 1 1 0 0 1 1 1 1 1 1 1 0 0 1 1 0 0 0 0 1 1 1 1 1 0 0 0 0 0 1 1 1 0 1 0 0 1 0 0 0 1 1 1 1 1 0 0 1 1 0 1 0 1 0 1 1 1 0 1 0 1 0 1 1 0 1 1 1 1 1 0 1 1 1 1 1 1 0 0 0 1 0 1 1 1 0 0 0 1
0 0 1 0 0 1 0 0 1 0 0 1 0 1 1 1 1 1 0 1 0 0 1 0 0 1 1 1 1 1 1 0 0 1 1 1 1 1 1 1 0 1 1 0 1 1 1 0 0 0 0 1 0 1 1 1 1 0 0 1 0 1 1 0 0 1 1 0 1 0 0 1 0 0 1 1 0 0 0 0 1 1 1 1 1 0 1 0 0 1 0 0 1 1 1 0 0 1 1 1 1 1 67 1 1 0 1 1 1 0 1 1 1 1 1 1 1 1 0 1 1 0 0 1 0 1 0 1 0 0 0 0 1 0 1 0 1 0 0 0 1 1 0 1 0 1 0 0 1 1 0 0 0 1 1 1 0 0 1 1 0 0 1 1 1 0 0 1 0 1 0 1 1 1 1 1 0 1 1 1 0 1 1 1 1 0 0 1 0 1 0 0 0 0 1 1 0 1 1 1
0 1 1 0 1 0 0 0 1 0 1 1 0 0 0 1 1 0 0 1 1 1 1 1 1 1 1 0 0 1 0 1 1 1 1 1 1 0 1 1 0 1 1 1 1 0 0 1 0 1 1 1 1 1 0 0 0 0 1 1 1 1 1 1 0 0 0 0 0 1 1 0 1 1 1 0 1 1 1 0 0 1 1 0 1 1 1 1 0 1 1 0 1 1 1 0 1 1 0 0 0 1 1 93 0 1 1 0 1 1 0 1 1 0 0 1 0 0 0 0 1 1 1 1 1 1 1 1 1 1 1 1 0 1 0 0 0 1 1 1 0 1 1 1 1 0 1 1 0 1 1 0 1 0 1 1 0 0 0 1 0 1 0 1 1 0 1 0 1 0 0 1 1 1 0 0 0 0 0 1 1 1 0 1 1 1 1 1 0 0 0 1 1 1 1 1 1 0 0 1
0 1 1 1 1 0 1 0 0 0 0 0 1 1 1 1 1 0 1 0 0 0 0 1 0 0 0 0 0 1 1 1 0 0 1 0 1 0 1 1 1 1 1 0 0 1 0 0 0 1 1 0 0 1 1 1 1 1 1 0 1 0 1 1 1 0 1 1 1 0 1 1 1 0 0 1 1 1 0 0 0 1 1 0 1 1 1 0 1 0 0 0 0 0 1 1 1 1 1 0 1 1 0 1 25 0 1 1 1 0 0 1 0 1 1 0 1 0 1 0 0 1 0 1 1 1 1 1 1 1 0 0 1 1 0 1 1 0 1 0 1 1 0 1 1 1 1 1 0 0 1 0 1 1 1 0 0 1 1 0 1 1 0 1 0 1 1 1 0 0 1 1 1 1 0 1 1 1 1 1 0 0 1 1 1 1 1 0 1 1 0 1 1 1 1 1 0 1 1 1
1 0 1 0 1 0 1 0 1 1 0 1 0 0 1 0 1 1 1 1 1 0 1 0 0 1 1 0 1 1 0 0 0 0 0 0 1 1 1 0 0 0 1 1 1 1 0 0 0 1 1 0 0 0 1 0 0 1 1 1 1 0 1 0 1 1 1 1 1 1 0 1 0 1 1 0 0 0 1 0 0 0 1 0 1 0 1 1 1 0 0 1 1 0 0 1 1 1 1 1 0 0 0 0 1 38 0 1 1 1 1 1 1 1 0 1 1 1 0 1 1 0 0 0 1 1 0 0 1 0 1 1 0 1 1 1 0 0 1 1 0 0 1 1 1 0 1 0 1 0 1 0 1 0 0 1 1 1 0 1 1 0 1 0 0 1 0 1 1 0 0 1 0 1 1 1 1 1 0 0 1 1 0 1 0 1 1 1 1 0 0 1 0 1 1 1 0 1 1 0
1 1 0 1 1 1 1 0 0 0 0 1 0 0 0 1 1 0 1 1 0 1 1 0 0 0 0 1 0 0 0 1 1 0 1 1 0 1 0 0 1 1 1 1 1 1 1 0 1 1 1 1 0 0 1 1 1 0 1 1 0 1 0 0 1 0 1 0 1 1 1 1 1 1 1 0 1 0 1 1 0 1 1 1 0 1 1 0 0 0 0 0 0 1 0 0 1 0 0 1 0 0 1 1 1 0 78 1 1 1 1 0 0 0 1 0 1 1 1 0 1 1 0 1 1 1 0 1 1 0 0 1 0 1 0 0 0 0 0 0 0 0 0 0 0 0 0 1 0 1 0 0 0 1 1 0 0 1 1 1 0 1 0 1 1 0 0 0 0 0 1 1 1 1 0 0 0 1 1 1 1 1 0 0 0 0 1 1 0 1 1 0 1 1 0 0 0 0 1 0
1 0 0 0 0 1 1 1 1 0 0 0 1 1 0 0 1 0 1 0 1 1 1 1 0 0 1 1 0 1 1 0 0 1 1 1 1 0 0 0 1 1 0 0 1 1 1 1 1 0 0 0 0 1 1 0 0 1 0 1 1 1 1 1 0 1 1 0 1 0 1 1 1 0 0 0 0 0 1 0 1 1 1 0 1 1 0 1 0 0 1 0 1 0 1 1 1 1 1 1 1 0 0 0 0 0 0 40 0 0 0 0 1 1 1 0 0 0 1 1 1 1 0 1 1 0 0 1 1 1 0 1 1 1 1 0 1 0 0 1 0 0 1 1 0 0 0 1 0 0 0 1 0 1 1 1 0 0 0 0 1 1 1 0 1 0 1 1 1 0 0 0 1 1 1 0 1 0 1 1 1 1 0 0 1 0 1 1 1 0 1 0 0 1 1 0 0 0 0 1
1 0 0 1 1 0 0 1 1 1 1 0 1 0 1 1 1 0 0 1 1 1 1 1 1 1 1 0 0 1 0 1 1 1 0 1 0 0 0 1 1 1 1 1 0 0 1 1 1 0 1 0 1 0 0 0 0 1 1 1 0 1 0 0 1 0 1 0 0 1 1 0 1 1 1 1 1 1 0 0 1 1 1 1 0 0 0 0 1 1 1 0 1 1 1 1 0 1 0 0 1 1 1 0 1 0 1 1 21 1 1 1 0 1 0 1 1 1 0 1 0 1 1 1 1 1 0 1 1 1 1 1 0 0 1 0 1 0 1 1 1 1 1 1 1 0 1 1 1 0 0 1 1 0 1 1 1 1 1 1 1 1 0 0 1 0 0 1 0 0 0 1 1 0 0 0 1 1 1 1 1 1 1 0 0 0 0 1 1 1 1 0 0 0 1 1 1 1 0 1
1 1 0 1 1 1 1 0 0 1 0 1 0 1 0 0 1 1 0 1 1 0 1 0 1 1 1 0 0 1 0 0 1 0 1 1 1 0 1 1 1 0 1 1 0 0 0 0 0 1 0 0 1 1 1 0 1 1 1 0 0 1 0 1 0 0 1 0 1 1 1 0 1 0 1 0 1 0 0 1 0 1 1 0 1 0 1 0 1 1 1 1 1 1 1 0 0 1 0 1 1 1 0 1 0 0 0 0 0 51 1 0 0 1 1 1 0 0 0 0 0 0 1 1 0 1 1 1 0 1 1 0 1 1 1 1 0 1 1 1 0 1 0 1 1 0 1 0 1 0 0 1 1 1 0 1 0 1 1 1 1 0 0 0 1 0 1 1 1 1 0 0 1 0 1 0 1 1 0 1 0 1 0 1 0 1 0 0 0 0 1 0 0 1 1 1 1 1 0 0
1 0 0 1 1 1 1 0 1 1 1 1 1 0 1 0 1 0 0 0 1 0 1 1 1 1 1 1 0 1 1 1 1 1 0 0 0 1 1 1 0 0 0 0 1 0 1 0 1 1 1 1 1 0 0 1 0 1 0 0 1 1 1 0 1 1 1 1 1 1 0 0 0 0 0 1 1 0 1 1 0 1 1 0 0 1 0 1 1 0 0 1 1 1 1 1 1 0 0 0 0 1 0 1 0 0 1 1 1 1 11 0 0 0 0 0 1 0 1 1 1 1 1 1 1 1 1 0 1 0 0 1 1 1 0 0 0 1 1 0 0 0 1 0 1 0 0 0 0 1 1 1 1 0 0 0 0 0 0 0 0 1 0 1 1 1 1 0 1 0 0 1 1 0 1 0 1 1 0 1 1 1 1 1 0 1 0 0 1 0 1 1 1 1 1 1 1 0 1 1
0 1 1 1 1 0 0 0 0 1 0 1 0 0 0 1 0 0 0 1 0 1 1 1 1 1 0 0 0 0 0 1 1 0 1 0 0 1 1 1 0 1 0 0 1 1 1 0 1 0 1 1 0 1 0 1 1 1 1 0 0 1 0 0 1 1 1 1 0 0 1 0 0 0 1 0 1 1 0 0 1 1 1 1 1 0 1 1 0 0 1 0 1 0 1 1 1 1 1 0 1 0 1 1 0 0 1 1 0 0 1 87 1 1 0 0 1 0 1 1 1 0 0 0 1 0 1 1 0 1 1 1 0 0 0 1 0 1 1 1 1 1 0 1 1 1 0 1 1 1 1 0 1 1 0 1 1 1 1 1 1 0 1 1 1 1 0 0 1 1 1 1 1 1 1 1 0 0 0 0 0 0 1 0 1 1 0 1 1 0 0 0 1 0 1 1 1 1 1 0
0 1 1 0 0 1 1 1 0 1 1 1 1 0 1 1 0 0 0 1 1 1 1 1 1 1 0 1 1 1 0 1 1 1 1 0 1 0 0 1 1 1 1 0 1 0 0 0 1 0 0 1 1 0 1 1 1 0 0 1 0 0 1 0 1 1 1 1 0 0 0 0 1 1 0 1 0 1 0 1 0 1 1 0 0 0 0 1 0 0 1 1 1 0 0 1 0 0 0 1 1 1 0 1 1 0 0 0 0 1 1 1 27 0 1 0 1 1 1 1 1 0 0 1 0 0 0 1 0 0 1 1 0 0 0 1 1 1 1 0 1 1 1 1 1 1 1 0 1 0 1 0 1 1 0 0 0 1 1 1 1 1 1 1 0 1 0 0 1 1 0 1 0 1 1 1 0 1 1 1 0 0 0 1 0 1 0 1 0 1 0 1 1 1 1 1 1 0 0 0
0 0 1 0 1 1 0 1 1 0 1 1 1 0 0 0 0 1 0 1 0 1 1 1 1 1 1 0 1 1 1 0 1 1 0 1 0 0 0 0 0 1 1 0 0 0 1 1 0 1 0 0 0 1 1 0 1 0 1 0 1 1 1 0 1 0 1 1 0 1 0 0 0 1 0 1 0 0 0 0 0 0 1 0 1 0 0 1 0 0 0 0 1 1 0 1 1 1 1 1 0 1 1 1 0 0 1 1 0 0 0 0 1 68 1 0 1 0 1 1 0 0 1 0 1 1 1 1 0 1 1 1 0 1 1 1 1 0 1 1 1 1 1 0 0 1 0 0 1 0 1 0 1 1 1 1 1 0 1 1 1 1 1 0 0 1 1 0 0 1 1 1 0 0 1 1 1 1 0 1 1 0 1 1 0 0 1 1 1 0 1 1 1 1 1 1 0 1 0 0
1 0 1 0 0 1 1 1 0 0 0 0 0 1 0 0 1 0 1 1 0 0 1 0 1 1 1 1 0 0 0 0 0 1 0 0 1 1 1 1 0 0 0 0 1 1 0 0 1 1 0 1 0 0 1 1 1 0 0 0 1 1 1 1 0 0 1 1 1 1 1 0 1 1 0 1 0 0 0 1 1 0 1 0 0 0 0 0 1 1 1 1 1 0 1 1 0 0 0 1 1 1 0 1 1 0 1 1 0 1 0 0 1 1 14 0 1 1 1 1 0 1 1 1 1 0 1 1 0 1 0 1 1 0 1 0 1 1 1 1 1 1 0 1 1 0 0 0 0 0 1 0 0 1 0 1 0 1 0 1 0 1 1 0 1 1 1 0 1 1 1 0 0 0 1 0 0 0 0 1 0 1 0 0 1 1 1 1 1 1 1 1 1 0 1 1 1 1 1 1
1 0 0 1 0 0 1 1 1 1 0 1 0 0 0 1 0 0 0 0 0 0 0 0 1 0 0 1 0 0 1 0 1 0 1 1 1 0 0 1 0 0 1 1 1 1 1 1 0 1 0 1 1 0 1 1 0 0 1 1 1 0 0 1 1 0 1 1 0 1 0 0 1 1 0 0 0 1 0 1 1 1 1 1 0 1 1 1 0 1 1 1 1 1 1 1 0 1 0 0 0 1 1 1 1 1 1 1 1 0 1 0 1 1 0 99 0 0 0 0 0 1 0 0 0 0 0 1 0 1 1 1 0 0 0 1 0 0 0 1 1 1 1 0 1 1 0 1 0 1 1 0 1 1 1 1 1 1 0 0 0 1 1 1 1 0 1 0 1 1 0 0 1 1 1 0 0 0 1 1 0 1 1 1 0 0 1 0 1 0 0 0 1 1 1 1 1 0 0 0
0 1 0 1 1 1 1 1 0 1 1 0 1 0 1 0 0 1 1 0 1 1 1 0 0 1 1 0 1 1 0 1 0 0 1 0 1 1 1 1 0 1 1 0 1 0 1 1 0 1 1 1 0 1 0 0 1 0 0 0 0 1 1 0 0 1 1 1 0 0 0 0 1 1 0 1 1 0 1 1 1 0 1 1 0 0 0 1 0 0 1 1 1 1 1 1 1 0 1 0 1 1 0 1 0 1 1 1 1 1 0 1 1 1 0 1 22 1 1 0 0 1 1 1 1 1 0 1 1 0 0 1 0 1 1 1 1 1 1 1 1 0 0 0 0 1 1 0 1 0 0 0 0 1 1 1 0 1 1 1 1 0 1 1 0 1 1 1 1 1 1 0 1 0 1 1 0 0 1 0 1 1 1 0 0 1 0 0 0 1 1 0 0 1 0 1 0 1 1 0
0 1 1 0 1 0 0 0 1 1 0 1 0 0 0 0 1 0 1 0 1 0 1 0 1 0 1 0 0 1 1 0 1 1 1 1 1 0 1 1 1 1 1 0 0 1 0 0 1 0 0 1 0 1 0 1 1 1 0 1 0 0 1 0 1 0 1 0 0 0 1 1 1 0 0 0 0 1 1 1 0 1 1 1 1 1 0 1 1 1 1 0 1 0 0 1 1 0 0 0 0 1 0 1 1 0 1 0 1 0 1 0 1 0 0 0 0 47 0 0 0 0 0 1 0 0 0 0 0 1 1 1 0 1 0 0 1 0 1 0 1 1 1 1 1 1 0 0 0 1 1 1 1 1 1 1 1 0 1 1 0 1 0 1 1 1 0 0 1 1 0 0 0 0 1 1 0 1 0 1 1 0 1 1 0 0 1 1 1 1 1 0 1 0 1 0 1 0 0 1
0 0 1 1 1 0 0 0 0 1 1 1 0 1 1 1 1 0 1 0 1 0 1 0 1 1 1 1 0 1 1 0 0 1 1 1 0 0 0 1 0 1 1 1 0 1 0 0 1 0 0 1 1 1 1 1 1 1 1 0 1 1 1 1 1 1 0 1 1 0 1 1 1 1 0 1 1 1 1 0 0 0 1 0 0 1 1 1 1 1 1 1 1 0 0 0 1 1 0 1 0 1 1 1 1 1 1 1 1 1 1 1 1 0 0 1 1 1 20 0 0 1 1 1 0 1 0 1 0 0 1 0 1 0 1 0 1 1 1 1 0 1 1 0 1 1 1 1 1 1 1 1 1 1 1 0 1 1 0 1 1 1 1 1 1 1 0 1 1 1 1 0 0 0 1 1 1 1 0 0 0 0 1 0 1 1 0 1 1 1 1 1 1 1 0 0 0 1 1 0
1 0 0 1 1 0 0 0 1 0 1 1 1 0 1 1 0 0 1 0 0 1 1 0 0 0 1 1 0 1 0 1 1 1 1 1 0 1 1 1 1 0 0 1 0 1 1 0 1 1 0 0 1 0 1 1 1 1 0 1 1 0 1 0 1 0 0 1 0 1 1 1 0 0 1 1 1 1 0 0 1 0 1 1 1 1 1 1 1 1 0 1 1 1 1 1 1 1 1 1 1 1 1 1 0 1 0 1 1 1 1 0 0 0 1 0 0 1 1 94 1 1 1 1 0 1 0 1 1 0 0 1 0 1 1 1 1 1 1 1 0 1 0 0 1 1 0 0 0 0 0 1 0 1 0 0 1 1 0 0 1 0 1 1 1 0 1 0 1 1 1 1 0 0 0 1 1 0 1 0 1 0 0 0 1 0 1 1 1 0 1 0 0 1 1 0 1 0 0 1
0 1 1 1 0 0 1 1 0 0 1 1 1 1 0 0 1 1 1 0 0 0 1 1 1 1 0 1 1 1 1 0 1 0 0 1 1 1 1 1 0 0 1 1 1 1 0 1 1 1 0 1 1 0 0 0 1 1 1 1 0 0 1 1 0 1 0 1 0 0 1 1 0 1 0 0 1 1 1 1 1 0 1 1 0 1 1 0 1 0 1 1 1 1 1 0 0 1 1 1 1 0 0 1 1 1 1 1 1 1 1 0 1 1 1 1 1 0 0 1 37 1 1 1 1 1 0 0 0 0 1 0 1 1 0 0 1 0 0 1 1 0 0 1 1 1 0 0 1 0 1 1 0 1 1 1 1 1 0 0 1 0 1 0 0 1 0 1 1 1 0 1 1 1 0 1 0 1 1 0 1 1 0 0 1 1 1 0 1 1 0 1 1 0 0 1 1 1 0 0
1 0 0 0 1 0 1 0 1 0 1 1 1 1 0 0 1 0 0 1 1 0 1 1 1 0 1 1 1 1 0 1 1 1 1 0 1 0 0 1 0 1 1 1 0 1 1 0 0 1 0 1 1 0 0 0 1 0 0 1 0 0 1 0 1 1 1 1 1 1 0 0 1 1 1 1 1 0 1 0 1 0 1 1 1 0 0 0 1 0 0 1 0 0 1 0 1 1 1 1 0 1 1 1 0 1 1 0 0 1 1 1 0 1 1 0 1 1 1 1 1 13 1 1 0 1 0 0 0 0 0 1 0 0 0 1 0 1 1 1 1 1 1 0 1 1 0 1 1 0 1 1 1 1 1 1 0 1 0 0 1 0 1 1 1 1 1 0 0 1 0 0 1 0 1 1 1 0 0 1 0 1 1 0 1 1 1 0 1 1 1 1 0 1 1 1 0 0 0 1
1 0 1 1 1 1 0 0 1 1 1 0 0 0 1 1 1 1 0 1 0 1 0 1 0 1 1 1 0 0 0 1 1 1 1 1 0 1 1 1 0 1 0 1 0 1 0 1 1 1 1 1 1 1 1 1 1 0 1 0 0 1 0 0 1 0 0 1 1 1 1 0 0 1 0 0 1 1 1 1 0 0 0 0 0 1 0 1 0 1 1 1 1 1 0 1 0 0 1 0 0 0 0 1 1 0 0 0 1 1 0 0 1 1 1 1 1 1 0 1 0 1 73 1 1 0 0 1 0 1 1 1 1 1 0 0 0 0 0 1 0 0 0 1 1 0 1 1 1 0 0 1 1 0 1 1 1 1 1 1 0 0 0 0 1 0 0 1 1 1 0 1 0 0 0 1 1 1 1 0 1 1 1 0 0 1 0 0 1 1 1 1 1 1 1 1 0 1 0 1
0 1 1 1 1 1 1 1 0 1 0 0 1 0 1 0 1 1 1 1 1 1 1 0 1 1 1 1 1 0 1 0 0 1 1 1 0 1 1 0 1 0 0 1 1 0 0 1 1 1 0 1 1 1 1 1 0 1 1 1 1 0 1 0 0 1 1 0 1 1 0 0 1 0 1 0 0 1 1 1 1 0 0 0 0 1 1 0 1 1 1 1 1 1 1 0 1 0 1 1 0 1 1 1 1 0 1 0 1 1 0 1 1 1 1 1 0 1 1 1 0 0 0 19 0 1 0 0 0 1 1 1 1 1 1 1 1 1 0 0 1 1 1 0 0 1 0 1 1 1 0 0 0 1 0 1 0 1 0 1 0 0 1 1 0 1 1 0 0 1 1 1 1 1 1 0 0 1 1 1 1 1 0 1 1 0 1 1 0 1 1 0 1 0 0 1 1 1 1 1
1 0 0 0 0 1 1 1 1 0 1 0 1 0 1 1 0 1 1 1 1 1 0 1 0 0 1 0 0 0 0 1 0 0 1 1 0 1 1 1 1 1 1 1 1 1 1 1 1 1 1 1 0 0 1 0 0 1 0 1 1 1 1 0 0 1 0 1 0 1 0 1 0 1 0 1 1 0 1 1 1 0 0 0 0 1 1 1 1 1 1 0 1 1 1 1 0 1 1 0 1 1 0 1 1 0 1 1 0 1 1 1 1 1 0 0 1 0 1 0 1 1 0 1 26 1 1 0 1 1 1 0 0 1 0 1 1 1 1 0 1 1 0 0 0 1 0 1 1 1 1 1 0 1 1 0 0 1 0 1 1 0 1 0 0 1 0 1 0 1 0 0 1 0 1 0 1 1 0 0 0 0 0 1 0 1 0 1 0 1 1 1 1 1 1 1 1 0 1 0
1 0 1 1 1 0 0 0 1 1 0 1 1 1 0 0 1 1 1 1 1 1 0 0 1 0 0 0 0 0 0 0 0 1 0 1 1 1 0 1 1 1 1 1 1 0 0 0 1 0 0 0 0 0 1 1 0 1 1 1 0 0 0 1 1 0 1 1 0 1 0 1 0 0 1 0 0 0 0 1 0 1 1 1 1 0 0 1 1 1 0 1 1 1 1 0 0 0 1 1 1 0 1 1 0 1 0 0 0 1 0 1 1 1 1 1 1 0 1 0 0 0 0 1 1 71 1 0 1 0 1 1 0 0 1 1 1 0 0 1 0 1 1 0 1 0 0 0 1 1 1 0 1 1 1 1 0 1 0 0 1 1 0 1 0 0 0 0 1 1 1 1 1 1 1 1 0 1 1 0 1 1 1 1 1 0 1 0 0 0 1 1 1 1 0 0 1 1 0 0
1 1 1 1 1 1 0 1 0 1 1 1 1 1 1 1 1 1 0 1 0 1 0 0 1 1 1 1 1 1 0 0 0 1 1 0 1 0 1 1 0 0 0 1 0 1 1 0 1 0 1 1 1 1 0 0 0 0 1 1 1 1 0 0 1 1 1 1 1 1 1 1 1 1 1 0 1 0 1 1 0 1 0 1 0 1 1 0 1 1 1 1 1 1 1 1 1 1 0 1 1 0 1 1 1 1 1 0 1 1 0 1 1 0 0 1 1 1 1 1 1 1 1 1 1 0 20 1 1 1 0 1 1 1 1 0 1 1 1 0 1 1 1 1 1 1 0 1 0 1 0 0 1 0 0 1 1 1 1 0 1 0 1 1 0 1 0 0 1 1 1 0 1 0 0 0 0 0 0 1 1 1 0 0 0 0 1 1 0 1 1 0 0 0 0 1 1 1 1 0
1 0 0 1 1 0 1 1 0 0 0 1 1 1 1 1 1 1 1 1 0 0 1 1 1 1 1 1 1 1 1 0 1 1 0 0 1 1 1 1 1 1 0 1 0 1 0 1 0 1 0 1 1 0 1 0 0 0 0 0 1 1 1 0 1 0 0 1 1 0 0 0 0 0 0 1 0 0 0 1 0 1 1 1 1 0 0 0 1 0 1 1 1 1 1 0 0 1 1 1 1 0 1 0 0 1 1 1 0 1 1 0 0 0 1 0 1 1 1 1 0 1 1 1 1 1 1 39 1 0 0 0 0 1 0 0 1 0 1 1 1 1 0 1 1 0 1 1 1 0 0 1 0 1 0 1 1 1 0 1 1 0 0 1 0 1 1 1 0 1 1 0 1 0 1 0 1 0 0 1 0 1 1 1 1 0 1 1 1 0 1 1 0 1 0 0 1 1 0 1
0 0 1 1 0 1 1 0 0 0 0 0 0 1 0 1 0 1 1 1 1 1 1 0 0 1 1 0 1 1 1 1 1 0 1 1 0 1 1 1 1 0 0 1 1 1 1 1 1 1 0 1 1 0 1 1 1 0 0 0 1 1 1 0 0 0 1 1 1 1 0 1 1 1 1 1 0 0 1 0 0 1 1 1 0 1 1 0 1 0 1 1 0 1 1 1 1 1 1 1 1 0 0 0 1 0 1 0 1 1 1 0 0 1 1 1 0 0 1 1 1 0 0 0 1 0 0 0 73 1 0 1 0 0 0 0 1 0 1 0 1 1 0 0 0 1 0 1 0 1 1 1 1 1 1 1 1 0 1 1 1 0 1 1 0 1 1 0 1 1 0 0 1 0 1 1 1 1 0 0 0 1 1 0 1 1 0 1 0 1 0 0 1 1 1 1 0 0 1 1
0 1 0 1 0 1 0 1 0 1 1 0 1 1 0 1 1 0 1 1 0 0 1 1 1 1 1 0 1 1 0 1 0 0 0 1 1 0 1 1 1 1 1 0 1 0 1 0 0 1 0 1 0 0 1 1 0 0 0 0 0 1 1 1 1 0 0 0 0 1 0 1 0 0 1 1 1 1 1 0 0 0 0 1 1 0 0 0 0 0 1 1 1 1 1 1 1 0 0 1 1 1 1 0 1 1 0 1 0 1 1 0 0 1 1 1 1 1 1 1 1 0 0 1 1 1 0 1 1 56 1 1 0 0 1 0 0 0 0 1 1 1 1 1 0 1 1 1 0 1 0 0 1 1 1 1 0 1 1 1 1 1 0 0 0 1 0 1 0 0 1 1 0 1 1 1 1 0 0 0 1 1 1 1 1 1 0 1 1 1 0 0 1 0 1 1 1 1 0 1
0 1 1 0 1 0 1 1 1 1 1 0 1 0 1 0 1 0 1 1 1 0 0 1 1 1 1 1 1 0 1 1 0 1 0 1 1 1 1 1 1 0 0 1 1 1 0 1 1 1 1 1 0 0 1 1 0 0 1 0 1 1 1 1 1 1 0 1 0 1 1 1 1 1 1 1 1 0 1 1 0 0 0 0 1 0 1 0 1 1 1 0 1 1 0 1 0 1 1 0 1 1 0 0 0 1 1 0 1 0 0 0 1 0 0 1 0 1 0 0 0 0 0 0 0 1 1 0 1 0 96 1 0 0 1 1 1 0 0 0 0 1 0 1 0 1 0 0 1 1 1 0 0 1 1 1 0 0 1 1 1 1 0 1 1 1 1 1 0 0 1 1 0 0 1 1 1 0 1 1 0 1 1 1 0 1 1 1 1 0 0 0 1 1 1 0 1 1 1 1
0 0 1 1 1 1 0 1 1 1 1 1 1 1 0 1 0 1 1 0 1 0 0 0 1 0 1 1 1 1 0 1 1 0 1 0 1 1 1 1 0 1 1 1 1 0 1 1 1 1 0 0 0 1 1 0 0 1 1 1 1 0 1 1 0 0 0 1 1 1 1 1 0 1 0 0 0 0 1 1 1 1 0 1 1 1 1 0 1 1 1 0 1 1 1 0 0 1 1 0 0 0 1 1 0 0 1 0 1 1 1 1 1 0 0 1 1 1 0 1 1 1 0 1 0 1 0 1 1 0 1 91 1 0 0 1 0 1 1 0 1 1 1 0 1 0 0 1 0 1 1 0 0 1 0 0 0 1 0 1 0 1 0 1 1 1 0 1 0 1 1 1 0 1 1 0 1 1 1 1 0 0 0 0 1 0 1 0 0 1 1 0 0 0 1 1 1 1 1 1
1 1 1 1 0 0 1 1 0 1 0 1 1 1 1 0 1 1 0 1 0 0 0 0 1 0 1 0 1 0 1 1 1 1 1 0 0 1 1 1 1 0 0 1 1 0 0 1 1 1 1 1 0 0 1 1 1 1 1 1 0 0 0 1 1 1 1 0 0 1 0 1 1 0 0 0 0 0 1 1 1 1 0 0 1 1 1 0 0 1 1 1 1 1 1 1 1 1 1 0 1 0 1 1 1 0 0 0 1 1 0 0 0 1 1 1 1 0 1 1 1 1 1 1 1 0 0 1 1 1 1 1 16 0 0 0 1 0 0 1 0 1 0 0 1 1 1 1 1 1 0 1 1 0 0 1 1 0 1 1 1 0 0 1 1 0 1 1 0 0 0 1 0 1 1 1 1 0 1 1 0 1 1 1 1 0 0 1 1 1 1 0 1 0 0 0 1 0 1 1
1 1 0 1 1 0 1 1 0 1 1 1 1 1 1 0 0 0 0 0 1 0 0 0 0 1 1 1 1 1 1 1 0 0 1 0 0 0 1 1 1 1 0 0 0 1 1 1 1 1 0 1 0 1 1 1 1 1 0 0 1 1 1 0 1 0 1 1 0 1 0 1 1 0 0 0 1 0 1 1 1 1 1 1 1 1 1 1 1 0 1 0 0 1 1 0 1 1 0 0 1 1 1 1 0 1 1 0 1 0 0 0 1 0 1 0 1 1 0 1 0 1 1 1 0 0 1 1 1 1 1 1 1 46 1 0 1 0 0 0 1 0 1 0 0 1 0 1 1 0 0 1 1 1 1 1 1 0 0 1 0 0 0 1 1 1 1 1 0 1 1 1 0 0 1 0 1 0 0 1 0 1 1 1 0 0 1 0 1 1 1 1 1 1 1 1 1 1 0 1
1 0 0 1 0 0 1 0 1 0 0 1 1 1 1 0 1 1 1 1 1 0 1 0 0 1 1 1 0 1 1 1 0 0 1 0 0 0 1 0 1 1 0 1 0 0 1 0 0 1 1 1 0 1 1 1 1 0 0 1 1 1 0 0 1 0 1 1 0 0 1 0 0 0 1 0 1 0 1 0 0 1 1 1 1 1 1 0 0 0 1 0 1 1 1 1 1 1 0 1 1 1 1 1 1 0 0 0 1 0 1 1 1 1 0 0 0 1 1 1 0 1 1 0 1 1 1 1 1 1 1 0 1 0 2 1 1 1 0 1 1 1 0 1 1 0 1 0 1 1 0 1 1 1 1 1 1 0 0 0 0 0 0 1 0 1 0 0 1 0 1 1 0 0 0 1 1 0 1 0 0 0 1 1 0 0 0 0 1 0 1 1 1 0 0 0 1 1 1 1
1 1 0 0 1 1 1 1 1 1 1 1 1 1 0 1 1 1 1 0 1 1 1 1 0 1 1 1 1 0 0 1 0 1 0 1 1 1 1 1 1 1 1 1 1 0 0 1 0 1 1 0 1 1 0 0 0 1 0 1 0 0 1 0 1 1 1 1 0 1 0 1 0 0 0 1 1 1 0 1 1 1 0 1 0 1 1 1 0 1 0 0 1 1 1 0 0 1 1 1 1 1 1 1 1 1 1 0 1 1 1 1 1 1 1 1 1 1 0 1 1 1 0 0 1 1 0 1 1 0 1 0 0 0 1 55 1 1 0 1 0 1 0 1 1 1 0 1 1 0 1 0 1 0 1 0 1 1 1 1 0 1 1 0 1 1 1 0 0 1 1 0 0 0 0 0 0 1 1 1 0 0 1 1 1 1 0 0 0 0 0 1 1 1 1 0 1 0 1 1
0 1 1 1 0 1 1 0 0 0 1 0 0 1 1 1 1 1 1 0 1 1 1 1 0 0 1 1 1 1 0 0 0 1 0 1 1 1 1 0 1 0 1 1 1 0 0 1 1 1 0 0 0 1 0 0 1 0 1 1 1 1 1 1 1 0 0 1 1 1 1 1 0 1 0 1 0 0 0 1 1 1 0 1 0 0 1 0 0 0 1 1 0 1 0 1 1 1 1 0 1 0 0 0 0 1 1 1 0 0 1 1 0 0 1 0 1 1 0 1 1 1 1 1 1 1 1 1 1 1 0 1 0 0 0 1 5 1 0 1 1 0 1 0 1 1 0 0 1 0 1 1 0 1 1 1 1 0 0 0 1 1 1 1 1 0 1 1 1 1 1 1 1 1 1 0 0 0 1 0 1 1 1 1 0 1 0 1 1 0 1 0 1 1 0 1 1 0 0 1
1 1 1 1 0 1 0 1 0 0 1 1 0 0 1 0 0 1 0 0 1 1 1 0 1 0 1 1 1 0 1 0 0 1 1 1 0 1 0 0 1 0 1 0 0 1 1 0 1 1 1 0 1 1 1 0 0 1 1 1 1 1 0 1 0 0 1 0 0 1 1 0 0 1 0 1 1 1 0 1 1 0 1 0 0 1 1 0 0 1 1 0 1 0 1 0 1 1 0 1 1 0 0 1 0 0 0 0 1 1 1 1 1 0 0 0 0 1 0 1 1 1 0 1 1 1 1 0 0 1 0 0 1 1 1 0 0 45 1 1 0 0 1 1 1 0 1 0 0 0 1 1 0 1 1 0 1 1 1 1 1 0 1 0 1 0 0 1 1 1 0 0 1 1 0 0 1 1 1 0 0 0 1 0 1 0 1 0 1 1 1 0 1 0 1 0 0 1 0 0
1 1 1 1 1 1 0 0 1 1 0 0 1 1 0 0 0 1 1 0 1 1 1 1 1 0 0 0 1 0 1 1 1 1 1 1 1 1 1 0 1 1 0 1 0 0 1 1 0 0 1 1 0 0 1 1 0 1 1 0 1 1 1 0 0 0 1 0 0 1 1 0 0 0 1 0 1 1 1 0 0 1 1 1 1 0 1 0 1 1 0 0 1 1 1 1 0 1 0 0 1 1 1 0 1 1 0 0 1 1 0 0 1 0 1 1 1 1 1 1 1 1 0 1 1 1 0 0 1 1 1 1 0 0 1 1 1 0 12 0 1 0 0 0 0 0 1 0 1 1 1 1 0 1 0 0 0 1 1 1 1 1 1 1 0 1 1 1 0 1 0 1 0 0 0 1 0 0 1 1 0 0 0 1 1 0 0 1 0 0 1 1 1 0 0 0 1 0 1 1
0 1 0 1 1 1 1 1 1 1 1 0 1 0 1 1 0 1 1 0 0 1 0 0 1 0 1 0 0 1 1 1 1 0 0 0 1 0 0 0 0 0 0 1 0 1 1 0 0 0 1 1 1 1 0 1 1 0 0 0 1 1 0 0 1 1 1 0 0 1 1 1 1 1 1 1 0 1 0 1 0 1 1 1 1 1 0 1 0 1 1 1 1 1 1 1 1 1 0 1 0 0 1 0 0 1 0 0 1 1 1 0 0 0 1 1 0 1 1 1 0 1 1 1 0 0 1 0 1 1 1 0 1 1 1 1 1 1 0 19 0 1 1 1 1 1 1 1 1 0 1 1 1 0 0 0 1 1 0 0 0 1 0 1 0 1 1 1 1 1 1 1 1 0 0 1 0 1 1 1 1 1 0 1 1 1 1 0 1 1 0 1 1 1 1 1 1 1 1 0
0 0 1 1 0 0 0 1 1 0 1 1 1 1 1 1 0 1 1 0 0 1 0 1 0 0 1 1 1 1 1 0 1 1 1 1 0 1 1 0 0 0 1 1 0 1 0 1 1 0 1 0 1 1 1 0 0 0 1 0 1 1 1 0 0 1 0 1 1 0 1 1 1 1 1 1 1 1 1 1 0 1 0 1 1 1 1 0 0 1 0 0 1 0 1 0 1 1 0 1 0 0 1 0 0 1 1 1 1 1 0 1 1 0 1 0 0 1 1 1 1 1 1 1 0 0 1 0 1 0 1 0 1 0 0 1 0 0 1 1 15 1 1 0 1 0 1 0 1 0 0 1 0 0 1 1 1 1 1 1 1 0 0 1 1 0 1 0 1 1 0 0 1 1 1 0 1 1 1 1 1 0 1 0 1 1 0 1 0 0 0 0 1 0 0 0 1 0 0 0
0 1 1 1 0 0 1 0 0 1 1 1 0 1 1 1 1 1 1 0 1 1 1 0 1 0 0 0 0 1 0 1 1 0 1 1 1 0 1 1 1 1 1 0 0 1 0 0 1 0 1 1 0 0 0 1 1 1 0 0 0 1 1 0 1 1 0 1 0 1 0 1 0 0 1 0 0 1 0 0 0 1 0 1 1 1 1 0 1 0 0 1 1 1 1 0 0 1 0 1 0 1 0 1 1 1 0 1 1 1 1 1 1 1 1 1 0 0 0 1 1 1 1 1 1 0 1 1 1 1 0 1 1 1 1 1 0 0 0 1 0 32 0 1 1 1 1 1 0 1 1 1 1 1 1 1 1 1 0 0 1 1 1 1 0 1 1 0 1 0 0 1 0 1 0 0 0 1 1 1 1 1 0 1 0 1 1 1 0 1 1 1 1 1 1 1 0 0 0 1
0 1 0 1 1 1 0 1 0 1 0 1 0 1 0 0 0 0 0 1 1 1 0 1 0 0 1 1 1 0 1 0 1 1 1 1 0 1 0 1 0 0 0 1 1 1 1 1 0 1 0 0 0 1 0 0 0 1 1 0 1 1 1 0 1 1 0 0 0 1 1 0 1 0 1 1 1 1 1 0 1 1 1 1 1 1 1 0 1 0 0 1 1 1 0 0 1 1 1 1 1 1 0 0 0 1 1 1 0 1 0 1 1 1 0 1 1 0 1 1 1 1 0 1 1 1 1 0 1 1 0 1 0 0 1 1 1 1 1 1 1 1 96 0 1 1 0 1 1 1 1 0 0 1 1 1 1 1 0 1 1 0 0 1 0 1 1 1 1 1 1 1 1 0 0 0 1 1 1 1 1 1 0 0 0 0 1 1 0 1 1 0 1 1 0 1 1 1 1 1
1 1 0 0 1 1 0 1 0 1 1 1 0 1 1 1 1 1 0 1 0 1 1 1 0 1 0 0 1 1 1 1 1 1 1 1 1 1 1 1 1 1 1 0 1 0 0 1 1 1 1 0 0 1 0 1 1 1 1 1 1 0 0 1 0 1 0 1 0 1 0 0 1 0 1 0 1 1 0 1 1 1 0 0 1 1 1 1 0 0 1 1 0 1 1 0 0 1 1 1 0 1 1 1 1 1 1 0 1 1 0 1 1 1 1 1 1 0 0 0 0 1 1 1 1 0 1 0 0 0 0 1 1 0 1 1 1 0 1 1 0 1 0 53 1 1 1 1 1 0 1 1 1 1 0 1 1 1 1 0 1 1 1 0 0 1 1 1 0 1 1 1 0 1 0 1 1 1 1 1 1 0 1 0 0 1 1 1 1 0 1 0 0 0 0 1 1 1 0 0
1 0 0 1 1 0 1 0 0 1 0 0 0 1 1 0 1 1 0 1 0 1 1 1 0 1 0 1 1 1 1 1 0 0 0 1 1 0 0 1 1 0 1 0 1 0 0 1 0 0 0 1 1 0 0 0 1 1 1 1 1 0 0 1 0 1 1 0 1 1 1 1 0 1 1 0 1 1 1 1 0 0 0 0 1 1 1 1 0 1 1 1 0 1 1 1 1 0 1 1 1 0 1 0 1 0 0 1 1 1 1 1 0 1 1 0 1 0 1 1 0 1 1 1 1 0 0 0 1 1 1 1 0 1 1 1 1 0 0 1 1 1 1 1 4 0 1 1 1 1 0 1 0 0 1 1 0 1 0 1 1 0 0 1 1 1 1 0 1 0 0 0 1 1 1 0 0 1 1 1 1 0 0 1 0 1 1 1 1 1 1 1 0 1 1 1 0 1 0 0
1 0 1 1 0 1 1 0 0 0 1 0 1 1 0 0 1 1 1 1 1 1 1 1 1 0 1 0 0 1 1 1 1 1 1 0 1 1 1 1 0 1 1 1 1 0 1 0 1 0 0 0 1 1 0 1 1 0 0 1 0 1 0 0 1 1 0 1 0 1 0 1 1 1 1 1 1 0 0 0 0 0 1 1 1 1 0 1 1 1 0 0 1 0 1 0 0 1 1 0 0 1 0 0 1 1 1 0 1 0 1 0 1 1 0 0 0 1 1 0 0 1 0 1 0 1 0 0 1 1 0 0 0 0 1 0 1 0 0 1 1 1 1 1 0 29 0 0 1 0 1 1 1 1 1 0 0 0 1 1 1 0 0 1 1 1 1 0 1 1 1 1 1 0 1 1 0 1 0 1 0 0 1 1 1 1 1 1 0 0 1 1 1 1 0 0 1 1 1 1
1 1 0 1 1 1 0 1 0 0 1 1 0 1 1 0 0 1 1 0 1 0 1 0 0 0 1 0 1 1 1 1 1 0 1 0 1 1 1 0 1 1 1 1 1 0 1 0 0 1 1 1 0 1 0 1 1 0 1 1 1 1 1 1 1 1 0 0 0 1 0 0 1 1 0 1 1 0 0 1 1 1 1 0 0 0 0 1 0 1 0 0 0 0 1 1 1 1 1 0 0 0 0 1 0 1 1 0 1 1 0 1 0 0 1 1 0 0 0 0 0 0 1 0 1 0 0 1 0 0 1 1 1 0 1 1 1 1 1 1 1 1 0 0 0 1 2 1 1 1 1 0 1 1 1 1 0 0 1 0 1 0 0 0 1 0 1 0 1 1 0 0 0 0 0 1 1 1 1 1 0 1 1 0 0 0 1 0 1 1 1 1 1 1 0 1 0 0 0 0
1 0 0 0 1 1 1 1 1 1 0 0 0 1 1 1 0 1 0 1 1 1 1 0 1 1 0 0 0 1 1 1 0 1 1 0 1 1 1 0 0 1 0 1 1 1 1 1 1 0 1 1 1 1 0 1 1 1 1 1 1 1 1 0 1 0 1 1 0 1 1 0 1 0 1 1 1 0 1 1 0 0 1 1 0 1 1 0 0 1 0 1 1 1 1 0 0 0 1 1 1 0 0 1 1 1 0 1 1 1 0 0 1 1 0 1 1 0 1 0 0 1 0 1 1 0 0 1 0 0 1 1 0 1 1 1 1 0 1 1 1 0 1 1 1 0 0 26 0 1 0 0 0 0 0 1 1 1 1 0 1 1 0 1 1 0 0 0 1 1 1 0 1 1 1 1 0 1 1 1 1 1 0 1 1 1 0 0 0 1 0 0 1 1 0 0 1 1 1 1
1 0 1 0 0 0 1 1 1 0 1 1 1 0 1 0 1 1 1 1 0 0 1 0 0 1 0 0 1 1 0 1 1 0 1 1 1 1 1 1 1 0 0 0 1 1 1 0 1 0 0 0 1 1 1 1 1 1 0 1 1 0 0 0 1 1 0 1 1 0 1 1 1 0 1 0 1 1 1 0 1 1 1 0 0 1 0 1 1 1 1 0 0 1 0 0 0 1 1 0 1 1 1 0 1 1 0 1 0 0 1 0 0 1 1 1 1 1 0 1 1 1 0 0 1 1 1 0 1 1 1 1 0 1 1 1 0 1 1 0 1 0 1 1 1 1 1 1 4 0 0 0 0 0 0 1 1 1 0 0 0 1 1 0 1 1 1 0 1 1 1 1 1 0 1 1 0 0 1 1 1 0 1 1 0 1 0 0 1 1 0 0 1 1 1 1 1 1 1 1
1 1 1 1 0 1 0 0 1 1 0 1 1 0 0 0 1 1 0 1 0 1 1 0 0 0 1 1 0 1 0 1 1 0 0 0 0 0 1 1 1 1 1 0 1 1 1 0 0 1 1 0 1 0 1 0 0 1 0 0 0 0 1 1 1 1 1 1 1 1 0 0 0 1 1 1 0 1 1 0 1 1 1 1 1 1 0 1 0 0 1 0 1 0 1 0 1 1 0 0 1 0 1 1 0 1 1 1 1 1 0 1 1 0 0 0 1 1 1 1 1 1 1 1 1 0 1 1 1 0 1 0 1 0 0 1 1 0 0 1 1 1 0 1 1 1 1 0 1 65 0 1 1 1 0 1 1 1 1 0 0 0 1 1 0 1 0 0 1 0 0 1 0 1 0 0 1 0 0 0 1 0 1 0 1 1 1 1 1 0 1 1 0 0 1 1 0 0 1 1
1 1 1 0 1 1 1 0 1 1 0 0 1 0 1 1 1 1 0 1 1 0 1 1 1 0 0 0 1 1 1 1 0 1 1 1 1 1 0 0 0 1 1 1 1 0 1 1 1 1 0 0 1 0 0 0 0 0 0 0 1 1 1 1 1 1 1 0 0 1 1 1 0 1 0 1 1 0 0 1 1 0 0 1 1 1 0 1 0 1 0 1 1 1 0 1 0 1 0 1 0 0 1 0 1 0 1 0 1 1 0 1 0 1 1 1 0 0 1 1 0 1 1 1 1 1 1 1 1 0 1 0 1 1 0 1 1 1 0 1 0 1 1 0 1 1 0 0 0 1 74 1 1 0 1 0 0 1 1 0 0 1 0 1 1 1 1 0 0 1 0 1 0 0 1 1 1 0 0 1 1 0 1 0 0 1 1 0 0 1 1 1 1 1 1 0 1 1 1 1
0 1 1 0 0 0 0 0 1 0 0 1 1 0 0 0 1 1 0 1 1 0 1 1 1 0 1 1 1 1 1 0 1 0 1 1 0 0 1 0 0 1 0 0 1 1 1 1 1 0 1 1 1 1 0 0 0 1 1 0 0 1 0 0 0 0 1 1 1 1 0 1 1 1 1 1 1 1 1 1 1 0 0 0 1 1 1 0 1 0 0 1 1 1 0 1 1 1 1 1 1 1 0 0 1 1 1 1 1 1 0 0 0 0 1 1 1 0 0 0 1 1 0 0 0 1 0 1 1 1 1 1 1 1 0 1 1 1 1 1 0 0 0 1 1 1 1 1 0 1 1 35 1 1 0 0 1 1 0 1 1 1 1 0 1 1 0 1 1 0 0 1 1 1 1 0 1 1 1 1 1 1 1 1 0 1 0 1 0 0 0 1 1 0 1 1 0 1 1 0
1 1 1 1 1 1 1 1 1 0 0 1 1 0 1 1 1 1 1 1 0 1 0 0 1 0 1 0 1 1 0 1 1 0 1 1 0 1 0 0 0 1 0 1 0 1 0 1 1 1 0 0 0 1 1 1 1 1 1 0 1 1 1 1 1 1 1 1 0 0 1 1 1 1 1 0 1 0 1 0 1 1 1 0 0 0 0 1 1 1 1 0 1 0 1 1 0 1 1 1 1 1 0 0 1 1 0 0 1 0 1 0 0 1 1 1 1 1 1 1 0 0 0 1 1 1 0 0 0 1 1 1 0 0 1 1 0 1 1 0 1 0 1 1 1 1 0 0 1 0 1 1 91 1 0 0 0 0 0 1 0 0 1 0 0 1 1 1 1 0 1 1 1 1 0 0 1 1 1 0 0 1 1 0 1 1 1 1 1 1 1 1 1 0 0 0 1 1 1 0
1 1 1 1 1 1 0 1 0 1 0 0 0 0 0 1 0 1 1 1 1 1 0 1 1 1 1 1 0 1 0 1 0 0 0 1 0 1 1 0 0 0 1 0 1 0 1 0 0 1 1 0 0 1 1 0 0 0 0 1 1 1 1 0 0 0 0 1 0 0 1 1 0 0 1 1 1 0 1 0 1 1 0 1 0 1 1 1 1 0 1 1 1 1 0 1 1 1 0 1 1 1 0 1 0 0 0 1 1 1 1 0 0 1 1 1 0 1 1 0 0 0 0 1 1 1 1 1 0 1 1 0 1 1 0 1 0 1 0 1 1 0 1 1 1 1 0 1 1 0 0 1 0 51 0 1 0 0 1 1 1 1 1 1 1 1 0 1 1 1 1 0 0 0 0 1 1 0 1 0 1 1 0 1 0 0 1 0 0 0 1 0 1 1 1 0 0 0 1 1
1 1 0 0 0 0 1 1 0 1 1 1 0 1 1 1 1 0 1 1 1 1 1 1 1 1 1 1 1 1 0 0 0 0 1 0 1 1 1 1 1 1 1 1 1 1 1 1 1 1 0 1 0 1 0 0 0 1 1 1 1 0 1 1 0 0 0 0 0 0 0 0 0 1 1 1 1 1 1 1 0 1 0 0 1 0 1 1 1 0 1 1 0 0 1 1 0 0 0 1 1 1 1 1 0 1 1 0 1 1 1 1 0 1 1 1 1 1 1 0 0 1 1 1 0 0 1 0 1 0 1 0 1 1 0 1 1 1 1 1 1 0 1 1 1 0 1 0 0 1 1 1 1 1 30 1 1 1 1 1 0 0 1 0 0 0 1 0 1 0 0 1 1 1 1 1 0 0 1 1 0 0 1 0 0 0 1 0 0 1 1 0 0 0 1 1 1 1 1 1
0 1 1 1 0 0 1 1 1 0 0 0 1 0 1 1 1 0 0 1 1 1 1 1 1 1 1 1 0 1 1 1 1 1 1 1 1 0 0 1 0 0 1 1 1 0 1 0 1 0 1 0 0 1 0 1 1 0 1 1 0 0 1 1 1 1 1 0 1 1 1 0 1 1 1 0 0 1 1 0 0 1 1 0 1 1 1 0 0 1 0 0 1 1 1 0 1 1 1 0 1 0 1 0 1 1 0 0 0 1 1 1 1 1 0 1 0 1 0 1 1 1 0 1 0 1 0 0 1 0 1 1 0 1 0 0 0 1 1 1 1 1 0 0 0 1 0 1 0 0 1 1 1 1 0 13 1 0 1 1 1 1 0 0 1 1 1 0 1 0 0 1 1 0 0 0 1 1 1 1 1 1 0 0 0 1 1 0 0 1 0 1 0 0 1 1 0 1 0 0
0 1 1 0 1 1 1 0 0 1 1 1 1 1 0 1 0 1 0 1 0 1 0 1 0 0 1 1 1 0 0 0 0 0 0 1 1 0 1 1 1 0 0 0 1 1 0 1 1 0 0 1 0 0 1 1 1 1 0 1 0 0 0 0 1 1 1 0 0 1 1 1 0 0 0 1 1 1 1 0 1 1 0 1 1 0 0 1 1 1 1 1 0 1 1 1 1 0 1 1 1 1 1 1 0 1 0 1 0 0 0 1 1 0 1 0 1 1 1 1 0 0 1 1 1 1 0 1 0 1 1 0 1 0 1 1 0 0 1 0 1 0 1 1 0 0 0 1 0 0 1 1 1 1 0 1 91 0 1 1 1 0 1 0 1 0 0 0 1 0 1 1 1 0 1 1 1 0 0 0 1 1 0 1 1 0 1 1 0 0 0 1 1 1 0 0 1 1 1 1
1 0 1 1 0 1 1 1 0 1 1 0 0 1 1 1 1 0 1 1 1 1 0 0 0 1 0 0 0 1 1 1 1 0 0 1 1 0 0 1 1 1 0 1 1 1 1 0 1 1 0 0 1 1 0 0 0 0 1 1 1 1 1 1 1 0 1 0 0 1 1 0 0 1 1 0 1 1 0 1 0 1 1 1 1 1 1 0 0 0 1 1 1 0 1 1 1 1 1 0 1 1 0 0 1 0 0 1 0 1 0 0 1 0 1 1 0 1 0 1 1 1 0 1 1 1 0 0 1 1 1 1 0 0 1 0 0 1 0 1 1 1 1 1 1 0 1 0 1 1 1 0 1 0 1 1 1 26 0 0 0 0 0 0 0 0 1 0 1 1 0 1 0 1 1 1 1 0 0 0 1 1 0 0 1 1 1 0 0 0 0 1 1 1 0 1 1 0 1 1
1 1 1 1 1 1 1 0 0 0 1 0 0 1 1 1 1 0 1 1 0 1 1 0 0 0 0 1 1 1 1 1 0 1 1 1 1 1 0 0 0 1 1 0 1 1 0 0 1 1 1 0 0 0 1 0 0 1 0 0 1 0 0 0 1 1 0 1 1 1 1 1 1 0 1 1 0 1 0 1 0 0 0 1 0 1 1 1 1 1 1 0 1 0 1 1 1 1 0 0 1 1 1 1 1 0 1 1 1 1 1 0 0 1 1 1 1 0 0 0 1 1 0 0 1 1 0 1 1 1 0 1 0 1 0 1 0 1 0 1 0 1 1 1 1 0 1 1 0 1 1 0 0 1 1 1 0 1 25 0 0 1 1 0 0 0 1 1 1 0 0 1 1 1 1 1 0 1 0 1 0 0 1 1 1 0 1 1 1 1 0 1 1 1 0 0 1 1 0 1
0 0 1 1 1 0 1 0 1 1 1 0 1 0 1 1 0 1 0 0 1 0 1 1 1 1 1 1 1 0 1 0 0 1 1 1 1 0 1 1 0 0 0 1 1 1 1 1 1 1 0 1 1 1 1 0 0 0 1 1 1 0 0 0 0 0 1 1 1 1 1 0 1 1 0 1 1 0 0 1 0 1 0 1 0 0 1 1 0 1 1 0 1 0 1 1 0 1 1 1 0 1 1 0 0 1 1 1 1 1 0 0 0 1 1 1 1 0 1 1 0 1 0 1 1 1 1 1 1 1 0 1 1 1 0 1 0 1 1 1 1 1 0 1 0 0 0 0 1 1 0 0 1 1 1 0 1 1 0 92 1 0 0 1 0 0 1 1 1 0 1 0 1 0 0 1 1 0 1 0 0 1 0 0 1 0 0 0 0 1 0 0 1 1 0 0 0 0 1 1
1 1 1 1 1 0 1 1 1 1 1 1 1 0 1 0 0 0 1 1 1 1 1 1 1 1 0 1 1 0 1 1 1 0 1 0 0 1 0 0 0 0 0 0 1 0 0 1 1 1 0 1 1 1 1 1 1 1 0 1 0 1 1 0 1 0 1 1 1 1 1 1 0 1 0 0 0 0 1 1 0 1 1 0 1 0 1 1 1 1 0 0 1 0 0 1 0 1 1 1 0 0 1 0 1 1 1 1 1 0 0 1 1 0 1 0 0 0 1 0 0 0 1 1 0 0 1 0 0 0 0 1 0 0 1 0 1 0 1 1 0 1 0 0 1 1 1 1 1 1 0 1 0 1 1 1 0 1 0 1 21 1 0 0 1 1 1 1 1 1 0 1 1 1 1 1 1 1 0 1 1 1 1 0 0 1 1 0 1 1 0 0 1 0 1 1 1 1 1 1
0 1 1 1 0 1 1 0 0 0 0 1 1 0 1 1 0 1 0 1 0 0 1 1 1 0 1 1 1 0 0 1 1 1 1 1 0 1 0 0 1 1 1 0 1 1 1 1 1 1 0 1 0 0 1 0 1 0 1 0 1 0 1 0 1 0 1 1 1 0 1 1 1 0 0 1 1 1 0 1 1 0 1 1 1 1 0 0 1 1 0 1 0 0 1 0 0 0 1 1 1 1 1 1 1 1 1 0 1 1 1 0 1 0 1 0 1 0 0 1 1 1 1 0 1 1 1 1 0 1 1 1 0 0 1 0 1 0 1 0 0 1 1 1 1 1 1 1 0 0 1 0 1 1 1 0 1 0 1 1 1 68 0 1 0 0 0 1 1 1 1 0 1 1 1 1 1 0 0 1 1 1 0 1 1 1 0 0 1 0 0 1 0 0 1 0 0 0 0 0
1 0 1 1 0 1 0 0 0 1 0 0 1 1 1 1 1 1 1 1 1 1 0 0 1 1 1 1 1 0 1 0 0 0 1 1 0 1 1 1 1 1 1 0 0 1 0 0 1 1 0 0 1 0 0 1 0 1 1 1 1 0 1 1 0 1 1 0 0 0 0 1 0 0 0 0 0 0 1 1 0 1 1 1 1 1 0 1 1 1 1 0 1 0 1 0 0 1 0 0 1 0 0 1 1 0 0 1 0 1 1 0 0 1 1 1 1 1 0 0 0 1 0 1 1 1 1 1 0 1 0 0 1 1 1 0 1 0 1 1 1 1 1 1 1 1 0 0 1 1 0 0 1 0 1 1 0 1 0 1 1 1 7 0 1 0 0 0 1 0 0 0 1 0 1 0 1 1 1 1 1 1 0 0 0 1 1 0 1 1 0 1 0 0 0 1 1 0 0 1
0 1 1 1 0 0 1 1 0 0 0 0 1 0 1 0 1 1 1 1 1 1 1 1 1 1 0 0 0 0 1 0 0 1 0 0 1 1 0 0 0 1 0 1 1 0 1 0 0 0 0 1 1 1 1 1 0 0 0 0 0 0 0 1 0 1 1 1 1 1 1 0 0 0 1 1 1 1 0 0 1 1 1 1 0 1 1 1 0 1 1 0 1 0 0 0 1 1 1 0 1 1 0 1 0 1 1 0 0 1 0 1 1 1 1 1 1 1 0 1 1 0 0 0 1 0 1 1 0 0 1 1 1 0 1 1 1 1 0 1 1 1 0 1 0 0 0 1 0 1 1 0 0 1 1 0 0 0 1 0 1 1 1 36 1 1 1 1 1 0 0 0 1 0 1 1 0 1 1 1 1 1 0 1 1 1 1 0 0 0 1 1 0 1 1 0 1 1 1 1
0 0 0 1 1 0 1 0 1 1 1 0 1 1 1 0 1 1 0 0 1 0 1 0 0 1 1 0 1 1 0 0 0 1 1 0 1 0 1 1 1 1 1 1 1 0 1 1 1 0 1 1 1 1 0 0 1 0 1 1 0 1 1 0 1 0 0 0 1 1 1 1 0 0 0 0 0 0 0 0 1 1 0 0 1 1 1 1 0 0 1 0 1 1 0 1 1 1 0 1 1 1 1 0 1 0 0 0 1 1 1 1 0 1 1 1 0 0 1 0 1 1 0 0 1 1 1 1 1 1 1 1 0 1 1 1 1 0 0 1 1 0 0 1 1 0 0 1 0 1 1 1 0 0 1 1 1 0 1 0 1 0 1 0 47 0 0 1 0 0 1 1 1 0 1 0 1 1 0 0 1 1 0 1 1 0 0 0 1 1 1 0 1 0 1 0 0 0 1 1
1 1 1 0 1 0 1 1 0 1 0 1 1 0 1 1 1 1 1 0 1 1 0 1 1 0 0 1 1 0 0 0 1 1 1 1 1 0 0 1 1 0 1 1 1 0 0 1 1 0 1 1 1 0 1 0 1 1 0 0 1 0 0 0 0 0 0 1 1 1 1 1 1 0 1 1 1 1 1 1 0 1 0 1 1 1 0 0 0 1 1 1 0 0 0 1 0 1 0 0 1 1 1 1 1 1 1 1 0 0 0 0 0 0 1 1 0 1 0 1 1 0 0 1 1 1 0 1 1 0 1 0 0 0 0 1 1 1 0 1 1 0 1 0 0 1 0 1 1 1 0 1 0 0 0 1 0 0 0 1 1 0 0 1 0 60 1 1 0 1 0 1 1 1 0 1 1 0 0 0 1 0 1 0 1 0 0 1 1 1 1 0 1 1 1 1 1 1 0 1
0 0 0 1 0 0 1 0 1 0 0 0 0 0 1 1 0 1 1 0 1 1 1 0 1 1 0 0 1 1 0 0 1 1 1 0 0 1 0 0 0 0 1 0 1 0 0 1 0 1 1 1 0 1 0 1 1 0 0 1 0 0 1 0 0 1 1 1 0 0 0 0 1 0 1 1 1 1 1 1 0 0 1 0 1 1 1 0 0 1 0 1 0 1 1 1 0 0 0 1 1 1 0 1 1 1 0 0 1 0 0 0 1 1 0 0 0 0 0 1 0 1 0 0 1 0 0 1 0 0 1 0 1 0 1 0 1 0 1 1 1 1 0 0 0 1 1 0 0 1 1 1 1 1 0 1 1 1 0 1 0 0 1 1 1 1 57 1 0 0 0 1 0 1 0 0 0 1 1 1 0 1 0 0 1 1 1 1 1 1 1 1 0 0 0 1 1 0 0 0
1 1 0 0 1 0 0 1 0 1 1 0 1 1 1 0 1 1 1 1 0 1 1 0 1 1 1 0 0 1 1 0 1 1 1 1 0 0 0 1 0 1 0 1 1 0 1 0 1 0 0 1 0 1 1 1 1 0 1 1 1 0 1 1 1 0 0 0 1 0 0 1 0 0 0 0 1 0 0 0 1 0 1 0 0 1 1 0 1 1 1 0 1 1 0 1 0 0 1 1 1 1 0 1 1 1 1 0 0 1 1 1 1 0 1 0 1 1 0 1 1 1 1 1 1 1 1 1 0 0 0 0 0 1 0 0 0 1 1 1 1 1 1 1 0 1 0 1 1 0 0 0 1 0 1 1 0 0 1 1 0 0 0 0 0 0 0 1 0 1 1 0 1 1 1 0 0 0 1 0 1 1 0 1 1 0 1 0 0 0 1 1 0 1 1 1 0 0 1 0
0 0 0 1 1 1 0 0 1 1 0 0 1 1 0 0 1 1 1 0 1 0 0 1 1 1 0 0 0 1 1 1 1 1 0 1 0 0 1 0 0 0 1 0 1 0 0 1 1 0 1 0 0 0 1 0 1 0 0 0 1 0 0 0 1 1 1 0 0 0 0 1 0 0 0 0 0 0 1 0 1 1 1 1 1 1 1 1 0 1 0 1 1 1 1 1 1 0 1 1 0 1 1 1 0 0 0 0 1 0 0 1 1 1 1 0 1 1 0 1 0 1 0 1 0 1 1 1 1 1 0 1 0 0 0 0 1 0 0 1 1 0 1 0 1 1 1 1 1 1 1 1 0 0 1 0 0 1 0 1 0 0 0 1 1 1 1 0 32 0 1 0 1 1 0 0 1 1 1 0 1 0 0 0 1 0 1 1 0 0 1 0 1 1 1 1 0 0 0 0
0 0 1 0 1 0 0 0 1 1 0 1 0 0 1 0 1 0 1 1 1 1 0 0 1 1 0 0 1 0 1 0 0 1 1 1 1 1 1 1 1 1 0 0 1 1 1 0 1 1 1 0 1 1 1 0 0 1 1 1 1 1 0 1 1 1 0 0 1 0 0 1 0 1 1 0 0 1 1 1 1 0 1 0 1 1 0 0 1 1 1 1 0 0 0 0 1 1 0 0 1 1 1 0 1 0 0 1 1 0 1 0 0 1 1 0 1 0 0 1 1 1 0 1 1 1 1 0 1 0 1 1 1 0 1 0 0 1 0 1 1 1 1 1 0 0 0 1 1 1 1 1 1 1 0 0 1 1 1 1 1 0 0 0 0 1 1 1 1 29 0 0 0 1 0 1 1 0 1 1 1 1 0 0 1 1 0 0 0 1 1 1 0 0 1 1 1 0 0 1
1 0 1 1 1 1 1 1 0 1 1 1 1 0 1 1 1 0 1 0 0 1 0 1 1 1 0 1 1 0 1 0 0 1 1 0 1 1 1 0 1 1 1 1 1 0 1 1 1 1 0 1 1 1 0 0 0 1 0 1 1 1 0 1 0 1 1 1 1 1 1 0 1 0 1 0 1 1 0 0 1 1 1 1 0 1 1 0 1 1 0 0 0 0 0 1 0 1 0 1 1 0 0 0 0 1 1 1 0 0 1 1 1 1 1 0 0 0 0 0 0 1 1 1 0 0 1 0 0 1 1 0 1 0 1 1 1 1 0 0 0 1 0 0 0 1 1 1 1 1 0 1 1 1 1 1 1 1 1 1 0 1 1 1 1 1 0 1 1 0 79 1 0 1 1 0 0 1 0 1 1 0 0 1 1 0 1 0 1 1 0 1 1 1 0 1 1 0 1 0
0 1 1 1 1 0 0 1 1 1 1 1 1 0 1 1 1 1 1 1 1 1 1 1 0 1 0 0 0 0 1 0 1 0 1 0 0 1 1 1 1 1 0 0 0 1 1 0 1 0 1 0 1 0 1 1 1 1 1 0 1 1 1 0 1 0 0 0 0 0 1 1 1 1 1 0 0 1 1 0 0 1 1 0 1 0 0 0 1 1 0 0 1 0 1 0 1 0 1 0 1 0 0 1 0 1 0 0 0 1 0 0 1 1 0 1 1 0 1 0 0 1 1 0 1 0 0 1 1 1 1 0 1 1 1 1 1 1 1 1 0 1 0 0 0 1 1 0 0 1 1 0 0 1 0 0 1 1 1 1 0 0 0 0 1 0 1 1 1 0 0 47 0 1 1 1 0 1 0 1 1 1 0 0 1 1 1 0 0 1 1 0 1 0 0 0 1 1 1 1
1 0 1 1 1 1 0 1 0 0 1 0 0 1 1 0 1 0 1 1 0 0 0 1 1 1 1 1 1 0 1 0 1 1 1 1 1 0 1 0 1 1 0 1 1 1 1 1 1 1 1 1 0 1 1 1 0 1 1 1 1 1 1 0 1 0 0 0 1 1 0 1 0 1 1 0 0 0 1 1 1 1 0 1 0 1 0 1 0 0 1 1 0 1 1 0 1 0 1 0 1 0 1 0 1 0 0 0 1 1 1 1 0 1 1 0 0 0 0 0 0 0 1 1 1 1 0 1 0 1 0 0 0 1 1 0 1 1 0 0 1 1 0 1 1 1 1 1 0 0 0 1 1 0 0 0 0 1 1 1 1 1 1 1 0 1 0 1 0 0 1 0 40 1 1 1 0 0 0 0 1 0 1 0 1 0 0 0 1 1 1 1 1 0 0 0 0 0 0 1
0 1 1 1 1 1 0 0 0 1 1 1 1 0 1 1 0 1 0 0 1 1 0 1 1 1 1 1 0 1 1 1 1 1 1 1 1 0 0 1 1 0 1 0 0 1 1 1 0 0 0 1 0 1 0 1 0 1 0 0 0 0 0 1 0 1 1 0 1 1 0 1 1 0 1 0 0 1 1 0 1 0 0 1 0 0 0 0 0 1 1 0 1 0 0 0 1 1 0 1 1 0 1 1 1 1 1 1 1 1 1 1 0 1 1 0 1 1 1 1 1 1 0 1 0 0 1 1 1 1 0 1 0 1 0 0 1 0 0 0 1 1 0 1 1 1 0 1 1 0 1 1 1 1 0 1 1 0 1 0 0 1 1 0 1 0 1 1 0 0 0 1 1 89 1 1 1 1 1 0 0 1 1 0 1 1 1 0 0 1 0 1 0 0 0 1 1 1 0 1
1 1 0 0 0 0 1 1 0 0 1 0 1 0 1 1 1 1 1 1 1 0 1 1 0 0 1 0 0 1 1 1 0 1 1 0 1 0 1 1 1 0 1 1 0 1 1 1 1 1 0 1 0 0 1 0 1 1 1 0 1 0 1 0 1 1 0 1 0 1 0 1 1 1 0 0 1 1 1 1 0 1 1 1 1 1 1 0 0 1 0 1 1 1 0 0 1 1 1 0 0 1 1 1 1 1 1 1 1 0 1 0 1 0 0 1 1 0 1 0 1 1 0 0 1 1 0 1 0 1 1 0 1 1 1 1 1 1 1 0 1 1 0 1 0 0 0 1 1 0 1 0 1 1 1 1 1 1 1 0 1 1 0 0 0 1 0 1 1 0 0 1 0 0 84 1 0 1 1 0 1 0 0 1 0 1 0 1 0 1 1 0 0 0 0 1 1 1 1 1
0 1 1 1 1 1 1 0 1 1 1 0 1 1 0 1 0 1 0 1 1 1 1 0 0 0 1 1 1 1 1 1 1 1 1 0 0 0 1 1 1 1 0 1 1 1 0 0 1 0 1 1 1 0 1 0 1 1 0 1 1 0 0 0 1 1 1 0 0 1 0 0 0 1 0 0 1 0 1 1 0 1 1 0 1 0 1 1 1 1 0 1 1 1 1 0 0 1 0 0 1 1 0 1 0 1 0 0 0 1 0 1 1 1 0 1 0 1 1 1 1 0 1 1 1 1 1 1 1 1 0 1 0 0 1 1 1 0 1 1 0 1 1 1 0 0 0 0 1 1 1 0 1 1 0 0 0 1 1 1 0 1 0 0 0 1 0 1 0 0 1 1 0 0 1 93 0 0 0 0 1 1 1 0 0 1 1 1 0 0 1 1 1 0 1 0 1 0 0 0
1 1 1 1 0 1 1 1 1 0 1 1 1 0 1 0 0 0 0 1 0 1 0 1 0 1 0 0 1 1 1 0 0 0 1 1 1 1 1 1 0 0 1 1 1 1 1 1 0 1 1 1 0 1 1 0 1 1 1 0 0 1 1 0 1 0 1 0 1 1 0 1 1 0 1 0 1 1 1 1 0 0 1 1 0 1 0 0 0 1 1 1 1 0 1 1 1 1 0 0 1 0 1 1 1 1 0 1 1 1 1 1 1 1 1 1 0 0 1 1 1 1 0 1 1 0 1 1 1 1 1 1 0 1 1 1 0 1 0 1 0 0 1 1 1 1 1 0 1 1 1 1 0 1 0 1 1 0 0 1 1 1 0 0 1 0 0 1 1 0 0 0 1 1 1 0 95 0 1 1 0 0 0 0 1 1 1 0 1 0 1 1 1 1 0 0 1 0 1 1
1 1 1 1 1 1 1 0 1 0 0 0 0 1 0 0 1 1 1 1 1 1 0 1 1 1 1 0 1 1 1 1 0 1 0 0 1 0 1 0 0 1 1 0 0 1 1 0 0 0 1 1 1 1 0 1 1 0 1 1 0 1 1 1 1 0 0 1 1 1 1 0 0 1 0 1 1 0 1 1 0 0 0 1 0 1 1 0 0 1 1 0 0 1 1 1 1 1 0 0 0 1 1 1 0 1 0 0 0 0 1 0 0 1 0 1 1 1 1 1 0 1 0 1 1 1 1 1 1 0 1 0 0 1 0 1 1 1 0 1 1 1 0 0 0 0 1 1 1 1 1 1 1 1 0 0 1 1 0 1 1 1 0 1 1 1 1 1 1 1 1 1 1 0 0 1 1 44 0 0 1 1 0 1 1 1 0 1 1 0 1 0 0 1 1 0 1 1 0 0
0 0 1 1 1 0 1 1 1 1 0 1 1 0 0 1 1 1 0 0 1 1 0 1 0 0 0 1 1 1 0 1 0 1 1 0 1 1 1 0 0 1 1 1 1 1 0 1 1 0 1 0 1 1 1 1 1 1 1 1 1 1 0 0 1 0 1 1 1 0 1 0 1 1 0 1 1 0 1 0 1 1 0 0 1 0 1 0 0 1 0 1 0 1 1 1 0 1 1 1 0 1 1 1 1 1 1 0 0 0 0 0 1 1 1 1 1 1 1 1 1 1 0 1 0 1 0 0 1 0 1 1 0 1 1 0 1 0 0 1 0 1 1 1 1 1 1 1 1 0 0 0 1 1 1 1 1 1 1 1 0 1 1 0 0 0 0 0 0 1 1 1 1 0 0 1 0 1 45 1 0 1 1 1 0 0 1 1 0 0 1 0 0 1 1 0 1 1 1 1
0 0 1 1 0 1 0 0 0 0 1 1 0 1 1 1 0 0 1 0 1 1 0 1 1 1 0 1 1 0 1 1 0 0 1 0 1 1 0 0 0 0 1 1 1 1 0 1 1 0 0 0 0 1 1 1 1 0 1 1 1 1 1 0 1 1 1 1 1 1 1 0 1 1 1 1 1 0 1 0 0 0 1 1 1 1 1 1 0 1 0 1 1 0 0 1 0 0 0 0 1 0 1 1 0 0 1 1 1 1 0 1 0 0 1 1 1 1 1 1 0 1 1 0 1 0 0 1 1 1 1 1 1 1 1 1 0 0 1 1 0 1 0 0 0 1 1 0 1 0 1 1 1 0 1 1 1 1 1 1 1 0 0 1 0 0 1 1 0 0 1 0 0 0 1 0 1 0 1 10 1 1 0 1 1 0 1 1 1 1 0 0 1 1 0 0 0 1 1 1
1 0 0 0 0 1 0 1 1 1 1 0 1 1 1 0 1 1 1 0 1 0 1 0 0 0 1 0 1 0 0 1 1 0 1 1 0 0 1 1 1 1 0 1 1 1 0 1 1 1 1 1 0 1 0 1 0 1 1 0 1 0 1 1 0 0 0 1 0 1 1 1 1 1 1 1 1 1 0 1 1 1 1 1 0 1 1 0 0 1 1 1 1 0 1 1 1 0 1 0 0 0 1 0 1 1 1 0 1 1 1 1 0 1 0 0 1 0 1 0 1 1 0 0 1 1 1 0 0 0 0 1 1 1 1 0 1 0 1 0 1 1 0 1 0 1 1 0 1 0 0 1 0 0 0 1 0 1 1 0 1 1 1 0 1 1 1 1 1 0 1 0 1 1 1 1 0 0 0 0 55 0 1 0 0 0 1 1 0 1 0 1 1 1 0 0 1 0 1 1
0 1 1 0 0 1 1 1 0 0 1 1 1 1 0 0 0 0 0 0 1 0 0 1 0 1 0 1 1 1 1 1 1 1 0 1 1 1 0 0 1 1 0 1 0 0 0 0 1 0 1 0 0 1 1 0 0 0 0 1 0 1 1 1 1 1 1 0 0 0 1 1 1 1 1 0 0 1 1 1 1 0 0 0 1 0 0 0 1 1 0 0 1 1 0 1 1 1 1 0 1 1 1 0 1 1 1 1 0 0 1 1 1 1 0 0 1 1 0 1 1 0 0 1 1 0 0 1 1 1 0 0 1 1 1 1 0 1 0 1 1 0 1 1 0 1 0 1 1 1 1 0 1 1 0 1 1 1 1 1 0 0 1 0 1 0 0 1 0 1 0 0 1 0 0 1 1 1 1 0 1 74 0 1 1 1 1 1 0 1 1 1 1 1 0 0 1 0 1 1
1 0 0 0 1 1 0 1 0 1 1 1 1 1 1 0 0 1 1 1 1 0 1 1 1 1 0 0 0 1 0 1 0 1 0 1 1 1 1 0 0 1 0 0 1 1 0 1 1 1 0 1 1 0 0 1 1 0 1 1 0 0 1 0 0 1 1 0 1 0 0 1 0 0 1 1 0 1 1 1 1 1 1 0 1 0 1 0 0 1 1 0 1 1 1 0 1 1 1 1 0 1 1 0 1 1 1 1 0 1 1 1 1 1 0 0 0 1 1 0 0 0 1 1 1 1 1 0 1 0 0 0 0 0 1 1 0 0 0 1 0 1 1 1 1 0 1 1 1 1 1 0 1 1 1 0 1 1 1 1 1 1 1 1 0 0 0 1 1 1 1 1 1 0 1 1 1 1 1 0 1 0 64 0 1 0 1 1 1 1 1 0 1 0 0 0 1 1 0 1
0 0 1 1 0 0 0 1 0 0 0 0 1 1 0 1 1 1 0 1 1 0 0 0 1 0 1 0 1 0 0 1 0 1 1 0 1 1 1 1 1 1 1 0 1 1 0 1 1 0 0 1 1 1 1 1 1 1 1 1 0 0 0 1 1 1 1 0 1 1 0 1 0 1 1 1 1 0 0 1 0 0 0 0 1 1 0 0 0 0 0 0 1 0 1 1 0 0 0 1 0 0 1 1 1 1 0 1 0 0 1 1 0 0 1 1 1 1 1 0 1 1 0 1 0 0 1 0 0 1 1 0 0 1 1 1 1 0 1 1 0 0 1 1 0 0 1 1 1 0 1 0 1 1 1 1 1 1 0 0 0 0 1 1 0 1 0 0 1 1 1 1 1 0 1 0 0 1 1 0 1 1 1 68 1 1 0 0 0 0 1 1 1 1 1 1 1 1 1 0
0 1 1 1 1 1 0 1 0 1 0 1 1 0 0 1 0 1 1 1 1 0 0 1 1 1 1 1 1 1 1 1 1 1 1 1 0 1 1 1 1 0 0 0 0 0 0 1 1 1 1 1 1 1 1 1 1 0 1 0 0 1 1 1 0 1 0 0 1 0 1 0 1 0 0 1 1 1 1 1 0 1 1 1 0 0 0 1 1 1 1 0 0 1 1 1 1 0 1 1 1 1 0 1 1 1 0 0 1 0 1 0 1 1 1 1 1 1 1 1 1 0 0 0 1 0 1 1 1 1 0 1 0 1 0 0 0 0 1 0 1 0 1 1 1 0 0 0 0 1 1 0 0 0 1 1 1 0 0 1 0 0 0 1 0 0 1 1 1 0 0 1 0 1 0 0 1 1 1 1 1 1 0 0 34 1 0 0 1 0 1 0 1 1 1 1 1 0 1 0
1 0 1 0 0 1 0 0 1 1 1 1 0 0 1 0 0 1 1 0 1 1 1 1 0 1 0 0 0 0 1 1 1 1 0 0 0 1 1 0 1 1 1 0 0 0 0 0 1 1 1 1 1 0 1 1 0 1 1 0 1 1 1 1 1 0 1 0 1 0 1 1 1 1 1 0 0 1 0 0 1 1 0 1 1 1 0 1 1 0 0 0 1 1 1 0 0 1 1 0 1 0 0 1 0 1 0 0 0 1 0 0 1 1 1 1 0 0 1 1 1 0 0 1 0 0 1 1 0 1 1 1 0 1 1 1 1 1 1 1 1 1 0 1 1 1 0 1 0 1 1 1 1 0 1 1 1 1 0 1 0 1 0 0 1 1 1 0 1 1 0 0 1 1 0 1 0 0 0 0 1 1 1 0 1 34 1 0 1 0 1 1 1 0 0 1 0 0 0 1
1 1 0 0 1 1 1 1 1 1 0 1 1 1 1 0 0 1 1 1 1 0 0 1 1 1 1 1 1 0 0 1 0 1 1 1 1 1 0 1 0 1 1 1 1 1 1 1 1 0 0 1 1 1 1 0 1 1 0 0 0 1 0 1 1 0 1 1 0 1 0 0 1 1 1 1 1 1 1 0 1 1 1 1 1 1 0 0 1 1 0 1 0 0 0 1 1 1 0 0 0 1 0 0 1 1 1 0 0 1 1 0 1 0 0 1 1 0 1 1 0 0 0 1 0 1 1 1 0 1 1 1 0 1 1 1 0 1 1 1 1 0 1 1 1 1 1 0 0 1 1 0 1 1 1 0 1 1 1 0 0 0 1 0 1 1 0 1 1 0 0 1 0 0 1 1 0 0 0 1 1 0 1 1 1 1 0 0 1 0 1 1 1 0 1 1 0 1 1 0
0 0 0 1 1 1 1 0 0 0 1 1 1 0 1 0 1 1 0 0 0 1 0 1 0 1 0 1 1 0 1 0 1 0 1 1 0 1 0 1 0 1 0 0 1 1 1 1 0 1 1 0 0 1 1 1 1 0 0 0 0 0 0 1 1 1 0 1 0 0 1 0 1 1 1 0 1 1 0 1 1 1 0 0 1 0 0 1 1 0 0 0 0 1 0 0 1 1 0 1 0 0 0 0 1 1 1 1 1 1 0 0 1 0 1 1 0 1 1 0 0 1 0 1 1 1 0 1 1 1 1 1 0 1 1 0 1 0 1 1 0 1 0 1 1 1 0 1 1 0 1 1 0 0 1 0 1 0 0 0 1 1 1 1 1 0 1 0 1 0 0 1 0 1 1 1 0 0 1 1 0 1 1 1 0 0 1 48 1 1 0 0 1 1 1 0 1 1 0 1
0 1 1 1 1 0 0 1 0 1 1 0 0 1 0 0 1 1 1 0 1 0 0 0 1 1 0 1 1 1 1 0 1 0 1 1 1 0 1 0 0 1 1 0 1 1 0 1 0 1 1 1 0 1 0 1 0 1 0 0 1 0 1 1 0 1 1 1 0 1 0 1 0 1 1 1 1 0 1 1 1 0 1 1 1 1 1 1 1 1 1 0 0 1 1 1 1 1 1 0 0 1 0 1 1 1 1 0 0 0 0 0 0 1 1 0 1 1 1 1 1 0 1 1 1 0 1 1 1 1 1 1 0 1 1 1 1 1 1 1 1 1 1 0 0 1 1 1 0 1 1 1 1 0 1 0 1 1 0 1 1 1 1 1 1 0 1 0 1 0 0 0 0 1 1 0 1 1 0 1 0 1 1 1 1 1 0 0 49 0 1 0 0 0 1 0 1 0 1 0
0 1 1 1 1 1 1 1 0 0 0 1 1 1 1 1 1 1 1 1 1 0 0 0 1 0 0 1 1 0 0 1 1 0 1 0 0 1 1 1 1 0 0 1 0 1 1 0 1 1 1 0 1 1 1 1 0 0 0 0 0 0 1 1 1 0 1 0 1 1 0 1 1 0 1 0 0 1 0 1 0 1 0 0 1 1 1 0 1 0 1 1 1 0 0 1 0 1 0 0 1 0 1 1 1 1 1 0 1 1 0 1 0 1 0 1 0 1 1 0 1 0 1 1 1 1 1 1 0 1 0 1 1 1 1 0 0 1 0 0 1 1 1 1 0 1 1 1 1 1 1 1 1 0 1 1 1 1 0 1 1 1 1 0 0 0 0 1 0 1 1 1 0 1 1 1 1 1 1 1 0 1 1 1 0 1 1 0 1 70 0 1 1 0 1 0 1 1 1 1
0 0 1 0 1 1 1 1 0 1 1 1 1 0 1 1 1 0 1 1 0 1 1 0 1 0 1 0 0 1 0 1 1 1 1 0 0 0 1 0 0 1 1 1 1 0 0 0 1 1 1 1 1 1 1 1 0 0 1 1 1 1 1 0 1 1 0 0 1 0 0 1 1 1 1 0 1 1 1 1 1 1 1 1 1 1 0 1 1 0 0 1 1 0 1 0 0 1 1 1 1 1 1 1 1 1 1 0 1 1 1 0 0 0 1 1 0 0 1 1 0 0 1 0 0 1 1 0 1 0 0 0 1 1 1 1 0 0 0 1 0 0 0 0 1 1 0 0 1 1 0 0 1 1 0 1 1 1 1 1 1 1 0 1 0 1 1 1 1 1 0 1 1 1 1 0 1 1 1 1 0 0 1 1 1 0 0 1 1 0 87 1 1 1 0 1 1 0 0 0
0 0 0 0 0 0 1 1 1 0 1 1 0 1 0 0 0 1 1 0 1 1 1 0 0 0 0 1 0 1 0 1 0 1 1 1 1 1 1 1 1 1 1 0 0 1 1 0 0 0 0 1 1 1 0 0 0 1 1 1 1 0 1 0 0 1 0 1 0 1 1 0 1 1 1 1 0 1 0 1 0 1 1 0 1 1 1 1 1 1 0 0 1 0 0 0 1 0 0 1 1 1 1 0 1 1 0 1 1 0 0 1 1 1 1 1 1 1 1 0 1 1 0 0 1 1 1 1 1 1 1 0 1 1 1 0 1 0 0 0 1 1 1 1 1 0 1 1 0 1 1 0 1 0 0 0 0 1 1 1 1 1 1 0 0 1 0 1 1 1 1 1 0 1 0 1 1 1 1 0 0 1 1 0 0 0 1 1 1 0 1 25 0 1 1 1 0 1 1 1
0 1 1 0 1 0 1 1 1 0 1 1 1 1 1 0 0 0 0 1 0 0 1 0 1 0 1 1 0 1 1 1 1 1 1 1 1 1 1 1 0 1 0 0 0 1 1 1 1 1 0 1 1 1 1 1 1 0 1 0 0 0 1 1 1 1 1 0 0 0 1 1 1 1 1 0 1 1 0 1 0 1 1 0 1 1 1 0 1 1 1 0 1 0 1 0 1 1 1 1 0 0 1 0 1 1 1 1 1 1 1 1 0 1 1 0 1 1 1 1 0 0 1 1 1 0 1 1 1 0 0 1 1 1 0 1 1 1 1 0 1 1 1 1 1 1 0 1 1 1 1 0 1 1 1 1 1 0 0 1 1 1 0 0 1 1 0 0 1 1 1 1 1 0 1 1 1 1 0 1 1 1 1 1 1 0 1 1 1 1 0 0 47 0 1 1 0 1 1 1
1 1 1 1 0 1 1 0 1 1 1 0 1 0 0 0 1 1 0 0 1 1 1 1 1 1 0 1 1 0 1 0 0 1 1 1 1 1 1 0 0 1 1 0 0 0 1 1 1 1 1 0 0 0 0 0 0 1 1 1 1 0 1 0 0 0 0 0 1 1 1 1 0 0 0 1 0 1 1 1 1 1 0 0 0 1 1 0 1 1 1 0 1 0 1 0 1 1 1 1 0 1 1 1 1 1 1 0 1 1 1 1 1 1 1 1 0 1 1 1 1 1 1 1 0 0 0 1 1 0 1 1 1 1 1 1 0 1 1 0 0 0 0 1 1 1 1 1 1 1 1 1 1 0 1 1 1 0 1 0 0 0 1 0 1 1 1 0 0 1 1 0 0 1 1 1 0 1 1 1 1 0 0 1 1 1 0 0 1 1 0 0 1 33 1 0 0 1 0 1
1 0 1 1 1 0 1 0 1 1 0 0 1 1 1 1 1 0 0 0 1 0 0 0 0 1 1 1 1 0 0 0 0 1 1 1 1 0 1 1 0 0 0 0 1 0 0 0 1 0 0 0 0 0 1 0 0 1 1 0 0 0 1 1 1 0 0 1 1 0 1 1 1 1 1 0 1 1 1 0 1 0 1 0 0 1 1 1 0 1 1 1 1 0 0 1 1 0 1 1 1 0 1 1 1 1 1 1 1 0 1 1 1 0 0 0 1 1 1 1 0 1 0 0 1 0 1 0 1 1 0 0 1 0 1 1 1 0 1 1 1 0 0 0 0 1 0 1 1 1 1 0 0 0 0 1 0 1 1 1 0 1 1 0 0 1 1 0 0 1 1 0 1 1 1 0 0 1 0 0 0 1 1 0 1 1 0 1 1 1 0 1 1 1 89 1 1 0 0 0
1 0 1 0 1 1 1 0 1 0 0 0 1 1 0 1 1 0 0 0 0 1 1 0 1 0 1 0 1 0 1 0 1 1 1 0 1 1 1 1 1 1 1 1 0 0 1 1 1 1 0 0 0 0 1 1 1 0 1 1 1 1 0 0 0 0 0 0 0 1 1 0 1 0 1 1 1 0 1 0 1 0 1 1 0 0 1 0 0 1 0 1 0 1 1 1 0 1 0 0 1 1 1 1 0 1 1 0 1 1 0 1 1 1 1 1 1 1 0 0 1 0 1 1 0 1 0 1 0 0 1 1 1 1 1 1 0 0 0 0 1 0 0 0 1 1 1 0 0 1 1 1 0 0 1 0 1 1 1 1 1 0 1 1 1 0 1 1 1 1 1 1 1 0 0 0 0 0 0 0 1 0 0 1 0 1 1 0 0 0 0 1 1 1 0 55 1 0 0 1
1 1 0 0 0 1 0 1 1 1 1 0 1 1 1 1 1 1 1 0 1 1 0 1 0 1 1 0 0 1 1 1 1 0 1 0 0 1 1 1 1 1 1 1 0 1 1 1 1 1 1 1 1 0 1 1 1 0 0 0 1 1 1 1 0 0 0 0 0 0 1 1 0 0 0 1 1 0 1 0 0 1 1 1 1 1 0 1 1 1 1 0 0 0 0 1 1 1 0 1 0 0 0 1 0 1 1 0 0 0 1 0 0 1 0 1 1 0 1 1 0 1 1 0 1 0 1 1 1 0 1 1 1 0 0 1 1 0 1 1 0 0 1 1 1 1 0 0 1 0 1 0 1 1 1 0 1 0 1 1 1 0 1 1 1 0 0 1 0 0 1 1 1 1 0 1 0 0 0 1 0 0 0 0 0 1 0 0 0 0 0 0 0 1 1 1 85 0 0 1
1 0 0 1 1 1 0 0 1 0 0 1 1 1 0 0 1 0 1 1 0 1 1 1 1 1 0 1 1 0 1 0 0 0 1 0 0 1 1 1 1 1 1 0 0 1 1 0 0 0 1 1 1 1 0 0 1 0 1 1 1 0 1 0 1 1 0 0 1 1 1 1 1 1 1 1 1 1 1 1 1 1 1 0 0 0 0 1 0 1 0 1 0 1 1 1 1 1 1 0 0 0 1 1 1 0 1 0 1 1 1 1 1 1 0 0 0 0 0 1 1 1 1 1 0 1 1 0 0 1 1 1 0 1 0 0 0 1 0 1 0 0 1 1 0 1 1 1 1 0 0 1 1 1 1 1 1 0 1 1 1 1 0 0 1 0 1 1 1 0 1 0 0 0 1 0 1 0 1 1 1 0 1 0 1 1 1 0 1 1 0 0 1 0 1 1 1 46 0 1
0 1 0 1 1 0 1 0 0 1 1 0 0 0 0 1 1 1 1 1 1 1 1 1 1 0 1 1 1 1 1 0 1 0 1 1 0 0 1 1 1 1 1 1 1 0 1 1 1 0 0 0 1 0 1 0 0 0 1 1 0 0 1 1 1 0 0 0 1 0 1 1 0 1 0 1 1 1 1 1 1 1 1 1 1 1 0 0 1 0 1 1 0 0 1 1 1 1 0 1 0 0 1 0 1 1 1 1 1 1 0 0 1 1 1 1 1 1 0 1 0 1 0 1 0 0 1 1 0 0 1 1 0 1 0 1 1 0 0 1 1 1 0 0 1 1 1 1 1 1 0 0 1 0 0 1 1 1 1 1 0 1 1 0 1 0 0 0 1 1 1 1 1 1 1 0 0 1 1 0 1 0 0 1 1 1 1 0 1 1 1 0 0 0 1 1 1 0 65 1
1 1 0 0 1 1 1 1 0 1 0 1 0 1 1 0 1 1 1 1 0 1 1 0 0 1 0 1 0 1 1 1 0 1 0 0 0 0 1 0 1 1 1 0 0 1 1 1 0 1 0 1 1 1 0 1 1 0 1 1 0 1 1 1 1 0 0 0 1 0 1 0 1 1 1 1 0 1 1 0 0 0 0 1 1 1 0 1 1 1 1 1 0 0 0 1 1 1 0 0 0 1 1 1 1 0 1 1 0 1 1 1 1 1 1 1 1 1 0 0 0 0 0 1 1 1 0 1 0 1 1 0 1 1 0 1 1 1 1 1 1 0 1 1 1 1 1 0 0 0 1 0 0 1 0 0 0 0 0 1 1 0 0 0 1 0 0 0 0 1 0 1 1 1 0 1 0 1 0 1 0 1 1 1 0 0 0 1 1 1 0 0 0 1 0 0 1 1 0 97
