200
73 1 0 1 1 0 0 0 1 1 0 0 1 1 1 1 1 0 0 0 0 0 1 1 0 0 1 1 1 0 1 1 1 0 0 1 1 0 1 0 1 1 1 1 1 1 0 1 1 1 1 0 1 1 1 1 1 1 0 1 1 1 1 1 1 1 0 1 1 1 1 1 1 1 1 1 1 0 0 0 1 1 1 1 1 0 0 0 1 0 0 0 1 0 0 1 1 1 0 0 0 0 1 1 0 0 1 1 0 0 0 1 0 1 1 0 1 0 1 1 1 0 1 1 1 0 1 1 1 0 1 0 1 1 1 0 0 0 1 1 0 1 1 1 1 0 1 1 1 0 1 1 0 0 1 0 1 0 1 0 0 0 0 0 1 1 0 1 0 1 0 0 1 1 1 0 0 1 0 1 0 1 1 0 0 1 0 0 1 1 1 1 1 0 0 0 1 1 1 0
1 16 1 1 1 1 0 1 1 1 0 1 1 1 1 1 1 0 1 1 1 1 0 0 1 1 1 1 0 0 0 1 1 1 1 0 1 1 1 1 0 0 1 1 0 1 1 1 0 1 1 1 1 1 0 0 1 0 0 1 1 1 1 1 1 0 0 1 0 0 0 1 0 1 1 0 1 0 0 0 1 1 0 1 0 1 1 1 0 1 1 0 0 1 0 1 0 1 0 1 1 1 1 0 0 0 0 1 1 1 0 1 1 1 1 1 1 1 1 0 1 0 1 0 1 0 0 0 1 0 1 0 0 0 1 1 1 0 0 0 1 0 1 1 1 1 1 1 1 1 1 1 1 1 0 1 0 1 0 1 1 1 0 0 0 1 1 0 1 1 0 0 0 1 0 1 0 1 1 1 0 1 1 1 0 1 1 0 1 0 1 0 1 0 0 1 0 1 0 1
0 1 9 0 1 1 1 1 0 1 0 1 0 0 1 0 1 1 1 1 1 1 1 1 0 0 1 1 0 0 1 0 0 0 0 0 0 0 1 1 0 0 1 1 1 1 0 1 1 1 0 1 0 1 0 1 1 1 1 0 0 1 1 1 1 0 1 0 0 0 1 1 1 1 1 0 1 0 1 1 1 1 0 0 1 1 0 0 1 1 1 1 1 1 0 1 1 1 1 1 1 0 0 0 1 0 1 1 1 1 1 1 0 1 1 1 1 0 0 1 1 1 1 1 0 1 1 1 0 1 1 1 1 0 0 1 1 1 0 1 0 1 1 1 0 1 1 1 1 1 1 1 1 0 0 1 1 1 0 1 0 1 0 1 1 1 1 1 0 0 1 0 0 1 0 1 1 1 1 1 0 0 1 0 0 1 0 1 1 1 1 1 0 1 0 1 0 0 0 0
1 1 1 17 1 0 0 0 1 0 1 1 1 0 0 1 0 1 0 1 0 0 0 1 0 1 1 1 1 1 1 1 1 0 0 0 1 0 0 1 0 0 0 1 1 1 1 1 1 0 0 0 1 1 1 1 0 1 0 0 1 1 0 1 0 0 1 1 1 1 1 1 1 0 1 1 0 1 0 0 1 0 1 0 0 0 0 1 1 1 1 1 0 0 1 1 1 0 1 1 0 1 0 1 0 1 1 1 1 1 1 0 0 1 0 0 1 0 1 0 1 1 1 1 0 1 1 0 1 1 0 0 0 1 0 1 0 1 0 1 1 1 1 0 1 1 1 1 1 0 1 1 1 0 1 0 1 1 1 0 1 0 1 1 1 1 0 1 1 0 1 1 1 0 0 0 1 0 1 1 0 1 1 1 1 1 1 1 0 0 1 1 0 1 0 1 0 1 1 1
0 1 1 0 42 0 1 0 0 0 0 0 1 0 0 1 1 1 0 1 0 0 0 1 1 0 0 1 0 1 1 0 0 1 0 1 1 1 0 1 1 0 1 1 0 1 1 1 1 1 1 0 1 1 0 0 1 0 1 1 0 1 1 1 1 1 1 0 1 1 0 1 1 0 1 0 1 1 1 1 0 1 0 0 1 1 1 1 0 1 1 1 1 1 1 1 1 1 0 0 1 1 1 1 1 0 1 0 0 1 0 1 1 1 1 1 0 0 1 1 0 1 1 0 1 0 0 1 1 1 0 1 1 1 1 0 1 0 1 1 1 0 1 1 1 0 0 1 0 1 0 0 1 1 0 1 1 0 0 1 1 0 1 1 1 1 1 1 1 1 1 0 1 0 1 0 0 1 1 0 1 1 1 0 1 0 1 0 1 1 1 0 1 1 0 0 1 1 1 0
1 0 1 1 1 99 1 1 1 0 1 1 1 0 1 1 0 0 1 0 1 0 1 1 0 0 1 1 1 1 1 0 1 1 1 1 1 1 1 1 1 0 0 0 0 1 0 0 1 0 0 1 1 1 1 0 1 0 1 0 1 1 0 0 1 1 1 0 1 0 0 0 1 1 0 1 1 1 1 1 1 0 0 1 0 1 1 0 0 1 0 1 1 0 0 1 1 0 0 1 0 1 1 1 0 0 0 0 0 1 1 0 1 0 1 1 1 1 0 1 0 0 1 1 1 1 1 1 0 1 1 1 1 1 1 0 1 1 0 0 1 1 0 1 1 0 1 0 1 0 0 0 0 1 1 1 0 1 0 0 1 0 0 1 1 1 1 0 1 1 1 0 0 1 1 1 1 0 0 1 1 1 1 1 0 1 1 1 0 0 1 0 1 0 1 1 0 1 0 1
1 0 1 1 0 1 70 1 1 1 0 1 0 1 0 0 1 1 0 0 1 1 1 1 1 1 0 0 1 1 0 1 0 1 0 1 1 1 1 0 0 1 1 0 1 0 1 1 1 1 1 1 0 1 1 0 0 0 1 1 0 1 1 1 0 0 0 1 0 1 1 0 0 0 1 1 1 1 1 1 1 1 1 1 1 1 0 1 0 1 0 0 1 1 1 1 1 1 0 0 0 1 1 1 1 0 0 0 0 0 0 0 1 1 1 0 0 1 1 0 1 0 1 0 1 1 1 0 1 1 0 1 1 0 1 0 0 0 1 0 1 1 0 1 1 1 1 1 0 1 1 1 1 0 0 0 0 0 1 0 0 0 1 0 1 0 1 1 0 1 1 0 0 1 1 0 1 1 1 1 1 0 1 1 1 1 0 1 0 1 1 0 1 0 1 0 1 0 1 0
0 0 1 1 0 0 0 58 1 1 0 1 0 0 0 0 1 1 1 0 1 0 0 1 0 1 1 0 1 0 0 1 1 0 1 1 1 0 1 1 0 0 1 1 0 1 1 1 1 0 1 1 1 1 1 0 0 1 0 0 1 1 1 1 1 1 0 1 1 1 1 1 1 1 1 0 1 1 1 0 0 0 1 0 1 0 0 1 1 1 1 1 1 0 1 0 1 1 1 0 1 1 1 1 0 0 1 0 0 1 1 0 0 1 0 0 1 1 1 1 0 1 0 0 1 0 1 1 0 1 1 1 1 1 0 1 1 0 1 0 0 0 0 1 0 0 1 0 1 0 1 1 0 0 1 1 1 1 1 1 0 1 1 0 0 1 0 1 1 1 1 1 1 0 0 1 1 1 1 0 0 0 1 0 0 1 0 0 0 1 1 0 0 1 1 0 1 0 0 1
1 1 1 1 0 0 1 1 93 1 1 1 0 1 0 0 0 1 0 0 1 0 1 1 1 0 1 0 1 0 1 0 1 0 0 1 0 0 0 0 0 0 1 1 1 1 1 0 0 1 1 0 0 1 0 1 1 1 1 1 1 1 0 1 1 1 1 1 0 0 1 0 0 1 1 1 0 0 1 0 0 1 1 1 1 0 1 0 0 1 1 1 1 0 1 0 1 1 1 1 0 0 0 1 1 1 1 0 0 0 1 1 1 1 0 1 1 0 1 1 0 0 1 1 1 1 0 0 0 1 1 1 1 0 1 0 1 0 1 0 0 0 1 0 0 1 0 1 0 0 1 0 0 1 0 1 1 1 1 1 1 1 1 1 1 0 1 0 0 1 0 0 0 0 1 0 1 1 0 1 1 1 0 1 0 1 1 0 1 0 0 0 1 1 0 1 1 1 1 1
1 1 1 1 0 0 1 1 1 29 0 0 1 0 0 0 1 1 1 1 0 1 1 0 0 1 1 1 1 0 1 1 1 0 0 0 1 0 1 0 1 0 1 0 0 0 1 1 1 1 1 1 1 0 1 0 0 1 1 1 1 1 1 1 1 0 1 0 1 0 0 1 1 0 0 1 1 1 1 0 0 1 1 0 1 1 0 1 1 1 1 1 1 1 0 0 0 1 0 0 1 1 0 0 0 0 1 1 1 0 1 1 1 0 1 0 1 1 1 0 1 1 1 1 1 0 0 1 1 1 1 1 1 0 0 1 0 0 1 1 0 1 0 1 1 0 0 1 1 0 0 1 1 0 1 1 1 1 0 1 1 1 0 0 0 1 1 1 1 0 0 1 0 1 1 0 0 0 1 1 1 0 0 1 1 0 0 0 0 0 0 1 0 0 1 1 1 0 0 0
1 1 1 0 1 0 1 1 0 0 61 1 0 0 1 1 1 0 0 0 1 1 0 0 1 1 0 0 0 0 0 1 0 0 0 0 0 1 1 1 0 0 1 0 0 1 0 0 0 1 1 1 1 0 1 1 0 0 0 0 1 0 1 1 1 1 1 0 1 0 1 1 1 1 1 1 1 0 1 1 0 1 0 1 0 1 1 1 0 1 1 1 1 0 1 0 1 1 0 0 1 0 0 1 1 1 0 0 0 0 1 0 1 0 1 0 0 0 1 0 1 1 1 1 0 1 1 1 0 0 1 1 0 0 1 0 0 0 1 1 1 1 0 0 0 1 0 1 1 0 1 1 0 0 0 1 1 1 1 1 1 1 1 0 1 0 1 1 1 1 1 0 1 1 0 0 1 0 0 0 1 0 1 1 1 1 1 0 1 1 1 1 0 1 1 1 0 0 1 1
1 1 0 1 0 0 1 0 0 0 1 84 1 1 1 0 1 1 0 1 1 1 0 1 1 0 1 1 1 0 0 1 1 1 1 1 1 0 1 1 0 0 1 1 0 0 0 0 1 1 0 0 1 0 1 0 1 0 1 1 0 0 1 1 0 1 0 1 1 1 0 1 0 1 1 1 1 0 1 1 1 1 0 0 1 0 1 0 0 1 1 0 1 0 1 1 1 0 0 1 0 1 1 1 0 1 1 0 1 1 1 1 1 1 0 1 0 1 0 1 0 1 1 1 1 1 1 1 0 0 0 0 1 1 0 1 1 1 1 0 0 1 1 1 1 1 0 0 0 1 1 0 1 1 1 1 1 0 0 1 0 1 0 0 0 1 0 1 0 0 1 1 1 0 1 0 1 0 1 1 0 1 1 0 0 1 0 0 0 0 1 0 1 1 1 1 0 1 1 1
0 0 1 1 1 1 1 1 0 0 1 0 9 0 0 0 0 0 1 1 1 0 1 1 1 1 0 1 0 1 1 1 1 1 1 1 1 1 1 0 0 1 1 1 0 0 0 1 1 0 0 1 1 1 0 0 0 1 1 1 1 0 1 1 0 0 0 0 1 1 1 1 1 0 0 1 1 0 1 1 0 0 1 1 1 0 1 1 1 0 0 1 1 0 0 0 0 0 1 1 1 1 1 1 0 1 0 1 1 0 1 0 0 1 0 1 1 1 0 1 0 1 1 0 0 0 1 1 1 0 1 0 1 0 1 0 0 0 0 1 0 0 0 1 1 1 1 1 1 1 1 0 1 1 1 1 0 1 1 0 0 0 1 0 0 1 0 1 0 0 1 1 1 1 1 1 0 1 1 0 1 0 1 1 1 0 0 1 1 1 1 1 1 0 0 1 0 1 0 0
1 1 0 1 0 1 0 1 1 0 1 0 1 29 1 1 0 0 1 1 1 0 1 0 1 0 1 1 0 0 0 1 0 0 0 1 0 0 1 0 1 1 1 1 0 1 1 0 1 1 1 0 0 1 1 1 0 1 1 1 1 0 0 1 0 1 0 0 0 1 1 0 1 1 1 0 0 0 1 1 1 1 1 1 1 1 0 0 1 0 1 1 1 1 1 0 1 0 0 1 1 0 0 0 0 1 1 1 1 0 0 1 1 0 1 0 1 1 1 1 0 1 1 1 0 1 1 0 1 1 0 1 1 1 1 1 1 1 0 1 1 1 0 1 1 0 0 1 1 1 0 0 0 1 0 1 0 1 1 0 0 0 1 1 1 1 0 0 0 0 1 0 0 1 1 1 1 0 1 1 1 1 0 0 0 1 1 1 1 0 0 0 1 1 1 1 1 1 0 1
0 1 0 1 0 1 0 1 0 1 1 0 1 1 18 1 0 1 1 0 1 0 0 1 0 1 0 1 0 0 1 0 0 0 1 1 1 1 1 1 0 1 1 1 1 1 1 1 1 0 0 1 0 0 0 1 1 1 1 1 1 1 0 0 1 1 1 1 1 0 0 0 0 1 1 1 1 0 1 1 0 1 1 0 1 1 1 1 1 1 1 1 0 0 1 0 1 1 0 1 1 0 0 0 1 0 0 0 1 1 1 1 0 0 1 1 1 0 1 0 0 1 1 1 1 1 1 0 0 0 0 0 0 0 1 0 1 1 0 0 1 1 0 0 0 1 1 1 0 1 0 1 1 0 0 1 1 0 0 1 0 1 1 0 1 0 1 1 0 1 1 1 1 0 1 1 1 0 1 1 1 0 0 1 0 1 0 1 1 0 1 0 1 0 1 1 1 0 0 1
0 0 1 1 0 0 1 1 0 1 0 0 1 0 1 87 1 0 0 1 1 1 0 1 0 1 1 1 0 1 0 1 1 1 0 1 1 1 1 0 0 1 1 0 0 0 1 0 1 0 1 1 1 1 1 0 1 0 1 0 0 0 0 0 1 0 1 1 1 0 1 0 0 0 0 1 0 0 1 0 1 1 1 1 0 0 1 0 1 1 0 1 1 1 1 1 1 0 0 1 1 0 0 0 0 1 0 1 1 0 1 1 0 0 1 1 1 1 0 1 1 0 1 0 0 1 1 1 0 1 1 0 0 0 0 0 0 1 1 1 1 1 0 1 0 1 0 0 0 1 1 0 0 0 1 0 0 1 0 1 1 1 0 0 1 1 1 1 1 1 1 0 1 0 1 1 0 0 0 0 1 1 1 0 0 0 1 1 1 0 1 1 0 0 0 1 1 1 1 1
1 1 1 1 1 1 0 0 1 0 1 1 0 1 1 1 52 0 0 0 1 0 1 0 1 1 1 1 1 0 1 1 1 0 1 1 1 1 1 0 1 1 1 0 0 1 1 0 0 1 1 0 0 0 0 1 1 0 0 1 0 0 1 1 1 1 1 0 0 1 1 1 0 1 0 1 1 1 1 0 0 1 0 1 1 0 1 1 0 1 1 1 1 1 1 0 0 0 0 0 1 0 1 1 0 1 1 1 1 1 0 1 1 1 0 1 1 0 0 1 1 0 0 1 0 1 1 1 1 1 0 0 1 0 0 1 1 1 0 0 1 0 1 1 1 1 1 1 0 1 0 0 1 1 1 0 0 0 1 1 1 0 1 1 1 1 1 1 0 1 1 1 1 0 0 1 1 1 0 0 1 1 0 0 0 1 1 1 1 1 0 0 1 1 0 0 1 1 0 1
0 0 1 1 0 0 0 0 1 0 1 0 0 1 1 0 1 43 0 1 1 1 0 1 1 0 0 1 1 1 0 0 0 1 0 1 1 1 0 1 0 0 1 0 0 0 1 1 1 1 1 1 1 1 1 0 1 1 1 0 1 1 1 0 0 0 0 1 1 1 0 1 1 1 1 0 0 1 1 1 1 1 0 0 1 1 1 0 1 1 1 0 1 1 1 0 0 1 0 1 1 1 1 0 1 1 1 1 1 0 0 1 0 1 1 1 1 1 1 0 0 1 1 0 1 1 1 1 1 0 0 1 1 0 0 0 1 1 1 1 0 1 1 1 1 0 1 1 1 0 1 0 0 1 1 1 0 1 0 0 1 1 1 1 1 1 0 1 1 0 1 1 0 1 1 0 0 1 0 0 1 1 1 0 0 1 0 0 0 1 0 1 1 1 1 1 1 0 0 0
0 0 0 1 1 0 0 1 1 1 0 1 0 1 1 0 1 1 87 1 1 0 1 1 1 1 1 1 1 0 0 1 1 1 0 1 0 0 1 0 1 0 1 0 0 0 0 0 0 1 0 1 1 1 0 1 1 1 1 1 1 1 0 1 0 1 0 0 1 1 1 0 0 1 1 1 0 0 0 1 0 1 1 0 0 0 1 0 1 0 0 0 0 1 1 0 1 1 1 1 1 0 0 1 1 1 0 1 0 1 0 0 1 1 1 0 1 1 0 1 1 1 0 1 0 1 0 1 1 1 0 0 1 0 1 1 0 1 1 0 1 1 1 0 1 1 1 0 1 1 1 1 1 1 0 0 1 1 0 1 0 1 1 1 1 0 1 1 1 1 0 0 1 1 1 1 0 1 1 1 1 1 1 0 0 1 1 0 1 1 1 1 1 0 1 0 0 0 0 1
1 0 1 0 1 1 0 0 0 1 0 1 1 1 0 1 1 0 0 43 0 1 1 1 1 0 1 1 1 0 0 0 0 1 1 0 0 0 1 0 0 1 0 0 1 0 1 0 1 1 1 0 1 1 1 1 0 1 1 1 0 0 1 1 1 1 1 0 1 1 0 1 0 1 1 0 0 1 0 1 0 1 1 1 1 0 0 0 0 1 1 1 1 1 0 1 0 1 1 1 1 1 0 0 0 1 1 1 0 1 1 0 0 1 1 1 0 1 0 0 0 0 0 0 1 0 0 1 0 0 1 0 1 1 1 0 1 1 0 1 1 1 1 1 1 1 1 0 1 1 0 1 1 0 1 1 1 1 0 1 1 1 1 1 0 0 1 0 0 1 1 0 1 1 1 1 0 1 1 1 0 1 0 0 1 0 1 1 1 1 1 1 0 1 1 1 0 0 0 1
1 0 0 1 1 0 0 1 1 0 1 1 1 0 1 1 1 0 1 1 81 0 1 1 0 1 0 1 1 0 0 1 1 1 1 1 0 0 0 1 1 0 0 1 1 0 0 1 0 1 1 1 1 1 1 1 1 1 1 0 1 1 0 1 1 0 0 1 0 1 1 1 0 1 0 1 0 1 1 1 0 1 0 0 1 0 1 1 1 0 1 0 1 1 1 1 0 0 1 1 1 1 1 1 1 1 1 1 1 1 1 1 1 1 1 1 0 0 0 1 1 0 0 1 0 1 0 1 0 1 0 0 0 1 1 1 0 1 1 1 1 1 0 1 1 1 1 1 1 1 1 1 1 0 1 1 1 1 0 0 0 0 1 1 1 1 1 1 1 0 1 0 0 1 0 1 1 0 0 1 1 0 1 1 1 0 0 0 1 1 0 0 1 0 1 1 0 0 1 0
0 1 0 0 0 1 1 0 1 0 1 0 0 1 1 0 1 0 1 1 0 30 1 0 1 1 1 1 1 0 1 1 1 1 0 1 1 1 1 0 1 1 1 0 0 1 0 1 0 1 0 1 0 1 0 0 1 1 1 0 1 1 0 1 0 0 1 1 1 1 0 0 0 0 0 0 1 1 1 1 1 1 0 0 0 0 0 1 1 0 1 1 0 1 0 0 1 1 1 1 1 0 0 1 0 1 1 0 0 0 1 1 1 0 0 1 1 1 1 1 1 1 1 1 0 1 1 0 1 1 1 1 1 1 1 0 1 0 1 1 0 1 0 1 0 1 1 0 0 0 0 0 1 0 0 1 0 0 1 0 1 1 1 1 1 1 1 0 1 0 1 1 0 0 1 1 1 0 0 0 1 1 1 1 1 0 0 1 0 1 1 1 1 0 1 0 0 1 1 1
0 1 1 0 0 1 0 0 0 0 0 1 0 1 0 1 0 0 1 1 1 0 73 1 0 1 0 1 1 1 1 1 0 0 1 1 0 1 1 0 1 0 1 1 0 1 1 0 0 0 0 1 1 1 0 1 0 0 0 1 0 1 0 0 0 1 1 0 1 1 1 1 0 0 0 0 0 1 0 0 1 1 0 1 0 1 0 1 0 1 0 1 1 1 0 0 0 0 0 0 1 0 1 0 1 1 0 1 1 0 0 0 1 0 0 1 1 1 1 0 0 1 0 1 0 1 1 1 1 0 1 1 1 1 1 1 1 0 0 0 1 1 1 1 1 0 1 1 1 1 1 0 1 0 0 1 1 0 1 1 0 0 1 0 1 1 0 0 1 0 1 0 1 1 1 1 1 1 1 1 1 0 1 1 1 1 1 1 0 1 0 1 1 1 0 1 1 1 1 1
1 0 1 0 1 1 1 0 0 1 1 1 0 1 0 1 0 1 0 1 0 1 1 86 1 0 1 0 0 1 0 0 1 1 0 1 1 0 1 0 0 1 1 0 1 0 1 1 1 1 0 0 0 0 1 0 1 1 1 0 1 1 0 1 0 1 1 0 1 0 1 1 0 0 1 1 1 1 1 1 1 0 0 1 1 0 1 1 1 1 1 1 0 1 1 1 1 1 1 0 1 1 0 1 0 0 1 1 0 0 1 1 1 1 0 1 1 0 1 1 0 1 0 1 0 1 1 1 0 1 0 1 1 1 0 1 1 1 1 1 1 0 0 1 0 1 1 0 0 0 0 1 0 1 1 1 0 0 1 0 1 1 0 1 1 0 1 0 1 1 0 1 1 0 1 1 1 1 1 1 1 0 0 0 1 1 1 0 1 1 0 1 0 1 0 1 1 1 0 0
0 0 1 1 1 0 0 1 1 1 1 1 1 0 1 1 1 1 1 1 1 1 1 1 20 0 1 0 1 1 1 1 0 0 1 0 1 0 1 0 1 1 0 1 1 0 0 1 1 0 1 0 0 1 0 1 0 0 0 0 1 1 1 0 1 1 0 1 1 1 0 0 1 0 0 0 1 1 1 0 1 0 1 1 1 1 1 1 1 1 1 1 1 1 0 1 1 0 0 1 0 1 1 1 1 1 1 1 0 1 1 0 1 1 0 1 0 0 1 1 1 0 0 0 0 1 1 0 1 1 0 0 1 1 0 1 1 1 0 1 1 1 0 0 1 1 1 1 0 0 1 1 0 0 1 1 0 1 1 0 0 0 1 0 1 0 1 1 1 1 1 0 0 1 0 1 1 0 0 0 1 1 1 1 0 0 0 1 1 1 1 1 0 1 0 0 0 0 1 0
1 1 1 1 1 1 0 0 0 0 1 0 1 1 0 0 1 1 1 1 0 0 1 0 1 80 1 0 0 1 1 0 0 1 1 0 0 0 1 0 0 1 0 1 1 1 1 0 1 1 0 1 1 1 1 1 1 1 1 0 1 0 1 1 0 1 0 1 0 0 1 0 0 0 1 0 1 1 0 1 0 0 0 1 0 1 1 1 1 1 1 0 1 1 1 0 0 1 1 1 1 0 0 0 1 1 1 1 1 1 1 1 0 0 1 1 1 0 0 1 0 1 1 0 1 1 1 1 0 0 1 0 1 1 1 1 1 1 1 1 0 1 1 1 0 1 0 1 0 0 1 1 0 0 0 1 1 0 0 1 1 1 0 0 1 1 1 1 0 1 1 0 0 0 1 1 0 1 0 0 1 1 1 1 1 0 1 0 1 1 1 1 1 0 0 1 0 1 1 1
0 1 0 1 1 1 1 1 0 1 0 1 1 1 0 1 1 1 0 0 1 1 1 0 1 1 87 1 1 1 1 1 1 1 0 0 1 1 1 1 1 1 1 1 0 0 1 1 1 0 1 0 1 1 0 1 1 0 0 0 0 0 1 1 1 1 1 1 1 1 0 1 1 1 1 1 0 0 1 0 1 0 0 1 0 1 0 1 1 0 1 1 0 1 1 0 1 0 0 0 1 0 1 1 1 0 1 1 0 0 1 1 1 1 1 1 0 1 0 1 1 1 1 1 1 1 1 0 0 0 0 0 1 1 0 1 0 0 1 0 1 1 0 0 1 1 1 0 1 0 1 0 1 0 1 0 1 0 1 1 0 0 1 0 1 1 0 1 1 0 1 1 0 0 1 0 0 0 1 0 1 1 1 1 1 1 0 1 0 1 0 1 0 0 1 1 0 1 1 0
1 0 1 1 0 1 1 1 0 1 1 1 0 0 1 0 0 0 0 0 1 1 0 1 1 1 0 87 1 1 0 1 1 1 0 0 1 1 1 1 1 1 1 0 1 0 0 1 1 0 1 0 1 0 0 1 0 0 1 0 1 1 0 0 1 1 0 1 1 1 0 1 1 1 1 1 0 1 1 1 1 0 1 1 0 1 0 1 1 1 1 0 0 0 1 1 1 0 1 1 1 0 1 1 1 1 0 0 0 0 1 0 1 0 0 0 1 1 1 0 1 1 1 1 1 1 1 1 0 0 1 0 1 1 1 0 0 1 0 0 1 1 1 1 1 1 1 1 1 1 1 0 0 1 0 1 0 1 0 0 1 1 1 1 1 0 1 0 1 0 0 0 0 0 1 1 0 1 0 0 0 1 1 1 1 0 1 1 1 1 1 1 1 1 1 1 1 0 0 0
0 0 0 1 1 0 1 1 0 1 0 1 0 0 1 1 0 0 0 1 1 0 1 0 1 1 0 1 66 0 0 1 0 0 0 0 1 0 0 1 0 0 1 0 1 0 1 1 1 0 0 0 1 0 0 0 0 1 1 1 1 0 0 1 1 1 1 1 1 0 0 0 0 1 1 1 1 0 0 0 1 1 0 1 0 1 0 1 1 0 1 0 1 0 1 1 1 1 1 1 1 1 1 0 1 1 1 1 1 0 0 1 1 0 0 1 1 0 1 1 1 0 1 1 1 0 1 0 1 0 0 0 1 0 0 1 1 0 1 0 0 1 0 0 1 1 1 1 1 1 0 0 1 1 0 0 0 1 1 0 1 1 1 1 0 1 1 0 1 1 1 0 0 1 0 1 0 0 1 0 1 1 1 0 0 1 0 1 1 1 0 0 0 1 0 1 1 0 1 1
0 0 1 1 1 1 0 1 0 1 1 1 1 0 1 1 1 1 1 1 0 0 0 1 1 0 1 1 0 26 0 0 1 1 1 1 1 1 1 0 1 1 0 0 1 0 0 1 1 0 0 1 1 1 1 1 0 1 0 0 1 1 1 1 1 1 1 1 0 0 1 0 0 0 1 0 1 0 1 0 1 0 0 1 0 1 1 1 0 0 1 1 1 1 1 1 1 0 1 0 0 1 1 1 1 0 0 0 0 0 1 1 1 1 1 0 1 0 1 1 0 1 0 1 0 1 1 1 1 1 0 1 1 1 1 1 0 1 1 1 1 0 1 1 1 1 1 0 0 1 1 1 1 0 1 0 1 1 1 1 0 1 1 0 1 0 1 1 0 1 1 1 0 1 0 0 1 0 1 1 1 1 1 1 0 0 0 1 1 0 1 0 1 1 1 0 1 0 1 0
1 1 0 1 0 0 0 1 1 1 1 0 0 1 1 0 1 1 1 0 0 0 0 1 1 1 0 1 0 0 91 1 0 0 0 0 0 0 1 1 0 1 0 1 1 1 1 1 1 0 1 1 0 1 1 0 0 0 0 1 0 1 0 1 1 0 0 1 1 0 0 0 0 0 1 1 1 1 1 1 0 0 0 0 0 0 0 1 0 1 1 1 1 1 1 1 1 0 0 1 1 1 1 1 0 1 1 1 0 0 1 0 0 0 1 1 0 1 1 0 0 1 1 1 1 0 0 1 1 1 1 1 0 1 1 1 0 1 1 1 0 1 1 0 1 1 1 0 1 0 1 1 1 1 0 0 1 0 1 1 1 0 0 1 1 0 1 1 1 1 0 1 0 1 0 1 1 1 0 1 1 1 0 1 0 1 1 0 1 1 0 0 1 0 1 0 1 0 1 0
0 0 1 1 0 1 1 1 1 0 0 1 1 1 0 1 0 0 1 0 1 0 1 0 0 1 0 1 1 1 0 28 1 0 1 1 1 0 0 1 0 0 1 1 1 1 0 0 0 0 1 1 0 0 0 1 0 0 1 1 0 0 1 1 1 0 1 1 1 1 1 0 1 1 0 0 0 0 1 0 1 1 1 1 1 0 1 1 1 1 0 0 0 1 0 0 1 1 0 1 0 0 1 1 0 1 0 0 1 1 0 0 0 1 0 1 1 0 1 0 1 0 0 0 1 1 0 1 1 1 0 0 1 0 0 1 1 1 0 0 1 0 1 0 1 1 0 0 0 0 0 0 0 0 0 0 0 1 0 0 1 0 1 1 0 0 0 0 1 1 1 1 1 1 1 1 0 0 0 0 1 0 1 1 0 0 0 1 0 1 0 1 1 1 0 1 0 1 0 1
1 1 1 0 1 0 0 1 1 1 0 0 1 1 0 0 1 1 1 0 0 1 0 1 1 0 1 1 0 1 0 1 79 1 1 0 0 0 0 0 0 0 0 0 0 0 1 1 1 1 1 1 1 0 1 0 1 1 1 1 1 0 1 0 1 0 1 1 1 0 0 1 1 1 0 0 1 1 0 1 1 0 1 0 0 1 1 1 0 1 1 0 1 1 1 1 0 1 1 0 0 1 1 1 0 1 1 1 1 1 0 1 1 1 0 1 0 0 0 0 1 1 0 1 0 0 0 1 1 0 0 1 0 1 1 1 0 0 1 0 0 1 1 1 1 0 1 1 0 0 1 1 0 0 1 1 0 0 1 1 1 0 0 1 1 0 0 1 0 0 1 0 0 1 1 1 0 1 1 1 1 0 1 0 1 0 1 0 0 1 1 1 1 0 1 1 0 1 1 1
1 1 1 1 0 1 1 0 1 1 0 0 0 0 1 0 0 1 1 1 0 0 1 0 0 1 0 0 0 0 1 1 0 16 0 1 1 1 0 1 1 0 1 1 1 1 0 1 0 1 1 1 1 1 0 1 0 0 0 1 0 1 1 0 1 0 0 1 1 0 0 0 1 0 0 1 1 0 1 1 1 0 1 1 1 0 0 1 1 1 0 1 0 1 0 0 1 0 0 0 1 0 1 1 1 0 1 1 1 0 1 1 1 0 0 0 1 0 0 0 1 1 0 0 1 0 0 1 1 1 0 0 0 1 1 0 0 0 1 1 1 1 1 1 0 0 0 0 1 1 0 1 0 1 1 1 0 1 0 0 0 1 0 0 1 1 1 0 0 1 0 0 1 0 0 1 0 1 1 1 1 0 1 0 0 0 1 0 1 1 1 0 0 1 0 0 1 1 1 0
1 0 1 1 0 0 0 1 0 1 1 1 1 1 1 1 1 1 0 1 1 1 1 1 1 1 0 1 1 1 1 0 0 0 23 1 1 1 1 1 0 1 1 1 1 1 1 1 0 1 1 0 1 1 0 1 1 1 1 1 1 0 1 0 0 0 1 1 0 0 1 0 0 1 0 0 1 1 1 1 1 1 0 1 1 0 1 1 0 1 0 1 1 0 1 1 0 0 0 1 1 1 1 0 1 0 1 1 0 0 0 1 1 0 1 1 1 1 0 1 1 0 1 1 1 0 0 0 1 0 1 0 1 1 0 1 0 1 0 1 1 0 1 0 0 1 1 1 1 1 0 1 0 1 0 0 1 0 1 0 0 0 1 0 1 0 1 0 0 1 0 1 1 1 1 1 0 1 0 0 1 1 0 1 1 1 1 1 0 1 1 0 1 1 0 1 1 1 0 1
1 0 0 1 1 1 1 1 0 1 1 1 1 1 1 1 0 1 0 0 0 1 1 0 1 0 1 0 0 1 0 0 0 0 1 25 0 1 1 1 0 1 0 0 0 1 1 0 1 1 1 1 0 1 1 0 0 1 1 0 0 1 1 1 1 1 1 1 0 1 0 0 0 1 0 0 1 0 1 1 1 1 1 1 0 1 1 0 1 0 1 1 0 0 0 1 1 1 1 1 0 1 1 1 1 1 0 1 0 1 1 0 1 0 0 0 1 1 1 1 0 0 1 1 1 1 1 1 1 0 1 1 0 0 0 1 1 0 0 0 0 0 0 0 0 0 0 1 0 0 0 0 1 0 1 0 1 0 1 0 0 0 1 1 1 0 0 1 1 0 1 1 1 0 1 1 1 1 1 1 1 1 1 0 1 1 1 1 1 1 1 1 1 1 1 1 0 1 1 0
0 1 1 1 0 0 0 1 0 0 0 1 0 0 1 0 1 0 1 0 0 0 1 0 1 1 0 0 1 1 1 1 1 1 0 1 58 1 0 0 0 0 1 0 1 1 0 1 1 1 0 0 0 0 0 1 0 1 0 1 1 1 1 1 1 0 1 0 1 1 0 0 0 1 0 0 0 0 0 1 0 0 1 0 0 1 1 0 1 0 1 0 0 1 1 1 1 1 1 1 1 1 1 1 1 1 0 0 1 1 1 1 1 0 0 1 0 0 0 1 1 1 1 1 0 0 0 1 1 1 1 1 0 0 0 0 1 0 0 1 0 0 1 0 1 0 1 0 0 0 0 1 1 0 1 1 0 1 1 1 1 0 1 0 0 0 1 0 1 1 1 1 1 0 0 1 0 1 0 0 1 0 1 1 0 1 0 0 1 0 0 0 0 1 0 0 1 1 1 1
1 1 1 1 1 1 1 1 1 1 1 0 1 1 1 0 1 1 1 0 0 0 1 0 0 1 0 1 1 0 1 0 0 1 1 1 0 86 1 0 0 1 1 0 0 1 0 0 0 0 0 1 1 1 1 0 0 0 1 0 1 1 1 1 0 1 0 0 0 1 0 0 1 1 0 1 1 0 1 1 0 0 0 0 1 1 0 0 1 1 0 1 1 1 1 0 1 1 1 0 1 0 0 0 1 0 0 0 0 0 0 1 1 0 0 0 0 1 1 1 1 0 0 0 1 0 0 1 1 1 0 0 1 1 1 1 1 0 1 1 1 1 1 1 1 1 1 1 0 1 0 1 0 1 1 1 0 1 1 1 1 1 0 1 1 1 1 1 1 0 1 1 1 1 1 1 0 1 0 0 0 1 0 1 1 0 1 0 1 1 0 1 0 0 1 1 0 0 0 0
0 1 1 0 1 1 1 1 1 1 1 1 1 1 1 0 0 1 1 1 1 0 0 0 0 1 1 0 0 1 0 1 0 1 1 1 0 0 78 0 1 0 1 1 0 1 1 0 0 0 1 1 0 0 0 1 0 0 1 0 1 0 0 1 0 0 1 1 1 0 1 1 1 1 0 0 1 0 0 0 1 1 1 0 1 1 0 1 0 0 1 1 0 1 0 0 0 1 1 1 1 0 1 0 0 0 0 1 1 1 0 0 1 0 1 0 0 1 1 0 1 0 1 0 0 1 1 1 0 0 1 0 0 1 1 1 0 1 1 1 0 1 1 1 1 1 1 0 1 0 1 1 1 0 1 1 1 1 1 1 1 1 0 1 1 1 1 0 0 1 1 1 1 1 0 0 1 1 0 0 1 1 1 0 0 1 1 1 0 1 0 0 1 0 0 0 1 1 1 1
1 1 0 1 0 1 1 1 1 0 1 1 0 0 1 0 1 1 1 1 0 0 0 0 0 0 0 1 1 1 1 1 0 1 1 1 1 0 1 21 0 0 0 0 1 1 1 1 0 0 0 0 0 1 0 1 0 1 1 0 1 1 1 1 0 0 1 0 1 1 0 1 1 1 0 1 1 1 1 1 1 0 0 0 1 0 0 0 0 1 0 1 0 1 1 0 1 0 1 1 1 0 0 0 1 0 1 1 1 0 0 0 1 0 0 0 0 1 0 1 1 1 1 0 0 1 0 1 1 1 1 1 1 1 0 0 0 1 1 0 1 1 0 0 0 0 0 1 1 0 0 1 1 1 0 0 0 1 0 1 0 1 0 1 0 0 0 1 1 1 0 1 0 0 0 1 1 1 0 1 0 0 0 1 0 1 0 1 0 1 1 1 0 0 1 0 0 0 1 0
1 1 0 1 0 1 0 1 1 1 1 1 1 1 1 1 1 1 0 1 1 0 0 1 1 0 0 1 1 1 0 1 1 0 1 0 1 1 1 0 34 0 1 0 1 1 1 0 1 0 0 1 0 0 1 0 1 1 1 0 1 0 1 1 1 0 1 0 1 1 1 1 0 1 1 0 1 0 1 1 1 1 0 1 0 0 1 1 1 0 0 0 1 0 1 1 1 1 0 1 1 1 1 1 1 0 0 0 1 1 0 1 0 1 1 0 1 1 1 0 1 0 1 0 0 0 1 1 0 1 0 0 1 1 1 1 1 1 1 1 1 1 1 0 1 0 1 0 1 0 1 1 1 0 1 0 1 1 1 1 1 1 1 0 1 0 1 1 1 1 0 1 1 1 0 1 1 0 0 1 0 0 0 0 1 0 0 0 1 1 1 1 0 1 0 0 0 1 0 0
0 1 1 1 0 1 0 0 1 1 1 1 0 0 1 0 1 1 1 0 0 1 0 1 1 0 1 1 1 1 1 0 1 0 0 1 0 0 1 0 1 58 1 0 1 1 0 1 1 0 1 0 1 0 1 1 1 0 0 1 0 0 1 0 1 1 0 1 1 1 1 0 1 0 0 0 0 1 0 1 1 0 1 1 1 1 1 0 0 1 1 0 1 0 1 0 0 0 1 0 0 1 0 1 0 1 0 0 1 0 0 0 1 0 0 0 1 0 0 0 1 1 1 0 0 0 1 1 0 0 1 0 0 0 1 1 0 0 1 1 0 0 1 0 0 1 0 1 1 1 1 0 0 1 1 1 1 0 1 1 1 0 0 1 1 0 1 1 1 0 0 0 1 0 1 0 1 1 1 1 1 0 1 1 0 1 1 1 0 1 0 1 1 0 1 1 0 1 1 1
1 0 0 0 0 0 1 0 1 0 1 1 1 1 1 0 1 1 0 1 1 0 0 1 0 1 1 0 1 1 1 1 0 0 1 1 1 0 1 0 0 0 95 1 0 0 1 0 1 1 1 0 0 1 0 1 0 1 1 0 1 0 1 1 1 1 1 0 1 0 1 1 1 0 1 0 1 1 1 1 1 0 1 0 1 0 1 0 1 1 1 1 0 1 0 1 0 1 1 1 1 0 0 0 1 0 0 1 0 1 0 1 0 0 1 1 1 1 1 1 0 0 0 1 0 1 1 0 0 1 1 0 0 1 1 1 0 1 1 0 0 1 1 1 0 0 1 1 0 1 0 1 0 1 0 1 0 0 1 1 0 0 0 1 0 1 1 1 0 1 1 0 1 1 1 0 0 0 1 1 1 1 1 1 1 1 0 1 1 1 1 1 0 1 0 1 0 1 0 1
1 1 0 1 0 0 1 1 1 0 0 0 0 1 1 0 1 0 0 1 1 0 1 0 1 1 0 1 1 0 1 1 1 1 1 1 1 0 1 1 1 1 0 89 0 1 1 1 1 1 1 0 1 0 0 1 1 0 0 0 1 0 1 0 1 1 1 0 1 1 1 0 0 0 1 1 1 0 1 0 1 1 1 1 0 0 0 0 0 1 0 0 1 1 0 1 1 1 1 1 1 1 1 0 1 1 1 0 1 0 1 0 1 1 0 0 1 1 0 0 1 0 0 1 1 1 1 1 1 1 0 0 1 1 0 1 0 1 0 1 1 1 1 1 1 1 1 0 0 0 1 0 0 1 0 1 0 0 1 1 0 1 0 1 1 1 1 1 1 1 0 0 1 0 1 1 0 1 0 0 0 0 0 1 1 0 1 0 0 1 0 0 0 0 0 1 0 1 1 0
1 0 0 1 1 1 1 0 0 1 1 1 0 0 1 0 0 1 1 0 0 1 1 1 0 1 1 1 1 1 1 1 1 0 1 1 0 1 0 0 1 1 0 1 89 0 1 1 0 1 0 1 0 0 1 1 1 0 1 1 0 0 1 0 0 1 1 0 1 1 1 1 1 1 1 1 1 0 1 0 0 1 1 1 0 1 0 1 0 0 1 0 0 1 1 1 1 0 1 1 0 1 0 1 1 0 1 0 0 1 1 1 0 1 1 0 1 1 0 1 0 1 0 0 1 1 1 1 1 0 1 1 1 0 1 0 1 1 1 1 1 1 1 1 1 1 0 0 1 1 1 0 1 1 1 0 1 1 1 1 1 0 1 1 1 0 1 1 1 1 1 0 1 1 0 1 0 0 1 0 0 1 1 1 1 0 1 1 1 0 1 1 0 0 1 1 1 1 0 1
1 1 1 1 0 0 0 1 1 0 0 1 0 0 1 1 0 0 0 1 1 1 1 1 1 1 0 1 0 0 1 1 1 1 0 1 1 0 1 1 0 1 1 0 1 67 0 0 0 0 1 0 1 0 1 1 1 1 1 0 1 1 1 1 0 1 0 0 0 1 0 1 0 1 0 1 0 1 1 0 0 1 0 0 1 1 0 0 0 1 1 0 0 0 0 1 0 0 0 1 0 0 0 1 1 1 0 1 0 0 0 1 1 1 1 0 1 0 1 0 1 0 0 1 0 1 0 0 0 1 0 0 0 0 1 1 1 1 0 1 0 0 0 1 1 0 1 1 1 0 0 1 0 0 0 1 1 0 1 1 1 1 0 0 1 1 0 1 1 1 1 0 1 1 1 1 1 1 0 1 1 1 0 0 1 0 0 0 0 0 1 1 1 1 1 1 1 0 1 0
0 0 0 1 0 1 1 1 1 1 1 1 0 1 1 0 1 1 0 0 1 1 1 0 0 1 0 1 0 0 1 1 1 1 0 1 0 0 1 0 1 1 1 1 0 0 85 1 1 0 0 1 0 0 0 1 0 1 1 1 0 0 1 1 1 0 1 1 0 1 1 0 1 0 0 0 1 1 1 1 1 0 0 0 0 0 1 1 1 0 0 0 1 1 1 0 0 0 1 1 0 1 0 0 0 1 1 0 1 0 0 1 0 0 1 0 1 1 0 1 1 1 1 0 1 1 1 0 0 1 1 1 1 1 1 0 0 1 1 0 0 1 0 0 1 0 0 0 0 1 1 1 0 0 0 1 0 1 1 1 0 1 1 1 1 1 1 0 1 0 1 1 1 0 0 0 1 0 1 1 1 1 1 0 1 1 1 1 1 0 1 1 1 0 1 0 1 0 1 1
0 1 0 1 0 0 1 1 1 0 1 0 0 1 1 1 1 0 1 0 0 1 1 1 0 0 1 1 1 1 0 0 0 0 1 0 1 0 0 0 0 0 1 1 1 1 1 38 0 1 0 1 0 1 0 1 1 0 1 1 1 1 0 1 1 1 1 1 1 1 0 0 1 1 1 1 1 1 1 0 1 0 0 1 0 0 1 0 0 1 1 1 1 0 1 1 0 1 0 1 1 0 0 0 1 1 0 1 1 1 1 0 1 0 1 1 0 0 1 0 1 1 0 1 1 1 1 0 0 1 0 0 1 0 1 1 1 1 1 0 0 0 1 1 1 0 1 1 1 1 0 0 1 0 1 0 1 0 1 0 1 0 0 0 0 1 1 1 0 0 1 0 1 0 0 0 0 0 0 1 1 1 1 1 1 1 1 1 1 1 1 1 0 1 0 1 1 1 1 1
0 1 0 1 1 1 1 1 0 1 1 1 0 0 0 1 0 1 1 1 1 0 1 1 0 1 1 1 1 1 0 1 1 0 0 0 1 1 0 0 1 0 1 0 0 1 1 1 4 1 0 1 1 0 1 1 0 1 1 1 0 1 1 1 0 1 1 1 1 1 1 1 1 1 1 0 1 0 1 0 1 0 1 1 1 1 1 1 1 1 1 1 0 1 1 1 0 1 1 1 1 0 0 0 1 1 0 1 1 0 0 1 0 1 0 0 1 0 1 0 1 0 1 1 0 0 1 1 1 1 1 1 1 1 1 0 1 0 1 1 0 0 0 1 0 1 0 1 0 1 1 0 1 0 0 1 1 1 1 0 1 0 0 1 1 0 1 1 0 0 0 1 0 1 0 1 1 1 0 1 1 1 0 1 1 0 1 0 0 1 1 0 0 0 1 1 0 1 1 1
0 0 0 1 1 0 1 1 0 1 1 0 0 1 1 0 0 1 0 0 1 0 1 1 1 1 1 1 1 1 1 0 0 0 0 1 0 1 0 0 1 1 1 1 0 1 1 1 0 26 1 0 1 1 0 1 1 0 1 1 0 1 1 1 0 1 1 0 0 0 1 0 0 0 1 1 1 0 1 1 1 1 1 1 1 1 1 1 1 0 0 1 1 1 1 1 1 0 1 1 1 0 0 1 1 0 1 1 1 0 1 1 1 1 1 1 0 0 1 0 1 0 1 1 1 1 1 1 1 0 1 0 1 0 1 0 1 0 1 0 0 1 1 1 0 1 0 1 1 1 1 1 1 0 0 1 0 0 1 1 0 1 1 1 1 0 0 0 0 1 0 1 0 0 0 1 1 1 1 1 1 0 1 0 1 1 0 1 0 1 1 1 1 0 1 1 1 0 0 0
1 0 1 1 1 1 1 0 1 1 0 1 0 1 0 1 1 0 1 1 1 1 1 0 0 0 0 0 1 1 1 1 1 0 0 0 1 1 1 1 1 0 0 0 1 1 0 0 0 1 64 1 1 0 1 1 0 0 1 1 1 0 1 1 0 0 1 1 0 1 0 0 1 0 1 1 0 0 1 0 0 0 1 1 1 1 0 1 0 0 0 1 1 0 0 0 0 0 1 0 1 0 1 0 1 1 0 0 1 0 0 1 1 0 1 1 1 1 1 1 0 1 0 1 1 0 0 0 1 1 0 1 1 0 1 1 1 1 1 1 0 0 0 0 1 1 1 0 1 0 1 1 1 1 0 1 1 1 1 1 1 1 1 1 1 0 1 0 1 0 1 1 1 1 1 1 1 1 0 0 1 0 0 1 0 1 0 1 1 1 0 1 0 0 1 1 1 0 1 0
0 0 1 1 1 0 1 0 1 0 0 1 1 0 1 1 0 1 1 1 0 1 0 1 1 0 1 0 1 0 0 1 1 1 0 1 0 0 1 1 1 1 1 1 1 1 0 1 0 0 1 6 0 1 1 1 1 1 1 0 1 1 0 1 1 0 1 0 0 0 0 1 1 1 1 0 1 0 1 1 1 1 1 1 1 1 0 1 0 0 0 0 0 1 0 1 0 0 0 1 1 1 1 0 1 0 0 1 1 1 0 1 1 1 1 1 0 1 1 0 1 1 0 0 1 1 0 1 0 1 1 1 0 1 1 1 1 1 1 1 1 1 0 1 1 1 0 0 0 0 1 1 0 0 1 1 1 0 1 1 1 1 1 1 1 1 1 1 1 0 0 1 1 0 1 0 1 1 0 1 1 0 1 1 1 1 1 0 1 1 0 0 0 1 1 1 1 1 1 1
1 0 1 0 1 0 1 1 1 1 0 1 0 1 1 1 0 0 1 1 0 1 0 0 0 0 1 0 1 1 1 0 1 0 0 0 0 1 1 1 0 0 0 0 0 1 1 0 1 1 0 1 2 1 1 1 1 1 1 0 0 0 1 1 1 1 1 1 1 0 1 0 0 0 1 0 1 1 0 0 1 1 1 0 1 0 1 1 1 1 0 1 0 1 1 1 0 0 1 1 1 1 1 1 1 0 0 1 1 1 1 0 1 0 1 0 1 1 1 1 0 0 1 1 1 0 0 0 1 0 1 1 0 1 0 1 1 1 1 1 0 1 1 1 1 1 0 0 1 1 1 0 0 0 0 1 1 1 1 1 1 1 0 1 1 1 1 1 1 1 0 1 1 1 1 0 0 1 1 1 0 1 1 1 1 0 0 1 1 0 1 1 1 1 0 0 0 1 1 0
0 1 0 0 0 0 1 1 1 1 1 0 0 0 1 0 0 0 0 1 1 1 1 1 0 1 1 1 1 1 0 0 1 1 1 1 1 1 0 1 0 0 0 1 1 1 0 1 0 1 1 0 1 5 0 0 1 0 0 1 0 1 1 0 0 1 1 1 1 0 1 1 1 1 0 0 1 1 1 1 0 1 0 0 1 1 1 0 0 0 1 1 1 0 0 0 1 1 1 1 1 1 1 1 1 0 0 1 1 1 1 0 0 1 1 0 0 1 1 1 1 0 1 1 1 0 1 1 1 1 0 0 1 1 1 0 1 1 0 1 1 1 1 1 0 1 1 1 0 1 1 1 0 1 0 1 1 1 0 1 1 1 1 1 1 1 1 1 1 1 1 1 1 1 0 0 1 1 0 1 0 1 1 0 1 0 1 1 0 1 1 1 0 0 0 1 0 1 0 0
1 1 1 0 0 0 1 1 0 1 0 1 0 1 1 1 0 0 1 0 0 1 0 0 0 1 1 1 0 1 1 1 0 1 1 1 1 0 1 0 1 1 1 1 0 0 1 0 1 0 1 0 0 1 45 1 1 0 0 0 1 1 0 0 0 1 1 0 0 0 0 1 0 1 1 1 0 0 1 1 1 1 0 1 1 0 1 0 1 0 1 1 0 1 1 0 1 1 1 1 0 1 1 1 1 0 1 0 1 0 1 1 1 1 1 0 1 1 0 1 1 0 1 1 0 1 0 0 1 0 1 1 0 1 1 0 1 1 0 1 0 1 1 1 0 1 1 1 0 1 1 0 1 0 0 1 0 1 1 0 1 1 1 0 0 1 1 1 1 1 0 1 1 0 0 0 1 1 1 1 1 0 1 1 0 1 0 1 1 1 0 0 0 0 1 1 1 1 1 1
1 1 0 1 1 1 0 0 0 0 0 0 1 1 1 0 0 0 0 1 1 0 1 1 1 0 1 1 0 1 0 1 1 0 1 1 1 0 1 0 1 1 0 0 0 0 1 1 0 0 1 0 1 1 1 85 1 0 1 0 0 0 0 0 0 1 0 0 1 0 0 1 1 1 1 0 1 1 1 0 0 1 0 1 0 1 0 1 1 1 1 0 0 1 1 0 0 1 1 1 1 0 0 0 1 0 1 1 1 1 0 1 1 1 1 0 1 1 1 1 1 1 0 1 0 0 0 1 0 1 1 0 1 1 0 1 0 1 0 0 1 1 0 0 1 1 1 1 1 1 0 1 1 0 1 0 0 0 1 1 1 0 1 0 0 0 1 0 1 1 0 1 1 0 1 1 0 0 1 1 0 0 1 1 1 1 1 1 1 1 0 0 1 1 0 1 1 1 0 1
0 1 1 1 1 1 1 1 1 0 1 1 0 1 0 0 1 1 1 0 1 1 1 0 1 1 0 0 1 0 1 1 1 1 1 0 1 1 1 1 1 0 0 1 1 1 0 0 1 0 1 1 0 1 1 1 74 1 0 1 0 1 1 1 1 1 0 0 0 1 0 0 0 1 0 1 1 1 1 0 1 1 0 0 1 0 1 0 1 1 1 0 0 1 1 0 1 0 0 1 0 0 0 1 1 1 1 1 1 1 0 0 1 1 1 0 1 1 1 0 0 1 1 0 0 1 1 1 0 0 0 0 1 1 0 0 0 0 0 1 0 1 1 0 0 0 0 1 1 1 1 1 0 0 1 1 1 1 0 0 1 0 1 0 1 1 1 0 1 1 0 1 1 1 1 1 1 1 1 1 1 1 1 0 1 1 1 1 0 1 1 1 1 0 0 0 1 1 1 0
0 1 1 1 0 0 1 1 0 1 0 0 0 1 1 1 1 1 0 1 0 1 1 0 1 0 0 1 0 1 1 1 1 1 0 1 0 0 1 0 0 1 1 1 0 1 1 0 0 0 1 1 1 1 1 1 1 53 0 0 0 0 1 0 1 0 0 1 1 0 0 0 0 1 0 1 1 0 0 0 1 1 1 0 1 1 1 0 1 1 0 1 1 1 0 0 0 1 0 1 1 0 1 1 1 1 1 1 1 1 0 1 0 1 1 1 0 1 1 0 0 1 1 1 0 1 0 0 1 0 0 0 1 0 1 0 1 1 0 0 1 0 1 1 0 1 0 0 0 0 1 1 1 0 0 0 1 0 0 1 1 1 1 1 1 1 1 1 0 1 0 1 1 0 0 1 0 1 1 1 0 1 0 1 1 1 1 1 0 1 1 0 1 1 0 1 1 1 0 1
0 0 1 1 1 1 1 0 1 1 1 1 1 1 0 1 1 1 0 1 0 0 1 0 0 1 1 0 1 0 1 1 0 0 1 0 0 1 0 1 1 0 1 0 1 1 0 0 0 0 1 0 1 1 0 1 0 1 44 0 1 0 0 0 0 1 1 1 1 1 0 1 1 1 1 1 1 1 1 1 1 0 1 1 0 0 1 1 1 0 1 1 0 0 1 1 0 0 0 1 0 1 0 0 1 1 1 0 1 0 0 1 1 1 1 1 1 1 1 1 0 1 1 0 0 0 1 1 0 0 1 0 1 1 1 0 0 1 1 1 1 0 1 0 1 1 0 1 1 1 1 0 1 0 1 0 1 1 1 0 1 1 0 0 0 1 0 1 1 1 0 1 1 1 1 1 1 0 0 0 0 0 0 1 1 0 1 1 1 0 0 1 1 1 0 0 1 0 0 1
0 0 1 1 1 1 1 1 0 1 0 1 0 0 1 1 1 1 0 0 0 0 1 0 1 0 1 0 0 0 1 1 0 0 0 1 1 1 1 1 1 0 1 1 1 1 1 1 0 1 1 1 1 1 1 0 1 0 1 29 1 1 1 1 1 1 1 1 0 0 1 0 1 0 0 1 0 1 1 0 0 0 0 1 0 1 0 1 0 1 1 1 1 0 1 1 1 0 1 0 1 1 1 0 1 0 0 1 1 0 1 1 0 1 1 0 1 1 1 1 1 0 0 1 1 1 0 0 1 0 1 0 1 1 1 1 0 0 1 0 1 1 1 1 0 0 0 1 1 1 0 1 1 1 0 1 1 1 1 1 0 1 1 1 0 0 1 0 0 1 1 1 0 1 1 0 1 1 1 1 0 0 0 0 1 0 1 1 0 1 1 0 0 0 0 1 0 1 0 1
1 1 1 1 0 1 1 1 1 1 1 1 1 0 0 0 1 0 1 1 0 0 1 1 1 1 0 1 1 1 1 0 0 1 0 1 1 1 1 0 0 1 0 1 1 0 0 0 0 0 1 1 1 0 0 1 1 1 1 1 43 1 0 1 1 0 0 0 1 1 1 1 1 1 0 0 0 0 0 1 1 1 1 1 0 1 0 1 1 0 1 1 1 0 1 0 1 1 1 1 0 0 1 1 0 1 1 1 0 0 0 1 0 0 1 0 1 0 1 0 1 0 1 1 1 1 1 1 1 1 1 1 1 1 1 0 0 1 0 1 0 1 0 1 1 1 0 0 0 1 0 1 1 0 1 1 1 0 1 1 1 1 0 0 0 0 0 1 1 0 0 0 1 0 1 1 1 1 0 1 1 1 1 0 1 1 1 1 1 1 1 0 0 1 1 0 0 0 1 1
0 0 1 1 1 1 1 1 0 1 1 1 0 1 0 0 1 0 0 1 1 0 1 1 0 1 1 0 1 0 1 0 1 0 1 1 1 1 1 1 1 1 0 1 0 0 1 1 1 1 1 1 1 0 1 1 0 1 0 0 0 83 1 0 1 1 0 1 1 1 1 1 1 0 0 0 1 1 0 1 1 1 1 1 1 0 0 1 1 1 1 1 1 0 1 1 1 1 1 0 0 0 1 1 1 0 0 1 0 1 1 1 1 1 0 1 1 1 1 1 1 0 1 0 1 1 0 0 0 1 1 0 1 1 1 0 0 0 0 1 1 1 1 1 1 1 1 1 0 1 1 1 1 1 1 1 0 0 1 0 1 0 1 1 0 0 1 0 1 1 1 1 1 1 1 1 1 1 1 1 1 0 0 0 1 0 1 1 1 1 0 0 1 1 1 0 0 1 1 1
1 1 1 0 1 0 1 1 1 1 1 1 1 1 0 0 1 0 1 1 0 0 0 0 1 0 1 1 1 0 0 1 1 0 1 1 1 1 0 0 0 1 1 0 0 1 1 1 1 1 0 1 0 0 1 1 1 0 0 1 0 1 81 0 0 1 0 1 1 1 1 1 1 1 1 1 1 0 1 1 0 1 1 0 0 1 1 1 1 0 1 0 1 0 1 1 1 0 1 1 0 1 1 0 1 1 0 1 0 0 1 0 1 1 0 0 1 0 0 1 1 0 0 1 1 1 0 0 0 0 1 1 0 1 0 0 0 0 1 0 1 1 0 1 0 0 0 0 1 1 0 0 0 1 1 1 1 1 0 1 1 1 1 0 0 0 0 1 1 1 1 1 0 0 1 0 0 1 1 0 1 0 1 0 1 1 1 0 1 1 0 0 1 1 1 0 0 1 1 1
1 0 1 1 1 1 1 0 1 1 0 0 1 0 1 0 1 1 0 0 1 1 0 1 0 1 1 1 1 1 1 1 1 0 1 0 1 1 0 1 1 1 0 0 1 1 1 0 0 1 1 0 1 1 0 0 0 0 1 0 0 1 1 49 1 0 1 1 1 1 1 0 1 0 1 0 1 0 1 0 0 0 0 1 0 1 1 1 1 1 0 0 0 1 1 1 0 1 0 1 1 1 0 0 1 1 0 1 1 1 0 1 1 0 1 0 1 1 1 1 0 0 0 1 1 0 0 0 1 0 1 1 1 1 1 1 0 1 1 1 1 0 0 0 1 1 0 1 1 0 1 0 0 0 0 0 1 0 1 1 1 1 1 1 1 0 1 1 1 1 1 0 1 1 0 1 0 1 1 0 0 1 0 1 1 1 0 1 1 1 1 0 0 1 1 1 1 1 0 0
0 0 1 1 1 1 1 1 1 1 1 1 0 1 0 1 0 0 1 0 0 1 1 0 1 1 0 1 1 1 1 1 1 1 0 1 1 1 0 1 1 1 1 1 1 1 0 0 0 1 0 0 1 1 1 1 1 1 1 0 0 0 1 1 25 1 1 1 1 1 1 0 0 1 0 0 1 0 0 0 1 1 0 1 0 1 1 0 0 1 1 0 0 1 1 1 0 0 0 1 0 1 1 1 1 1 1 0 1 1 1 0 0 0 1 0 1 1 0 0 1 0 1 0 1 1 1 1 0 1 1 1 0 1 0 1 0 1 0 1 1 0 1 1 1 1 1 0 1 0 1 1 0 1 0 1 1 0 1 0 0 1 0 0 0 1 0 1 1 0 0 0 0 0 0 0 1 1 1 0 0 1 0 1 0 1 0 1 0 1 1 1 1 1 1 0 1 1 0 1
1 0 1 0 1 0 1 1 1 1 0 1 1 1 1 1 1 0 0 1 1 1 0 1 1 0 1 0 0 1 0 1 1 0 0 1 0 0 0 0 1 1 1 1 1 0 0 1 1 1 1 0 1 0 1 1 1 0 1 0 1 1 0 1 1 81 0 1 1 0 1 0 1 0 0 0 0 0 1 0 0 0 1 1 0 1 0 0 1 1 1 1 1 0 0 1 1 1 1 0 1 0 0 1 1 0 1 1 1 1 0 0 0 1 1 1 0 1 0 0 1 1 1 0 1 1 1 1 0 1 0 1 1 1 0 0 1 1 0 0 1 0 0 1 1 1 0 1 1 1 0 0 1 0 1 0 0 1 1 0 1 0 1 0 1 1 1 1 1 0 1 0 1 1 0 1 1 0 1 1 0 1 1 1 1 1 1 0 1 0 0 1 1 0 1 0 1 0 1 1
1 1 0 1 1 0 1 1 0 0 0 0 1 1 0 1 1 1 1 1 0 1 0 0 1 1 1 1 1 0 0 1 0 1 1 0 1 1 0 0 1 1 0 1 1 1 0 0 0 0 1 0 0 1 0 0 1 0 0 1 1 1 0 1 0 0 46 0 1 0 0 1 1 1 1 1 1 1 0 0 1 0 1 1 0 0 0 1 0 1 1 1 1 1 1 0 0 0 0 1 0 0 0 0 0 1 0 1 0 1 0 1 0 1 0 0 1 0 0 1 0 0 0 1 1 0 1 1 0 1 1 0 1 0 1 0 1 0 0 0 1 0 1 0 1 1 0 1 1 1 0 1 1 1 1 1 1 1 1 1 1 1 1 1 0 0 1 1 1 1 1 1 0 1 1 1 1 1 1 0 0 0 0 0 0 0 0 1 1 1 0 1 1 0 0 1 1 1 1 0
0 1 1 1 0 1 1 1 1 1 0 0 0 0 1 0 1 1 1 1 0 0 1 1 0 0 1 1 1 1 1 0 0 1 1 0 1 1 0 1 1 0 1 0 0 1 0 1 0 0 1 0 0 0 1 1 0 0 1 1 1 1 1 1 1 1 1 49 1 0 1 0 0 1 0 1 1 1 0 1 0 0 1 1 0 0 1 1 1 1 0 0 0 1 0 1 1 1 1 0 1 0 0 0 1 0 0 1 0 0 1 1 0 1 1 1 0 1 0 1 1 0 1 0 1 0 1 0 0 0 1 1 1 0 0 1 1 1 0 1 0 1 1 1 1 0 0 1 1 1 0 0 1 1 1 0 1 0 0 1 1 1 1 1 1 1 1 1 1 1 1 1 1 0 0 1 1 0 0 1 1 1 0 1 1 1 0 0 1 0 1 1 1 1 0 0 1 0 1 1
0 0 0 0 0 1 0 1 1 1 0 1 1 1 1 1 1 1 1 1 1 0 0 1 1 1 0 1 1 1 1 0 0 1 1 0 0 1 1 1 0 1 0 0 1 1 0 1 1 1 0 1 0 1 0 1 1 1 0 1 1 1 0 0 1 0 1 1 91 1 1 1 1 0 1 1 0 0 1 0 0 1 0 0 1 0 1 1 1 0 1 1 0 0 1 1 1 1 1 1 1 1 1 1 1 1 1 1 1 0 1 0 0 1 1 1 1 1 0 0 1 0 0 1 0 1 0 0 1 1 1 1 0 0 0 1 1 1 0 1 1 1 0 1 1 0 1 1 0 1 1 0 1 1 0 1 1 0 0 1 0 1 1 1 1 0 1 0 1 0 1 1 1 0 1 1 0 1 0 1 0 1 0 0 0 1 0 1 0 0 1 1 0 0 1 0 1 0 0 0
0 1 0 1 0 1 1 1 1 0 1 0 0 1 1 0 1 0 0 1 0 0 1 1 1 1 0 1 0 0 1 1 1 1 0 0 1 0 1 0 1 0 1 1 0 1 0 0 0 0 0 1 1 0 0 0 0 0 0 1 0 0 1 1 1 0 0 1 0 16 0 0 1 1 0 0 1 0 0 1 1 0 0 0 0 1 0 0 1 1 1 1 0 1 1 1 1 1 0 0 1 1 0 1 0 1 0 1 1 0 1 1 1 0 1 1 1 0 0 0 1 1 1 0 0 1 1 0 1 0 0 1 0 1 0 1 0 0 1 1 1 0 1 1 1 1 1 1 0 1 1 0 0 0 0 1 0 0 1 1 1 1 1 1 0 1 1 0 1 0 1 0 0 1 0 1 1 1 0 0 1 0 1 1 0 1 0 1 0 0 1 1 0 1 1 0 0 0 1 1
1 1 1 1 1 0 0 1 1 0 0 0 0 0 1 1 1 1 0 1 1 1 1 0 0 0 0 0 0 1 0 1 1 1 0 0 1 1 1 1 1 1 0 1 0 0 1 0 1 0 1 0 1 1 1 0 1 1 1 1 1 1 1 1 0 1 1 0 0 1 46 0 1 0 0 0 0 0 1 1 1 0 1 1 0 0 0 0 1 1 1 1 1 0 1 0 0 1 1 0 0 1 1 1 1 1 1 1 1 0 1 1 1 0 1 1 0 1 1 1 1 0 1 0 0 1 0 1 0 1 1 0 1 1 1 1 0 1 0 1 0 0 0 1 1 0 1 1 1 0 1 0 0 1 0 0 1 0 0 1 0 0 0 0 1 1 1 0 0 1 1 0 0 0 1 0 1 1 1 0 1 0 1 1 0 1 1 1 0 1 1 1 0 1 1 1 1 0 1 1
1 1 0 1 0 0 1 1 1 1 0 1 0 1 0 0 1 1 1 1 1 0 1 0 1 1 0 1 1 1 1 1 0 1 1 0 1 1 0 1 1 1 0 0 0 0 1 1 0 0 1 0 1 1 0 0 1 0 1 1 1 1 0 1 1 0 0 0 0 1 0 6 1 1 0 0 1 1 1 0 1 0 0 1 1 0 1 0 1 1 0 1 1 0 0 0 1 0 0 1 0 0 1 1 0 0 1 1 1 1 1 1 0 1 1 1 0 0 1 1 0 1 1 1 1 0 0 1 1 1 0 1 1 0 0 1 0 1 1 1 1 1 1 1 1 1 0 0 0 1 1 0 1 0 0 0 1 0 0 1 1 0 0 0 1 0 1 1 0 1 1 0 1 0 1 1 1 1 1 1 1 1 1 1 0 1 0 1 0 1 1 1 1 1 1 1 1 1 1 1
0 0 1 0 1 1 0 1 0 1 1 1 0 1 1 1 0 1 0 1 1 0 1 1 0 0 0 0 1 0 0 1 1 1 0 0 0 0 0 0 0 1 1 0 1 0 0 1 0 0 1 1 1 0 0 0 0 0 1 0 0 1 0 0 1 0 0 1 0 0 1 1 30 0 1 0 0 0 1 0 1 1 1 1 0 1 1 1 1 1 0 1 0 1 1 1 1 1 1 0 1 0 1 1 1 0 1 0 0 1 0 1 1 1 0 1 1 1 0 0 1 0 1 1 0 0 1 1 0 1 0 1 0 1 0 1 1 1 1 0 0 1 1 0 0 0 0 0 0 0 0 0 1 0 1 0 0 1 0 0 1 1 1 1 1 1 1 0 0 1 1 0 0 1 1 0 0 0 0 0 1 0 1 0 0 0 1 1 1 1 1 1 0 1 0 0 1 0 1 1
1 1 0 1 1 0 0 0 1 0 1 1 0 1 0 1 0 1 0 0 1 0 0 1 0 1 1 1 1 0 0 1 1 0 1 1 0 0 1 1 0 1 0 1 0 0 0 1 1 0 1 0 0 0 1 1 0 1 0 0 1 0 0 0 0 1 1 0 1 0 1 1 0 44 1 0 0 1 1 0 1 0 1 1 1 1 1 1 1 1 1 1 0 1 1 1 0 1 1 1 1 0 0 1 0 0 1 0 1 1 1 1 1 1 1 0 0 1 1 0 0 1 1 1 0 1 0 0 0 1 1 0 1 1 1 0 1 0 0 0 0 0 1 0 1 0 0 0 1 1 1 0 0 1 0 1 0 1 1 1 0 1 0 1 1 0 1 1 0 1 0 0 1 0 1 1 0 1 0 1 0 0 0 0 1 0 1 1 0 1 0 0 1 1 1 1 1 1 0 0
1 0 1 1 1 1 1 1 1 1 0 1 1 1 0 1 1 0 0 0 0 1 0 1 0 0 1 0 1 1 0 0 0 0 1 1 1 0 1 1 1 0 1 1 0 0 1 1 1 0 1 0 1 0 1 0 1 0 1 0 0 1 0 1 0 1 0 1 1 1 1 1 1 1 60 0 1 1 1 0 0 1 0 0 1 1 1 1 0 0 1 1 0 1 1 1 0 1 1 1 0 1 1 0 1 1 1 0 1 1 1 0 0 1 0 1 0 0 1 1 0 0 1 1 1 1 1 1 0 1 0 1 1 0 1 0 0 1 1 0 1 0 1 1 0 0 1 1 1 1 1 1 0 1 1 1 1 0 1 1 0 1 1 0 1 1 1 1 1 1 0 1 0 0 1 1 1 0 1 0 0 1 1 1 1 1 0 0 0 1 1 1 0 0 0 1 1 1 1 1
0 1 0 1 1 1 0 1 0 1 1 1 0 0 0 0 1 0 0 1 1 1 1 1 0 0 0 0 1 1 0 0 1 1 1 1 0 1 0 1 1 0 1 0 1 1 1 0 1 1 0 0 0 1 0 0 1 0 0 0 0 1 0 0 0 1 1 0 0 1 0 0 0 1 1 27 0 0 1 1 1 0 1 0 0 1 1 0 1 1 1 0 1 0 0 1 1 0 1 0 0 1 1 0 1 0 1 0 0 0 1 1 0 1 0 0 1 0 1 0 0 1 0 1 1 1 1 1 1 1 1 1 0 1 1 1 0 1 1 0 0 1 1 1 0 0 1 1 1 0 0 0 1 1 1 0 0 0 1 1 1 0 1 1 1 1 0 1 1 1 1 0 0 0 1 1 0 1 0 1 1 0 1 0 1 0 0 1 1 1 1 0 0 0 1 1 0 1 1 0
1 1 1 1 0 0 1 0 0 1 1 0 1 1 0 0 0 1 0 1 1 1 1 0 1 1 0 0 0 1 0 0 0 0 1 1 1 1 1 1 1 0 1 1 1 1 1 1 1 1 1 0 0 0 1 0 0 0 1 1 1 0 0 1 1 0 0 0 1 1 1 1 0 0 0 1 42 1 1 1 1 0 0 1 1 1 0 1 1 1 1 1 0 1 1 1 1 0 1 1 1 1 0 0 1 1 1 0 1 0 1 0 1 0 1 1 1 1 0 1 0 1 0 1 1 1 0 1 1 1 1 0 0 1 0 0 1 0 0 0 0 0 1 0 1 1 1 1 1 0 0 1 1 0 1 1 1 0 0 0 0 1 0 1 1 0 1 1 0 1 1 0 1 0 1 0 1 1 0 1 1 1 0 1 0 0 0 1 0 0 0 1 1 1 1 0 1 0 1 1
1 1 0 0 1 1 0 0 0 1 1 1 0 1 0 1 1 1 1 0 1 0 1 0 1 0 0 1 0 0 1 1 1 0 1 1 1 0 1 0 0 1 1 0 1 1 0 1 1 0 1 1 1 0 1 1 0 0 1 1 1 0 0 1 0 1 0 1 0 0 0 1 0 1 0 1 1 92 0 0 1 1 1 1 1 1 0 1 1 1 0 0 1 1 0 1 0 0 1 1 1 1 1 1 0 1 1 0 1 0 0 0 1 0 0 1 0 1 0 0 1 0 1 0 1 1 0 0 1 0 1 0 0 1 1 1 1 1 1 0 1 0 0 0 1 1 1 1 1 0 0 0 1 1 0 1 1 1 1 1 1 0 0 1 1 0 1 0 1 1 0 0 1 1 0 1 1 1 1 0 0 1 0 0 0 1 0 1 1 1 0 1 0 0 0 1 1 1 0 0
1 0 1 0 1 1 1 1 1 0 1 0 0 0 1 1 1 1 0 0 1 1 1 0 0 1 0 1 1 1 1 0 1 1 1 1 0 1 1 0 1 0 0 1 0 0 1 1 0 1 0 1 1 0 0 1 1 1 1 1 0 1 0 0 1 1 0 0 0 1 0 1 0 1 0 1 1 0 84 1 1 1 0 1 1 1 0 1 0 1 1 1 0 1 1 0 1 1 1 0 1 1 1 1 1 0 0 0 1 1 1 1 1 0 1 1 1 1 1 1 0 0 0 0 1 0 1 1 1 1 1 1 0 1 1 1 1 0 0 1 1 0 1 0 0 1 1 0 0 1 1 0 0 0 0 1 0 1 1 1 1 0 1 0 1 0 1 0 1 1 0 1 1 1 1 1 1 1 1 1 1 1 0 0 1 0 1 0 1 0 0 1 1 1 0 1 1 0 0 1
1 1 1 1 0 1 0 0 1 1 1 1 1 1 1 0 1 1 1 0 0 1 1 1 1 1 1 0 1 0 1 0 0 0 0 1 1 1 1 0 0 0 0 1 1 0 1 0 1 0 1 0 0 0 0 1 0 1 1 1 1 0 1 0 1 1 0 1 1 0 1 0 1 1 0 1 0 1 1 51 1 1 1 1 1 0 1 0 0 1 0 1 0 1 1 0 1 1 0 1 0 1 1 1 1 0 1 0 0 0 1 0 1 1 0 1 0 1 1 0 0 1 1 0 1 0 1 1 1 1 1 0 0 0 1 1 0 1 1 0 1 1 0 1 0 0 1 1 1 1 1 1 1 1 1 0 0 1 1 1 1 1 1 0 1 1 1 1 0 0 1 1 1 1 1 1 1 0 1 1 0 1 0 1 1 1 1 0 1 1 1 1 1 1 1 0 1 0 1 0
0 0 1 1 1 1 0 1 0 0 0 1 1 1 1 1 1 1 0 1 1 0 1 0 1 0 1 0 1 1 0 0 0 1 1 0 1 1 1 1 0 1 1 0 0 1 1 0 1 1 0 1 0 1 0 1 0 1 1 1 1 0 1 1 1 0 1 1 0 0 1 1 1 0 1 0 1 0 0 1 6 0 1 1 0 0 1 0 1 1 1 0 1 1 1 1 1 1 0 1 1 0 0 1 0 1 1 0 1 1 1 1 0 0 0 1 1 1 1 0 1 1 1 1 0 1 1 1 1 0 1 0 1 0 0 0 0 0 1 1 0 1 0 1 0 1 0 0 0 1 1 0 0 0 0 1 1 0 1 1 0 1 1 1 1 1 1 1 0 1 0 1 0 0 1 1 1 0 0 1 1 1 0 0 0 1 1 0 0 1 0 0 1 0 0 1 0 0 1 0
1 1 1 0 1 0 0 0 0 0 0 0 1 1 0 0 1 1 1 0 1 1 1 0 1 1 1 1 0 0 1 1 1 1 1 1 0 1 1 1 1 1 0 0 1 1 1 0 0 1 0 0 0 0 0 0 1 1 1 0 0 1 1 1 0 0 1 0 0 1 0 1 1 1 1 1 1 1 1 0 1 62 1 1 0 1 0 1 1 0 1 1 1 0 1 1 0 1 0 0 1 1 1 0 1 1 1 1 1 1 1 0 0 1 0 1 1 1 0 1 1 0 0 1 0 1 1 0 1 0 1 0 0 1 0 0 1 1 1 0 1 1 0 1 1 0 1 0 1 0 1 1 1 0 0 1 1 1 1 1 1 1 1 1 1 1 1 1 0 1 0 1 1 1 1 1 1 1 0 0 0 0 1 1 0 1 1 1 1 0 0 1 1 0 0 1 1 1 0 0
1 1 1 0 0 1 1 1 0 1 0 1 1 0 1 1 1 1 1 0 0 1 1 1 1 0 0 0 1 0 1 0 0 0 0 0 1 1 1 0 1 0 0 1 0 0 1 1 0 0 1 1 0 0 1 0 1 1 0 0 1 1 1 1 0 1 1 1 0 1 1 1 0 0 0 1 1 1 0 0 1 1 32 0 0 1 0 1 1 0 0 0 1 0 1 1 0 1 1 1 1 1 1 1 1 0 1 1 1 0 1 1 1 1 0 1 1 1 0 1 1 0 1 1 0 0 0 1 0 1 1 0 1 1 0 0 0 1 1 0 0 1 1 0 0 0 1 0 1 1 1 1 1 1 1 1 1 1 1 0 1 0 0 1 1 1 1 1 1 1 0 1 0 1 1 0 0 1 1 0 1 1 1 0 1 1 0 0 1 0 1 0 1 0 1 1 1 1 1 1
1 0 1 1 1 0 0 1 1 1 1 0 0 1 0 0 1 1 1 0 0 0 1 1 1 1 1 1 0 1 1 0 0 1 0 1 1 1 1 0 0 0 1 0 0 1 0 1 0 0 1 1 0 1 1 0 1 0 1 1 1 0 0 1 0 1 0 1 1 1 1 1 1 0 1 1 0 0 1 1 0 1 1 70 1 1 1 0 1 0 0 1 1 1 0 0 0 1 1 1 0 0 1 1 0 0 1 1 0 0 1 0 1 0 0 1 0 0 1 1 1 1 1 0 1 1 1 1 1 1 1 0 1 1 1 1 1 0 1 1 1 1 0 1 0 1 1 0 0 1 0 1 0 0 0 0 1 1 1 1 0 0 1 0 1 0 0 1 1 1 1 1 0 1 0 1 0 1 1 1 0 1 1 1 1 0 1 1 1 0 1 1 1 1 0 0 1 1 0 1
1 0 1 0 1 1 0 0 1 0 1 1 0 0 1 1 0 1 1 1 1 0 0 1 0 1 0 0 0 0 1 1 1 1 1 0 0 1 1 0 0 0 1 0 0 0 1 1 1 1 1 1 1 1 0 1 1 0 0 0 1 0 1 1 0 1 1 0 1 0 1 0 1 1 1 1 1 0 1 1 0 0 1 0 83 0 1 1 1 1 1 1 1 1 0 0 0 1 0 1 1 1 0 0 1 1 0 0 0 1 0 0 0 1 1 1 1 0 0 1 1 0 1 0 1 0 1 1 1 0 1 1 1 1 1 0 1 1 1 1 0 0 1 1 0 1 1 1 1 1 1 0 1 1 1 1 0 0 1 1 1 1 1 1 1 0 1 0 0 0 0 0 1 1 1 0 0 0 0 1 1 0 1 1 1 1 1 1 0 1 1 0 1 1 1 1 1 0 1 1
1 1 0 0 0 1 0 1 1 0 0 0 0 0 1 0 1 0 0 0 0 1 1 1 0 0 0 1 0 0 0 0 1 0 0 0 1 1 0 1 1 1 0 0 1 1 1 1 1 1 0 1 1 0 1 1 1 0 0 0 0 1 1 1 1 1 0 0 1 1 1 1 0 1 1 0 1 1 0 1 1 0 1 0 1 61 1 1 1 1 1 0 0 1 0 0 1 1 1 0 1 1 1 0 0 1 1 0 1 1 1 0 1 0 0 0 1 1 1 0 1 1 0 0 1 1 1 1 1 1 1 1 1 1 1 1 0 0 1 1 1 1 1 0 1 1 1 1 1 1 0 1 1 1 1 0 0 0 1 0 1 1 1 0 0 0 1 0 1 0 1 1 0 1 0 0 1 1 0 1 1 1 1 1 0 0 0 0 1 1 1 1 1 1 0 1 1 1 0 0
1 0 1 1 1 1 0 1 0 1 1 0 1 1 1 1 1 0 1 0 1 1 0 1 1 1 0 1 1 1 0 1 1 1 0 0 0 1 0 1 0 1 1 1 1 1 0 1 0 0 1 0 1 0 1 1 0 1 0 1 1 1 0 1 1 0 0 0 1 1 1 0 1 0 1 0 0 0 1 1 1 1 0 0 0 1 23 1 0 1 0 0 0 0 0 1 1 1 0 1 0 1 0 1 0 1 1 1 0 1 0 0 0 1 1 0 1 1 1 1 1 1 1 0 1 1 1 1 0 1 1 1 0 1 1 1 1 1 1 1 0 0 1 1 0 1 1 0 1 0 1 1 1 1 1 0 0 0 1 0 1 1 0 1 0 1 1 1 1 1 0 0 0 0 1 1 1 1 1 1 0 0 1 1 0 1 0 1 1 1 0 1 0 1 1 0 0 1 0 1
1 1 1 1 1 0 0 0 1 0 1 0 0 1 1 1 1 0 1 0 0 1 0 0 1 1 0 1 0 0 1 1 1 1 1 0 0 0 1 1 0 1 1 1 1 0 1 1 1 1 0 1 0 0 0 1 0 1 0 0 0 1 1 0 1 1 0 1 0 1 0 1 0 0 0 1 0 0 1 1 1 0 0 1 0 1 1 62 1 0 1 1 0 1 1 1 1 1 0 1 1 1 1 0 0 1 1 1 1 1 0 1 0 0 1 1 0 1 1 1 0 1 0 0 1 0 0 0 1 1 1 1 1 1 1 1 0 0 0 1 1 1 1 1 1 1 0 1 1 0 1 1 0 0 1 1 0 1 1 0 0 1 0 1 0 0 0 1 0 0 0 0 0 0 0 1 1 1 1 1 1 0 0 1 1 0 0 0 1 0 0 0 1 0 1 1 1 0 1 1
1 1 0 1 1 0 1 1 0 1 1 0 0 1 1 1 1 1 0 1 1 1 1 1 1 0 0 1 1 1 1 1 0 1 0 1 1 1 1 1 0 1 0 0 0 1 1 1 1 1 1 1 1 1 1 0 0 0 0 1 1 0 1 0 0 1 1 1 1 1 1 0 1 1 1 0 1 1 1 1 0 1 0 1 1 1 1 1 8 1 1 1 1 1 0 0 0 0 1 0 1 1 1 0 1 1 0 1 1 1 1 0 1 1 1 0 1 1 0 1 1 1 1 1 0 1 1 1 1 0 1 0 1 1 1 0 0 1 0 0 0 0 1 0 0 0 0 1 0 1 0 0 1 1 0 0 1 0 1 1 0 1 0 0 0 1 1 1 0 1 1 0 1 1 1 0 0 1 1 1 0 1 0 0 1 0 1 1 1 1 1 1 0 1 1 0 1 1 1 0
1 0 1 0 1 1 1 0 1 1 0 1 0 1 1 1 1 1 0 1 1 0 0 1 1 1 0 1 0 0 0 1 0 0 0 1 1 1 1 1 1 0 1 0 1 1 0 1 0 0 1 1 1 1 1 0 1 0 1 1 0 0 0 1 0 0 1 0 0 1 1 0 1 1 1 1 0 0 1 1 0 1 1 1 0 1 1 0 1 72 0 0 1 0 1 1 0 1 1 1 0 0 1 1 1 1 1 1 1 0 1 0 1 1 0 1 0 0 1 1 1 1 0 1 1 1 0 1 1 0 0 0 1 1 1 0 1 0 0 0 0 1 1 0 1 0 1 1 1 1 1 1 1 1 0 1 1 0 1 1 0 0 1 0 0 1 1 0 1 1 1 1 1 0 0 0 0 1 0 0 1 1 0 1 0 0 0 1 1 1 1 1 1 0 0 1 1 1 1 0
0 0 0 1 1 0 1 1 1 1 1 0 1 1 1 0 0 0 1 1 0 0 1 1 0 1 1 1 1 1 1 1 1 1 1 1 1 1 1 0 0 1 1 0 1 1 0 1 1 1 0 1 0 1 1 1 1 0 0 1 0 1 1 1 0 0 1 1 0 0 0 1 1 1 1 0 0 0 1 0 0 1 0 1 0 1 0 0 0 1 79 1 1 1 1 1 1 1 1 1 0 1 1 1 1 1 1 0 1 1 0 0 1 1 1 1 1 0 1 1 1 0 1 1 1 1 1 1 0 1 1 1 1 1 0 0 1 0 1 1 0 1 0 0 0 0 1 0 1 0 1 0 1 0 1 0 0 1 1 1 0 1 1 0 1 0 1 1 1 1 1 1 1 0 0 1 1 0 1 1 1 1 1 1 1 1 0 0 0 0 1 0 1 1 0 1 0 1 1 0
0 1 1 0 1 1 1 1 1 0 1 1 0 1 0 0 0 1 1 1 1 1 1 1 1 0 0 1 0 1 1 1 0 0 1 1 1 1 1 1 1 0 0 0 1 1 0 0 1 1 0 1 1 1 1 0 0 1 1 0 1 0 0 1 0 0 1 1 0 1 0 1 1 0 1 1 0 0 0 1 0 1 0 1 1 1 1 1 1 0 0 56 0 1 0 1 0 1 1 1 0 1 1 0 1 1 1 1 0 0 1 1 1 1 1 0 1 1 1 1 1 1 1 1 0 0 0 0 0 1 1 1 0 1 1 1 0 1 0 1 1 0 1 0 1 1 0 0 1 0 1 1 0 1 1 0 1 0 1 1 0 0 0 0 1 1 1 1 1 0 0 0 1 0 1 0 1 1 1 0 1 1 0 1 0 1 1 1 1 0 1 1 0 1 0 0 1 1 0 1
0 1 1 0 0 0 0 1 1 1 1 0 0 1 1 1 1 0 0 0 0 0 0 1 1 1 1 0 1 1 1 1 1 0 0 0 1 0 1 1 1 1 1 1 1 1 0 0 1 1 0 1 0 0 1 1 1 1 0 0 1 1 1 1 1 1 0 0 1 1 0 1 1 1 1 0 0 0 0 0 1 1 1 1 0 1 1 1 1 1 1 1 22 1 1 1 1 0 1 1 1 1 1 0 1 1 1 1 1 0 1 1 1 1 1 0 1 1 0 0 0 1 1 0 1 1 1 0 1 1 1 1 1 1 1 1 0 1 1 1 0 1 1 1 0 1 0 1 1 1 0 1 1 1 0 1 0 1 1 0 1 0 1 1 1 1 0 0 1 1 1 0 0 1 0 1 0 1 1 1 1 1 0 1 0 0 1 1 1 0 0 1 0 1 1 1 1 1 1 1
1 0 0 0 1 1 0 1 1 0 1 1 0 0 0 1 0 1 0 1 0 1 0 1 1 1 1 1 0 1 1 1 1 0 1 0 1 0 0 0 0 0 1 1 0 1 1 1 1 0 1 1 1 0 0 1 1 1 1 1 0 1 1 1 1 1 0 0 1 0 1 0 0 1 1 1 1 1 0 0 1 0 1 0 0 1 0 1 1 1 0 1 1 6 1 0 0 1 1 0 1 0 1 1 1 1 1 1 1 1 1 0 0 1 1 0 1 1 1 1 1 1 0 1 0 1 1 0 0 1 1 1 1 1 1 1 0 0 0 0 1 0 1 1 0 1 1 1 1 0 0 1 1 1 1 0 0 0 1 1 1 1 1 0 1 0 1 1 0 1 1 1 1 1 1 1 1 0 1 0 1 1 0 1 1 1 1 0 1 1 1 1 0 1 1 0 1 0 1 0
0 1 0 0 1 0 1 1 0 0 0 0 0 0 0 0 1 0 0 0 1 1 1 0 1 1 0 0 1 0 1 1 1 0 0 0 1 1 0 1 1 1 1 1 0 1 1 1 1 1 1 1 0 1 0 0 0 1 0 0 0 1 0 1 0 0 1 0 0 1 1 1 0 1 0 1 1 1 1 0 0 1 1 1 1 1 1 0 0 1 1 1 1 0 1 1 0 0 0 0 1 1 0 1 0 1 0 1 1 1 0 1 1 1 1 0 1 1 1 1 1 1 1 0 1 0 0 1 0 1 1 1 1 0 0 0 0 1 0 1 1 0 1 1 0 1 1 1 0 1 1 0 1 1 0 0 0 1 1 1 1 1 1 1 1 1 1 1 1 0 1 1 1 0 1 1 0 1 0 1 1 1 1 0 0 0 1 1 0 1 1 0 1 0 1 1 0 0 1 1
0 0 0 1 1 1 1 1 0 0 1 1 1 1 1 1 0 0 0 1 1 1 1 0 1 1 1 0 1 1 1 0 0 1 1 1 1 1 0 1 0 1 1 1 0 1 1 0 1 0 1 1 0 1 1 1 1 0 0 1 1 1 0 1 1 1 1 0 0 1 0 1 1 1 1 1 0 0 0 1 1 1 0 0 1 1 0 0 1 0 0 0 1 1 1 69 0 0 0 0 1 1 1 0 0 1 1 1 1 0 0 1 0 1 0 0 0 1 0 1 1 0 0 1 1 0 0 1 0 0 1 1 1 1 1 0 0 1 0 1 1 1 1 1 1 1 0 1 0 0 0 1 0 1 0 1 0 0 1 1 1 1 1 1 0 0 0 1 0 0 1 1 1 0 1 0 0 1 0 0 0 1 1 1 1 1 1 1 1 1 1 0 1 0 1 1 1 0 0 0
0 0 0 1 1 1 0 0 1 0 0 1 1 1 0 0 1 0 1 1 0 1 0 1 0 0 0 0 1 0 1 1 0 1 1 1 1 0 1 1 0 1 1 0 1 0 0 1 1 0 1 1 0 1 1 0 1 1 0 1 0 1 0 0 1 0 0 1 1 1 1 0 0 1 0 1 0 0 0 0 1 1 0 1 1 0 1 1 1 1 1 1 1 1 1 0 92 1 1 0 0 1 1 0 1 1 0 1 0 1 0 1 1 1 0 0 1 0 1 0 1 1 1 0 1 1 1 1 1 0 1 1 0 0 1 1 0 0 0 1 0 1 1 1 0 1 0 0 1 1 1 1 0 1 1 0 0 0 1 1 1 1 1 1 0 1 1 1 1 1 1 1 1 1 0 0 0 0 1 0 0 0 0 1 1 1 1 0 0 1 0 1 0 1 0 1 0 1 0 1
0 1 1 0 0 1 0 1 1 1 0 0 1 1 0 0 1 0 1 0 1 0 1 0 1 1 0 1 1 0 1 0 0 1 0 1 0 1 1 1 0 1 1 1 0 1 0 1 1 0 1 0 1 1 1 1 0 0 0 0 0 0 1 0 0 0 0 1 1 1 0 1 1 1 0 1 1 1 1 0 1 1 1 1 1 1 0 1 1 1 1 1 1 1 1 1 1 26 1 1 1 1 1 1 1 0 1 1 0 1 0 1 0 1 0 0 1 1 1 0 1 1 1 0 0 1 1 0 1 0 1 1 0 1 0 1 1 1 1 0 0 0 1 1 0 1 1 1 0 1 0 0 0 1 0 0 1 0 0 0 1 1 1 0 1 1 0 1 1 0 1 1 1 0 0 0 1 0 1 0 0 1 1 1 1 0 0 0 1 0 1 0 0 1 0 0 0 1 0 1
1 1 0 0 0 1 1 0 0 1 1 1 0 1 0 1 1 0 0 1 1 1 0 1 1 0 0 0 1 1 1 1 0 1 1 0 1 0 0 1 0 0 0 0 1 1 1 1 1 1 0 0 1 0 1 1 1 0 1 0 1 0 1 0 0 0 1 1 1 1 0 1 0 1 1 1 0 1 0 1 1 0 1 1 1 1 1 1 1 0 0 1 1 0 1 1 1 0 75 0 1 0 0 1 1 1 1 1 1 1 0 1 1 0 0 0 1 0 1 1 1 1 0 1 0 1 0 0 0 0 1 0 0 0 1 1 0 1 1 0 1 1 1 1 1 1 0 0 1 1 1 1 1 1 0 1 0 0 0 0 0 1 0 1 1 0 1 1 1 1 1 1 0 1 1 1 0 1 1 1 1 1 0 1 1 1 1 0 1 1 1 0 1 1 1 1 0 0 0 1
0 0 1 1 1 1 0 1 1 1 0 1 1 0 1 1 1 0 0 0 0 1 1 1 0 1 0 1 1 1 1 0 1 1 1 0 1 0 1 1 0 0 1 1 1 0 1 1 0 0 0 0 0 1 1 0 0 1 1 0 1 1 1 1 0 1 0 1 1 0 1 0 0 0 1 0 0 0 0 1 0 0 1 0 0 0 1 0 1 1 1 0 1 0 1 1 1 0 0 88 0 1 1 1 0 1 1 1 1 0 0 0 1 1 0 1 1 0 1 0 1 0 0 1 0 1 1 1 1 0 1 1 1 0 1 1 0 0 1 1 0 0 0 0 1 0 1 1 0 1 1 0 1 1 1 1 1 1 1 0 1 0 1 1 1 1 0 1 1 1 0 0 0 1 0 1 1 1 1 1 0 0 1 1 0 1 0 1 0 1 1 0 0 0 1 1 0 1 1 0
0 0 0 1 1 1 0 0 1 0 0 0 1 1 1 1 0 0 0 1 1 1 1 1 0 0 0 0 1 1 0 1 0 1 1 0 1 0 1 1 1 0 0 1 1 1 0 1 1 0 1 0 0 0 0 1 1 1 1 0 1 0 0 1 1 1 0 0 1 1 1 1 1 1 1 1 0 1 1 0 0 1 1 0 1 0 1 1 0 0 0 1 1 0 0 1 0 1 1 1 97 0 0 0 0 1 1 1 1 1 1 0 1 0 1 1 1 1 0 0 1 1 0 0 0 0 1 0 1 1 0 1 0 1 0 1 1 0 0 1 0 1 1 0 0 0 0 0 0 1 1 0 0 1 0 0 0 1 1 1 1 1 1 1 1 1 1 0 1 0 1 1 0 1 0 0 1 1 1 1 1 1 0 1 1 1 1 1 1 1 0 1 1 1 1 0 1 0 0 1
1 0 0 1 0 0 0 1 1 1 1 1 1 1 1 1 0 0 1 0 0 0 1 1 1 1 1 1 1 1 1 0 0 0 1 0 0 0 0 1 0 0 1 1 0 1 1 1 0 1 1 1 1 1 0 0 1 1 1 0 0 1 0 0 1 1 1 0 1 1 1 1 1 1 0 0 1 1 1 1 1 1 1 1 1 1 1 1 1 1 0 0 0 0 0 1 1 1 0 0 1 34 0 0 1 0 0 0 0 0 1 0 0 1 1 1 1 0 1 0 0 1 1 0 1 1 1 0 1 1 1 1 0 0 1 1 0 1 1 1 0 0 1 1 1 0 0 0 1 1 1 0 0 0 1 1 1 1 1 0 0 0 0 1 0 0 1 0 1 0 1 1 1 0 0 1 1 0 1 1 0 0 0 1 0 0 1 1 1 1 0 0 1 1 1 1 0 1 1 1
0 1 1 1 1 1 0 1 0 1 1 1 1 0 0 0 0 1 1 1 1 1 1 0 1 0 1 0 0 1 1 1 1 1 1 0 1 0 1 0 1 0 0 1 0 1 1 1 1 1 1 1 1 1 0 0 1 1 1 1 0 1 0 1 1 0 1 0 0 1 0 0 0 1 0 1 1 1 1 0 0 0 1 1 0 1 0 1 1 1 1 0 0 1 0 0 0 1 1 1 1 0 34 0 1 1 1 1 0 1 1 1 1 0 0 0 1 1 1 1 1 1 1 1 1 1 1 1 0 1 0 0 1 0 0 0 1 0 0 1 0 1 1 1 1 0 0 1 0 1 1 0 1 1 0 0 1 0 1 1 1 0 1 1 0 0 1 1 1 0 0 1 0 0 1 1 1 1 0 1 1 1 1 1 0 0 1 1 0 1 1 1 0 1 1 0 1 1 1 1
0 0 0 1 1 1 0 1 1 0 1 1 1 0 0 1 1 1 1 0 1 1 0 1 1 1 0 1 1 1 0 1 0 1 0 0 1 1 0 0 1 1 1 0 0 1 1 1 0 1 0 1 1 1 1 1 0 1 0 1 1 0 1 1 1 1 1 1 1 0 1 1 1 1 1 1 0 1 1 1 0 1 1 1 1 0 1 0 0 1 1 0 0 0 0 1 1 1 1 0 1 0 1 12 1 1 1 0 1 1 0 1 1 1 0 0 1 1 1 0 0 1 1 1 1 1 0 1 0 0 0 0 0 1 0 0 1 0 0 0 1 0 0 1 0 0 1 0 1 0 1 1 0 1 1 1 0 1 1 1 1 1 1 1 0 1 1 0 1 1 0 1 0 1 0 0 1 1 1 0 1 1 1 0 0 0 0 0 1 0 1 1 1 0 1 1 1 0 1 0
1 1 1 1 1 0 1 0 0 0 1 0 1 0 1 1 1 1 0 1 0 1 1 1 1 1 1 1 1 0 0 1 0 0 0 1 0 1 0 1 0 0 1 1 1 1 0 1 0 0 1 1 1 1 1 0 1 1 1 1 1 0 1 1 1 1 1 1 1 1 1 0 0 1 1 0 1 0 1 1 1 1 1 0 1 0 1 1 1 0 1 1 1 1 0 1 1 1 1 0 1 1 1 0 60 1 1 1 0 0 0 0 0 1 0 1 0 0 0 1 1 1 0 1 0 1 0 1 0 1 1 1 1 0 0 1 1 1 0 1 1 0 0 0 1 1 0 1 1 1 0 1 1 1 0 1 1 0 1 1 0 1 0 1 0 1 0 0 0 0 0 0 0 0 0 1 0 0 1 1 1 1 0 1 0 0 1 0 1 1 1 0 1 1 1 0 0 0 1 0
1 1 1 1 0 0 1 0 0 1 1 0 1 0 1 1 0 1 1 1 0 1 0 0 1 1 1 0 1 0 1 0 1 1 1 1 0 0 1 1 1 1 0 1 1 0 0 1 1 0 0 1 1 1 1 1 0 1 1 1 0 1 0 1 0 1 1 1 1 0 1 0 1 0 0 0 0 0 1 1 0 0 1 0 0 1 1 1 0 0 0 1 1 1 0 1 0 0 0 0 1 1 1 1 1 55 0 0 0 1 1 1 0 0 0 0 1 1 0 0 1 0 0 0 0 0 0 0 1 1 0 0 1 1 1 0 0 1 0 1 1 1 0 1 1 1 1 1 1 0 0 1 1 1 1 0 1 1 0 1 0 1 0 1 1 1 1 1 0 0 1 1 1 1 0 1 0 0 1 1 0 1 0 0 0 1 1 1 0 0 1 1 0 1 0 1 0 0 0 0
1 1 1 1 1 0 0 0 0 1 0 1 1 0 1 0 1 1 1 1 0 0 1 1 1 1 0 1 0 1 0 1 0 0 0 1 0 1 1 1 0 1 1 0 1 1 1 1 1 0 1 0 1 1 1 0 1 1 1 0 1 1 0 1 1 1 1 1 0 1 0 0 0 0 1 1 0 0 0 1 0 1 0 1 0 0 1 1 1 1 1 1 1 0 0 1 1 1 0 0 1 1 0 1 0 0 70 1 1 1 1 0 0 1 0 0 1 1 0 0 1 1 0 0 0 0 1 1 1 1 1 1 1 1 1 0 1 1 1 1 0 1 1 0 1 0 1 0 0 1 0 1 1 1 1 1 1 1 0 0 1 1 1 1 1 1 1 1 0 0 1 1 1 1 1 0 1 1 0 0 1 1 0 1 1 1 1 0 0 1 1 1 0 0 1 1 0 0 1 1
0 1 0 0 0 0 1 1 1 0 1 0 0 1 0 0 1 1 1 1 0 1 1 1 1 0 1 1 0 1 1 0 1 1 0 1 0 0 1 0 1 1 1 1 0 1 1 1 1 1 1 0 1 0 0 0 1 0 1 1 0 1 0 1 0 1 1 0 1 0 1 1 1 0 1 1 1 0 0 0 1 1 0 0 1 1 1 0 1 0 1 0 1 0 0 1 1 1 1 1 1 1 1 0 0 1 1 14 1 1 0 0 0 0 1 1 1 0 1 0 1 1 1 0 1 0 1 1 0 1 1 1 1 1 1 0 1 0 1 0 1 1 1 1 1 0 0 0 1 0 0 1 1 0 1 1 1 1 1 1 1 0 1 1 0 1 1 1 0 0 1 1 1 1 1 1 1 1 1 0 0 0 1 1 0 0 0 1 1 0 1 1 1 0 1 0 0 0 0 1
0 0 1 0 1 1 1 1 1 0 0 1 0 1 1 1 1 0 1 1 0 1 1 0 0 0 1 1 0 1 1 1 1 0 0 1 1 0 1 0 1 1 0 1 1 0 1 1 0 1 1 0 0 1 0 1 0 1 0 1 1 1 0 1 1 0 0 1 1 1 1 1 0 1 0 1 1 1 0 0 0 0 0 0 0 0 1 0 1 0 1 0 0 0 1 1 1 1 1 0 0 1 0 1 1 0 0 1 61 1 1 1 0 0 1 1 1 1 1 0 0 0 0 0 1 0 0 1 1 1 0 1 1 0 0 1 0 1 0 1 1 1 1 1 0 1 1 0 1 0 1 1 1 1 0 0 1 1 1 0 1 1 0 1 1 1 1 0 1 1 0 1 0 1 0 1 0 0 0 0 0 0 1 0 0 1 1 1 1 1 1 0 1 1 0 1 0 1 1 1
0 0 0 1 1 0 1 1 0 0 0 1 1 0 1 1 0 0 1 0 1 1 0 0 0 0 1 0 0 1 1 1 1 0 1 1 1 1 0 0 1 1 1 1 1 1 1 1 1 0 0 0 1 0 1 0 1 1 0 1 0 1 1 1 0 0 1 1 1 0 1 1 0 0 0 1 1 1 1 0 1 1 1 1 1 1 1 1 1 1 0 1 1 0 0 0 0 1 0 0 0 0 0 1 1 1 0 1 0 41 1 1 1 1 0 1 1 0 1 0 0 0 1 1 0 1 1 0 1 1 1 1 1 1 1 0 1 1 0 0 0 0 0 1 0 1 1 1 0 1 1 0 1 0 0 1 1 0 1 0 1 1 0 1 0 1 1 1 0 1 0 0 1 1 1 1 1 1 1 1 0 0 1 1 1 0 0 1 1 0 0 1 1 1 1 1 1 1 1 0
1 0 0 1 1 1 0 1 1 1 1 1 0 1 0 1 1 1 0 1 0 0 0 1 1 1 0 0 1 0 1 1 0 0 1 1 1 1 1 1 0 0 0 1 1 1 1 1 1 1 1 0 0 0 1 1 1 1 1 0 0 0 0 1 0 0 1 1 1 1 1 0 1 0 1 0 1 0 1 1 1 1 0 1 1 1 0 1 1 1 0 0 0 1 1 0 1 0 0 1 1 1 0 1 0 1 1 1 1 0 4 0 1 0 0 1 0 1 0 0 0 1 0 1 0 0 0 1 0 1 1 1 1 1 0 1 0 1 0 1 1 1 1 0 1 0 1 1 1 1 0 0 1 1 1 1 1 1 1 1 1 1 1 1 1 1 1 0 1 1 0 0 1 0 0 1 0 1 1 0 0 0 1 1 1 1 1 1 0 1 0 0 1 1 0 1 0 1 1 1
1 1 1 0 0 1 1 0 0 0 1 0 1 0 1 1 0 1 0 0 1 0 1 1 0 0 1 1 0 1 0 1 1 1 1 0 1 0 1 0 1 0 1 1 0 1 1 1 0 1 0 1 1 1 1 1 1 1 1 1 1 1 0 1 1 1 0 1 1 0 1 1 0 1 0 1 0 1 1 1 0 0 0 0 0 1 1 1 0 1 1 1 1 1 1 1 1 0 1 1 1 0 0 0 1 1 1 1 0 1 1 53 1 1 0 1 1 0 0 1 0 0 1 0 1 0 0 1 1 1 1 0 1 1 1 1 1 1 1 1 1 0 0 0 1 1 0 0 1 1 1 0 1 1 0 0 1 1 1 0 1 1 1 1 1 1 1 1 0 0 1 1 1 1 1 1 0 1 0 0 1 1 1 1 1 0 0 0 0 0 1 1 1 1 1 1 0 0 0 1
0 0 0 1 0 1 1 1 0 1 0 1 1 0 0 1 1 0 1 1 0 1 0 0 1 0 0 0 0 1 0 0 1 0 1 1 1 1 0 1 1 1 0 0 1 0 1 0 0 0 1 1 0 1 1 1 1 1 1 1 1 1 1 1 1 0 0 0 1 1 1 1 0 1 1 0 1 0 1 1 1 1 1 1 1 1 0 1 0 0 0 0 0 1 0 0 1 1 1 0 1 1 1 1 1 0 0 1 0 1 0 1 68 0 1 1 1 0 1 0 1 0 1 1 1 1 1 0 1 0 1 0 1 1 1 0 1 0 1 1 0 0 1 0 1 1 1 0 0 0 1 0 1 1 0 1 1 1 0 0 1 1 0 0 1 1 1 0 1 1 0 1 0 1 0 0 1 0 1 1 0 0 1 0 1 0 0 0 1 1 1 1 0 0 1 1 1 0 0 1
1 1 0 1 0 0 0 1 1 0 0 1 1 0 1 1 0 0 0 1 0 0 0 0 1 1 1 0 1 0 1 1 0 1 1 1 1 1 1 1 0 0 0 1 1 1 1 1 1 0 1 0 1 1 0 1 0 0 1 1 0 1 1 1 1 0 1 0 1 1 0 1 1 1 1 1 1 1 0 0 1 1 0 0 0 1 0 0 1 1 0 1 1 1 1 1 1 1 0 1 0 0 0 1 0 1 0 1 0 1 1 1 1 39 1 0 1 1 0 1 1 1 0 1 0 1 0 1 1 0 1 0 1 0 1 1 0 0 1 1 0 1 1 1 1 1 0 1 0 0 1 1 0 0 0 0 0 1 1 0 1 1 1 1 0 0 1 1 1 1 0 1 1 1 1 0 1 1 1 0 1 1 0 1 1 1 0 1 1 0 1 1 0 1 1 1 1 0 0 1
0 1 0 0 1 1 0 0 0 1 0 1 1 0 0 1 1 0 0 1 0 1 1 1 1 1 1 0 1 0 1 1 0 1 0 1 1 1 0 0 1 0 1 1 1 0 1 1 1 1 0 1 1 1 0 0 0 1 1 1 1 1 1 1 1 1 1 0 1 0 0 0 1 0 0 1 0 0 1 1 0 0 0 1 1 0 1 1 1 0 0 0 0 0 1 1 0 1 0 0 0 0 0 0 1 1 1 1 0 0 0 0 1 1 0 0 1 0 1 1 1 0 1 1 0 0 1 1 1 1 1 1 1 0 1 0 1 0 1 0 1 0 0 1 0 0 1 1 0 0 0 1 1 0 1 1 1 1 0 0 1 0 1 0 1 0 0 0 1 0 0 0 0 1 1 1 0 0 1 1 0 1 1 1 0 1 0 1 1 1 1 0 0 1 0 0 0 1 0 0
1 0 1 0 1 0 0 1 0 1 1 0 1 1 0 0 1 0 0 0 1 1 1 1 0 0 0 1 0 1 0 0 1 0 1 0 1 1 0 1 1 1 0 1 0 1 0 1 0 0 1 0 0 0 1 1 0 0 1 1 1 1 0 1 0 1 1 1 1 1 0 1 0 1 1 1 0 1 0 0 1 1 0 1 0 1 0 0 0 1 0 1 1 0 1 0 0 0 1 1 0 1 1 1 1 1 0 0 1 1 1 1 1 0 1 89 0 0 0 1 0 1 0 0 1 0 1 1 0 1 0 1 1 1 0 1 1 0 1 0 0 1 0 0 1 0 0 1 0 0 1 1 1 1 1 1 0 1 1 1 1 1 1 1 1 1 0 0 1 0 0 1 1 0 0 0 1 1 0 1 1 1 1 0 0 1 1 0 0 0 1 1 1 1 0 1 1 0 1 1
0 1 1 1 1 1 1 0 0 0 0 1 0 1 1 1 0 0 0 1 1 1 0 1 0 1 0 0 0 0 0 0 0 1 1 1 1 1 0 0 1 1 0 0 1 1 0 1 0 1 1 0 1 0 0 0 0 0 1 1 0 1 1 1 0 1 1 1 1 1 0 0 0 0 1 0 1 1 0 1 1 0 1 0 0 1 1 1 0 1 0 0 0 1 1 1 1 1 1 0 0 1 1 1 1 1 1 1 1 1 1 1 0 0 0 1 82 1 1 1 1 0 1 1 0 0 1 0 0 1 1 1 1 1 0 0 1 0 0 1 1 1 1 0 1 1 1 0 1 0 0 0 0 0 1 1 1 1 0 1 1 0 0 1 0 1 1 1 1 0 1 0 0 0 1 0 1 1 1 0 1 0 1 1 1 0 1 1 0 1 0 0 1 0 0 1 0 1 0 0
1 1 0 0 0 1 0 0 0 1 1 1 0 1 0 1 1 1 1 0 1 0 1 1 1 0 0 1 0 1 1 0 1 1 1 0 1 0 1 1 1 1 1 1 0 1 0 1 1 0 1 1 0 0 1 0 0 1 1 1 0 1 0 0 0 0 0 1 0 0 1 0 0 0 1 1 0 0 0 1 1 1 1 0 1 1 0 1 0 0 1 1 1 0 0 1 1 1 1 1 0 1 0 1 1 1 1 1 0 0 1 1 1 1 0 1 1 34 1 0 1 0 1 1 1 1 1 0 1 1 1 0 0 1 1 1 1 1 0 0 1 0 0 1 1 0 0 1 0 1 1 1 1 0 1 1 1 1 1 1 1 0 0 1 1 1 0 0 1 1 1 1 1 0 1 0 1 1 0 0 1 1 0 1 0 0 0 1 1 1 1 0 1 0 1 1 1 1 1 0
1 1 1 1 1 1 0 0 0 1 0 1 0 0 1 1 0 0 1 0 1 1 1 1 1 1 0 0 1 1 1 0 1 1 1 0 1 0 1 1 0 1 0 1 0 0 0 1 1 0 0 0 1 0 0 0 1 0 1 0 1 0 0 0 1 1 1 1 1 1 0 1 1 1 1 1 1 0 1 0 0 0 1 0 0 0 1 0 1 1 0 0 1 0 1 1 1 1 0 0 0 0 1 1 0 1 1 0 0 0 0 0 1 1 1 1 1 0 80 1 1 0 1 1 1 1 0 0 1 0 1 1 1 0 0 0 0 1 1 1 1 1 1 1 1 0 1 1 1 0 1 1 0 1 0 1 1 0 0 1 0 1 1 0 0 1 1 0 1 0 1 0 0 0 1 0 1 1 1 1 1 0 1 0 0 0 0 0 1 1 1 0 1 1 0 0 1 1 0 1
1 0 1 1 0 0 1 0 1 0 1 1 1 1 0 1 1 0 0 0 1 1 0 0 1 1 1 1 1 1 0 0 1 0 1 1 1 0 1 1 0 1 1 0 1 1 1 1 0 1 0 1 1 0 0 0 0 1 1 1 0 1 1 1 1 1 0 1 1 0 1 0 1 0 0 1 1 1 0 0 1 0 0 1 1 1 1 0 0 1 1 1 1 0 1 1 0 0 1 0 0 0 0 0 1 0 1 0 1 1 0 0 1 0 1 1 0 1 1 36 1 1 1 0 0 1 1 1 0 1 1 1 0 1 1 0 1 0 1 0 0 1 0 1 1 0 1 0 1 1 0 1 0 0 0 0 0 0 1 1 1 1 0 1 1 0 1 0 1 0 1 1 1 1 0 0 1 1 1 1 1 1 1 1 1 1 0 1 1 0 0 1 1 1 1 0 1 1 1 1
1 1 1 0 0 0 0 1 0 0 0 1 0 1 1 0 1 1 0 0 1 0 1 0 1 1 0 1 0 0 0 1 1 1 1 1 0 1 0 0 1 1 1 1 0 1 0 1 0 1 1 1 1 1 0 0 1 1 0 0 1 1 1 0 0 1 0 0 1 1 0 0 1 0 0 1 1 1 1 1 0 1 0 1 1 0 1 1 0 0 1 1 1 1 1 1 1 1 0 1 0 1 0 0 1 1 1 0 1 1 1 1 1 1 1 0 1 1 1 1 66 0 0 0 0 0 0 1 0 1 0 0 1 0 1 1 1 1 1 0 1 1 1 0 1 1 1 1 1 0 1 0 1 1 0 1 1 0 1 0 1 0 0 1 1 1 1 0 1 1 0 1 1 1 1 1 0 0 1 0 1 1 1 1 1 1 0 0 0 1 0 1 1 1 1 0 1 0 1 1
0 1 1 0 0 1 1 0 1 1 1 1 1 0 0 1 1 0 1 0 0 1 0 1 0 0 0 0 1 1 1 1 0 1 0 1 0 1 1 0 1 0 0 1 1 0 0 1 0 1 0 1 1 0 1 1 1 0 1 1 0 1 0 0 1 0 1 1 0 1 1 1 1 1 0 0 1 0 1 0 0 0 1 0 0 0 1 1 1 1 0 1 0 1 0 0 0 1 0 1 0 1 1 0 0 0 1 1 0 1 1 0 0 1 1 0 0 1 0 1 1 36 1 1 0 1 0 0 1 1 1 0 1 0 1 1 1 1 0 1 1 1 1 0 0 0 1 1 0 0 1 0 1 0 1 0 1 0 1 1 1 1 0 1 0 1 1 1 1 1 0 0 0 0 1 1 1 1 0 1 1 0 0 1 1 1 1 1 1 1 1 1 1 0 1 1 0 1 0 1
1 1 0 0 0 0 1 0 0 0 1 1 0 0 1 0 1 0 1 1 1 0 1 1 1 1 0 0 1 1 1 0 1 0 0 1 1 0 0 0 1 1 0 1 1 1 1 0 1 1 1 0 0 1 1 1 0 0 1 1 1 0 0 1 0 0 1 1 1 1 1 1 1 1 0 1 1 0 1 0 1 0 1 1 0 1 1 1 1 1 1 0 1 1 1 0 0 1 1 1 1 1 1 1 0 1 0 0 0 1 1 0 1 1 0 1 1 1 1 0 0 0 11 1 0 1 0 1 0 0 0 0 0 1 0 0 0 0 0 0 1 1 0 1 0 1 0 0 1 1 1 0 1 1 1 0 1 0 1 1 1 0 1 0 1 1 0 1 0 0 0 1 0 0 1 1 1 1 0 1 1 0 1 0 0 0 1 1 1 0 1 1 1 1 0 1 1 0 0 0
1 0 1 1 1 0 0 0 1 0 0 0 1 1 1 1 1 1 0 0 1 0 0 1 1 1 1 1 1 1 1 1 1 1 0 0 0 0 0 1 1 0 1 1 1 0 0 0 0 0 0 1 1 1 1 0 0 0 1 1 1 0 0 1 1 1 1 1 0 0 0 1 1 1 1 1 0 1 1 1 1 1 1 1 1 0 1 0 1 0 1 0 1 0 1 0 1 0 0 1 1 1 0 1 1 1 0 1 1 1 1 0 0 1 0 0 1 1 1 0 1 1 1 23 0 1 0 0 1 0 1 0 0 1 1 1 1 1 1 1 1 0 0 0 1 0 1 1 0 0 0 0 0 1 1 1 0 0 1 1 1 0 0 1 1 1 0 0 1 1 0 1 0 0 0 1 1 0 1 0 0 1 1 1 1 1 1 0 1 1 0 1 0 1 1 1 1 1 0 1
0 0 1 1 0 1 1 0 0 0 0 0 1 1 1 1 0 1 1 0 1 1 1 0 1 0 1 1 0 0 1 0 0 0 1 1 0 1 0 1 1 0 1 1 1 1 1 1 1 0 1 1 1 0 0 0 1 1 1 1 0 1 1 0 0 1 1 1 1 1 1 1 1 0 1 0 1 1 1 1 1 0 0 1 1 0 0 0 1 0 1 1 1 1 1 1 1 1 0 1 1 0 1 1 0 1 0 0 1 1 1 0 0 0 0 0 1 0 1 1 1 1 1 1 97 0 1 1 0 0 0 1 1 1 0 1 1 1 0 0 1 1 1 0 0 1 1 1 1 1 0 0 1 1 0 1 1 1 0 0 1 1 1 0 1 1 0 1 1 0 1 0 0 1 0 1 1 0 0 0 1 1 1 1 0 0 0 1 0 0 1 1 0 1 0 0 1 1 1 0
1 0 1 1 1 1 1 1 1 0 1 1 1 0 0 1 0 1 0 1 1 1 1 1 0 0 0 0 0 0 0 1 1 0 0 1 1 1 1 1 1 1 1 0 0 0 0 0 1 1 0 1 1 0 0 1 1 1 1 0 1 0 0 1 1 0 1 1 0 0 0 1 1 1 1 0 0 0 1 1 0 0 0 1 0 1 1 0 1 1 1 1 0 0 0 1 0 1 1 0 0 1 1 1 1 1 0 1 1 0 0 0 1 0 0 0 0 1 1 0 0 1 0 1 0 20 1 0 1 0 0 1 1 1 1 1 0 1 1 1 1 1 0 1 1 1 1 0 0 0 0 1 0 1 1 0 1 1 1 1 1 1 1 1 0 1 0 0 1 0 1 0 0 1 0 1 1 0 0 1 1 1 1 0 1 1 0 0 1 1 0 1 1 1 0 0 1 1 1 1
1 0 0 0 1 0 0 0 0 1 1 0 1 1 1 1 1 1 1 1 0 1 1 1 0 0 1 1 1 1 0 0 0 0 1 1 0 1 0 1 0 0 1 1 0 1 1 0 1 1 0 1 0 1 1 1 1 0 1 1 0 1 0 0 0 0 0 0 1 1 1 1 0 0 1 0 0 1 1 1 1 0 0 1 1 0 1 0 0 0 0 0 0 1 0 1 1 1 0 0 0 1 0 0 1 1 0 0 1 1 1 1 0 1 0 0 1 1 0 0 1 0 1 1 1 1 51 0 0 0 1 1 1 0 0 1 1 1 0 0 1 0 1 1 0 0 1 1 1 0 1 0 1 1 0 0 1 0 1 1 1 1 0 0 0 1 0 1 0 0 0 0 1 1 0 1 1 0 1 1 1 0 1 1 1 0 1 1 0 1 1 1 1 1 0 1 1 1 1 1
1 0 1 0 0 1 0 1 1 1 0 1 0 0 1 1 1 0 1 0 0 1 1 1 1 1 0 1 1 0 1 1 1 0 1 1 0 1 1 1 1 1 1 0 0 1 0 0 0 0 1 0 1 0 0 0 1 1 1 1 0 1 1 0 1 1 0 0 1 1 1 1 0 0 1 1 1 0 0 1 1 1 1 0 1 0 0 0 1 1 1 1 0 1 0 1 1 0 1 1 1 1 1 1 0 0 0 1 1 1 1 1 0 0 1 0 1 1 1 1 1 1 1 1 1 1 0 70 0 0 0 0 1 1 0 1 0 1 1 1 1 1 1 0 0 0 0 0 1 0 1 0 0 0 0 1 1 0 0 0 0 0 1 0 1 1 1 1 1 1 1 1 0 1 0 1 0 0 0 1 0 1 1 1 1 1 1 0 0 0 1 0 0 1 0 1 0 1 1 1
1 0 1 1 1 0 1 1 1 0 0 1 1 1 0 1 1 1 1 1 1 0 1 1 1 1 1 0 1 1 0 1 1 1 1 1 1 1 0 0 1 0 0 1 0 1 0 1 0 0 1 0 1 1 1 0 1 0 1 1 0 0 1 0 1 0 0 1 1 1 1 1 0 0 0 1 1 1 1 1 1 1 1 0 1 1 1 1 0 0 0 1 1 0 0 1 1 0 1 1 1 1 1 1 1 0 1 1 0 1 1 1 0 1 1 0 1 1 1 1 0 1 0 1 1 1 1 1 68 0 0 1 0 1 1 1 0 0 0 1 1 1 0 1 0 0 1 1 1 0 1 1 1 1 1 1 1 0 0 0 0 1 0 1 0 1 1 0 1 1 1 1 0 1 1 0 1 1 1 0 1 0 1 1 1 1 1 0 1 0 1 0 0 0 1 1 1 1 1 1
0 1 0 1 1 1 0 0 1 0 1 0 1 0 0 1 1 0 1 1 1 0 1 1 0 0 0 1 1 1 1 0 1 1 1 1 1 0 0 1 0 1 1 1 1 0 1 1 1 0 0 1 0 0 0 1 0 0 1 0 1 1 0 1 1 0 1 1 0 1 1 1 0 1 0 0 1 1 1 1 0 0 0 1 1 1 0 1 1 0 1 0 1 1 1 1 1 0 1 1 1 1 0 1 1 1 0 1 1 1 1 1 0 0 1 1 1 1 0 1 0 0 1 1 1 1 1 0 1 71 1 1 0 0 0 0 0 1 1 1 1 0 1 1 0 1 1 0 1 0 1 0 0 1 1 0 1 1 1 0 1 1 0 0 1 1 1 0 0 1 0 0 1 1 0 0 1 1 0 0 1 1 0 0 1 1 1 0 0 0 0 1 1 1 0 1 0 1 0 1
0 1 1 0 1 0 0 1 1 1 1 1 1 0 0 0 0 1 0 1 1 0 0 1 1 1 0 0 1 0 1 0 1 1 0 1 1 0 0 1 1 0 0 1 0 0 1 0 0 0 0 1 0 1 1 0 0 1 0 1 0 0 1 1 0 1 0 0 1 0 1 0 0 0 0 1 0 1 0 1 0 1 1 1 1 1 0 1 1 1 0 1 0 0 1 1 0 1 1 1 1 1 0 1 1 1 0 1 1 0 1 1 1 0 0 1 1 1 1 1 1 0 0 0 0 1 0 1 1 0 24 1 0 0 1 0 1 1 0 1 1 1 1 0 0 1 1 1 0 1 1 1 0 1 1 1 0 1 1 0 0 0 0 0 0 0 1 1 0 1 1 0 0 1 1 1 1 1 1 1 0 0 1 0 0 1 1 0 1 1 1 1 0 0 1 1 1 1 0 0
1 1 1 1 0 0 1 1 1 1 0 0 0 0 0 0 1 1 0 0 1 1 1 1 1 0 1 1 0 1 0 0 1 1 1 1 1 0 1 0 1 1 0 0 1 0 0 1 1 0 1 0 1 1 1 0 1 0 1 0 0 1 0 0 0 1 1 1 0 0 0 0 0 0 1 0 0 0 1 1 1 0 1 1 1 1 1 1 0 1 0 0 1 1 1 0 0 1 0 0 0 0 1 1 1 0 0 0 0 1 1 0 1 1 0 1 1 1 1 0 0 0 0 0 1 0 1 1 0 1 1 33 1 0 0 1 0 1 1 0 1 1 1 1 1 1 0 1 0 1 1 0 0 1 0 1 1 1 0 1 0 1 1 1 1 0 0 0 1 0 1 1 1 0 0 1 0 0 1 1 1 1 0 1 1 1 0 0 1 1 1 1 0 1 1 1 0 0 0 1
0 1 1 0 1 0 0 0 1 0 1 0 0 1 1 1 0 1 1 1 0 1 1 1 0 1 1 1 0 1 0 1 0 0 1 1 0 1 0 1 0 0 1 1 0 1 0 1 0 1 0 1 0 1 1 0 1 1 0 1 1 1 1 1 1 1 1 1 1 1 1 1 1 1 1 0 1 0 1 1 1 0 1 0 1 0 0 0 1 1 0 0 1 1 1 0 1 0 1 1 1 0 0 1 1 1 0 0 1 0 0 1 0 0 0 1 1 1 1 0 0 0 0 1 0 1 1 1 1 1 1 1 32 0 0 0 1 1 1 1 0 0 0 1 0 1 1 1 0 0 1 1 0 1 1 1 0 1 1 1 1 0 1 0 1 0 0 0 0 1 0 1 0 1 0 0 0 1 0 0 1 1 1 1 0 1 0 0 1 1 0 1 1 1 0 1 0 1 1 1
1 0 0 0 1 0 0 0 1 0 1 0 1 1 1 1 0 0 0 0 0 1 0 1 1 1 1 0 0 1 1 1 0 1 1 1 1 1 1 1 1 1 0 1 0 0 1 1 1 1 1 1 1 1 0 1 1 1 0 0 1 1 0 0 1 0 1 0 1 1 0 1 1 0 0 0 0 1 0 0 1 1 0 1 0 1 1 0 1 1 0 0 1 1 0 0 1 0 0 1 1 1 0 1 0 1 0 1 1 1 1 0 0 1 0 0 1 1 1 1 0 1 1 1 1 0 0 0 0 1 1 1 0 11 0 1 1 1 1 1 1 1 0 0 1 0 0 1 1 1 0 1 1 1 1 1 1 1 1 0 1 0 0 1 0 1 0 0 1 1 1 1 1 0 0 1 0 1 0 1 0 0 0 0 0 0 0 0 1 0 1 1 1 0 1 0 0 1 0 0
0 1 0 0 1 1 0 1 1 1 0 0 1 1 0 0 1 0 1 0 0 1 0 1 0 0 1 1 1 1 0 1 1 0 1 0 0 1 0 1 1 0 1 0 1 0 1 0 1 0 0 1 1 1 1 1 0 0 1 0 0 0 1 1 0 0 0 0 1 1 1 0 1 0 1 1 1 1 0 0 1 1 1 1 0 1 1 0 0 0 0 0 0 1 0 1 1 1 1 1 0 1 1 1 1 1 1 1 1 1 0 0 1 1 0 0 0 1 1 1 0 1 1 0 0 1 0 1 0 1 0 0 0 0 73 0 1 1 0 0 0 1 1 1 0 1 1 1 0 0 1 1 0 1 1 0 0 1 1 0 1 0 1 1 1 0 1 0 0 0 0 1 0 1 1 1 0 0 1 1 0 0 0 1 1 1 1 1 0 0 0 1 0 0 0 0 1 1 1 0
0 0 1 1 1 0 0 0 1 1 1 1 0 1 1 1 1 0 1 0 1 0 0 1 1 0 0 1 1 1 1 1 1 1 0 1 1 0 1 0 1 0 1 1 1 0 1 1 0 0 1 1 0 1 0 1 1 0 0 1 1 0 1 1 1 0 0 1 1 1 0 0 0 0 0 1 0 1 0 1 1 0 0 1 1 1 1 0 1 0 1 0 0 0 1 0 0 1 1 0 1 0 1 1 0 1 1 1 1 1 0 1 1 1 1 1 0 1 0 0 1 0 1 1 0 1 0 1 0 1 0 1 1 1 1 60 1 0 1 0 1 1 1 1 0 1 1 0 1 0 1 1 0 1 1 0 0 1 1 0 1 0 1 1 0 1 1 0 0 1 1 0 1 0 1 1 0 1 1 1 0 1 1 0 1 0 0 1 1 0 0 0 1 0 1 0 0 1 0 1
1 1 1 1 0 0 1 0 0 1 0 0 0 1 1 0 1 1 1 1 1 1 1 0 0 1 1 1 1 0 0 1 0 0 1 1 1 0 1 1 1 1 1 0 1 0 1 1 1 0 0 1 1 0 0 0 1 0 1 0 0 0 0 1 1 1 1 0 0 1 1 0 1 0 0 1 1 1 1 0 1 1 1 0 1 1 0 1 0 0 1 1 1 1 0 0 1 1 1 0 1 1 1 0 1 0 0 0 0 1 1 1 0 1 1 1 0 0 1 1 0 0 1 1 1 0 0 0 1 0 1 1 1 1 0 0 46 1 1 0 0 0 0 1 1 0 1 1 1 0 0 0 1 0 1 1 1 0 0 1 0 1 0 0 1 0 0 0 0 0 0 0 0 1 1 1 0 1 0 0 1 0 1 0 1 0 1 1 1 1 1 0 1 0 1 0 0 0 1 1
0 0 1 0 1 1 0 0 0 0 1 1 1 0 0 1 1 1 1 1 1 1 0 0 0 1 0 0 0 0 1 1 1 1 0 0 0 0 0 1 0 0 1 1 1 1 1 1 0 0 0 1 1 1 1 0 1 0 1 0 0 0 1 0 0 1 0 1 0 1 1 0 1 0 0 1 0 1 1 0 1 1 1 1 1 0 0 1 1 1 0 1 1 1 1 1 0 1 0 1 0 1 1 0 1 1 1 1 1 1 0 0 1 1 0 1 1 1 1 1 1 1 0 0 0 0 0 1 1 0 1 1 0 1 0 1 1 24 1 1 1 0 0 0 1 0 1 1 0 0 1 1 0 1 1 1 1 1 1 0 1 1 1 0 0 0 0 0 1 0 0 1 1 1 1 1 1 0 1 0 1 1 1 0 1 1 1 1 0 0 1 1 1 1 1 0 0 1 0 1
0 0 1 0 0 0 1 1 1 1 0 1 0 1 1 1 1 0 0 1 1 0 1 1 0 1 0 1 0 1 0 0 1 1 0 0 1 0 0 0 0 0 0 0 0 1 0 0 1 0 1 0 0 0 0 1 0 0 1 0 1 0 0 0 1 1 0 1 0 0 1 0 1 1 0 1 1 1 0 1 1 0 1 1 0 1 1 1 1 0 0 1 0 0 1 1 0 1 1 0 0 1 1 1 1 1 1 0 0 1 0 1 0 1 0 1 1 0 0 0 1 0 1 1 0 0 0 0 1 0 1 1 1 0 1 0 0 1 25 0 0 1 1 1 1 1 0 1 0 0 0 1 1 0 1 0 1 0 1 0 1 1 1 0 1 1 1 1 1 0 0 1 1 0 1 0 1 1 1 1 0 0 1 1 1 1 0 1 0 0 1 0 1 0 1 1 1 1 1 0
1 1 1 0 0 0 0 1 1 1 1 1 0 1 0 1 0 1 1 1 1 1 1 0 0 1 0 1 0 0 1 1 0 0 0 1 1 1 1 0 0 1 1 0 0 0 1 1 0 1 0 1 1 0 1 0 1 1 1 0 1 1 1 1 0 0 0 1 0 1 1 0 1 1 1 1 1 1 1 1 1 1 1 1 1 1 0 0 1 1 0 1 1 0 0 1 1 0 1 1 1 1 0 0 1 0 1 1 1 1 1 1 0 1 1 1 1 1 1 0 1 0 1 1 1 1 0 1 0 0 1 0 1 1 0 1 1 0 1 77 1 1 1 0 1 0 1 1 0 1 1 1 1 1 0 0 0 1 1 0 1 1 0 1 1 0 0 1 0 1 0 0 1 1 0 1 1 1 0 1 0 1 0 0 1 1 1 1 1 1 1 1 1 1 1 1 0 0 1 1
1 0 0 1 0 0 0 0 1 0 1 0 1 0 0 1 1 1 0 1 1 0 1 0 1 1 0 0 0 0 0 1 0 0 0 1 1 1 1 0 1 0 1 1 1 1 1 1 0 1 1 0 0 1 1 1 1 1 1 0 1 0 1 0 0 1 1 1 0 0 1 1 1 0 0 1 1 1 0 1 1 1 0 1 0 1 0 1 1 0 1 1 1 0 0 0 0 1 0 0 1 1 0 1 1 0 0 1 0 1 1 1 1 1 0 0 0 0 1 1 0 1 0 0 0 0 1 1 0 0 0 1 1 0 1 1 0 1 1 1 83 1 1 1 1 1 0 1 1 1 0 0 1 0 1 0 1 0 1 1 0 1 0 1 1 1 1 0 0 0 0 1 0 0 1 0 1 1 1 0 1 1 0 1 1 1 1 0 0 0 1 0 1 1 0 1 1 1 1 0
0 1 0 1 1 0 1 1 1 1 1 0 1 1 0 1 1 1 0 1 1 1 1 0 1 0 1 1 1 1 1 1 0 1 1 0 1 0 0 0 1 0 1 0 1 1 0 0 0 0 1 0 0 1 0 0 1 0 1 1 1 1 1 0 1 0 1 1 1 1 1 0 1 1 1 0 1 0 0 1 1 1 1 1 0 1 1 0 1 1 1 1 0 1 1 0 0 0 0 1 1 0 1 0 1 1 1 0 0 0 1 1 1 1 0 0 1 0 0 1 0 1 0 1 1 1 1 1 0 0 1 1 1 0 1 1 0 0 1 1 1 69 1 0 1 1 1 0 0 1 1 0 0 1 1 1 0 1 1 0 0 0 1 0 1 1 0 1 0 0 0 0 0 0 1 1 1 0 1 1 0 1 0 1 1 0 1 1 1 0 0 1 1 0 0 1 1 1 1 1
0 1 0 1 1 1 0 1 0 1 1 1 1 1 1 1 0 1 0 1 1 1 1 1 1 1 0 0 1 1 0 0 0 1 0 1 1 1 0 0 1 1 1 1 0 0 1 1 1 1 0 0 1 0 1 1 0 0 1 0 0 0 1 1 1 1 0 0 1 1 1 1 1 0 1 1 1 1 0 0 1 0 0 1 1 0 0 0 1 0 1 1 1 0 1 1 1 0 1 1 1 0 0 0 0 1 1 1 1 0 1 1 0 0 1 0 1 1 1 0 0 0 1 1 1 0 1 1 1 1 0 0 1 1 1 0 1 0 0 0 0 0 11 1 0 1 1 1 1 0 0 1 1 1 1 0 0 1 0 0 1 0 0 1 1 1 1 1 0 0 0 1 1 0 1 0 0 0 1 1 1 1 1 0 0 1 1 0 0 0 1 1 1 1 1 1 1 0 1 0
1 1 0 0 0 0 0 1 0 1 1 0 1 1 1 1 0 1 1 1 1 1 1 1 0 0 1 1 1 1 1 1 1 0 0 1 0 0 1 1 1 1 1 0 1 1 1 1 1 1 0 0 1 1 1 0 1 1 0 0 1 0 1 1 1 1 1 1 0 0 0 0 1 1 1 1 1 1 1 0 1 0 1 0 1 1 0 1 1 0 0 0 0 0 1 0 1 0 0 0 0 1 0 1 1 1 0 1 1 1 0 1 1 1 0 1 0 1 1 0 1 1 1 1 1 1 1 1 1 1 1 0 1 1 1 1 1 0 0 1 0 0 1 51 1 0 1 1 1 0 1 0 0 1 1 1 1 1 1 1 0 0 1 1 1 1 1 0 1 1 0 1 1 0 0 1 1 1 1 0 1 0 1 0 1 0 0 1 1 1 1 1 0 1 0 1 0 0 1 1
1 1 1 0 1 1 1 1 1 0 1 0 0 0 0 1 0 0 0 0 1 0 1 1 1 1 1 1 1 1 1 1 1 1 1 1 1 1 1 0 1 1 0 0 0 0 0 1 1 0 1 0 1 1 1 1 0 1 0 0 1 0 1 1 0 0 1 1 1 0 0 0 1 1 1 1 1 1 1 0 0 1 1 1 0 0 1 1 0 0 0 0 1 0 1 1 0 0 1 1 0 0 1 0 0 0 0 1 0 0 1 0 0 0 0 1 0 1 1 1 0 1 1 1 1 1 1 1 0 1 0 0 1 1 0 0 0 1 1 1 0 1 1 1 89 0 1 1 1 1 0 1 1 0 1 0 1 0 0 0 0 1 1 0 0 1 0 1 0 1 0 1 1 1 0 1 1 1 1 0 0 0 1 0 1 1 0 1 1 1 0 1 1 0 0 0 1 1 1 1
0 1 0 0 0 0 1 1 1 1 1 0 1 1 0 1 0 1 1 0 0 1 1 1 0 1 1 0 0 0 0 0 0 1 1 1 0 0 1 0 0 0 1 1 1 1 0 0 1 1 0 1 0 0 1 1 1 1 0 0 1 1 1 1 1 0 0 1 1 1 0 1 1 1 1 1 0 1 1 1 1 1 0 0 0 0 1 1 1 0 1 1 1 1 0 0 0 1 1 0 0 1 1 0 1 1 0 1 0 1 1 1 1 0 1 1 0 1 1 1 0 0 0 0 1 1 1 1 0 0 0 0 0 0 0 1 1 0 1 1 1 1 0 1 0 42 1 1 1 1 0 1 1 1 0 0 1 1 0 1 0 1 1 1 0 0 1 0 0 1 0 0 0 1 0 0 1 1 1 1 1 0 1 0 1 0 1 1 1 1 1 1 0 0 1 0 1 1 1 1
0 1 1 0 1 1 0 1 0 0 0 1 1 1 0 1 1 1 1 1 1 1 1 0 1 1 0 0 0 1 1 1 1 0 0 1 1 1 0 1 1 1 1 0 1 1 1 1 1 1 1 0 0 1 1 0 1 0 1 1 0 1 0 1 0 1 1 1 1 1 1 0 1 0 0 1 0 1 0 0 1 1 1 0 1 0 1 0 1 1 1 1 1 1 1 1 0 1 1 1 1 0 1 0 0 0 0 1 1 1 1 0 1 0 0 1 1 1 0 1 0 0 0 0 0 1 0 1 1 1 1 0 1 1 1 1 0 0 1 0 1 1 0 1 0 0 58 0 1 1 0 0 0 0 0 0 1 1 0 1 1 1 1 1 0 1 1 1 0 1 0 0 0 0 0 0 1 0 0 1 1 0 0 1 1 0 1 1 1 1 0 0 1 0 1 1 0 1 0 1
1 0 1 0 0 1 0 1 0 1 0 0 1 1 0 1 1 1 1 1 0 1 0 0 0 0 1 0 1 0 1 0 0 1 1 1 1 1 1 1 1 1 1 1 0 1 0 1 0 0 1 1 0 0 1 1 0 0 0 1 1 0 1 1 1 0 0 1 0 0 0 1 0 0 0 0 0 1 1 0 0 0 1 1 1 0 0 1 1 1 1 0 1 0 1 0 1 1 0 0 1 0 0 0 1 1 1 1 0 1 1 1 0 0 0 1 0 1 1 0 1 1 1 1 1 0 1 1 0 1 1 1 1 1 1 0 0 1 1 1 0 1 1 1 0 0 0 14 0 0 0 1 0 1 0 1 0 1 1 1 0 1 0 1 0 1 1 1 0 1 1 1 1 0 0 1 1 1 1 1 0 1 0 0 1 1 0 1 1 1 0 0 1 0 0 1 0 1 1 0
0 1 1 0 1 0 1 0 0 1 1 0 0 1 1 0 0 1 0 1 1 1 0 1 0 1 1 1 1 1 0 1 1 1 1 1 1 1 0 1 1 0 1 1 1 1 1 1 1 0 1 0 1 0 1 1 1 0 0 1 1 0 0 0 1 1 0 1 0 1 0 1 1 0 1 0 0 1 1 1 0 1 0 0 0 1 0 0 0 0 0 0 1 1 0 1 0 0 1 1 1 1 1 0 1 1 1 1 1 0 0 1 1 1 0 0 1 0 0 0 1 0 1 0 0 1 0 1 0 0 0 1 1 1 0 1 0 1 1 0 1 1 0 1 0 1 1 0 21 0 1 1 0 1 1 1 1 1 1 1 0 0 0 1 0 1 1 0 0 1 0 1 0 0 1 1 1 1 0 1 1 1 1 1 1 1 1 1 0 1 1 1 1 1 1 1 0 1 1 0
0 1 0 0 0 1 1 0 0 1 1 1 1 0 1 1 1 1 1 0 1 1 1 1 0 1 0 0 0 0 0 0 0 1 1 1 0 0 0 1 1 1 0 1 1 0 0 1 1 1 1 0 1 0 0 1 0 0 1 1 1 1 1 0 1 0 0 1 1 1 0 1 1 1 0 1 1 1 1 0 0 1 0 1 1 0 0 1 1 1 1 1 0 1 1 0 1 1 1 0 1 1 1 1 0 0 1 1 1 1 1 0 1 1 1 0 1 0 0 1 1 1 0 1 0 1 1 1 0 1 1 1 1 1 1 1 0 1 1 1 1 1 0 1 1 1 1 1 1 32 0 1 0 1 0 0 0 1 0 1 1 1 1 0 1 1 0 1 1 1 0 0 1 1 1 1 1 1 1 0 1 0 0 1 1 0 0 1 1 1 1 1 1 0 0 1 0 0 1 0
1 1 1 1 0 0 1 1 1 1 0 0 1 1 1 1 1 1 1 0 1 0 1 0 1 0 1 1 0 0 0 1 1 1 1 1 1 0 0 1 0 0 0 0 1 0 1 0 0 1 1 1 1 1 1 1 0 1 1 0 1 0 0 0 1 0 1 0 0 1 1 1 0 1 0 1 1 1 1 1 1 1 0 1 1 0 0 0 1 0 0 1 0 1 1 0 0 1 0 1 0 0 0 0 1 1 1 0 0 0 0 0 1 1 0 0 1 1 0 0 0 0 1 0 0 1 1 1 1 0 1 1 0 1 0 0 1 0 0 0 1 1 0 0 1 1 0 0 1 0 34 0 1 1 0 1 1 0 1 0 1 1 0 0 1 1 0 1 1 1 1 0 0 0 1 1 0 0 1 1 1 1 1 0 1 1 1 1 0 1 1 1 1 1 1 1 0 1 0 1
1 0 1 0 0 0 0 1 1 1 1 1 0 1 1 0 1 0 1 1 1 0 0 1 1 0 0 1 1 0 0 1 0 1 0 0 1 1 0 1 1 1 1 1 1 0 0 1 0 1 0 0 1 1 1 0 0 1 0 1 0 0 0 0 1 1 1 1 1 1 0 1 1 0 1 0 0 1 1 0 1 0 1 1 1 1 1 0 1 0 1 1 0 0 0 1 1 0 0 0 0 1 1 1 0 1 0 1 1 1 1 1 0 0 1 1 1 1 1 1 0 0 1 1 0 1 1 1 0 1 0 1 0 1 0 0 1 1 1 0 1 1 1 1 1 1 0 1 0 0 1 40 0 1 1 1 1 1 1 1 1 1 1 0 1 1 1 0 1 0 1 1 1 1 1 1 0 0 0 1 1 1 1 1 1 0 0 1 1 0 0 1 0 0 1 1 0 1 1 1
1 0 1 0 1 1 0 1 1 1 0 0 1 0 1 1 1 1 0 1 1 0 1 1 0 0 0 1 1 0 1 1 1 1 1 0 0 0 0 1 1 1 1 0 0 0 0 0 1 1 1 0 0 1 0 0 1 0 1 1 1 0 1 1 1 1 1 0 0 1 1 1 1 1 1 0 1 0 0 1 0 1 1 1 0 1 0 1 0 1 1 0 0 0 0 0 1 0 0 0 0 0 1 1 1 1 1 1 0 1 1 0 1 0 1 1 1 0 0 1 1 1 1 0 1 0 1 1 0 0 0 0 1 1 0 1 0 1 1 1 0 0 0 0 0 1 1 0 1 1 1 1 24 1 0 0 0 1 1 1 0 0 0 0 0 1 0 0 0 1 1 1 0 1 1 1 1 1 1 0 1 1 1 1 0 0 0 0 0 0 1 1 1 1 1 1 0 1 1 0
1 1 0 0 1 1 1 0 0 0 0 1 1 0 1 1 1 1 1 0 0 0 1 0 1 1 1 0 0 1 0 1 1 1 1 0 1 1 1 0 1 1 1 0 0 1 0 1 1 0 1 1 0 1 1 1 1 1 0 0 1 0 0 1 0 1 1 1 1 0 1 0 0 0 1 1 1 1 1 0 1 0 0 1 1 0 0 1 1 0 1 0 1 0 1 1 1 1 0 0 1 1 0 0 0 0 1 0 1 1 1 0 1 0 0 0 0 0 1 1 1 1 1 1 0 1 1 0 1 1 0 1 0 1 1 1 1 1 1 0 1 0 0 1 1 0 0 1 0 1 1 0 1 44 0 0 1 0 0 0 0 0 1 1 0 1 1 1 1 1 0 0 1 1 0 1 1 0 1 0 1 0 0 1 0 0 1 1 1 0 1 1 1 0 1 1 0 1 0 1
0 0 1 0 1 0 1 0 1 1 0 1 1 1 1 1 1 0 1 1 1 0 0 0 1 1 0 1 1 0 0 0 0 1 1 0 0 0 1 0 0 1 1 1 0 1 0 0 0 1 0 0 1 0 0 1 1 0 0 1 1 1 0 1 0 1 0 0 1 1 0 0 1 1 1 1 1 0 1 1 0 1 1 1 0 1 0 1 0 1 1 1 1 1 0 1 0 0 1 0 0 0 0 0 1 1 1 1 1 1 0 1 1 1 1 0 1 0 1 1 1 1 1 0 1 0 0 1 1 1 1 1 1 1 1 1 1 1 1 1 1 1 0 1 0 0 1 0 1 1 0 0 1 0 93 1 0 0 1 0 1 1 0 0 1 1 1 0 0 1 1 0 1 1 0 0 0 1 1 1 0 1 1 0 1 1 0 1 1 1 0 1 0 0 1 1 0 0 1 1
1 0 1 1 1 1 1 1 1 1 1 0 1 1 0 1 0 0 1 1 0 1 0 1 1 0 1 1 1 0 0 1 1 1 1 1 0 0 0 1 0 1 1 1 1 0 1 1 1 1 1 1 1 0 1 0 1 0 1 1 0 1 0 1 1 0 1 1 1 1 1 1 1 0 1 1 1 1 1 1 0 0 1 1 1 1 1 1 1 0 1 1 1 1 1 1 0 0 1 0 1 1 1 0 0 0 1 0 1 1 1 1 1 1 1 1 1 1 0 1 1 1 0 1 0 1 1 1 1 1 0 1 1 1 0 1 0 1 0 1 1 1 1 0 1 0 0 1 1 1 1 0 0 1 1 35 1 0 0 0 1 0 0 0 1 0 1 0 1 0 0 0 0 0 1 0 1 1 0 1 0 0 1 1 1 1 1 1 1 0 1 1 1 1 0 1 1 1 1 0
1 1 1 1 0 1 1 0 1 0 0 0 1 0 1 1 1 0 1 1 0 1 1 1 1 1 0 1 0 0 0 0 0 1 0 1 0 1 0 0 1 0 1 1 1 1 1 0 1 0 0 1 0 1 1 0 0 1 1 1 1 1 0 1 0 0 1 1 1 0 1 0 1 0 1 1 1 1 0 1 1 1 1 0 1 0 1 0 1 1 1 1 1 1 0 0 1 0 0 0 1 1 1 1 0 0 1 1 1 1 1 0 0 1 1 1 0 0 0 0 1 1 1 0 1 1 1 1 1 0 0 0 0 1 1 0 0 0 1 1 1 0 1 1 0 1 0 1 1 0 1 1 1 1 0 1 49 1 1 1 1 1 1 0 1 1 0 1 1 1 1 0 0 1 1 1 0 0 1 1 1 1 1 1 0 1 0 0 1 1 1 1 1 0 0 1 0 1 1 0
0 1 1 1 1 1 1 0 0 1 1 1 0 0 1 1 1 0 1 0 0 1 1 1 1 1 0 0 1 0 1 1 0 1 0 0 0 0 1 1 0 1 1 0 1 1 0 0 1 1 0 0 0 1 1 0 1 1 1 0 1 1 1 1 1 0 0 1 1 1 1 1 0 1 1 1 1 1 1 0 1 1 1 1 1 1 0 1 0 1 1 1 1 1 0 0 1 0 0 1 0 1 0 0 1 1 1 1 0 1 1 1 0 0 1 0 1 0 1 0 0 1 0 0 0 1 0 1 0 1 1 0 0 1 1 0 1 1 0 1 1 1 1 1 0 1 0 0 0 0 0 1 1 1 1 1 0 71 0 1 0 0 1 0 0 1 1 0 1 1 1 0 0 0 0 1 1 1 1 0 0 1 1 1 0 1 1 0 0 1 0 0 1 1 0 0 1 0 1 0
0 1 0 1 1 1 1 1 0 1 1 1 1 0 1 1 0 1 1 0 0 0 0 0 0 1 0 1 1 1 0 1 1 1 0 0 0 0 0 1 1 1 1 1 0 1 1 1 1 0 0 1 1 0 1 1 1 1 0 1 0 1 1 1 0 1 1 1 0 1 0 1 0 0 1 1 0 0 1 0 1 1 0 1 1 1 0 1 1 0 0 0 1 1 1 1 1 0 1 1 1 0 0 0 0 1 1 1 1 1 1 1 1 1 1 0 0 1 1 1 1 1 1 1 1 1 0 0 1 1 1 1 0 0 0 0 0 0 1 1 1 1 0 0 1 0 1 0 0 0 1 0 1 1 0 0 1 1 76 1 0 0 1 0 1 1 0 0 0 1 0 0 0 1 1 1 0 1 0 1 0 0 0 0 1 1 1 1 1 1 0 1 0 0 1 1 1 0 0 0
1 0 1 0 1 0 0 1 0 1 0 0 1 0 1 0 0 1 0 0 0 1 0 1 1 1 0 0 0 1 0 1 1 1 0 0 0 1 1 1 1 1 1 0 1 1 1 0 1 1 1 1 1 1 1 0 1 1 1 0 0 1 1 1 1 0 1 0 1 0 1 0 1 1 1 1 0 0 1 1 1 0 1 0 1 1 1 1 0 1 1 0 0 0 0 1 1 1 0 1 1 1 1 0 1 0 1 0 1 0 1 1 0 0 1 1 1 1 0 0 1 0 0 0 1 1 1 1 1 0 1 1 1 0 1 0 1 0 0 1 1 0 0 0 1 1 1 1 0 0 1 0 0 0 1 1 0 0 1 34 0 1 1 1 1 1 0 0 0 0 1 1 0 1 1 0 1 0 0 1 1 0 1 1 0 0 0 1 1 0 0 1 0 0 0 1 1 0 0 0
0 0 0 0 0 1 1 1 1 0 1 1 0 0 0 1 1 0 0 1 1 1 0 0 0 0 1 1 0 1 1 1 0 1 0 1 1 0 1 1 1 0 1 1 0 0 1 0 1 0 0 0 1 1 0 1 0 0 1 1 0 0 1 0 1 1 0 0 0 1 1 0 1 1 1 1 1 1 1 1 1 1 0 0 1 1 1 1 1 1 0 1 0 0 1 0 1 1 0 1 1 1 0 0 1 0 1 1 1 1 1 0 1 0 0 1 0 0 1 0 1 0 1 0 1 0 1 0 1 1 0 0 1 1 1 1 1 0 0 1 1 1 1 0 1 1 1 1 1 1 0 1 0 1 1 0 0 0 0 1 56 1 1 0 0 1 0 0 1 1 1 0 1 0 0 0 0 1 0 1 1 1 0 1 1 1 1 0 0 1 0 1 1 0 0 1 1 0 1 1
1 1 0 1 0 1 0 0 1 1 1 1 0 1 1 0 0 0 1 1 1 1 0 1 1 1 1 0 0 1 0 1 0 1 1 1 1 0 0 1 0 1 1 1 1 1 0 0 1 0 1 0 1 0 1 1 1 1 1 1 1 0 1 1 0 1 1 1 1 1 0 1 1 0 1 1 0 1 0 1 1 1 0 0 1 1 1 0 0 0 1 1 0 1 0 0 1 1 1 0 1 1 1 0 0 1 1 1 0 1 1 1 0 1 1 1 1 1 0 0 1 0 0 0 1 0 1 0 1 1 0 1 0 1 1 0 0 1 1 1 0 1 0 0 1 0 1 1 0 0 1 0 1 0 1 0 0 0 1 1 0 92 0 1 0 1 0 0 1 1 0 0 0 1 0 1 0 1 1 1 0 1 1 1 1 0 0 0 1 0 1 1 1 1 1 0 1 1 0 0
1 1 1 1 0 1 0 1 1 0 1 0 1 0 1 0 0 1 1 1 0 1 0 1 1 0 1 0 1 0 1 0 0 1 1 0 0 1 0 0 0 1 1 1 0 1 0 0 1 1 1 1 1 0 1 1 1 1 0 0 1 1 1 1 0 1 0 1 1 0 0 1 1 0 1 1 1 0 0 0 1 1 1 0 0 1 0 0 0 1 0 1 1 0 0 1 1 1 0 0 0 1 0 0 1 0 1 1 1 0 0 1 0 1 0 1 0 1 1 1 1 1 1 1 0 1 1 1 1 0 0 1 1 1 1 0 1 1 0 1 0 0 1 1 0 1 0 1 1 0 1 1 1 1 1 0 1 0 1 0 1 1 35 1 1 1 0 1 1 0 0 1 0 0 1 0 0 0 0 0 1 0 0 1 1 0 1 1 1 1 0 1 0 1 0 1 1 1 1 0
0 1 1 1 1 1 0 1 0 0 0 1 1 1 0 1 1 0 0 1 1 0 1 1 1 1 1 1 1 0 1 1 1 0 0 1 1 0 1 1 0 1 0 0 1 1 0 1 0 1 0 1 1 1 1 1 0 1 1 0 1 0 0 0 0 1 1 1 0 1 1 0 1 1 0 0 1 1 1 1 1 1 0 0 0 0 0 1 1 1 1 1 1 1 1 1 0 0 1 1 1 1 1 0 1 0 0 1 0 0 1 1 1 1 1 1 1 1 1 1 1 1 1 1 1 1 1 1 0 1 1 0 1 0 0 1 1 1 1 1 1 1 0 0 0 1 1 0 1 0 0 1 1 1 1 0 1 0 1 0 1 1 1 2 1 0 1 1 1 0 1 1 0 0 1 1 0 0 1 1 1 0 1 0 1 1 0 0 1 0 1 1 1 0 0 0 1 1 0 0
0 1 0 1 1 1 0 0 0 1 1 1 0 0 1 1 1 1 0 0 1 0 0 1 0 0 0 0 1 0 1 1 0 1 1 0 0 1 0 0 1 1 0 1 1 1 0 1 1 1 1 1 0 1 1 1 0 0 1 0 1 1 0 1 1 0 1 1 1 0 0 1 1 1 1 0 0 0 0 0 1 1 1 1 0 0 0 1 1 0 0 0 0 1 0 1 0 1 1 0 1 0 1 1 1 1 0 0 1 1 1 0 0 1 0 1 1 1 0 1 0 1 1 0 1 1 0 0 1 1 0 1 1 0 0 1 1 1 1 1 1 1 0 0 0 1 1 0 0 1 1 1 0 1 0 0 0 0 1 1 0 0 0 0 7 1 0 0 0 1 0 1 1 1 0 1 0 0 0 1 0 1 0 0 1 1 0 1 1 0 1 1 1 1 0 0 0 1 0 1
1 1 1 1 1 1 0 1 1 1 0 1 1 0 1 1 0 1 1 1 0 0 0 1 1 1 0 1 1 0 1 1 0 1 1 0 1 0 0 1 0 1 1 0 0 1 1 1 1 1 1 1 1 0 1 1 0 0 1 1 1 0 1 1 0 0 1 0 1 1 1 1 0 1 0 1 1 1 0 1 0 0 1 0 0 0 1 1 1 0 1 1 1 0 0 0 1 1 0 0 0 0 0 0 1 0 1 1 1 1 0 0 1 0 0 0 1 1 0 0 1 0 1 1 0 0 0 0 1 0 1 0 1 0 0 1 0 1 1 0 0 0 0 1 0 1 1 1 1 1 1 1 1 0 1 1 1 1 0 1 1 1 0 1 1 98 1 1 1 1 1 1 0 1 0 0 1 1 1 0 1 1 0 1 0 1 1 1 1 0 1 1 1 1 1 0 0 0 1 1
1 1 1 1 0 0 0 1 1 1 1 0 1 1 1 1 0 1 0 0 0 1 1 1 1 0 0 1 0 0 0 1 1 0 1 0 1 0 1 1 0 1 0 1 1 1 1 1 0 1 1 0 0 1 1 0 1 1 1 1 1 0 1 1 1 0 0 0 0 0 1 0 0 1 1 1 1 1 1 0 0 0 0 0 0 0 0 0 0 1 0 0 1 1 1 1 1 1 0 1 1 1 0 1 0 1 1 1 1 1 1 1 0 1 1 1 1 0 0 0 1 1 1 0 1 1 0 1 1 1 1 1 0 1 0 1 1 1 0 1 1 1 0 1 1 1 1 1 0 0 1 1 1 1 1 0 1 0 0 0 0 1 1 0 1 1 58 1 1 1 1 0 0 0 1 0 1 1 0 0 1 1 1 1 0 0 0 0 1 1 0 1 1 0 1 0 0 1 1 1
1 1 1 1 1 0 1 1 0 1 0 1 0 1 1 0 0 0 1 1 1 0 1 1 0 0 0 1 1 1 0 1 1 0 1 1 1 0 1 0 1 1 0 1 1 1 0 1 1 0 0 1 1 1 1 1 0 0 1 1 0 0 1 1 1 0 0 0 1 1 0 1 0 0 0 0 1 1 1 1 1 1 1 1 0 0 1 0 0 0 1 0 0 1 1 1 1 1 1 1 1 0 1 0 1 1 0 1 0 1 0 1 1 1 1 1 0 0 1 0 1 1 1 0 1 1 0 1 0 1 1 1 1 1 1 0 0 1 1 1 1 0 1 1 0 0 1 0 0 1 0 1 1 1 0 1 1 0 1 1 0 0 1 1 0 0 0 53 1 0 0 1 1 1 1 0 0 1 0 0 0 0 0 0 1 1 1 1 1 0 0 1 1 1 0 0 0 0 0 0
1 1 1 1 0 0 0 0 0 1 1 1 0 0 1 0 1 1 1 1 0 1 1 1 1 0 1 0 1 0 1 0 1 0 1 0 0 1 0 1 1 0 0 0 0 1 1 1 1 1 0 1 0 1 0 0 1 1 0 0 1 1 1 0 1 0 0 1 0 1 0 1 0 0 1 1 0 1 0 1 0 0 0 0 0 1 0 1 0 1 0 0 1 0 0 1 0 0 1 1 1 0 1 1 1 0 0 1 0 0 1 0 0 1 1 0 0 1 1 1 0 1 1 1 1 0 1 0 1 0 1 0 1 1 1 0 1 1 1 1 0 1 0 0 1 1 1 1 1 1 0 1 0 1 1 1 0 1 0 0 1 0 1 1 0 0 1 1 10 1 1 0 1 1 0 0 0 0 0 0 0 1 0 1 1 1 1 0 1 0 0 0 0 1 1 0 0 1 0 1
1 0 0 0 1 0 0 1 1 1 1 1 0 1 1 1 1 1 1 0 1 0 1 1 1 0 1 1 1 0 0 0 1 0 1 0 1 0 1 1 1 1 0 1 1 1 0 0 1 1 1 1 1 1 1 0 0 1 1 1 0 0 0 1 0 1 1 0 1 1 0 0 0 0 1 1 1 0 1 1 0 1 1 0 1 1 1 0 0 1 1 1 1 0 0 1 0 1 0 1 0 0 1 0 1 1 0 1 1 0 0 1 1 1 1 1 0 1 0 1 1 1 1 0 1 1 1 1 1 1 1 0 1 0 1 0 0 1 0 1 1 1 1 0 1 1 0 0 1 0 1 1 1 0 0 1 1 0 0 0 0 1 1 0 1 1 0 1 1 90 1 1 1 1 0 1 1 1 1 0 1 1 0 1 1 1 0 1 1 1 1 0 1 1 1 1 1 1 1 0
1 1 0 1 1 0 0 1 1 0 1 1 1 1 0 1 1 0 0 0 1 0 0 1 1 1 0 1 1 0 1 1 1 1 0 0 1 0 1 1 1 1 0 0 0 1 0 0 1 1 1 1 0 1 0 1 1 0 1 1 0 0 1 0 1 0 1 1 0 1 1 1 1 1 1 0 1 1 0 1 1 0 1 1 0 1 0 1 1 1 1 0 0 1 0 1 0 1 0 1 1 1 0 1 1 0 0 1 1 1 1 1 0 0 1 0 1 0 1 0 1 1 0 1 0 1 1 0 0 1 1 0 0 1 0 0 1 0 0 0 1 0 1 0 1 1 1 1 1 0 0 1 0 0 1 0 1 1 1 1 0 1 1 1 1 1 0 0 1 1 99 0 0 0 1 1 0 1 1 1 1 0 1 0 1 1 0 0 0 1 0 1 1 1 1 1 0 1 1 0
0 1 1 1 1 0 0 1 1 1 1 1 0 1 1 0 0 0 1 0 0 1 1 1 1 1 1 1 1 0 1 1 0 0 1 0 1 0 1 1 0 1 1 1 1 1 0 0 1 1 1 1 0 1 0 0 0 1 1 0 1 1 1 0 1 1 1 0 0 0 1 1 1 1 1 1 1 0 1 0 1 0 1 1 1 1 1 1 0 1 1 1 0 1 0 1 0 1 0 1 1 1 1 0 1 1 0 1 1 1 0 0 1 0 0 0 1 1 1 1 0 0 1 1 1 1 0 1 1 1 0 1 0 1 1 0 0 1 1 1 1 1 0 1 0 0 1 0 1 0 1 0 1 1 0 1 1 1 1 1 1 0 1 0 1 1 1 1 0 0 0 64 1 1 0 1 1 1 0 0 0 1 0 1 0 1 0 1 1 0 1 1 1 1 0 0 1 1 1 1
1 1 0 0 0 1 1 1 1 1 1 1 0 1 1 1 1 1 1 0 0 1 1 0 1 0 1 0 1 1 1 1 0 1 1 1 0 1 1 1 0 0 1 1 1 0 1 0 1 1 1 1 1 1 0 0 0 1 1 0 1 1 0 0 1 1 1 0 0 0 1 1 0 0 0 1 0 1 0 1 1 1 1 1 0 0 1 1 1 0 0 1 1 0 1 0 1 1 1 1 0 1 1 1 0 1 0 1 0 1 1 1 1 0 0 1 1 1 1 1 0 0 1 0 1 1 1 0 1 1 1 1 0 1 0 1 1 0 1 1 1 1 1 1 1 1 0 0 0 1 0 1 0 1 0 0 0 1 1 0 1 0 1 0 0 1 1 0 1 0 0 0 10 0 0 1 0 1 0 0 1 0 0 0 1 0 1 1 1 0 1 1 1 1 1 1 1 1 1 1
1 1 1 1 1 1 1 1 0 0 1 1 1 1 0 1 1 1 0 1 0 1 1 1 0 1 1 0 1 1 0 1 1 0 1 0 1 1 1 1 1 1 0 1 0 1 1 0 1 0 0 0 0 1 1 0 0 0 1 1 0 0 1 1 0 0 1 1 1 0 1 0 1 1 0 0 1 1 0 1 0 1 0 1 1 0 1 1 1 1 1 0 0 1 1 0 0 0 1 1 0 1 1 1 1 1 1 1 1 1 1 1 0 1 1 0 1 0 0 1 1 0 0 1 0 1 0 0 1 0 0 1 1 0 1 1 0 1 1 0 0 1 1 1 1 1 0 0 0 1 0 0 1 1 0 0 1 0 1 1 1 0 0 0 1 1 0 0 0 0 0 1 1 84 0 1 1 1 1 1 1 0 1 1 1 0 1 1 0 1 0 0 0 0 1 1 0 1 1 1
1 1 1 0 0 1 0 1 1 0 1 0 0 0 1 0 1 1 1 1 1 1 1 0 1 0 0 1 0 1 0 0 1 1 0 1 0 0 1 1 1 1 1 1 1 0 1 1 1 1 0 1 1 0 1 0 0 1 1 0 1 1 1 0 0 1 1 1 0 1 1 0 0 1 1 0 1 0 0 1 1 0 0 1 1 0 1 0 1 1 1 1 0 1 1 0 1 1 0 0 0 1 0 0 1 1 0 0 1 1 0 0 1 0 1 1 1 1 0 1 1 1 1 1 1 1 0 0 1 1 1 0 1 1 1 1 0 1 1 1 0 0 1 1 1 0 1 1 1 1 1 0 1 1 1 0 1 1 1 0 1 1 1 1 0 0 1 0 1 1 1 0 1 1 62 0 1 1 1 1 1 0 0 1 1 0 1 0 1 1 1 1 1 0 1 0 1 0 1 1
1 0 0 1 1 1 0 1 1 0 1 0 1 1 0 0 0 1 1 1 1 1 0 0 0 1 1 1 1 0 1 1 0 1 1 0 0 1 1 0 1 0 0 1 1 0 1 1 1 1 1 1 1 0 1 1 1 1 0 0 0 1 0 0 1 0 1 1 0 1 1 1 0 1 1 0 0 0 1 1 0 0 0 0 0 0 1 1 0 0 0 1 0 1 1 1 1 1 1 0 0 0 1 1 1 1 1 1 1 1 1 0 1 1 1 1 0 0 1 1 0 1 1 1 1 0 1 1 1 0 0 1 0 0 1 1 1 1 0 0 1 1 0 0 1 0 1 1 0 1 1 1 1 1 0 0 0 0 1 1 0 0 0 0 1 1 0 1 1 0 0 1 0 1 0 38 1 1 1 0 1 1 0 1 1 1 1 1 1 0 1 1 0 1 1 0 1 0 0 1
1 1 1 1 1 0 1 1 1 1 0 1 1 1 1 1 1 0 1 0 1 1 0 1 1 0 0 1 1 0 1 1 0 1 1 1 1 0 1 0 0 1 1 1 0 0 1 0 0 0 0 1 1 1 0 1 1 1 0 1 0 1 1 0 1 1 1 1 1 0 0 0 0 0 1 1 1 1 1 1 0 1 1 1 0 0 0 0 0 1 0 1 0 1 1 0 0 1 0 1 0 0 1 1 0 0 1 1 1 1 0 1 1 0 0 1 1 1 0 0 0 0 1 0 1 0 1 1 1 1 1 1 1 1 0 0 1 1 0 0 1 1 1 0 1 1 0 1 1 1 1 0 1 0 1 1 0 0 1 1 1 1 1 1 1 1 1 0 0 0 0 1 0 1 1 1 67 0 1 0 1 0 0 0 1 1 0 1 1 0 0 1 1 1 1 0 0 0 0 0
0 1 1 1 1 1 1 0 1 0 1 0 1 1 1 1 1 1 1 1 0 0 1 1 1 1 0 0 1 0 1 1 1 1 0 1 0 1 1 0 0 0 1 1 0 1 1 1 0 1 1 1 1 0 0 1 0 1 0 1 0 1 0 0 1 0 0 1 1 1 0 0 1 1 1 0 1 0 0 1 1 0 0 1 0 1 1 1 1 0 0 1 1 0 1 1 1 0 0 1 1 1 0 1 0 0 1 0 1 1 0 0 0 1 1 1 1 1 1 1 1 0 0 0 1 1 1 0 1 1 1 1 0 0 1 1 0 1 0 0 1 1 1 1 1 1 0 1 1 1 1 1 1 0 1 1 1 1 0 1 1 1 0 0 1 0 1 1 0 1 1 0 0 1 1 1 1 25 0 1 1 0 1 1 1 1 0 1 1 0 1 1 0 1 0 1 1 1 1 1
1 0 1 0 0 1 0 0 0 1 1 1 0 1 0 0 1 0 1 1 1 1 1 1 1 0 1 1 0 1 1 1 1 0 1 1 1 1 0 1 1 1 0 1 1 0 0 1 0 1 0 1 0 1 0 0 0 0 1 0 0 1 1 1 0 0 1 1 1 1 0 0 0 1 1 0 1 1 1 0 1 1 1 0 0 0 1 0 0 0 0 1 1 1 1 1 1 1 1 1 1 1 1 1 1 0 0 1 0 1 0 1 0 0 1 0 1 1 0 1 0 1 1 0 0 1 0 1 1 0 1 1 0 0 1 1 1 1 1 0 0 1 1 1 1 1 1 1 1 0 1 0 0 0 1 1 1 1 1 1 1 0 1 1 0 0 0 1 0 1 0 1 1 1 1 1 0 0 72 0 0 1 0 0 1 0 1 0 0 0 0 1 0 0 0 1 0 1 0 1
1 1 0 1 0 0 0 1 0 0 1 1 0 0 1 1 1 0 1 0 1 0 1 0 0 0 1 0 0 0 1 0 1 0 1 0 1 1 0 1 0 1 0 0 0 0 1 0 0 0 0 1 0 0 1 0 1 1 1 0 1 1 1 1 0 1 0 1 1 1 0 1 1 1 1 0 0 1 0 1 0 0 0 0 1 1 1 0 0 0 0 0 0 0 1 0 1 1 1 1 1 0 0 0 1 0 0 1 1 0 0 0 1 1 1 1 0 0 1 0 0 1 0 1 0 1 1 1 1 1 1 1 1 1 1 0 1 1 0 0 1 1 0 1 1 0 0 1 1 1 0 1 1 0 1 1 0 1 0 0 0 1 1 1 1 1 1 1 1 0 1 0 1 1 0 0 1 1 0 27 1 0 1 1 0 1 0 1 1 0 1 1 0 1 0 1 0 0 1 1
1 0 1 1 0 0 0 1 0 1 1 0 1 0 1 0 1 0 0 0 1 1 1 1 0 1 1 0 0 1 1 1 1 0 1 0 1 1 0 0 1 1 0 0 0 1 1 1 0 0 1 1 1 0 0 0 1 0 0 0 1 1 0 0 1 1 1 1 0 1 1 1 1 1 0 1 0 0 0 0 0 1 1 0 1 0 0 1 0 0 1 1 0 1 1 1 1 0 0 1 0 0 0 1 1 0 0 1 0 0 0 0 1 1 1 0 1 0 1 1 0 0 0 1 0 1 1 0 0 1 0 1 1 0 0 1 1 1 0 1 1 0 0 1 0 1 1 1 0 0 1 1 1 0 1 1 1 1 1 1 1 0 1 1 0 1 1 1 1 1 1 1 0 0 1 0 0 0 1 0 37 1 1 1 1 1 0 0 1 0 0 0 1 1 0 0 0 0 1 1
1 0 0 1 1 1 1 0 1 1 1 0 0 1 0 0 0 0 1 0 0 1 1 1 0 1 1 1 1 1 1 1 1 0 1 0 0 1 1 1 1 1 0 0 0 1 1 1 0 0 1 1 0 0 1 1 0 1 0 0 1 1 1 1 1 0 1 1 1 0 0 1 1 0 1 0 0 0 1 1 0 0 1 0 0 1 0 1 1 1 1 1 1 1 0 1 1 1 1 0 1 0 1 1 1 1 1 1 1 0 1 1 1 0 0 1 0 0 1 0 1 1 1 0 0 1 1 1 1 1 0 0 1 1 0 1 1 1 1 0 0 1 0 1 1 1 0 0 0 0 1 1 1 1 1 0 1 1 0 0 1 0 1 0 0 1 0 1 1 0 0 1 1 0 0 0 0 0 0 0 1 62 0 1 1 1 1 0 0 1 1 0 1 1 0 0 1 1 0 0
0 0 0 1 1 1 1 1 0 1 1 0 1 1 0 0 0 0 0 1 1 0 0 1 1 0 1 0 1 0 1 1 0 1 1 1 1 1 1 0 0 0 1 1 0 0 0 0 1 1 0 1 0 0 0 0 0 1 0 1 0 1 0 1 1 0 0 1 1 0 0 1 1 0 0 1 1 0 0 1 1 1 0 0 0 1 1 1 1 0 1 0 1 0 1 1 1 1 1 0 1 1 0 1 0 1 1 0 1 1 1 1 0 1 1 0 1 1 0 0 1 0 1 0 0 1 1 0 1 1 1 0 1 1 1 1 0 1 0 1 1 1 1 1 1 1 1 1 1 0 1 1 1 1 1 0 0 1 1 1 0 1 1 1 1 0 1 1 1 1 1 0 1 1 1 1 1 0 0 0 1 0 98 1 0 0 1 0 1 0 1 1 1 1 0 1 1 1 0 1
0 0 1 0 1 1 0 0 0 0 1 0 0 1 1 1 1 0 0 1 0 0 1 0 1 1 1 1 1 1 1 1 0 0 1 1 1 1 1 1 0 1 1 0 0 1 1 1 0 1 1 1 0 0 0 1 1 1 1 1 0 1 1 0 1 1 0 1 0 1 1 0 1 1 0 0 1 0 0 1 1 1 1 1 0 0 1 1 0 1 0 1 1 0 1 1 1 1 1 1 0 0 1 0 1 1 1 1 1 1 1 1 0 1 0 1 1 0 1 1 1 1 0 1 1 1 0 1 0 1 1 0 1 1 0 0 1 0 0 0 0 1 1 1 1 0 1 1 1 1 1 1 0 1 1 1 0 1 1 0 1 1 0 1 1 0 1 1 1 1 1 0 0 0 1 1 1 0 1 1 0 0 0 63 1 0 1 1 1 0 1 0 0 0 1 1 0 1 1 1
1 1 1 0 0 1 0 0 0 1 1 1 1 1 0 0 1 1 0 1 1 1 1 1 0 1 1 0 1 1 0 1 1 1 1 1 1 0 1 0 1 0 1 1 1 1 1 1 1 1 1 1 1 1 0 1 1 1 1 0 1 1 0 1 1 0 0 0 0 1 0 0 1 1 1 0 1 1 0 1 1 1 1 1 1 0 1 1 0 1 1 1 1 1 0 0 0 1 1 1 0 1 0 1 1 1 1 0 1 1 1 1 1 1 0 0 1 1 1 1 0 1 0 1 1 1 1 1 1 1 0 1 1 1 0 0 0 0 1 1 0 1 0 1 0 1 1 1 1 1 1 1 1 0 1 0 1 0 1 0 0 1 0 1 0 1 1 1 1 1 1 0 1 1 0 0 1 1 0 0 1 1 0 1 11 1 0 0 1 0 0 0 1 1 1 1 0 0 1 0
0 0 1 1 1 0 0 1 1 1 0 1 1 1 1 1 0 1 1 1 1 1 1 0 1 0 1 1 0 1 1 1 1 1 1 1 1 0 1 1 1 1 0 1 0 0 1 1 1 1 1 0 1 1 0 0 1 1 0 0 1 1 1 1 1 1 0 0 0 1 1 0 0 0 1 0 1 0 0 1 0 1 1 1 0 1 1 0 0 1 1 0 0 1 1 1 1 0 1 0 0 0 1 1 1 1 1 1 1 0 0 0 0 0 1 1 0 1 1 1 1 1 1 0 0 0 1 0 1 0 1 0 0 1 0 1 1 1 1 0 1 0 0 1 0 1 0 0 1 1 1 1 1 0 0 0 1 1 1 1 1 0 1 1 1 1 0 0 0 1 0 0 1 1 1 0 1 0 1 0 1 1 0 1 1 48 1 0 0 1 0 1 0 1 1 0 1 0 0 1
0 1 1 1 0 0 1 1 0 1 0 0 0 1 1 1 1 1 1 0 1 1 1 1 0 0 1 1 0 0 0 1 0 1 1 0 0 1 0 1 1 1 1 1 1 1 1 0 1 1 0 1 1 0 1 1 1 1 0 1 1 1 1 0 1 1 0 1 0 1 0 0 1 1 0 1 1 0 1 0 0 0 1 1 0 1 1 1 0 0 1 1 1 1 1 1 1 1 1 1 0 0 1 1 1 1 1 0 1 1 1 1 0 0 1 0 1 1 0 1 1 0 1 1 1 1 1 1 1 1 1 1 1 0 1 1 1 1 0 1 0 1 0 1 1 0 1 1 1 1 1 1 1 0 1 1 1 1 0 1 1 1 0 1 0 1 0 1 1 1 0 1 0 0 1 1 0 0 0 0 1 0 0 0 1 0 64 1 1 1 0 1 0 1 1 1 1 0 0 0
0 1 1 0 1 1 1 1 0 0 1 0 1 0 0 1 1 0 1 0 1 1 0 0 1 1 1 1 0 1 1 1 1 0 0 1 0 0 1 1 0 0 1 0 0 0 0 1 0 0 0 1 1 1 0 0 0 1 0 1 0 1 1 1 1 1 0 0 1 0 1 0 1 1 0 0 1 1 1 0 1 0 1 1 0 1 1 1 0 1 1 1 1 0 1 1 1 1 0 1 0 1 1 1 0 0 0 0 1 0 1 1 1 0 1 0 1 1 0 1 1 1 0 1 1 1 1 1 0 1 1 1 1 1 0 1 1 0 0 0 1 0 0 1 0 0 1 1 1 1 1 1 0 1 1 0 1 0 0 1 1 1 1 1 1 1 1 1 1 1 1 1 0 0 1 1 0 1 1 0 1 0 1 0 0 0 1 58 1 1 1 1 1 1 1 1 1 1 0 1
0 0 0 1 1 1 1 0 1 1 1 1 1 1 0 1 0 1 1 1 1 1 0 1 1 1 0 1 0 0 0 0 1 1 0 1 0 1 1 0 0 1 1 1 0 1 0 1 1 1 1 0 0 1 0 1 0 1 1 1 0 0 1 0 0 1 1 1 1 0 1 1 0 0 1 0 0 1 1 0 0 0 1 0 1 1 1 0 0 1 1 1 1 0 0 0 1 0 0 1 1 1 1 0 1 0 1 1 1 1 1 1 0 1 0 1 1 0 0 0 1 0 0 0 1 0 0 0 1 0 1 0 1 0 1 0 1 1 0 0 1 1 1 1 0 1 1 1 1 1 1 0 0 1 1 1 1 0 0 0 1 1 1 1 1 1 1 0 0 1 1 1 1 1 1 1 0 0 0 1 1 1 1 0 0 1 0 1 3 1 1 1 1 0 1 1 1 1 0 0
0 0 1 1 1 0 1 0 1 1 1 1 1 0 0 0 0 1 1 0 1 1 0 1 1 1 1 1 1 1 0 0 1 1 0 1 0 1 1 0 1 0 1 1 1 1 1 1 0 1 1 0 0 1 0 0 1 0 1 1 1 1 1 0 0 1 0 1 0 1 0 1 1 0 1 1 1 0 1 1 1 1 0 1 1 1 1 1 0 1 1 0 0 0 0 1 1 1 0 0 1 1 1 0 1 1 1 1 1 1 0 0 0 0 1 0 1 1 1 1 0 0 0 0 0 1 1 1 0 1 1 1 0 1 0 1 1 0 0 1 1 1 1 1 0 1 1 0 0 0 1 0 0 0 1 0 1 1 1 1 0 0 1 1 0 0 1 0 1 0 0 1 1 1 1 0 0 1 0 0 1 1 1 1 1 1 1 1 1 46 1 0 0 0 0 1 0 1 1 0
0 1 0 1 1 0 1 1 0 1 1 1 1 0 0 0 1 0 1 1 0 0 1 1 0 1 0 1 0 1 1 0 1 1 1 1 1 0 0 1 1 0 1 0 1 0 1 1 1 0 1 0 1 1 1 1 1 0 1 0 1 0 1 1 1 0 1 1 1 1 1 1 1 0 1 1 0 1 1 1 1 0 0 1 1 1 1 0 0 1 1 1 1 1 1 0 1 1 1 1 0 1 0 1 1 1 1 1 1 1 1 1 1 1 0 1 1 0 1 1 1 0 0 0 1 1 1 1 0 1 1 0 1 1 1 0 0 0 0 0 0 0 1 0 1 1 0 1 0 1 1 0 0 1 0 0 1 0 1 0 0 0 0 0 1 0 1 1 1 1 0 1 0 0 0 1 1 1 0 1 0 1 0 0 1 1 1 1 1 1 49 1 1 1 1 1 1 1 1 1
1 1 1 1 1 0 1 1 1 0 0 0 1 1 1 0 0 0 1 1 0 0 1 1 0 1 1 0 1 0 1 0 0 1 1 0 1 1 1 1 1 1 1 0 1 1 1 1 1 0 0 1 0 0 0 1 1 1 1 0 0 1 0 1 0 1 1 1 0 0 1 1 0 1 0 1 1 0 0 0 0 1 0 1 1 0 1 1 1 1 1 0 1 1 1 0 0 0 1 1 1 1 1 1 1 0 1 1 1 1 0 1 0 1 0 0 1 1 1 1 1 0 0 0 1 1 1 1 1 0 1 1 1 1 1 1 0 0 1 1 0 0 0 1 1 0 1 0 0 0 1 1 0 0 0 0 1 1 1 0 0 1 0 1 1 1 0 1 1 1 1 0 1 1 0 0 1 0 1 0 1 1 0 0 0 0 1 1 0 1 1 13 1 1 1 1 0 1 1 1
1 0 1 0 1 0 1 1 1 1 0 1 1 1 1 1 1 1 1 0 1 0 0 1 1 1 1 1 0 1 1 0 0 0 1 0 1 1 0 1 1 1 1 1 1 1 0 1 1 0 1 1 1 1 0 1 1 0 1 0 0 0 1 1 0 1 1 1 1 1 1 1 1 0 1 0 0 1 1 1 0 1 1 1 1 1 0 1 1 1 1 0 0 0 1 1 1 1 1 1 0 1 1 1 1 1 1 0 1 1 0 1 0 0 1 0 1 0 0 0 0 1 0 1 1 0 1 0 0 0 1 1 1 0 0 1 0 1 0 1 0 0 1 1 0 1 1 1 1 0 0 0 1 1 1 1 1 1 0 1 1 1 1 0 0 0 0 1 1 0 0 1 1 0 1 0 1 1 0 1 1 0 1 1 0 0 0 1 0 1 1 0 40 1 1 0 0 1 1 1
1 1 0 0 0 0 1 0 0 0 0 1 0 1 0 0 0 1 0 0 1 1 1 1 0 0 0 1 1 0 1 0 0 0 1 1 1 0 1 1 0 1 0 1 1 1 1 0 1 0 1 0 0 1 1 0 1 1 1 1 1 0 1 0 0 1 1 0 1 1 0 1 1 0 0 1 1 1 0 0 0 1 1 1 1 0 0 1 1 1 1 1 0 0 0 1 1 1 0 0 0 1 1 1 0 0 0 1 1 0 0 0 0 1 1 1 1 1 0 0 0 1 1 1 1 1 1 1 1 1 1 0 0 0 1 1 0 1 0 1 0 0 0 0 1 1 0 0 1 1 0 1 0 1 0 0 1 1 0 0 0 1 0 1 1 1 0 0 1 0 1 0 0 0 0 1 1 1 1 0 0 0 1 1 1 1 1 1 1 1 0 1 1 24 1 1 1 0 0 1
0 1 1 0 1 0 1 1 1 1 1 1 0 0 1 1 0 0 1 0 1 0 1 0 1 0 0 1 0 1 0 1 1 0 1 1 1 1 1 1 1 1 1 1 1 1 0 0 0 1 1 1 1 0 1 0 0 0 1 0 1 1 0 0 0 0 1 1 1 0 1 1 0 1 1 0 1 1 1 1 1 0 1 0 1 1 1 1 1 1 1 0 1 0 0 1 1 0 0 1 0 0 1 0 1 0 1 0 1 1 0 1 0 1 0 1 1 1 1 0 0 0 0 1 0 0 1 1 0 0 0 1 1 0 0 0 1 1 1 1 1 1 1 0 1 0 0 0 1 1 1 1 0 1 1 0 1 1 0 0 1 1 0 1 1 1 1 0 1 0 1 0 1 1 1 1 1 0 1 0 0 1 1 0 0 0 1 1 1 0 1 1 1 1 17 1 1 1 1 1
0 0 1 0 1 1 1 0 1 0 0 0 0 1 1 0 1 0 0 0 0 0 0 1 1 1 0 0 1 1 1 1 1 0 1 1 1 0 1 1 1 0 1 1 0 1 0 1 1 0 1 0 0 1 0 1 1 1 1 1 1 1 1 0 0 1 1 1 0 0 1 0 1 0 1 1 1 1 1 1 1 0 1 1 1 1 1 0 1 1 1 1 0 0 0 1 0 1 0 1 1 0 0 1 1 1 1 1 1 0 1 0 0 0 1 0 0 0 0 0 0 1 0 1 0 0 1 1 0 1 0 1 1 1 1 1 0 1 1 1 1 1 0 0 1 0 0 1 1 0 0 0 1 1 1 1 0 1 1 1 0 0 0 0 1 1 0 0 0 0 0 0 1 1 0 0 1 1 1 1 0 1 1 1 1 1 1 0 1 0 0 1 0 0 1 85 0 0 1 1
0 1 0 0 1 0 1 1 1 0 0 1 1 0 1 1 0 1 1 1 1 1 0 1 0 1 1 1 1 0 0 1 1 1 1 0 0 0 1 1 1 0 1 1 1 0 0 0 0 0 1 1 1 0 1 1 1 1 0 0 1 0 1 1 1 1 1 1 1 1 0 0 0 0 1 0 1 0 0 0 0 0 0 1 1 0 1 1 0 0 1 1 0 1 1 1 1 0 1 1 1 0 1 0 1 1 1 1 1 0 1 0 1 1 0 0 1 1 0 1 1 1 0 1 0 1 1 1 1 1 0 0 1 0 0 1 1 1 1 1 1 1 1 0 1 0 1 1 1 1 1 1 1 1 0 0 0 1 1 1 0 0 0 0 0 1 0 1 0 0 0 1 1 0 1 0 1 1 1 1 0 0 1 0 0 0 0 0 1 0 1 0 1 1 1 1 34 1 1 0
0 1 1 1 1 1 1 1 1 0 0 0 0 0 1 1 0 0 1 1 0 1 1 0 1 1 0 0 1 1 1 1 1 0 0 0 0 0 1 1 1 0 1 1 0 1 1 0 1 1 1 1 1 1 1 1 1 1 0 0 1 1 1 1 1 1 0 1 0 1 1 0 0 0 1 0 0 0 1 1 1 1 1 1 1 0 1 1 0 1 1 1 1 0 1 0 1 1 1 1 1 1 1 0 0 0 1 1 1 1 1 1 1 1 1 0 0 0 0 0 1 1 0 1 1 1 1 0 1 0 0 0 0 1 1 1 1 0 1 1 0 1 0 1 1 1 1 0 0 1 1 1 0 1 1 0 1 0 1 0 0 1 0 1 1 0 1 0 0 0 1 0 0 1 1 0 1 1 0 1 1 0 0 1 0 1 1 1 1 1 1 0 1 1 0 0 0 99 0 1
0 0 1 1 1 0 1 0 1 1 1 1 0 0 0 1 1 0 0 1 1 1 1 1 0 0 1 1 0 1 0 0 1 0 1 0 0 1 1 0 0 0 0 0 1 1 0 1 0 0 0 0 1 0 1 0 0 0 1 1 1 1 1 0 0 1 1 0 0 0 1 0 1 0 0 1 1 0 1 1 0 0 0 0 1 0 0 1 1 1 1 0 1 0 0 1 1 1 0 1 0 0 0 0 0 1 1 1 1 1 0 1 1 1 1 1 1 0 1 1 1 0 1 1 1 1 1 1 0 0 0 0 0 1 1 0 1 0 1 0 0 1 0 0 0 1 0 1 0 1 1 1 0 0 0 0 1 1 0 1 1 1 1 1 1 1 1 1 0 0 1 1 0 0 1 1 0 1 1 0 0 1 1 1 1 0 1 1 1 1 1 0 0 1 1 0 0 0 25 1
1 0 1 1 1 1 0 0 1 1 0 1 0 1 1 1 0 1 0 1 0 0 0 1 1 1 1 1 0 1 1 1 0 1 1 1 1 1 0 1 1 1 0 0 1 1 1 1 1 1 1 1 0 1 0 1 1 1 1 1 1 1 1 1 0 0 0 0 1 0 1 1 0 0 0 1 1 0 0 0 0 1 1 0 1 0 0 0 1 0 0 1 1 1 1 1 1 0 1 0 0 0 1 0 0 1 1 1 1 1 1 0 1 1 1 0 1 1 1 0 1 1 1 1 1 1 1 0 1 1 1 1 0 0 1 1 1 1 0 1 1 0 1 0 0 1 1 1 1 1 0 0 1 1 1 0 0 1 1 1 0 1 1 0 1 0 1 0 1 1 0 1 1 1 0 1 1 0 1 1 1 0 1 1 1 0 1 0 1 0 1 0 1 0 1 1 1 0 0 81
