68
17 1 1 0 1 0 1 1 0 0 0 1 0 1 1 0 0 1 1 0 0 1 1 0 0 1 0 0 1 0 0 1 0 1 0 1 1 1 1 0 1 0 0 0 0 1 1 0 1 0 1 0 0 0 1 0 0 1 1 1 1 1 1 1 1 1 1 0
1 12 0 1 1 1 0 0 0 0 1 1 1 0 0 0 1 0 1 1 0 1 1 0 0 1 1 0 0 1 0 0 0 1 1 1 0 1 0 0 0 0 0 0 1 0 1 1 1 0 0 0 0 0 1 0 1 0 0 1 1 0 0 1 0 0 1 1
1 0 78 1 0 0 1 1 0 1 0 0 0 0 1 1 1 0 1 0 1 1 1 0 1 1 0 0 1 1 0 1 1 0 1 1 0 1 1 1 0 0 0 0 1 1 1 0 0 1 0 1 1 0 1 0 0 0 1 0 0 0 1 1 0 1 0 1
1 1 1 59 1 0 0 0 0 1 0 1 0 1 1 1 0 1 1 1 1 1 0 0 0 1 0 1 0 1 1 1 0 1 1 1 0 1 0 1 1 1 0 0 0 0 0 0 1 1 0 0 0 1 1 1 1 1 0 0 0 1 0 1 0 1 0 1
0 0 0 1 25 1 1 1 1 1 0 0 0 0 1 0 0 1 0 0 1 1 1 1 1 1 1 1 1 1 1 1 0 1 1 1 1 0 1 0 1 0 1 1 1 0 0 1 0 0 0 1 1 1 1 1 1 1 0 1 1 0 1 1 1 0 1 1
0 1 0 0 0 47 0 1 0 1 1 1 0 0 1 0 0 0 0 0 0 1 1 1 0 1 0 1 1 1 1 1 1 0 0 0 0 1 1 1 0 1 1 1 1 0 0 1 0 0 1 1 0 1 1 1 0 0 1 0 1 1 0 0 1 1 1 0
1 0 0 1 1 1 99 0 1 1 0 1 1 0 0 1 1 1 1 0 1 0 0 1 0 1 1 1 1 0 1 1 0 1 0 0 1 1 0 1 1 1 1 0 1 1 0 0 1 0 1 0 1 1 0 1 0 0 1 1 0 1 1 0 1 1 1 1
0 1 1 0 0 1 0 51 0 1 1 1 0 1 0 1 1 1 0 1 0 1 1 0 0 1 0 0 0 0 0 0 0 1 0 0 0 1 0 1 1 0 1 1 0 1 0 1 0 0 1 0 0 1 1 0 0 1 1 0 0 0 1 1 0 0 0 0 
0 1 0 1 1 0 0 0 80 1 0 1 1 0 0 0 1 1 0 1 0 1 0 0 1 1 1 1 1 0 1 1 1 0 1 0 0 1 1 1 0 1 0 0 1 1 0 0 1 0 1 0 1 0 1 1 0 0 1 0 1 0 0 0 1 1 1 0
0 0 0 0 1 0 0 1 1 69 1 0 1 0 0 1 0 0 1 0 1 0 1 0 1 0 0 0 1 0 1 0 0 1 0 0 1 0 0 1 1 1 0 1 0 1 0 1 0 1 0 1 0 1 0 0 0 1 1 0 0 0 1 0 1 1 0 1
0 0 0 0 1 0 0 1 0 0 93 0 0 1 0 0 1 0 0 0 1 1 1 1 1 0 0 1 1 0 1 1 0 0 1 0 0 1 1 1 1 0 1 0 0 1 0 1 1 0 1 1 0 0 0 1 0 0 1 1 1 1 0 1 1 0 0 0
1 0 0 1 0 0 1 0 1 0 1 73 1 1 0 1 1 1 1 1 0 0 0 0 0 0 1 1 1 0 1 1 1 1 1 0 0 0 1 0 1 1 0 0 1 0 0 0 0 0 1 0 0 1 1 0 0 1 1 1 1 1 0 0 1 0 0 0 
0 1 1 1 0 1 0 0 1 0 0 0 9 1 1 1 1 1 0 0 1 1 1 1 0 0 1 1 0 1 0 0 0 0 0 0 1 0 1 0 0 0 1 1 1 1 1 1 0 0 0 1 0 1 1 0 0 0 0 1 0 0 0 1 1 0 1 1
1 0 0 1 1 0 0 1 1 0 0 1 0 92 0 0 0 0 0 1 1 0 0 0 1 1 1 1 0 1 0 1 1 0 0 0 0 0 0 1 0 0 0 0 1 0 0 0 0 0 0 0 1 0 1 0 1 0 1 1 0 1 1 0 0 0 1 1 
0 1 1 1 1 1 1 0 1 0 1 1 1 0 91 1 1 1 1 1 1 0 0 1 1 1 0 1 0 0 0 0 0 0 0 0 0 0 0 0 1 0 0 1 1 1 0 0 0 0 0 1 1 1 0 0 0 1 0 0 0 0 0 1 0 1 0 0
0 1 0 0 0 1 1 1 1 1 0 0 1 1 0 66 0 1 0 0 0 1 1 0 0 1 0 0 0 1 0 1 1 0 1 0 0 0 1 0 0 1 1 1 1 1 0 1 0 1 1 0 0 1 1 1 1 1 0 1 0 1 0 0 0 1 0 0
0 1 0 1 1 0 1 1 0 0 0 1 0 1 0 0 42 0 1 0 0 1 0 0 1 0 1 1 0 0 0 0 1 1 0 1 1 0 0 1 0 1 0 1 0 0 1 0 1 0 0 0 1 0 0 0 1 0 0 1 0 0 0 1 1 0 1 1 
1 0 0 1 0 0 1 1 1 0 1 1 0 1 1 1 1 49 0 0 1 1 1 0 1 0 0 1 1 1 0 0 1 0 0 0 1 1 0 1 0 0 1 1 0 0 1 1 1 0 1 1 0 0 0 1 1 1 0 0 0 0 0 1 0 1 1 0
0 0 0 0 1 1 1 0 0 0 1 1 1 1 1 1 1 0 90 1 0 1 0 1 0 1 1 1 0 1 0 1 0 1 1 0 0 1 1 1 1 0 0 0 1 1 1 0 0 1 1 1 1 1 0 1 0 1 1 0 0 0 1 0 0 0 1 1
0 1 0 0 1 1 0 1 1 0 0 1 1 0 1 1 1 1 0 86 1 1 1 1 0 1 1 1 0 0 0 1 0 1 1 1 1 0 1 1 1 1 1 1 1 1 1 0 1 1 1 1 0 1 1 0 1 0 0 1 1 1 1 0 1 0 1 1
1 0 1 0 0 0 0 0 0 0 1 0 0 1 0 1 1 1 1 0 93 1 1 0 0 1 0 1 0 1 1 1 0 0 1 1 0 1 0 1 1 0 0 1 0 1 0 0 1 0 1 1 0 1 1 0 1 0 0 0 0 0 0 1 0 0 1 0
1 1 0 1 0 0 1 0 0 1 0 0 0 1 0 1 1 1 0 1 0 63 1 0 1 0 1 0 1 1 1 1 0 1 1 1 0 1 1 1 0 0 0 0 0 1 1 1 0 1 0 0 0 1 0 1 1 1 1 1 1 0 1 0 1 0 0 0
1 1 1 1 1 0 0 1 1 0 1 0 0 0 0 0 1 0 1 1 1 1 18 1 0 1 0 1 0 1 1 1 0 0 0 0 0 0 1 1 0 1 1 0 1 1 0 1 0 0 0 0 1 1 1 1 0 1 1 1 1 0 0 1 1 1 1 1
1 0 1 0 1 1 1 0 1 0 0 0 1 1 0 1 0 1 0 0 0 0 0 49 1 1 0 0 0 0 1 1 0 1 0 0 0 1 0 1 0 0 1 0 1 1 0 0 1 0 0 1 0 1 0 1 0 1 0 0 1 0 0 0 1 0 1 0
1 1 0 0 1 0 1 0 0 0 0 0 0 0 0 1 1 0 0 1 0 0 1 0 27 1 0 1 1 1 0 1 1 0 0 0 1 0 1 0 1 1 1 1 1 1 0 1 1 1 0 0 0 0 1 1 1 0 1 0 1 0 0 0 1 0 1 0
1 1 1 1 0 0 1 1 0 0 0 0 0 1 1 0 0 0 0 0 1 1 1 0 1 77 1 1 0 1 0 1 0 1 1 1 0 1 1 0 1 1 1 1 1 0 0 1 1 1 0 1 0 0 1 0 0 0 1 1 1 0 0 0 1 0 1 0
0 1 1 1 0 0 1 0 0 1 1 0 0 1 0 0 0 1 0 0 0 0 1 1 1 0 22 1 0 1 0 1 0 1 0 1 0 0 0 0 1 0 0 1 0 0 0 1 1 1 1 1 1 0 1 0 0 1 1 1 1 1 1 1 0 1 1 0
1 1 0 1 0 0 1 0 0 1 0 0 0 1 0 1 1 1 0 1 0 1 0 1 0 1 0 55 1 1 1 0 1 1 1 0 1 0 1 1 0 0 0 0 0 1 1 1 0 1 0 0 0 1 0 1 1 1 1 1 1 0 1 0 1 0 0 0
1 1 1 1 1 0 0 1 1 0 1 0 0 0 0 0 1 0 1 1 1 1 1 0 1 0 1 0 28 1 1 0 0 0 0 0 0 1 1 1 0 1 1 0 1 1 0 1 0 0 0 0 1 1 1 1 0 1 1 1 1 0 0 1 1 1 1 1
1 0 1 0 1 1 1 0 1 0 0 0 1 1 0 1 0 1 0 0 0 0 0 1 1 0 0 0 0 43 1 0 1 0 0 0 1 0 1 1 0 0 1 0 1 1 0 0 1 0 0 1 0 1 0 1 0 1 0 0 1 0 0 0 1 0 1 0
1 1 0 1 0 0 1 0 0 1 0 1 1 1 0 1 0 1 1 1 0 1 0 0 1 1 0 0 1 1 95 0 0 1 0 0 0 1 1 0 1 1 0 1 1 0 0 0 0 1 1 0 1 1 0 1 1 1 1 0 1 0 0 1 0 0 1 0
0 0 1 0 0 1 0 0 1 0 0 0 1 1 1 1 0 0 1 0 1 0 1 1 1 0 0 0 0 1 0 37 0 1 0 1 0 0 1 0 1 0 0 0 1 0 0 1 1 1 0 1 0 0 1 1 1 1 1 0 0 0 0 0 1 1 0 1
0 1 0 0 0 1 0 0 1 0 1 1 1 0 0 0 1 1 0 1 1 0 1 1 0 0 0 1 1 1 1 0 38 1 0 0 0 0 0 1 0 0 0 1 0 0 1 0 0 1 0 1 0 1 1 1 1 1 1 0 1 0 0 0 0 0 1 0
0 0 0 1 0 0 1 1 0 1 0 1 1 0 0 0 0 1 1 1 0 1 0 0 0 1 1 1 1 0 1 1 0 38 1 1 0 1 1 1 1 1 0 1 0 1 0 0 0 1 1 0 1 1 1 1 1 1 1 1 1 1 0 0 0 0 0 0
1 1 1 1 1 1 1 0 1 0 1 0 1 0 0 0 1 0 1 0 0 1 0 1 1 1 1 0 0 0 0 1 1 1 18 0 0 0 0 1 1 1 0 0 0 0 1 0 1 1 1 1 0 0 0 1 1 0 0 0 0 0 0 0 0 0 0 0
1 0 1 1 1 1 1 1 0 0 0 0 1 1 1 0 1 1 1 1 0 0 1 0 0 1 0 0 0 0 0 0 1 0 1 44 1 0 0 0 0 1 1 0 0 1 0 1 0 0 0 1 1 1 1 0 0 0 0 0 0 1 1 0 0 0 1 1
1 0 1 1 0 1 1 1 1 0 1 1 0 1 1 1 1 0 0 1 0 1 0 0 1 1 0 1 1 1 1 0 0 1 0 0 6 1 0 0 0 1 1 0 0 1 1 0 1 1 0 0 0 0 0 1 1 0 0 1 0 0 1 1 1 1 0 1
1 1 0 0 1 1 0 0 0 0 1 1 1 1 1 0 0 0 0 0 0 0 0 1 0 1 1 1 0 0 0 1 0 1 1 1 1 34 1 0 0 1 1 1 1 0 0 1 0 0 0 1 1 1 0 1 0 0 1 0 0 1 1 0 1 0 1 1
1 1 0 0 0 1 0 1 1 0 1 1 0 0 0 1 1 1 0 0 0 0 0 0 0 0 0 1 1 1 0 0 0 1 0 1 0 0 51 0 0 1 1 0 1 1 0 1 1 1 1 1 1 0 0 1 0 1 0 1 1 1 1 1 0 1 0 1 
1 0 0 1 0 1 0 0 1 0 1 1 0 0 0 1 0 0 1 1 1 1 0 0 0 1 1 1 0 1 0 1 1 1 1 0 1 1 0 77 1 1 1 1 0 1 0 1 1 1 0 1 0 1 0 1 0 0 1 1 0 0 0 1 1 1 0 0
1 0 0 0 0 1 1 1 0 1 0 1 1 0 0 1 1 1 0 0 1 0 0 1 1 0 1 1 0 1 0 0 0 1 1 1 1 1 0 1 7 0 1 1 1 1 0 1 0 0 1 0 0 0 1 1 0 0 1 1 0 1 1 0 0 1 1 1
0 1 0 1 1 0 1 0 1 0 0 1 0 1 1 1 0 0 0 1 1 1 1 1 1 0 0 0 0 1 1 0 0 0 0 1 0 0 0 1 1 0 0 1 0 0 1 0 0 0 1 0 0 1 1 1 1 1 1 0 1 1 1 1 0 1 0 1
0 1 0 0 1 0 1 0 0 0 1 1 1 0 0 1 0 1 1 0 1 1 1 1 0 1 1 1 0 0 1 1 0 1 0 1 0 1 1 0 1 1 77 1 1 0 1 1 1 0 0 0 1 1 1 0 1 1 1 0 0 1 1 1 0 0 0 0
1 1 1 1 0 0 1 1 0 1 0 0 1 1 0 1 1 1 1 1 0 0 0 1 0 1 1 1 1 0 0 0 1 0 1 0 1 0 0 0 0 0 1 77 0 0 0 1 1 1 1 0 0 0 1 1 0 0 0 1 0 0 0 0 1 1 0 0
0 1 1 1 1 1 1 1 1 0 0 0 1 0 0 1 1 0 0 0 0 1 1 0 1 0 0 0 1 1 1 1 0 1 1 1 1 0 1 1 1 1 0 1 43 1 1 1 1 1 1 0 1 0 1 1 1 0 0 1 0 1 1 0 0 0 0 1
1 0 1 1 1 1 1 1 0 0 0 0 1 1 1 0 1 1 1 1 0 0 1 0 0 1 1 0 0 1 1 1 1 0 1 0 1 1 1 0 0 0 1 1 1 53 0 0 0 1 0 1 1 0 0 0 1 1 1 0 1 0 1 0 0 1 0 0
0 0 1 1 1 0 1 0 1 1 1 0 0 0 0 0 0 1 0 0 1 1 1 0 1 1 1 1 0 0 1 1 0 1 1 1 1 0 0 1 0 0 1 0 1 1 12 0 1 0 1 0 1 0 0 1 0 1 1 1 0 1 1 1 1 0 0 0
0 1 1 0 1 0 1 0 1 0 0 1 1 0 0 1 1 1 1 1 0 1 0 0 1 0 1 1 0 0 0 0 0 0 0 1 1 0 0 1 1 1 1 1 0 1 0 79 0 0 1 1 1 1 0 1 0 0 1 1 1 0 1 1 1 0 0 0
1 0 1 1 0 0 0 0 0 0 0 1 1 1 0 0 0 1 1 0 0 0 1 1 1 1 0 1 1 0 0 1 1 1 0 0 0 1 0 1 1 0 0 0 0 1 1 1 86 1 0 0 1 0 0 0 1 0 1 0 0 1 0 1 0 0 1 0
0 1 0 1 1 1 1 1 1 0 1 0 0 0 1 0 0 1 1 0 1 1 0 1 1 0 1 0 1 0 1 0 0 1 0 0 1 0 1 1 1 0 0 1 0 0 1 1 1 12 0 0 1 1 1 1 0 1 1 0 0 1 1 1 0 1 1 1
0 1 0 0 1 1 0 1 1 1 0 0 0 0 0 0 1 0 1 1 0 1 0 1 0 0 1 1 1 1 1 0 0 1 1 1 0 1 1 0 0 0 0 0 0 1 0 0 1 0 55 0 0 0 1 1 0 0 1 0 1 1 0 1 1 0 1 1
0 1 1 1 1 0 1 0 0 1 0 0 1 0 1 0 1 1 1 0 0 0 0 0 1 0 0 0 0 1 1 0 0 1 1 0 1 1 1 0 1 1 0 1 0 1 0 0 0 0 0 36 1 0 0 1 1 1 1 0 1 0 1 0 1 0 1 1
1 1 1 0 0 0 1 0 1 1 0 0 0 0 1 1 0 0 1 0 1 0 0 1 1 0 1 0 0 0 1 1 0 0 1 1 1 0 1 0 0 0 0 1 0 1 1 1 1 0 1 0 38 0 1 1 1 0 0 1 0 0 1 1 1 1 0 1
1 1 1 1 1 0 1 0 0 1 1 0 0 1 1 1 1 1 1 1 1 0 1 1 1 1 0 1 0 1 1 0 0 0 1 0 0 1 1 0 0 0 1 0 1 1 1 0 0 0 0 0 1 36 1 0 0 1 1 1 1 0 1 1 0 0 0 1
1 1 0 1 1 1 1 1 1 1 0 1 1 1 0 1 1 1 1 0 1 1 0 1 0 1 1 0 0 0 0 0 0 0 1 0 1 1 1 1 0 1 0 0 0 1 1 0 1 0 1 0 1 1 38 0 1 0 1 0 0 1 0 0 0 1 0 0
1 1 0 1 1 1 1 1 1 0 0 0 0 0 1 0 0 0 0 1 1 0 0 1 1 0 0 0 0 1 1 1 1 0 0 0 1 1 1 0 1 0 1 1 0 0 0 1 0 1 0 0 0 0 1 6 0 1 0 1 0 1 0 1 0 1 1 0
1 0 0 0 0 0 1 0 0 0 1 0 0 1 0 1 0 0 0 1 0 0 1 1 0 1 1 1 1 1 1 1 1 1 0 0 1 1 0 1 0 1 1 0 1 0 1 0 1 1 0 1 0 0 1 1 68 1 1 1 0 1 1 1 1 1 0 1
0 0 0 1 1 0 0 0 1 1 0 1 0 0 1 1 1 1 0 0 0 1 0 1 1 1 1 0 1 0 0 0 1 0 0 0 1 1 0 0 1 1 0 1 0 0 0 1 1 0 0 1 0 1 1 1 0 73 0 1 0 1 1 1 1 0 1 1
0 1 0 0 0 0 0 1 0 0 1 1 1 1 1 0 1 0 0 1 0 1 0 0 1 1 0 0 1 1 1 1 1 0 0 1 0 0 1 0 0 0 0 0 1 0 1 0 0 0 1 0 1 1 0 0 1 0 99 0 0 0 1 0 1 0 0 0
1 1 0 0 1 1 0 1 1 1 0 0 0 1 1 0 1 1 0 0 1 1 1 1 1 1 1 1 1 1 0 0 1 1 1 1 1 1 1 1 0 1 0 1 0 0 1 0 1 1 0 1 0 1 1 1 0 1 1 50 0 0 1 0 0 1 0 1
1 1 1 1 1 0 1 0 0 1 0 0 0 1 0 0 1 0 1 1 0 0 0 1 1 0 0 0 1 0 0 0 0 0 0 0 0 0 0 0 0 1 1 1 1 0 0 1 1 0 1 0 1 1 0 0 1 0 1 1 97 0 1 0 1 0 1 1 
1 1 1 0 0 0 1 1 1 1 0 0 0 0 1 1 0 0 0 0 1 0 0 1 1 0 0 1 0 1 0 0 0 0 1 1 0 1 1 1 0 0 1 0 1 0 1 1 1 1 0 1 1 1 1 1 1 0 0 1 1 87 0 1 0 1 1 0
1 1 1 0 0 0 0 0 1 0 1 1 1 0 0 0 0 0 1 1 0 0 0 0 1 1 1 0 0 1 0 1 1 0 1 0 0 0 1 1 1 0 1 1 1 1 1 1 1 1 0 0 1 0 0 1 0 0 1 1 1 1 22 1 0 1 1 1
0 1 1 0 0 1 1 0 0 0 1 1 1 1 0 1 0 0 1 1 0 1 1 0 1 1 1 0 0 0 1 0 1 1 1 0 0 0 0 0 1 0 1 1 1 0 1 1 0 1 0 0 0 0 0 0 0 1 1 1 0 1 1 26 1 0 0 0
1 1 0 1 1 0 1 1 0 0 0 1 1 1 1 0 1 0 1 0 0 0 1 1 0 1 1 1 0 1 0 1 1 0 0 1 1 1 0 0 1 0 0 0 1 1 1 0 1 1 1 0 1 0 0 1 0 0 1 1 0 1 1 0 58 0 1 1 
1 0 1 1 1 0 0 0 0 1 0 0 0 1 0 1 0 1 0 0 1 1 0 0 1 1 0 1 0 1 1 0 0 0 0 0 1 0 0 1 0 0 1 0 0 0 1 0 1 0 0 0 0 1 0 1 0 0 1 1 1 1 1 1 1 9 1 1
0 1 1 1 0 0 0 0 1 0 1 0 0 0 1 1 0 0 1 1 1 0 1 0 0 0 1 1 0 0 0 1 0 1 0 1 1 1 0 0 1 1 1 1 1 1 0 1 0 1 1 1 0 1 1 0 0 1 1 1 1 1 0 0 1 1 38 1
1 1 0 1 1 1 1 1 1 1 1 1 1 1 0 1 1 1 1 0 1 1 0 1 0 1 1 0 1 1 1 1 1 1 1 1 1 1 1 1 1 1 1 1 1 1 1 1 0 1 0 1 1 0 1 0 0 1 0 1 0 1 1 0 1 1 1 1

