19
54 0 0 1 1 0 0 0 0 1 0 0 1 1 0 1 0 0 0
1 78 1 0 1 0 1 1 0 0 0 1 0 1 1 0 0 1 1
1 0 32 1 0 0 1 1 0 1 0 0 0 0 1 1 1 0 1
1 1 1 10 1 0 0 0 0 1 0 1 0 1 1 1 0 1 1
0 0 0 1 23 1 1 1 1 1 0 0 0 0 1 0 0 1 0
0 1 0 0 0 88 0 1 0 1 1 0 0 0 1 0 0 0 0
1 0 0 1 1 1 98 0 1 1 0 1 1 0 0 1 1 1 1
0 1 1 0 0 1 0 10 0 1 1 1 0 1 0 1 1 1 0
0 1 0 1 1 0 0 0 36 1 0 0 1 0 0 0 0 0 1
0 0 0 0 1 0 0 0 1 69 1 0 1 0 0 1 0 0 1
0 0 0 0 0 0 0 1 0 0 89 0 0 0 1 0 0 1 0
1 0 0 1 0 0 1 0 1 0 1 25 1 1 0 1 1 1 1
0 1 1 1 0 1 0 0 1 0 0 0 12 1 1 1 1 1 0 
1 0 0 1 1 0 0 1 1 0 0 1 0 74 0 0 0 0 0
0 1 1 1 1 1 1 0 1 0 1 1 1 0 54 1 1 1 1
0 0 0 0 1 0 1 0 0 0 1 0 1 1 0 78 0 1 0
0 1 0 1 1 0 1 1 0 0 0 1 0 1 0 0 65 0 1 
1 0 0 1 0 0 1 1 1 0 1 1 0 1 1 1 1 65 0 
0 1 0 0 0 1 1 1 1 1 0 1 0 0 0 1 1 0 65