50
21 0 1 0 0 0 0 1 1 0 0 0 1 1 0 1 0 0 1 0 1 1 0 1 1 0 0 0 1 1 0 0 1 0 0 0 1 0 1 0 1 0 0 1 1 0 1 1 1 1
1 42 1 1 0 1 0 0 1 0 1 1 1 1 1 1 0 0 0 0 1 1 0 0 0 0 0 1 1 0 0 1 0 0 0 0 1 0 0 1 1 0 1 0 1 0 1 1 1 1
0 0 5 1 0 0 0 0 0 1 0 0 0 0 0 1 1 0 1 0 0 0 1 0 1 0 0 0 1 0 1 1 1 1 1 0 1 1 0 1 1 1 1 1 0 1 0 1 1 0
1 0 0 12 1 0 0 0 0 0 1 0 1 0 0 1 0 1 0 1 1 0 1 0 1 1 0 0 1 1 1 0 1 1 0 1 0 1 0 1 1 0 1 0 1 0 1 0 1 1
1 1 0 1 44 0 0 0 1 1 1 1 1 1 1 0 0 1 0 0 1 0 0 0 1 1 0 1 1 1 0 1 0 1 0 0 0 0 0 0 1 1 1 0 0 0 0 0 1 0
0 0 0 0 0 29 1 0 1 1 1 0 1 1 0 0 1 1 1 0 1 1 0 1 1 0 1 1 0 0 1 0 1 0 1 1 0 0 1 0 1 0 1 0 0 0 0 0 0 1
0 0 0 1 1 1 48 0 1 0 0 1 1 0 1 0 0 0 0 1 0 0 1 0 1 0 1 1 0 0 1 1 0 1 0 0 0 1 1 0 1 0 0 0 0 1 0 0 0 0
1 0 0 1 1 1 0 65 0 0 0 1 1 1 0 0 1 0 1 1 1 0 0 1 1 0 0 1 1 0 0 0 1 1 0 1 0 1 1 0 0 1 0 1 1 0 0 1 0 1
0 0 1 0 1 0 1 1 30 1 0 0 1 0 1 1 0 0 0 1 0 0 1 1 0 0 0 0 0 1 1 1 0 1 1 0 1 1 1 1 1 0 1 1 1 1 1 1 0 1
0 0 1 1 0 1 1 1 0 18 0 1 0 1 0 0 0 1 0 0 0 0 0 1 1 0 1 1 1 1 1 1 1 1 1 1 1 0 1 1 0 0 0 1 0 1 1 0 0 0
1 1 0 0 0 0 1 1 1 0 90 0 0 0 0 0 1 0 1 0 0 0 0 0 1 0 1 1 1 0 1 0 1 0 1 0 0 1 0 1 0 0 0 0 1 0 0 1 1 1
0 0 1 1 0 1 0 1 1 0 1 69 1 1 0 1 0 0 0 0 0 1 1 0 0 1 1 1 0 0 0 1 1 0 1 1 1 0 0 1 1 1 1 1 1 1 0 0 1 1
1 1 1 1 0 1 0 1 0 0 0 0 40 0 0 0 1 1 0 1 1 1 1 0 0 1 0 1 1 1 0 0 1 1 1 1 1 1 1 0 0 0 0 0 0 0 0 0 0 0
1 0 1 1 0 0 0 0 1 1 0 1 1 25 0 0 1 0 0 0 0 1 1 1 1 0 0 0 0 0 1 0 1 1 1 0 1 1 1 1 0 0 0 0 1 0 0 0 0 1
0 0 1 0 1 0 0 1 1 0 0 1 1 0 24 1 1 0 1 0 1 1 0 0 1 0 0 0 1 1 1 1 0 0 1 1 1 1 1 0 0 1 1 0 0 1 0 0 0 0
0 1 1 0 0 0 0 1 0 0 0 1 0 0 1 48 0 1 0 1 1 0 0 0 1 1 1 1 1 1 0 1 1 0 1 1 0 0 0 0 0 0 1 0 0 1 0 1 1 0
0 0 0 0 0 0 0 0 1 1 1 1 0 1 1 0 53 0 1 0 0 0 1 1 0 1 1 1 0 0 0 1 0 1 1 1 1 0 0 0 1 1 0 1 0 1 1 0 0 1
0 1 0 1 1 0 1 0 1 1 0 0 0 1 1 0 0 74 1 1 1 1 0 0 1 0 1 0 1 0 0 1 0 0 1 0 0 0 0 1 0 0 0 1 0 1 1 0 1 1
0 0 1 0 0 1 1 1 1 0 1 0 0 0 1 1 0 0 52 0 1 1 0 0 1 0 1 0 0 1 1 1 0 0 0 1 1 0 1 0 0 1 0 0 0 0 0 0 0 1
1 1 1 0 0 1 0 0 0 0 1 0 1 1 1 1 1 0 0 96 1 0 0 0 0 0 1 0 1 0 1 1 0 0 0 1 1 1 1 1 1 0 1 0 1 1 0 0 1 1
1 1 0 1 0 0 1 0 0 0 1 1 0 1 0 0 1 0 0 0 47 0 0 0 0 1 0 0 0 0 1 0 0 0 0 0 1 1 1 0 0 0 0 0 0 1 1 1 1 1
0 0 0 1 0 0 1 0 0 0 1 0 0 1 1 0 1 0 1 0 0 43 1 0 1 0 0 0 1 0 1 0 1 1 1 0 1 0 1 1 0 0 0 0 1 0 1 1 1 1
0 0 0 0 1 1 0 0 1 1 0 0 0 1 0 1 0 0 0 1 0 0 50 1 0 1 1 1 1 0 1 1 0 0 1 0 1 1 0 0 0 1 0 1 0 1 0 1 1 1
0 1 1 1 1 1 1 0 1 1 0 1 1 0 1 1 0 0 1 0 0 1 0 59 1 0 0 1 0 0 1 0 1 0 1 0 0 0 0 1 1 0 1 0 0 1 1 0 1 1
0 0 0 0 0 1 1 1 1 1 1 0 1 1 0 0 1 0 0 1 0 1 0 0 42 1 0 0 0 1 0 0 1 0 1 1 0 0 1 0 1 1 0 0 0 0 0 1 1 0
1 0 0 1 0 0 1 1 0 1 1 0 0 1 1 0 1 1 1 1 1 1 0 1 1 94 0 1 0 0 1 1 1 0 1 0 0 1 1 1 0 0 1 0 1 1 1 1 0 0
0 1 1 1 0 0 1 0 1 0 1 0 1 0 0 0 1 0 0 0 0 1 1 1 0 0 89 1 1 1 1 0 0 1 1 1 1 0 0 1 0 0 0 1 0 0 0 0 1 1
1 1 0 1 1 1 0 0 1 1 1 0 1 0 0 0 1 0 1 0 0 1 1 1 0 1 0 16 0 0 1 0 0 1 1 0 0 1 1 0 0 1 0 0 1 1 1 1 1 1
1 1 1 1 0 0 1 1 1 1 1 1 1 0 0 0 1 0 0 1 0 0 0 1 1 0 0 0 65 1 0 1 1 0 1 1 0 1 1 0 1 0 0 0 1 1 0 0 0 0
0 0 0 1 0 0 1 1 1 0 0 1 1 0 1 0 1 1 0 1 0 0 0 1 0 1 0 1 0 62 1 0 0 1 1 0 0 1 1 0 1 1 1 1 0 1 0 1 0 1
0 1 0 1 1 1 1 0 0 1 0 1 1 1 1 0 1 1 0 0 0 1 1 1 1 0 0 0 0 0 48 0 0 0 0 0 1 0 1 0 1 0 1 0 0 1 1 0 1 1
0 0 0 1 1 0 1 0 1 1 1 1 1 0 0 0 1 0 0 0 0 0 0 0 1 0 1 0 0 0 0 48 0 0 1 0 1 0 0 0 0 1 1 0 1 1 1 0 0 1
1 0 0 0 1 0 1 1 0 1 1 1 0 1 0 1 1 0 1 1 1 0 0 0 1 1 0 0 1 1 0 0 71 0 0 1 0 0 0 0 1 0 0 1 0 0 0 1 0 1
0 1 1 1 1 0 1 1 0 1 1 0 0 0 1 1 1 0 0 1 0 0 0 1 1 0 0 0 0 0 0 0 1 63 0 0 1 1 1 1 0 0 1 1 1 1 0 0 1 0
1 0 1 0 0 0 1 1 0 0 0 0 0 1 1 0 1 0 1 0 1 1 1 1 1 1 0 0 0 0 1 0 0 0 80 1 1 0 0 1 0 0 1 1 0 0 0 1 0 0
0 0 0 0 0 0 1 0 0 0 1 0 1 1 1 0 1 1 1 0 0 0 1 0 0 0 1 1 1 1 0 1 0 0 1 42 1 0 1 0 0 0 0 1 0 1 1 0 1 1
1 1 0 1 1 0 1 0 1 0 0 1 1 1 0 0 0 0 0 1 1 1 0 0 1 1 0 1 1 1 1 0 0 1 1 1 84 0 1 1 1 0 0 1 1 0 1 0 0 0
0 0 1 1 0 1 1 0 1 0 1 1 1 0 1 1 0 0 0 1 0 1 0 1 0 0 1 1 1 0 0 0 0 0 1 0 1 5 1 0 0 1 0 0 0 0 0 0 1 1
1 1 0 0 0 1 1 0 1 1 0 0 1 0 0 0 0 0 0 0 1 0 1 1 0 1 0 0 0 0 0 1 0 1 1 1 0 0 42 1 1 0 0 1 1 0 0 0 0 1
0 1 1 1 1 0 1 1 0 1 1 0 0 1 0 1 0 1 0 1 0 0 0 1 1 1 0 1 0 0 0 1 0 1 0 0 0 0 1 7 1 0 0 1 1 0 1 1 1 1
1 0 1 0 1 1 1 1 1 1 0 0 0 0 0 1 0 1 0 0 0 0 1 1 0 0 0 0 1 1 1 0 1 0 0 1 0 1 0 1 41 0 0 0 0 1 0 1 0 0
1 1 0 0 0 1 1 0 0 0 1 1 0 1 1 1 1 1 0 0 1 0 0 1 1 1 0 1 1 1 0 1 0 1 1 1 0 1 0 1 0 77 1 0 1 1 0 1 1 1
1 1 0 0 1 0 0 0 0 0 1 1 0 1 1 0 1 0 0 1 0 1 1 0 0 0 0 0 0 0 0 1 0 1 1 1 1 0 1 1 1 1 62 1 0 0 0 1 1 0
0 1 1 0 1 1 0 0 0 0 1 1 0 1 1 0 0 1 0 1 1 1 0 0 1 1 1 0 1 0 0 0 1 1 1 1 0 0 1 0 1 1 0 4 1 1 0 0 1 0
0 1 0 1 1 1 1 1 1 1 0 1 0 1 0 1 0 1 1 1 0 0 1 0 0 0 0 1 0 0 0 0 0 1 1 0 0 0 0 1 1 1 0 1 59 1 0 1 1 1
0 1 1 1 0 0 0 0 1 0 0 0 0 1 1 1 1 0 1 0 0 1 1 1 0 1 1 1 1 0 1 0 0 0 0 1 0 1 0 0 1 0 0 1 0 50 0 1 1 0
1 1 1 0 1 0 1 0 0 0 1 0 0 0 0 1 1 0 0 1 1 1 1 1 1 0 1 0 1 0 0 0 1 1 0 0 0 0 0 1 1 1 0 1 0 1 98 0 1 1
1 0 0 0 1 0 1 0 0 0 0 0 1 1 1 1 1 1 1 1 0 1 1 1 0 1 0 0 0 1 0 1 1 0 0 0 1 0 0 1 0 1 1 1 1 1 0 9 1 0
0 0 0 1 0 0 0 1 0 0 0 0 1 0 1 0 1 1 1 1 0 0 0 0 1 1 0 0 1 1 1 0 0 0 0 0 1 1 0 1 1 0 1 1 1 1 0 1 52 1
1 0 0 0 0 0 0 1 1 1 1 0 0 1 1 1 1 0 0 1 0 1 0 1 1 1 0 0 0 0 1 1 0 1 1 0 1 1 1 0 1 0 1 1 1 0 1 0 0 84
