100
93 1 0 1 0 0 1 0 0 1 1 0 1 1 1 0 0 1 1 1 0 0 0 1 1 0 0 1 1 0 1 0 1 0 1 0 0 0 0 1 1 1 0 1 0 1 0 0 0 1 0 0 1 0 0 1 1 1 0 1 1 0 0 0 0 1 0 1 1 1 1 0 1 1 1 0 1 0 0 1 1 1 1 0 1 0 1 0 1 1 1 0 1 0 0 1 1 1 1 0
0 63 1 1 0 1 0 0 0 1 1 1 1 1 0 0 0 0 1 0 1 1 1 1 0 1 0 1 0 0 0 1 1 0 1 0 0 0 1 0 0 1 0 0 0 0 0 1 1 0 0 1 0 0 1 0 0 0 1 0 1 0 0 1 0 1 1 0 1 1 0 0 1 1 0 1 0 0 0 1 1 1 0 0 0 1 1 0 1 0 0 1 0 1 0 1 0 0 1 1
1 1 90 0 1 1 0 0 0 0 0 0 0 0 1 0 1 1 0 1 0 1 0 1 0 0 1 1 1 1 0 1 0 0 0 1 1 0 1 0 0 0 1 0 0 0 0 1 0 1 1 0 0 1 1 1 0 1 1 0 1 0 0 0 0 1 1 0 0 0 1 0 1 1 0 0 0 0 0 1 0 1 1 1 0 0 1 1 0 0 0 0 0 1 1 0 1 0 1 0
0 0 0 69 0 1 1 0 1 0 0 1 0 1 1 1 1 0 0 1 1 1 0 1 0 0 0 1 0 1 1 0 1 0 1 1 0 1 0 1 0 1 0 0 1 1 0 1 0 1 1 1 1 1 1 1 0 0 1 0 1 1 0 0 0 1 1 1 1 1 0 1 1 0 1 1 0 1 0 0 0 1 0 0 0 0 0 0 0 1 0 0 1 0 1 0 1 1 1 0
0 1 0 0 96 1 1 1 1 0 0 0 0 1 1 1 1 1 1 1 0 0 0 0 1 1 0 1 0 0 0 1 0 0 1 0 1 0 1 0 1 1 0 0 0 1 0 1 1 1 0 0 1 1 0 0 1 0 1 1 1 0 1 1 0 1 1 1 0 1 1 0 1 1 1 1 0 0 0 0 1 1 1 1 0 0 0 1 0 0 1 1 1 0 0 1 1 0 1 0
1 1 0 0 0 62 1 0 0 0 1 0 0 0 1 0 1 0 1 1 1 1 0 1 1 0 1 0 1 0 0 1 1 1 0 1 0 1 0 0 0 0 1 0 1 0 1 0 1 1 0 0 1 1 1 0 1 1 1 0 0 0 1 0 0 0 1 0 0 0 0 1 0 1 0 0 1 0 1 1 1 0 1 0 1 1 1 1 1 0 1 1 1 1 1 1 0 0 0 0
1 1 1 1 1 1 40 1 1 0 1 0 0 0 0 1 0 0 1 0 1 1 1 1 1 1 0 0 1 0 0 0 0 1 1 0 1 1 1 0 0 0 0 1 1 1 1 0 1 0 0 1 1 0 0 1 0 0 1 0 0 0 1 0 0 1 1 1 0 1 1 1 0 0 0 0 0 0 1 0 1 0 1 0 1 0 1 0 1 0 0 1 1 1 1 0 1 1 0 0
0 0 0 0 0 0 0 59 0 0 1 1 0 1 1 1 0 0 1 0 0 1 1 0 0 1 0 1 0 0 1 0 0 0 0 0 1 1 1 1 1 0 1 0 1 0 0 1 0 1 0 1 0 1 1 0 1 1 1 0 1 0 0 0 1 1 0 1 1 1 1 1 1 0 0 0 1 1 0 0 0 1 0 1 0 1 0 1 1 1 0 1 0 1 1 1 0 1 1 0
1 1 1 0 0 0 0 0 43 0 1 1 0 1 1 0 1 1 1 0 0 1 0 0 1 0 1 1 0 1 1 0 0 1 0 0 1 1 1 1 0 0 1 1 0 0 1 0 0 1 1 0 1 0 0 0 1 0 1 1 0 0 1 0 0 0 1 0 0 0 1 1 1 1 0 0 1 0 1 1 1 0 0 0 0 0 0 0 1 1 0 1 0 0 0 1 0 0 1 1
0 0 1 1 0 1 1 1 1 17 1 0 0 1 1 1 1 0 0 0 1 0 0 0 1 1 1 1 1 0 1 0 1 0 1 1 0 0 1 0 1 1 0 0 1 1 0 0 1 1 1 1 1 1 1 1 0 1 1 1 1 1 0 0 1 1 0 0 1 0 0 0 1 1 0 1 1 1 1 1 1 1 0 1 0 0 0 0 0 0 1 1 0 0 1 1 1 1 1 1
0 1 0 0 0 0 0 0 1 0 99 0 0 0 0 0 1 1 1 1 1 1 1 1 1 1 1 0 1 1 1 1 1 1 0 0 0 1 1 1 0 1 0 1 0 0 1 0 0 1 0 0 0 0 1 1 0 1 0 0 1 0 1 1 0 1 1 0 1 1 0 0 0 0 1 0 0 0 1 0 1 0 0 0 1 1 1 1 0 0 0 1 0 1 1 0 1 0 1 0
1 1 1 1 1 1 0 1 0 1 1 34 0 0 0 0 1 0 0 1 0 1 0 1 1 1 1 0 1 1 0 0 0 1 1 1 1 0 0 0 1 0 1 1 1 0 0 1 1 0 0 1 1 1 1 1 0 1 1 0 0 0 1 0 1 0 0 1 1 1 1 0 0 0 0 0 1 1 0 0 0 0 1 0 0 0 1 1 1 0 0 1 1 1 0 0 0 0 0 1
1 1 0 0 1 1 1 0 0 1 1 1 38 0 1 1 0 0 0 0 1 1 0 1 0 0 0 1 0 0 0 1 0 1 1 1 0 0 0 1 0 0 0 0 1 1 0 0 1 0 1 0 0 1 0 0 0 1 1 0 1 1 0 0 1 1 1 1 0 1 0 0 0 0 1 0 0 1 1 1 0 0 0 0 0 0 0 0 0 1 1 0 0 0 1 1 1 0 1 0
1 1 0 0 1 0 1 1 0 0 1 0 1 96 0 1 1 0 1 1 1 1 0 0 0 0 0 0 0 1 1 1 1 1 0 1 1 1 1 1 1 1 1 0 0 0 0 1 0 1 0 0 1 1 1 1 0 1 0 0 0 0 1 1 0 0 1 1 0 0 1 0 1 0 1 1 1 0 0 1 0 0 0 0 1 0 0 1 1 0 1 0 0 1 0 0 0 0 1 1
0 0 0 1 1 0 0 1 1 1 1 1 1 0 87 0 1 1 0 0 0 1 1 0 1 1 1 0 0 1 0 0 1 0 0 0 0 1 0 0 0 0 1 0 1 1 1 0 1 0 1 1 1 1 0 1 1 0 1 1 0 0 0 1 0 1 0 1 1 1 1 1 0 0 1 0 0 1 1 1 0 0 0 0 1 0 0 1 0 1 1 0 0 1 0 0 0 0 0 0
0 0 0 0 1 1 1 0 1 1 0 0 1 0 1 31 1 0 1 1 0 1 1 0 1 0 1 0 0 1 0 1 1 1 1 1 1 1 0 0 1 0 1 1 0 0 1 1 1 1 0 0 0 0 0 0 1 1 0 1 0 0 1 1 1 0 1 0 0 0 1 0 0 1 1 1 0 1 1 0 0 0 1 1 0 0 0 0 0 0 0 1 1 1 0 1 1 1 0 0
0 0 1 1 0 0 1 1 0 0 1 1 1 0 0 0 61 0 1 1 1 1 0 0 0 0 1 0 0 0 1 0 1 0 0 1 1 1 0 0 0 1 0 1 1 0 0 1 0 1 1 0 1 0 0 1 0 0 1 0 0 0 1 0 1 0 0 0 1 0 1 0 1 1 1 1 1 1 0 1 0 1 1 0 1 1 0 0 1 1 1 1 0 1 0 1 1 1 1 1
1 1 0 1 1 0 0 0 1 1 0 0 1 0 0 0 0 71 0 0 1 0 1 1 0 0 1 1 0 1 0 0 1 1 0 1 1 1 0 1 0 1 1 1 1 0 0 0 1 0 1 0 0 0 1 1 0 1 0 1 1 1 1 0 0 0 0 1 1 1 0 0 0 0 1 1 1 0 1 0 1 1 0 1 1 0 0 0 1 0 0 0 1 0 1 0 1 0 1 1
1 1 0 1 0 1 0 0 1 0 0 1 1 1 1 1 0 1 44 0 1 0 0 1 0 0 1 0 0 0 1 1 0 1 1 1 1 1 1 0 1 1 0 0 0 1 0 1 1 0 1 0 1 0 0 0 0 1 0 1 1 0 1 1 1 0 0 1 0 0 1 1 1 0 1 1 1 0 0 1 0 0 1 1 1 0 1 1 0 0 0 0 0 1 1 1 0 1 1 0
0 1 0 1 1 0 1 0 1 1 1 0 0 0 0 1 0 0 1 80 0 0 1 0 1 1 1 0 1 1 1 0 1 0 0 0 0 0 1 1 0 1 1 0 0 1 1 1 1 1 1 0 1 0 0 1 0 0 0 1 1 1 0 0 1 1 0 0 0 1 0 1 0 1 0 0 0 0 0 1 0 1 0 0 0 1 0 1 0 1 1 1 0 1 0 0 1 0 0 1
0 1 1 0 0 1 0 0 0 0 1 0 0 1 0 1 1 0 1 0 7 1 0 1 0 0 1 1 1 0 1 0 0 0 1 0 0 0 1 0 0 0 1 0 1 1 0 0 1 1 0 1 1 1 0 1 1 0 0 0 0 1 0 1 1 0 0 1 0 0 1 0 0 1 1 1 0 1 0 1 0 1 0 0 0 1 1 1 0 1 0 0 1 1 0 0 1 0 1 0
0 1 0 1 0 0 1 1 0 1 1 0 0 1 1 0 1 0 1 1 0 14 0 1 1 1 1 1 1 1 0 1 0 1 1 0 0 1 0 1 0 1 1 1 1 0 1 1 0 1 0 0 0 1 1 1 0 1 0 1 0 1 0 1 0 1 0 1 0 1 0 0 0 0 0 0 1 1 1 1 1 1 0 1 1 0 0 0 0 1 1 1 1 0 0 1 1 1 0 0
0 1 0 1 1 1 1 1 0 1 0 0 1 1 1 0 0 1 0 0 0 0 60 0 1 1 1 1 1 1 0 0 1 0 0 0 0 0 0 1 0 1 0 1 0 0 0 0 1 1 0 1 1 1 1 1 1 0 1 0 0 0 1 0 0 1 0 1 1 0 0 1 0 1 1 1 0 1 0 1 0 0 0 0 0 1 1 0 1 1 0 0 0 1 0 1 0 1 0 0
1 1 1 1 0 1 0 1 0 1 1 0 0 1 0 1 1 0 0 1 1 0 1 41 0 0 1 1 1 0 0 0 0 1 1 0 0 0 0 1 0 0 1 1 0 0 0 1 1 0 1 1 1 1 1 1 0 1 1 0 1 0 1 1 0 0 0 1 1 1 1 0 1 1 1 1 0 0 0 1 1 0 0 1 0 1 0 0 0 1 0 0 0 0 1 0 1 1 1 0
1 1 1 0 1 0 0 0 1 0 0 0 0 1 1 0 1 1 0 1 0 1 0 1 25 0 1 0 0 1 1 1 0 0 1 0 0 1 1 0 0 0 1 1 0 0 0 1 0 0 0 0 0 0 0 1 1 0 0 1 0 1 1 0 1 1 1 0 1 0 0 0 1 1 0 0 0 1 1 0 0 1 1 0 1 0 1 0 1 0 1 1 1 1 1 0 1 0 1 0
0 0 0 1 0 0 0 0 1 0 0 1 1 0 1 1 0 0 1 1 0 0 1 0 1 76 0 0 1 1 0 1 0 0 0 1 1 0 0 0 0 1 1 1 1 1 0 0 0 1 0 1 0 0 1 0 0 0 0 1 0 0 1 1 1 0 0 1 1 1 1 1 0 0 1 0 1 1 1 0 1 1 0 1 0 0 0 1 0 1 1 0 1 1 0 1 1 1 0 1
1 0 1 0 1 1 1 0 1 0 1 0 1 1 0 1 0 1 0 0 0 1 0 1 1 0 0 1 0 1 1 0 0 0 1 1 0 1 1 0 0 0 0 0 0 1 0 0 1 0 0 1 1 1 1 1 1 1 1 0 1 0 1 0 0 1 0 0 0 0 1 1 1 1 0 1 1 0 1 0 1 0 1 0 0 1 1 1 0 1 1 1 1 0 1 1 1 0 1 1
1 0 1 1 1 0 1 0 1 1 0 0 1 1 1 0 1 0 0 1 0 0 0 0 1 0 1 12 1 0 1 0 0 0 1 1 0 1 1 1 0 1 1 1 1 1 0 1 0 1 1 1 0 0 1 0 0 1 1 1 0 0 1 0 0 1 1 1 1 0 0 1 0 1 1 0 0 0 0 0 0 1 1 0 0 0 1 1 1 0 0 0 0 1 0 1 0 1 0 0
0 1 1 1 1 0 0 0 0 1 0 1 1 0 0 0 1 0 1 0 0 0 0 0 1 1 1 0 96 1 0 0 0 1 1 0 1 0 0 1 0 0 0 0 1 0 0 1 1 0 1 0 1 0 1 0 0 1 0 0 1 0 1 0 1 1 0 1 0 1 1 0 1 1 1 0 1 0 0 0 1 1 0 1 1 1 0 1 0 1 0 1 0 1 0 1 0 0 0 0
0 1 1 1 0 1 1 0 0 1 1 0 1 0 1 0 0 1 0 0 1 1 0 0 1 0 0 1 1 41 0 0 0 1 0 1 0 1 0 0 0 0 1 0 1 0 0 0 0 0 0 1 1 1 0 0 0 0 0 1 1 1 1 1 0 1 0 0 0 1 1 1 1 1 0 1 0 1 0 1 1 0 1 1 1 0 1 1 0 0 0 1 1 0 1 0 0 1 1 0
0 1 1 1 0 0 1 0 0 1 0 1 1 0 0 0 0 0 1 0 0 1 1 0 0 0 1 1 0 0 26 0 1 1 0 0 1 0 1 1 1 1 1 1 0 0 1 1 1 0 1 1 1 1 0 1 1 0 1 0 0 0 1 0 0 0 1 0 0 1 0 1 0 0 0 0 0 0 0 0 0 1 1 0 1 1 1 1 1 0 1 0 1 0 0 1 0 1 0 0
0 0 1 0 1 0 0 1 1 1 0 0 1 1 0 0 0 0 1 0 1 0 1 0 0 0 1 1 1 0 0 5 0 1 1 1 1 0 0 1 1 1 0 0 0 1 0 0 0 0 1 0 1 0 1 1 0 1 0 1 1 1 1 0 1 0 1 1 1 0 1 0 1 1 0 0 1 0 0 1 0 0 1 1 1 0 1 0 1 0 1 0 1 1 1 0 0 1 1 0
1 1 0 0 0 0 0 1 0 1 1 0 0 0 0 1 1 1 1 0 0 1 0 1 1 1 1 1 0 1 1 1 8 0 0 0 1 0 0 0 1 1 1 1 0 0 0 1 1 0 1 1 1 0 0 1 1 1 0 1 0 1 1 1 1 0 0 1 0 1 0 0 1 0 1 0 0 1 1 0 0 1 1 0 0 0 0 0 1 1 0 1 1 0 0 0 0 1 1 1
1 0 0 0 0 0 1 1 0 0 0 0 1 1 1 1 1 0 0 1 0 0 1 0 0 1 1 1 0 1 0 1 1 52 1 0 0 1 0 0 0 1 1 0 0 0 0 0 0 1 1 0 1 1 1 1 0 1 1 0 1 1 0 1 1 1 1 0 0 1 1 0 0 1 0 0 0 1 1 1 1 0 0 1 0 0 1 0 1 0 0 1 1 0 0 1 1 0 1 1
1 1 0 0 0 0 0 1 0 0 0 1 1 1 0 1 1 1 1 0 1 0 0 1 1 0 0 1 0 0 1 1 1 0 18 0 0 1 1 1 1 0 0 1 0 0 0 0 1 1 1 0 1 1 0 0 0 0 1 1 0 0 0 1 0 0 1 1 1 0 0 0 1 1 0 1 0 1 1 1 0 0 0 1 1 0 1 0 1 0 1 0 0 1 0 1 1 1 0 0
1 1 0 0 1 0 0 1 0 0 0 0 1 1 1 0 1 1 0 0 1 1 1 1 1 1 0 0 1 0 1 1 0 1 0 95 1 0 0 0 1 1 1 1 0 1 1 1 0 0 0 0 1 0 0 0 1 0 1 0 1 1 1 0 0 0 0 0 0 0 0 0 0 1 0 0 0 1 1 1 0 1 0 1 0 0 1 0 0 0 0 1 0 1 0 0 1 1 0 0
0 0 0 0 0 1 1 1 0 0 1 1 0 1 1 0 1 1 1 0 1 0 1 1 0 0 0 1 1 1 0 1 0 1 1 1 79 0 1 1 1 0 0 1 0 1 1 1 1 0 1 1 1 0 0 0 0 0 1 1 0 1 0 1 0 1 1 0 1 1 1 1 0 0 0 0 1 1 0 0 0 0 0 0 0 0 0 0 1 1 0 0 1 0 1 0 0 0 0 1
1 0 1 1 1 0 1 1 0 1 1 1 0 1 0 1 1 0 0 0 0 1 1 0 1 0 1 0 1 1 0 1 1 1 1 0 1 35 1 0 0 0 0 1 0 1 0 0 0 1 0 1 0 1 0 1 0 0 1 1 1 1 1 0 1 0 0 1 0 1 0 0 0 1 1 1 0 1 0 0 0 1 0 0 1 1 0 0 1 0 0 1 1 1 0 0 0 0 0 1
1 1 1 1 0 1 1 1 1 1 0 1 0 1 1 1 0 0 1 0 1 1 1 1 1 0 1 1 1 0 1 1 1 0 1 1 1 1 63 1 1 0 1 1 0 1 1 1 0 0 1 0 0 1 0 1 0 1 0 1 0 0 0 0 1 1 0 1 1 0 0 0 1 0 0 0 0 1 1 0 1 0 1 1 1 1 1 0 0 1 1 1 1 1 1 0 0 1 0 0
1 0 1 0 1 0 1 0 0 0 0 1 1 0 1 0 1 0 1 0 1 1 1 0 1 0 0 1 1 0 1 1 1 1 0 1 1 0 1 22 0 1 0 0 1 1 1 0 1 1 0 0 0 1 1 1 1 1 1 1 0 1 0 1 1 0 0 1 0 1 0 1 1 1 1 0 1 0 0 0 1 0 1 1 1 0 0 0 1 0 1 1 1 0 0 0 0 0 0 1
1 1 1 0 1 1 1 0 0 0 0 1 0 1 0 0 1 0 0 1 0 0 1 0 0 1 0 0 0 0 0 0 1 0 0 1 1 1 1 0 65 1 1 1 1 0 0 0 0 0 0 0 0 0 0 1 0 0 0 0 1 0 1 0 1 0 0 1 1 0 1 0 1 0 1 1 1 1 1 0 0 0 1 1 1 1 1 0 1 1 1 0 1 1 0 1 0 0 0 0
0 1 1 0 0 0 0 0 1 1 1 1 1 1 1 1 0 0 1 0 0 1 1 1 0 0 1 1 0 0 0 0 0 0 0 0 0 0 1 1 0 71 1 1 0 0 1 0 0 1 0 0 1 0 1 1 1 0 1 1 1 1 0 1 0 0 0 1 1 1 1 0 1 1 0 0 1 0 1 1 0 0 0 0 1 1 1 1 1 0 0 0 1 1 1 0 1 0 0 1
0 1 1 0 1 0 1 0 0 0 1 1 0 1 0 0 0 1 0 1 0 0 0 0 0 0 0 1 1 0 0 0 0 0 1 0 0 0 0 0 1 0 62 1 0 1 1 1 0 1 0 0 1 1 1 1 0 1 1 1 0 1 1 1 0 1 1 0 0 0 1 1 0 1 0 1 0 0 0 0 1 0 0 1 0 1 1 1 0 0 1 0 0 0 0 0 0 0 0 1
0 1 0 0 0 0 0 1 1 0 1 0 0 0 0 0 0 0 1 0 1 0 1 0 1 1 0 1 1 0 0 0 1 1 0 0 0 1 0 0 0 0 0 79 1 1 0 0 0 0 1 0 0 0 1 1 0 0 0 0 0 1 0 1 1 0 0 1 1 0 0 1 1 1 1 1 1 1 1 1 0 1 0 1 1 1 1 0 0 1 1 1 1 0 0 0 0 1 0 1
0 1 1 0 0 1 0 0 1 0 0 1 1 0 0 0 1 1 0 1 0 1 0 1 0 1 1 1 1 0 0 1 1 0 0 1 1 0 0 1 0 1 1 0 54 0 0 1 1 0 0 0 0 1 1 1 1 1 1 1 0 1 1 1 0 1 0 1 1 0 0 1 0 1 1 0 1 1 0 0 0 1 0 1 0 1 0 1 1 0 1 0 0 0 0 0 1 1 1 1
0 0 0 0 0 1 0 1 0 1 1 1 1 0 1 0 0 1 0 0 1 1 1 1 1 1 1 0 1 1 0 1 0 1 1 1 1 0 0 1 1 0 0 1 0 93 0 1 1 1 1 0 0 1 0 0 1 1 1 0 1 1 1 1 1 0 0 1 1 1 0 1 0 1 0 1 0 0 1 1 0 1 1 0 0 0 0 0 1 0 0 0 0 1 0 0 0 0 0 0
0 0 0 1 0 1 0 0 1 1 0 1 0 1 1 0 1 1 1 1 1 0 0 1 0 0 0 0 0 1 0 1 1 1 0 1 1 0 0 1 0 1 0 1 0 1 5 0 1 0 0 0 1 1 0 0 1 0 1 0 1 1 0 1 0 0 1 1 1 0 0 0 0 0 0 0 0 0 1 0 0 1 1 0 0 1 0 1 1 1 0 1 1 0 0 0 1 1 0 0
1 0 1 0 0 1 0 1 0 1 1 1 0 0 0 0 1 1 1 0 1 1 1 0 0 1 1 0 1 0 1 0 0 0 1 1 1 0 0 0 1 0 1 0 1 0 0 50 1 0 1 1 0 1 0 0 1 1 0 0 0 0 1 0 1 0 1 0 0 0 1 1 0 0 0 1 1 0 0 1 0 0 1 0 0 1 0 1 0 0 0 1 0 0 1 1 1 0 1 1
0 1 1 1 1 0 0 0 1 1 0 0 0 0 1 1 1 0 0 0 1 1 0 0 0 1 0 0 0 0 0 1 0 1 1 1 0 1 1 1 0 1 0 0 1 0 1 1 9 1 0 1 1 1 1 0 1 0 0 0 0 0 1 0 0 0 0 0 0 0 0 0 0 0 0 1 0 0 0 1 1 0 1 1 0 1 1 1 0 1 0 0 0 0 0 0 1 1 1 0
0 1 1 1 1 1 0 1 0 0 1 0 1 0 0 0 0 1 0 0 0 1 0 0 0 1 1 0 1 0 1 0 0 0 1 1 1 0 0 1 0 1 0 1 1 1 1 0 1 65 0 0 1 1 0 1 1 1 1 0 1 0 1 1 0 0 1 0 1 1 1 1 1 1 0 1 1 1 0 1 0 1 1 1 0 0 1 0 1 0 1 0 1 0 1 1 0 0 1 1
0 1 0 1 1 0 1 1 1 0 1 1 0 0 1 0 1 0 1 1 1 1 0 0 0 1 0 1 0 1 0 1 0 0 0 0 0 1 0 0 1 1 0 0 0 1 1 0 0 1 18 1 1 0 1 1 1 1 0 0 0 1 1 1 1 0 0 1 0 1 1 1 1 1 1 0 1 1 0 0 1 1 1 1 0 1 0 0 1 0 0 0 0 1 1 1 0 1 1 1
0 0 1 0 1 1 0 1 1 0 0 1 0 0 1 1 1 1 1 1 1 0 1 1 1 0 1 0 0 1 1 0 1 0 0 0 0 1 1 1 0 1 1 1 0 0 1 1 0 1 0 82 0 1 0 0 1 0 1 1 0 0 1 1 1 0 0 1 1 1 1 0 1 1 1 1 1 0 1 0 0 1 1 1 1 1 0 0 0 1 1 0 1 1 0 1 1 0 0 1
0 1 1 0 0 0 1 1 1 1 1 1 1 0 0 0 0 0 1 0 1 0 1 0 1 0 1 1 1 1 1 0 0 0 0 1 0 0 1 1 0 1 0 0 1 1 1 0 1 0 0 1 92 0 0 0 0 0 1 0 1 1 0 1 0 0 1 0 1 1 0 0 1 0 1 1 0 0 1 0 0 1 0 1 1 0 0 1 0 0 0 1 0 0 0 1 1 1 0 0
1 0 0 0 1 1 1 1 1 0 1 1 1 0 1 1 0 1 0 1 1 1 1 1 0 0 1 0 0 0 1 1 0 1 1 0 0 1 1 1 1 1 0 1 0 0 1 0 0 0 0 1 0 18 0 0 1 0 1 1 0 0 0 1 0 0 0 0 0 1 0 0 1 1 0 1 0 0 0 0 1 0 1 1 0 1 0 1 1 1 1 0 1 1 0 1 0 0 0 1
0 1 0 1 1 0 1 1 1 1 0 1 1 1 0 0 0 0 1 1 0 1 0 0 1 0 0 0 1 0 1 0 1 1 0 1 0 1 0 1 1 1 1 1 0 0 0 0 1 1 1 0 0 0 97 1 1 0 0 1 0 1 0 0 0 1 1 0 1 1 0 0 1 1 0 1 1 0 1 0 0 0 0 1 0 0 0 1 0 1 1 0 1 1 1 0 0 0 0 0
1 1 1 0 0 0 1 0 1 0 0 0 0 1 0 1 1 0 1 1 0 1 1 1 0 1 0 0 1 0 0 0 0 1 1 0 1 0 0 0 1 0 1 0 1 0 0 1 0 1 1 1 0 0 1 97 0 0 0 1 1 1 0 1 0 0 1 0 1 0 0 1 1 0 1 1 0 1 1 0 1 1 1 1 1 1 1 0 0 0 0 0 0 0 0 1 0 0 1 1
0 1 1 0 0 1 1 0 1 1 1 1 0 1 1 1 0 0 0 1 0 0 1 0 0 1 0 1 1 0 0 0 0 1 1 0 0 1 0 0 1 1 0 1 0 1 1 0 1 1 1 0 1 1 1 0 41 0 1 1 0 1 1 0 1 0 0 0 1 0 0 0 1 0 0 0 0 1 0 1 0 0 0 0 0 1 0 0 1 0 0 1 1 0 1 1 1 0 0 0
0 0 0 0 1 1 0 1 1 0 1 1 0 0 1 1 1 1 0 1 1 1 0 1 0 0 0 0 0 1 0 0 0 1 1 0 1 0 1 0 0 1 0 0 0 0 0 0 0 0 0 0 1 0 1 1 0 88 1 1 1 1 1 0 1 1 1 0 1 0 1 0 0 0 1 0 0 1 0 1 0 0 0 0 1 1 0 0 1 0 1 0 0 0 0 0 1 1 0 1
1 1 0 0 1 1 1 0 0 0 0 1 1 1 1 1 0 0 1 1 1 0 0 0 1 1 1 0 0 1 0 0 1 1 0 0 1 1 1 0 1 0 0 1 1 1 1 0 1 0 1 0 1 0 1 0 1 1 21 1 1 0 1 1 0 1 1 1 1 1 1 0 0 1 0 0 0 0 1 0 0 1 1 0 1 0 1 1 1 1 0 1 0 0 1 0 0 1 0 1
0 0 1 1 1 0 0 0 0 0 0 0 0 0 0 1 1 0 1 1 0 0 1 0 0 0 1 0 1 1 1 0 0 1 1 0 1 0 0 0 0 0 0 0 0 1 0 1 0 0 0 0 1 0 1 0 1 0 1 91 1 0 0 0 0 0 0 1 1 1 1 0 0 0 0 1 1 1 1 0 0 0 0 1 1 0 0 0 1 0 1 1 0 0 1 0 1 0 1 1
0 1 1 1 1 1 1 0 1 0 1 1 0 0 0 1 0 0 0 0 1 1 0 0 1 1 1 0 0 0 0 0 1 1 0 0 1 1 1 0 0 1 1 1 1 1 0 1 0 0 1 0 0 1 0 1 0 1 1 0 99 1 0 0 1 0 0 1 0 0 1 0 0 0 1 1 1 0 1 1 0 1 0 0 1 1 1 0 0 0 1 0 0 0 0 1 0 0 1 0
1 1 1 1 0 0 0 1 1 0 0 0 0 0 1 0 0 0 1 0 1 0 1 1 0 0 1 1 1 0 0 1 0 0 0 1 0 0 1 1 0 1 1 1 0 0 0 1 0 1 0 0 1 1 1 1 1 1 0 1 0 95 1 1 0 0 1 0 0 1 0 0 0 0 0 1 1 0 1 0 0 1 0 0 1 0 1 0 0 0 1 1 0 1 0 1 1 1 1 1
1 0 0 1 1 1 0 1 1 1 0 0 0 1 0 0 1 1 0 1 1 1 0 0 0 0 1 1 1 1 0 0 0 1 0 0 0 0 1 1 0 1 0 0 0 0 1 1 1 1 0 0 0 0 1 1 0 1 0 0 0 0 47 1 1 0 0 0 0 0 1 0 0 0 1 1 1 1 0 1 1 0 0 1 0 0 0 0 1 0 1 0 0 0 1 0 1 1 0 1
1 1 1 1 0 0 1 0 1 1 1 1 0 1 1 1 1 0 0 0 0 0 0 0 0 1 1 0 0 1 0 1 1 1 0 0 1 1 1 0 1 0 1 0 0 1 1 1 1 0 1 0 0 1 0 0 1 0 1 0 1 0 0 22 1 1 1 1 0 1 0 0 1 1 1 0 0 1 1 0 1 0 1 1 0 0 1 1 1 0 1 0 1 1 0 0 1 0 1 0
1 1 1 1 0 0 0 0 0 1 0 1 0 1 1 1 1 1 1 1 0 0 0 1 1 0 0 1 1 0 0 0 0 0 0 1 1 1 1 0 0 1 0 0 1 0 1 1 0 0 1 0 0 1 1 0 1 1 1 0 0 1 1 0 86 1 0 1 1 0 1 1 0 0 0 1 0 1 0 1 0 0 0 0 0 0 0 1 1 0 0 0 0 1 1 0 0 1 0 1
0 0 0 1 1 0 1 1 1 0 1 1 0 1 0 0 0 1 0 1 0 1 1 0 0 1 0 0 1 0 0 0 0 1 0 0 1 0 0 0 0 1 0 0 1 1 0 0 0 0 1 1 0 0 1 0 1 0 1 1 1 1 1 1 1 62 1 1 1 0 1 1 0 1 1 1 1 1 0 1 0 0 0 0 1 1 0 1 1 1 1 0 1 1 0 1 0 0 1 0
1 1 0 0 0 1 1 0 1 0 0 0 0 1 1 1 1 0 0 0 1 0 1 1 1 1 1 1 1 0 1 0 0 0 0 0 0 1 0 1 0 1 1 1 1 0 0 1 0 1 1 1 0 0 0 1 0 1 1 1 1 1 1 1 0 1 59 0 0 1 0 1 1 1 0 0 0 0 1 1 1 1 0 1 0 1 0 1 0 0 0 1 1 1 0 0 1 1 0 0
1 0 0 1 1 1 0 0 1 0 0 0 0 0 1 0 0 1 1 0 1 1 0 0 1 0 0 0 0 0 0 1 0 1 1 0 0 0 1 0 0 1 0 1 1 1 0 1 0 1 1 1 0 0 0 1 1 0 0 1 1 0 1 1 1 0 0 70 0 0 0 1 1 1 0 1 1 1 0 1 1 0 0 0 1 0 1 0 0 1 0 0 1 1 0 1 1 0 0 1
1 1 1 0 1 0 1 1 1 0 1 1 0 1 0 1 0 0 1 0 1 0 0 0 1 1 1 0 0 1 0 0 1 1 0 0 1 0 1 1 1 1 1 0 1 1 0 1 0 1 1 0 1 1 0 1 1 1 1 0 1 0 1 1 1 0 1 0 76 1 1 1 1 1 0 1 1 0 0 0 1 0 0 1 0 1 1 0 0 0 0 0 0 0 0 1 0 1 0 1
1 0 0 0 0 1 0 1 0 1 1 1 1 0 0 1 0 1 0 1 0 0 0 1 1 1 1 0 0 0 1 1 0 0 0 0 0 1 0 1 1 0 0 0 1 1 1 0 1 0 1 0 1 1 1 1 0 1 0 1 1 0 0 1 0 0 0 0 1 65 1 0 1 1 0 0 0 1 1 0 0 1 1 1 0 1 1 0 0 0 0 0 1 0 1 1 0 1 0 1
0 0 1 0 0 0 1 0 1 0 1 1 1 0 0 1 1 1 1 1 1 0 0 0 1 1 1 1 0 0 1 1 1 1 0 0 0 1 0 1 1 0 0 1 0 1 0 0 0 0 0 1 1 0 1 1 0 1 0 1 1 0 1 1 0 0 1 0 0 1 68 0 0 0 0 0 0 1 0 0 0 0 1 1 0 0 1 0 1 0 0 1 0 0 1 0 1 0 0 0
1 1 1 0 1 1 0 1 0 1 0 0 1 1 1 1 0 0 0 1 0 1 1 0 0 0 1 0 0 0 0 0 1 0 0 0 1 0 0 1 0 1 0 0 0 0 1 1 0 1 0 1 0 1 1 1 1 1 0 1 0 0 1 0 1 1 0 1 1 0 0 40 1 0 1 0 1 1 0 0 0 0 0 1 1 0 0 1 0 1 0 1 0 1 0 1 0 0 0 1
0 1 0 1 1 1 1 1 0 1 0 0 0 0 1 0 0 1 0 1 0 1 1 1 1 1 0 0 1 1 0 0 1 1 1 0 0 0 0 0 1 1 0 1 0 0 1 0 1 1 1 1 1 1 0 0 0 0 1 1 1 0 0 0 1 0 1 1 1 0 0 1 70 0 0 0 1 0 1 0 0 1 1 1 0 0 1 1 1 0 0 0 1 1 0 0 1 1 1 1
1 1 0 0 1 0 1 1 0 1 1 0 0 1 1 0 1 0 0 0 0 0 1 0 1 0 1 0 1 1 1 1 0 1 0 0 1 0 0 0 1 1 1 1 1 1 1 1 1 1 0 1 1 1 1 0 0 0 0 0 1 1 0 0 0 0 1 1 0 1 0 1 1 22 1 1 1 1 0 0 1 1 1 1 1 0 0 0 1 1 0 0 1 0 1 1 0 1 0 1
1 0 1 1 0 1 1 0 0 0 0 0 1 0 0 1 0 0 0 0 0 0 0 0 0 0 1 1 0 1 0 0 0 0 0 0 0 0 1 0 1 0 0 1 0 1 0 0 1 0 1 0 0 1 0 1 0 0 1 1 0 1 0 1 1 1 1 0 0 1 0 0 1 1 18 1 1 0 0 0 1 1 1 1 1 1 1 1 1 1 1 0 1 0 0 1 1 1 1 1
0 1 1 1 0 1 0 1 1 0 1 0 0 0 1 1 1 0 1 0 0 0 1 1 0 1 1 0 1 1 1 1 0 1 1 0 1 1 1 1 0 1 1 1 1 0 1 1 0 0 1 1 1 0 0 1 1 0 1 0 1 0 0 1 1 0 1 0 1 0 0 1 0 1 1 15 1 1 1 0 0 1 0 0 0 0 0 0 1 1 1 1 1 1 1 1 0 1 1 1
0 0 0 0 1 1 1 1 0 1 1 0 0 1 1 1 0 0 0 1 1 1 0 0 1 1 1 0 1 1 1 0 1 0 0 1 1 1 0 0 0 0 1 0 0 0 1 0 0 1 1 1 0 1 1 1 1 0 0 0 0 0 1 1 1 1 0 0 0 1 1 0 1 1 1 0 43 1 1 1 0 0 0 1 1 0 0 0 1 1 1 1 1 0 0 0 0 1 1 0
1 1 1 1 1 1 0 1 1 1 1 1 1 0 0 1 0 1 0 1 1 1 1 1 1 1 1 0 1 1 0 0 0 1 1 1 0 0 1 1 1 0 0 0 1 1 0 0 1 0 0 1 0 0 0 0 1 0 1 1 1 1 1 0 0 1 1 1 0 1 0 1 0 1 1 1 1 0 0 1 1 0 0 1 1 1 1 1 1 0 1 0 0 0 1 0 1 1 1 0
1 1 1 1 1 1 1 1 1 0 0 0 0 0 0 0 0 1 1 1 0 0 1 1 1 1 0 0 1 0 1 1 0 1 0 1 1 1 1 0 1 1 0 0 1 0 0 0 1 1 0 1 0 0 0 0 1 1 1 0 1 1 0 1 1 1 1 1 0 1 0 1 1 0 0 0 1 1 78 1 1 0 0 0 1 1 1 0 0 1 0 0 0 1 0 0 1 1 0 0
1 1 1 0 0 0 1 0 1 1 1 1 1 1 0 0 0 0 0 0 0 0 0 1 1 0 0 1 1 1 1 0 1 1 1 1 0 1 1 0 0 0 1 0 0 0 1 1 0 1 0 0 0 1 1 1 0 1 1 1 1 1 1 0 1 1 0 1 0 1 1 0 1 0 1 1 0 0 1 44 1 0 1 1 0 1 0 0 1 1 0 0 0 0 1 0 0 1 0 1
0 0 0 1 1 0 1 1 0 1 0 1 1 0 0 1 0 1 0 1 0 0 1 0 0 0 0 0 0 1 1 1 1 0 1 1 0 1 0 0 1 0 1 0 1 1 0 1 0 0 1 0 0 0 0 1 1 1 0 1 0 1 0 0 0 1 1 0 1 0 1 0 0 1 0 0 1 0 1 0 59 0 0 1 0 1 0 0 0 0 1 0 1 0 0 0 1 1 1 0
1 1 1 0 0 1 1 0 1 1 0 1 0 0 1 0 0 1 1 0 1 1 0 1 0 0 1 0 0 1 1 1 0 0 1 0 1 0 0 1 1 0 0 0 1 0 0 0 1 1 0 0 1 1 1 1 1 1 1 0 0 1 1 0 1 0 1 1 1 0 0 0 0 1 0 1 1 1 0 1 0 4 1 1 1 1 0 0 1 0 1 0 0 1 1 0 0 1 0 0
1 0 1 0 0 1 1 1 1 1 0 0 1 1 1 0 1 0 0 0 0 1 1 0 0 0 1 0 0 1 0 0 0 1 1 1 0 0 1 0 1 1 0 1 0 1 0 0 0 1 1 0 1 0 0 1 1 0 1 1 0 0 1 1 1 1 1 0 0 1 1 0 1 0 1 1 0 0 0 1 0 1 95 0 0 0 1 1 1 1 0 1 0 0 1 0 0 0 0 0
1 0 1 0 1 1 0 1 1 1 0 0 1 1 0 0 1 0 1 1 0 0 1 1 1 1 1 0 0 1 1 1 1 0 0 0 0 0 1 1 1 0 0 0 0 0 1 0 0 0 1 0 0 0 1 1 0 1 1 1 0 1 1 1 0 1 1 1 0 0 0 1 1 0 1 0 1 0 1 1 0 0 1 22 0 0 0 1 1 1 1 0 0 1 1 0 1 0 1 1
0 1 0 1 1 0 1 0 1 1 0 1 1 0 1 0 1 0 0 1 0 1 1 0 1 1 1 1 0 0 1 0 0 1 1 1 0 1 1 1 0 0 1 0 0 1 1 1 0 0 0 0 0 0 1 0 1 0 1 0 1 1 1 1 0 0 1 0 0 1 0 1 1 0 0 1 1 0 0 0 0 1 1 1 77 1 0 1 1 0 0 1 1 1 1 1 1 0 1 1
1 1 0 0 0 0 0 1 0 0 0 0 1 0 1 1 0 1 1 1 0 0 0 0 0 1 0 0 0 0 1 1 0 1 0 1 0 0 1 0 0 0 1 1 1 0 1 0 1 0 0 0 0 1 1 0 1 1 0 0 0 0 1 0 0 1 0 1 0 1 0 0 0 0 1 0 1 1 1 0 1 0 0 1 1 28 1 0 1 0 1 0 0 1 0 1 0 0 0 0
1 0 0 1 0 0 0 1 0 0 0 1 0 1 1 1 1 0 0 1 0 1 1 0 1 1 0 0 1 1 1 0 0 0 0 0 1 1 0 1 1 1 0 0 0 1 0 0 1 1 1 0 0 1 1 1 1 1 0 1 1 0 1 1 1 1 0 0 0 0 1 1 0 0 1 1 0 1 1 0 0 0 0 0 0 0 80 0 0 1 0 0 0 1 0 1 0 0 0 0
1 0 0 0 0 0 1 1 1 0 0 1 1 0 1 1 0 1 1 0 1 0 0 0 1 1 1 0 0 0 1 1 1 0 0 1 0 0 0 1 0 1 1 0 0 0 1 0 0 1 1 0 0 1 0 1 1 0 1 1 1 0 1 0 1 0 1 0 1 1 0 0 1 1 1 0 1 1 1 1 0 0 0 1 1 1 1 14 0 1 0 0 0 0 0 0 1 1 0 1
1 1 1 0 1 1 1 1 1 1 1 0 1 0 0 1 1 1 1 1 0 1 1 0 0 0 0 1 0 1 1 1 1 0 0 0 1 0 1 1 1 0 1 1 0 1 0 0 1 0 1 1 0 0 0 0 1 1 0 0 1 0 0 0 0 1 1 1 1 0 0 0 1 1 1 0 1 0 0 0 1 1 1 1 0 0 0 1 33 0 0 0 0 1 0 1 0 0 1 0
1 0 0 0 1 1 0 0 1 0 0 0 1 0 0 1 1 1 1 0 0 0 1 1 0 1 1 1 1 0 1 1 0 1 0 0 0 1 1 0 1 0 1 0 0 0 0 0 1 1 0 0 0 0 1 0 0 1 1 1 0 1 0 0 1 0 0 0 0 1 1 0 0 0 0 0 1 1 0 1 0 1 0 1 1 1 1 0 0 20 1 1 0 1 0 0 0 1 1 1
1 1 0 1 1 0 0 0 1 1 0 1 1 1 1 0 0 0 0 1 1 1 1 1 1 1 1 1 1 0 0 0 1 1 0 0 0 1 0 0 0 0 0 1 0 0 1 1 1 0 0 0 0 0 0 0 0 1 1 1 1 0 1 1 1 0 1 0 0 0 1 1 0 1 1 0 0 1 0 0 1 0 0 0 1 0 0 0 0 0 98 1 0 1 0 1 1 1 1 1
1 1 1 1 0 1 1 1 1 1 0 1 0 1 1 1 0 0 1 0 0 1 0 1 1 0 1 0 0 1 1 0 1 1 0 1 0 1 0 0 1 0 1 0 0 1 1 0 0 0 0 1 0 0 0 1 1 0 0 0 0 1 1 1 1 1 0 0 0 1 0 1 1 1 0 0 0 1 0 1 0 1 1 0 0 1 0 1 0 0 0 52 0 0 0 0 1 1 1 1
1 0 0 0 0 0 1 1 0 0 0 1 1 1 0 0 0 1 1 0 0 1 0 1 0 1 0 0 0 0 1 0 0 0 0 0 1 1 1 0 1 1 1 1 1 1 0 1 1 1 0 0 0 1 1 1 1 1 0 0 0 1 1 0 1 1 1 0 0 1 0 1 0 1 1 1 0 1 1 1 0 0 1 1 0 1 0 0 0 0 1 0 80 1 0 0 0 1 0 1
0 0 0 0 0 0 1 0 0 1 1 0 0 1 0 0 0 0 1 1 0 1 0 1 0 1 1 0 0 1 1 1 0 1 1 0 0 0 0 1 1 1 0 0 0 0 1 0 0 1 0 1 0 1 1 0 1 1 1 1 1 1 1 0 0 0 0 1 0 1 1 1 1 0 0 0 1 1 1 0 1 0 1 0 1 1 0 0 1 0 1 0 0 47 0 0 1 1 1 0
0 1 0 1 1 1 1 0 0 0 0 0 0 0 1 1 0 0 1 0 1 0 0 0 0 0 0 0 1 0 0 1 0 1 0 1 0 1 0 1 1 1 0 1 0 1 0 1 1 1 0 1 0 1 0 0 1 1 0 0 1 0 1 0 0 0 0 1 1 1 0 0 1 1 0 1 0 0 0 0 0 0 1 0 1 1 1 1 0 1 1 1 0 0 22 0 1 0 1 0
1 1 0 1 1 0 1 0 0 0 1 1 0 1 1 1 1 1 0 1 1 1 1 1 0 1 0 1 1 1 0 0 0 1 1 1 0 1 1 0 1 1 0 1 0 0 0 0 0 1 0 1 1 1 1 0 0 1 1 1 1 0 0 0 1 0 1 0 0 0 1 0 1 0 1 0 0 1 0 0 0 1 0 0 0 0 1 1 1 0 0 0 0 1 0 21 0 0 0 0
1 1 1 1 0 1 0 0 1 1 0 1 0 0 1 0 1 0 0 0 1 0 1 0 1 1 0 1 1 1 0 1 1 1 0 0 1 1 1 0 0 0 1 0 0 0 1 0 1 1 0 1 0 1 0 0 1 1 1 1 0 1 1 0 0 0 1 0 0 0 0 0 1 0 0 1 1 0 1 1 0 0 1 1 1 0 0 1 1 1 1 1 0 1 0 0 89 1 0 0
0 1 1 1 0 0 0 1 0 1 1 0 0 0 0 0 1 1 1 1 1 1 0 0 0 1 1 1 0 1 1 0 0 1 0 1 1 0 0 1 0 1 1 0 1 1 0 0 0 1 0 0 1 0 1 0 1 1 1 1 1 0 0 1 0 1 0 0 1 1 1 1 1 0 1 0 0 0 1 0 0 1 1 1 0 0 1 0 0 1 0 0 0 0 1 0 0 27 0 1
1 1 1 0 1 1 1 0 1 1 0 0 0 0 0 0 0 0 1 0 1 1 1 1 0 0 0 1 1 1 0 0 0 0 1 1 0 0 0 1 1 0 1 0 1 0 1 1 0 0 1 1 0 1 1 1 1 1 0 1 0 1 1 1 0 0 0 1 1 0 1 1 1 0 0 0 1 1 1 1 0 1 0 0 1 1 0 0 0 0 0 1 0 1 0 1 1 0 73 0
0 1 1 1 1 0 0 1 0 0 0 1 1 0 0 0 1 1 1 1 0 0 1 0 1 0 1 0 1 0 0 1 0 1 1 0 0 0 0 1 1 1 1 0 0 0 0 0 0 0 1 1 0 1 1 0 1 1 1 1 1 1 0 1 0 0 0 0 1 0 1 0 1 1 1 0 0 1 1 1 0 0 1 0 0 0 1 1 0 1 1 0 1 0 0 0 0 0 1 49