150
2 1 1 0 0 1 1 0 1 1 1 0 0 0 1 0 0 1 0 1 0 1 1 0 1 0 0 1 1 1 1 0 0 0 0 0 1 1 1 0 1 0 1 0 1 0 0 0 1 1 0 0 0 1 0 1 0 1 1 1 1 1 1 0 1 1 1 1 1 0 1 0 0 1 1 1 1 1 0 0 1 0 1 0 1 1 0 1 0 1 1 1 0 0 1 0 0 1 0 0 1 1 0 1 0 0 1 0 0 1 1 1 0 1 1 1 0 0 1 1 1 1 1 1 0 1 0 1 1 0 0 1 1 1 0 1 0 1 0 1 1 1 0 0 1 0 1 0 0 1 
1 25 0 0 1 1 1 0 1 1 1 1 1 1 1 0 0 0 0 0 0 0 0 1 0 1 1 1 1 1 1 1 1 1 1 0 0 0 1 0 1 1 0 1 1 0 0 0 0 1 0 0 1 0 1 1 0 1 1 0 1 0 0 0 0 0 0 0 0 0 1 1 1 0 1 1 1 1 0 0 1 0 1 1 1 0 0 1 1 0 1 0 1 0 1 1 1 1 1 1 1 0 1 1 0 1 1 1 0 1 0 1 0 0 1 1 1 0 1 0 1 0 0 1 0 1 1 0 1 1 1 0 1 0 0 0 0 1 1 0 0 0 0 1 0 0 1 0 0 0 
1 0 31 0 1 1 1 1 1 0 1 1 0 1 0 1 0 1 0 1 1 0 1 1 1 0 0 0 1 0 0 1 0 1 0 0 0 0 0 1 1 1 1 1 1 1 1 1 1 0 0 0 1 1 1 0 1 1 0 1 1 0 1 1 0 0 0 0 1 1 0 0 0 0 1 1 0 0 0 0 0 0 1 0 1 1 0 1 1 1 1 1 1 0 1 1 1 0 1 0 1 0 1 0 0 1 1 0 1 0 0 0 1 0 0 0 0 0 0 0 1 0 0 0 1 0 1 0 0 1 1 0 0 1 1 1 1 1 0 1 0 0 1 1 0 1 1 1 1 0 
0 0 1 55 1 0 1 0 1 1 0 0 1 1 1 0 1 0 0 0 1 1 1 0 0 1 0 1 0 1 0 0 0 1 1 1 1 0 1 1 1 1 0 0 0 0 0 1 0 1 1 0 1 0 1 1 1 1 0 0 1 0 1 0 0 0 1 1 0 1 0 1 0 1 1 1 0 1 0 0 1 1 0 0 1 0 0 1 1 0 0 1 1 1 1 1 1 0 1 1 0 1 0 0 1 0 0 0 0 0 0 1 0 0 0 1 0 0 0 1 1 1 1 1 0 0 0 1 1 1 0 1 1 0 0 1 0 0 1 0 0 0 1 0 1 0 1 1 0 1 
0 0 0 0 66 0 0 0 1 0 0 0 0 0 1 0 0 0 1 0 1 0 0 0 0 1 0 1 1 1 1 1 0 1 1 0 0 0 1 1 0 0 1 1 1 0 1 0 0 0 0 0 1 0 1 0 0 0 0 1 1 0 1 1 1 1 1 0 1 0 0 1 0 1 1 1 1 1 1 0 1 1 0 1 1 1 1 1 1 1 0 0 0 0 0 1 0 1 0 1 0 0 1 0 0 0 1 1 0 1 1 0 0 0 0 0 1 0 0 0 0 0 1 1 0 0 1 1 0 0 0 0 1 1 1 0 0 1 1 0 1 0 0 0 0 1 1 0 1 1 
1 0 0 1 1 31 1 0 0 1 1 1 0 0 0 1 1 1 0 0 1 1 1 1 1 0 0 0 1 1 1 1 1 0 1 1 1 1 0 0 0 0 0 0 1 1 1 1 0 1 0 1 0 0 1 0 1 0 1 0 1 0 1 1 0 1 1 0 1 1 0 0 0 0 0 1 1 0 1 1 1 0 0 1 0 1 0 0 1 0 1 0 1 1 0 1 0 0 0 0 0 1 1 1 0 0 1 0 0 0 1 0 0 1 0 0 1 0 1 1 0 0 1 1 0 0 0 1 0 0 1 0 1 1 0 0 0 1 1 1 1 1 1 1 1 0 0 1 1 1 
1 0 0 1 1 0 20 1 0 0 0 0 0 1 0 0 0 0 0 0 0 0 0 1 0 0 1 0 0 1 1 1 0 0 1 0 0 1 1 0 0 1 0 1 0 1 1 1 0 0 0 0 1 0 0 1 0 1 0 0 1 0 0 1 1 1 1 1 0 1 1 1 1 1 1 1 1 1 1 1 0 0 0 1 0 0 1 1 0 0 1 0 0 1 0 0 0 0 1 1 0 0 1 1 1 1 1 1 0 0 1 0 1 1 0 0 1 1 1 1 1 1 1 1 1 0 1 1 1 1 0 0 1 0 0 1 0 1 1 0 0 1 1 0 1 1 1 0 0 0 
1 1 0 0 1 1 0 62 1 1 0 1 1 0 0 1 0 0 0 0 1 1 1 0 0 1 0 0 1 0 1 0 1 0 0 1 0 0 0 1 0 0 0 1 0 1 0 0 1 0 1 1 1 0 0 0 0 1 1 0 1 1 0 1 1 1 1 0 1 1 1 0 1 0 1 1 0 0 1 1 0 0 0 0 1 1 0 1 0 1 0 0 1 0 0 0 0 0 0 0 0 1 1 0 1 0 0 0 0 0 1 1 0 1 1 0 1 1 1 0 1 1 1 0 0 1 1 0 1 1 0 1 0 0 1 1 0 0 1 0 0 0 0 1 0 0 1 0 1 0 
0 0 1 0 1 1 0 1 77 0 0 0 1 1 1 0 0 1 1 0 1 0 1 1 0 1 0 1 1 1 1 0 1 1 0 1 0 0 0 1 1 0 0 1 1 1 1 0 0 0 0 0 1 1 1 1 1 0 0 0 0 1 0 0 0 1 0 1 0 0 1 1 0 1 0 1 1 0 1 1 0 1 0 0 1 1 0 1 1 1 1 0 1 1 1 1 0 1 1 0 0 1 1 0 0 0 0 0 1 0 1 1 0 0 0 0 1 0 1 1 0 1 1 0 1 0 0 1 1 0 0 1 1 0 1 1 1 0 1 0 1 0 0 1 1 1 1 0 0 1 
1 0 1 1 1 1 0 1 1 3 1 0 0 1 1 1 1 0 1 0 0 0 1 1 0 0 1 1 1 0 0 0 0 0 0 0 0 0 1 1 1 0 0 0 1 0 0 1 0 0 1 0 1 1 1 1 0 0 1 1 0 0 1 1 0 1 0 1 0 1 1 0 1 1 1 1 1 0 1 0 0 0 1 1 0 1 0 1 0 0 1 0 1 0 1 0 1 1 0 0 1 0 0 1 1 0 1 1 1 1 1 0 1 0 1 1 0 1 0 1 0 1 1 1 0 1 0 1 1 0 1 1 0 1 1 1 0 1 0 1 0 1 1 1 1 0 1 0 1 0 
1 0 0 0 0 1 1 1 1 0 41 0 1 0 1 0 0 0 0 0 1 1 0 0 1 1 1 1 1 0 1 1 0 1 1 0 0 1 0 0 0 0 0 1 0 1 1 1 1 1 1 0 1 1 0 0 0 0 0 1 0 1 1 0 1 1 0 1 0 0 0 1 0 1 0 1 1 0 1 1 0 1 1 1 0 0 0 1 0 1 1 1 0 1 0 1 1 0 1 1 1 0 0 1 0 1 0 1 0 1 1 1 1 0 0 1 0 1 1 0 1 0 1 0 0 0 1 1 1 0 0 0 1 1 1 0 1 1 0 0 0 0 1 0 1 0 0 0 1 1 
0 1 0 1 0 0 1 1 1 1 0 94 0 0 0 1 1 0 0 0 0 1 0 1 1 1 1 0 1 1 1 0 1 0 0 0 1 0 0 0 1 1 1 0 0 0 1 0 0 1 1 1 1 1 0 0 1 0 0 0 0 0 1 1 0 0 0 1 0 0 1 1 1 1 1 1 1 1 1 0 0 0 0 0 0 1 0 0 1 1 1 0 0 0 1 0 0 1 1 1 1 1 1 1 1 0 1 0 0 1 0 0 1 0 1 0 1 1 0 1 1 0 1 0 1 1 1 1 1 1 0 1 0 1 1 0 1 0 0 0 1 1 1 0 1 1 0 1 1 1 
1 0 0 0 0 0 0 0 1 0 0 1 34 1 1 0 1 1 0 0 1 0 0 1 1 1 1 1 0 1 0 1 1 1 1 0 1 0 0 0 0 0 0 0 1 0 1 1 0 0 1 1 1 0 0 0 1 0 0 0 1 1 1 1 1 1 1 0 0 1 1 1 0 0 0 0 1 1 1 1 0 0 0 1 0 0 1 1 1 1 0 0 1 1 1 0 0 0 0 1 0 1 0 0 1 0 0 1 1 0 0 1 0 1 0 1 0 0 0 1 0 0 0 0 1 0 1 1 0 0 1 0 0 0 1 0 1 0 1 1 0 0 0 0 0 0 1 0 0 1 
0 0 0 0 1 1 0 0 1 1 0 0 1 81 0 0 1 1 1 0 1 1 0 0 0 0 0 1 0 1 0 1 1 0 0 1 1 0 1 0 1 0 1 1 1 0 0 0 0 0 1 0 0 1 1 1 1 1 1 1 0 0 1 0 0 1 0 1 1 0 1 1 1 1 0 0 1 1 0 0 0 1 0 0 1 1 1 0 1 1 1 1 1 1 1 1 0 0 0 1 0 1 1 1 0 0 0 1 0 1 1 0 0 1 1 0 0 0 1 1 1 0 0 0 1 1 0 0 1 0 0 1 0 1 1 1 0 1 0 1 0 1 0 0 0 1 1 0 0 0 
0 0 0 1 1 1 1 0 0 0 0 1 0 0 25 0 0 0 1 1 1 0 1 0 0 1 0 1 1 1 1 1 1 0 1 1 1 0 1 1 0 1 0 0 0 0 0 0 1 1 0 1 0 0 1 1 1 0 1 1 0 1 1 1 0 0 0 0 1 0 0 1 1 1 0 0 1 1 0 0 1 1 0 0 1 1 0 0 1 1 0 1 1 1 0 0 1 0 1 0 1 1 1 1 1 0 1 0 1 1 1 0 0 1 1 0 0 0 0 0 1 0 1 0 1 0 0 1 1 0 1 0 0 1 0 1 0 0 1 0 1 0 0 1 1 1 0 0 1 0 
1 0 1 0 1 0 0 0 1 1 0 1 1 0 1 78 1 1 1 1 0 0 0 0 0 0 0 1 0 1 0 0 0 1 1 1 0 1 1 0 1 1 0 1 0 1 1 0 0 0 0 0 0 1 0 0 1 1 1 0 1 1 1 0 0 0 1 0 0 0 0 1 0 1 0 1 0 0 0 0 1 1 1 0 0 1 0 1 1 1 1 0 1 0 1 0 1 1 0 0 1 0 0 0 1 1 0 0 1 0 0 1 0 1 1 1 0 1 1 1 0 1 0 1 0 1 1 0 1 1 0 0 1 0 1 0 1 1 1 1 1 0 0 1 1 1 0 0 1 1 
0 0 0 1 0 1 0 0 0 0 0 0 1 1 0 1 26 0 1 0 0 1 1 1 0 1 0 1 1 1 1 0 0 1 1 0 0 0 1 1 1 0 0 1 0 0 1 1 0 0 1 0 1 0 1 1 0 0 0 1 1 1 0 1 1 1 1 0 0 1 0 1 0 1 1 1 0 1 1 0 0 0 1 1 1 0 0 1 1 1 1 0 0 0 0 1 0 0 1 1 0 0 1 0 1 0 0 0 1 1 1 1 0 1 1 0 0 1 1 0 1 1 1 1 1 0 1 1 0 1 1 0 1 1 0 0 0 0 0 1 1 0 0 0 0 0 1 0 1 0 
0 1 0 0 0 0 1 0 1 0 0 1 0 0 1 0 0 76 0 1 1 1 1 0 0 1 1 1 0 1 1 1 1 1 0 1 0 0 0 0 0 0 1 0 1 1 1 0 1 0 0 0 0 1 0 1 1 0 1 1 1 1 0 0 1 1 0 1 0 1 1 1 0 1 1 1 1 1 1 0 0 1 1 0 0 1 0 0 1 0 0 0 1 1 0 1 0 1 0 0 1 1 0 1 0 0 0 1 0 1 1 0 1 0 0 1 0 0 1 0 1 0 0 0 0 1 0 1 0 0 1 0 1 0 0 0 0 0 1 0 1 1 0 0 1 1 1 1 1 1 
0 0 1 0 0 0 0 1 1 0 1 0 0 0 0 0 1 0 76 0 1 0 1 1 1 1 1 0 1 0 0 1 0 0 0 1 0 1 1 1 1 1 0 1 0 0 1 0 0 0 1 1 0 1 0 0 0 1 0 0 0 1 1 1 0 1 1 0 0 1 1 1 1 0 1 0 1 0 1 0 1 1 0 1 1 1 0 1 1 1 0 1 0 0 1 1 1 0 1 1 1 1 1 0 1 1 1 0 0 0 1 0 0 1 0 1 0 0 1 1 1 0 0 0 1 1 0 1 1 1 0 0 1 0 1 0 0 0 1 0 0 1 1 0 0 1 1 1 0 0 
1 1 1 1 0 1 1 0 1 0 0 0 1 1 1 0 1 0 0 28 0 0 0 1 0 0 1 0 1 1 0 1 0 1 0 0 0 1 0 1 1 0 0 1 1 0 1 1 1 1 0 1 0 0 0 1 0 0 0 1 1 1 0 0 0 1 0 1 0 0 0 1 0 0 1 0 0 0 0 1 0 1 1 0 1 0 1 1 0 1 0 1 1 0 0 0 1 0 0 1 0 0 1 1 1 0 0 1 1 0 0 0 1 1 0 0 0 1 0 0 1 1 0 1 1 0 1 0 0 0 0 1 0 1 0 1 1 1 1 0 1 1 0 1 1 1 1 0 0 0 
1 0 1 0 1 1 1 0 0 1 1 1 0 0 1 1 0 1 1 1 87 1 0 1 1 1 1 1 0 0 1 1 0 0 0 0 0 0 0 0 1 1 1 1 1 1 0 0 1 0 1 1 0 1 1 0 0 1 1 0 1 0 1 0 1 1 1 1 1 0 1 0 0 1 0 0 1 1 1 0 0 0 1 1 0 1 0 0 1 1 1 0 0 1 0 1 0 0 1 0 1 1 0 1 0 0 1 0 0 1 1 1 1 1 1 1 1 1 1 1 1 1 1 0 1 1 1 0 1 0 0 1 0 1 1 1 0 0 1 1 0 1 0 0 0 0 0 0 1 0 
1 0 1 0 0 0 1 1 0 0 0 0 1 1 1 0 0 0 0 0 1 54 1 0 1 1 1 0 1 0 0 0 0 1 0 1 0 1 0 1 0 1 0 1 1 1 1 0 1 1 1 1 1 1 0 1 1 1 0 1 0 0 0 0 1 0 0 0 1 0 1 0 0 0 0 0 0 1 1 1 0 0 0 1 1 1 0 0 1 1 1 0 1 1 0 0 0 1 1 0 1 0 0 0 0 1 0 0 1 1 0 1 1 0 0 1 0 0 0 1 1 0 0 0 1 1 0 0 0 0 1 1 0 1 1 1 0 0 0 1 0 1 0 1 0 0 0 0 0 0 
0 1 1 1 0 1 1 0 1 0 1 0 1 0 0 0 1 1 0 0 1 0 94 0 0 1 1 0 1 1 1 0 0 1 1 0 0 0 1 0 0 0 0 1 1 0 0 1 1 1 1 1 0 1 1 1 0 1 1 0 1 0 0 0 0 1 0 1 1 1 0 0 0 1 1 0 1 1 1 0 1 1 0 1 1 0 1 0 0 1 1 1 1 0 1 0 1 0 0 1 0 0 1 0 1 0 1 0 0 0 1 1 0 0 1 0 0 0 0 0 0 0 0 0 0 1 1 1 1 0 1 0 1 1 1 0 0 0 1 0 1 0 0 1 0 0 0 1 1 0 
1 0 0 0 0 1 1 1 0 1 0 0 0 1 0 0 0 1 1 0 0 0 1 64 0 0 0 1 0 0 1 1 0 0 1 0 0 0 1 1 0 0 1 0 0 0 1 0 0 0 0 1 1 1 0 1 1 0 0 0 0 1 1 0 0 1 0 1 1 1 0 0 0 1 0 1 0 1 0 0 1 0 1 1 1 0 1 0 0 0 0 0 1 0 0 0 0 1 0 0 0 1 0 0 1 1 1 1 0 1 0 1 0 1 1 0 0 1 0 1 1 1 0 0 0 1 1 1 1 1 1 1 1 0 1 1 1 1 0 1 0 0 0 0 0 1 1 0 1 0 
0 0 1 0 0 1 1 0 0 1 1 1 1 0 1 1 0 1 1 0 1 1 0 0 82 1 0 1 0 1 1 1 0 1 0 0 1 0 0 1 1 1 1 1 1 0 1 1 1 0 0 0 1 0 0 0 1 0 0 1 1 0 1 1 0 1 0 1 0 0 0 0 1 0 0 1 1 1 1 1 0 0 1 1 0 0 1 1 0 1 1 0 1 1 0 0 0 0 1 1 1 1 1 1 0 1 1 0 0 1 1 0 1 1 1 1 1 1 1 1 1 1 0 0 1 0 1 1 1 1 1 0 0 1 1 1 1 0 1 1 0 1 0 1 0 1 1 0 1 1 
1 0 1 1 0 0 0 0 0 0 1 0 0 1 1 1 0 1 1 0 0 1 0 0 1 3 1 0 1 0 1 0 0 1 0 0 1 0 1 1 0 1 0 0 1 0 0 0 0 0 1 0 1 0 0 0 1 1 1 0 1 0 1 0 0 0 0 0 0 0 0 1 1 0 0 1 0 0 0 1 1 1 0 1 1 0 1 0 1 0 0 1 1 1 0 1 1 0 1 0 1 0 1 0 1 1 1 0 0 0 0 1 0 1 1 1 0 0 0 0 0 0 0 1 0 0 1 0 1 1 1 0 0 0 1 1 0 0 1 0 0 1 1 1 0 1 0 1 0 1 
0 1 0 0 1 0 1 0 1 0 1 1 1 0 1 1 1 1 0 0 0 1 1 1 1 1 86 0 0 0 1 0 1 0 0 1 0 0 1 0 1 0 0 0 1 1 0 0 1 1 0 1 1 1 0 1 1 0 1 1 0 1 1 1 1 0 1 1 1 0 0 1 0 1 1 0 0 1 1 0 1 1 0 1 0 0 0 1 0 1 1 0 1 1 0 1 1 1 1 1 0 0 1 0 0 1 0 1 1 0 1 0 1 1 0 0 1 1 1 0 0 0 0 1 1 1 0 1 0 0 1 0 1 0 1 0 0 1 0 1 1 1 0 0 0 0 1 1 0 1 
0 0 1 1 0 1 1 0 1 0 0 0 0 1 0 1 1 1 1 1 1 1 1 1 1 1 1 69 0 1 1 0 1 1 0 1 1 0 0 1 0 0 1 0 0 1 0 1 1 1 1 0 0 1 1 0 1 0 0 1 1 0 0 0 1 1 1 1 1 1 1 1 1 0 1 0 0 0 1 0 1 1 1 1 0 1 1 0 1 0 0 1 1 1 0 1 1 0 0 1 1 0 0 1 1 1 1 0 0 1 0 0 1 1 0 0 1 0 0 0 1 0 1 0 1 1 0 0 0 0 1 1 0 1 0 1 1 0 0 1 0 0 1 1 1 1 1 1 0 1 
1 0 1 1 0 0 1 0 1 1 0 1 1 1 1 0 1 0 1 0 0 1 0 1 1 1 0 0 81 1 1 1 0 1 1 1 0 0 0 0 0 0 0 0 1 0 0 0 0 0 1 1 0 0 1 0 1 0 1 1 0 0 0 1 0 1 1 1 0 0 0 0 1 0 1 1 1 0 0 1 1 0 1 0 1 0 1 1 1 1 0 0 1 0 0 1 1 0 0 0 1 1 1 1 0 1 0 0 0 1 1 1 0 1 0 1 1 1 0 1 0 0 1 1 0 1 0 0 1 0 1 0 1 0 1 1 1 0 1 0 0 1 1 1 1 1 1 1 0 0 
1 1 1 1 1 0 0 0 1 1 0 0 0 0 0 0 1 1 1 1 1 0 1 1 1 0 1 1 0 6 1 0 1 0 0 1 1 0 0 0 0 0 0 0 1 1 0 0 0 1 1 1 1 0 1 1 0 1 1 1 1 1 1 1 0 0 1 0 0 0 1 1 0 0 1 0 0 1 0 1 1 0 1 0 1 0 1 0 1 1 0 0 1 0 0 0 0 0 0 0 1 1 0 0 1 1 0 1 0 1 1 1 0 0 0 1 1 1 1 1 0 1 0 0 1 1 1 1 0 1 1 0 0 1 0 1 0 0 1 1 0 0 0 1 1 1 1 0 1 0 
1 1 0 0 1 1 1 1 1 1 0 0 0 0 1 1 0 1 1 0 1 0 0 0 1 0 1 1 0 0 21 1 1 1 0 1 0 0 1 1 1 1 0 1 0 0 1 0 0 0 1 0 1 1 1 0 1 0 0 0 0 1 1 1 1 0 1 1 1 1 1 0 1 1 1 1 1 0 1 1 0 1 0 0 1 0 1 0 0 0 1 1 1 0 0 0 1 0 0 0 0 1 0 1 0 0 1 0 1 0 0 1 0 1 0 0 0 1 0 0 1 0 0 1 1 1 1 1 1 0 1 1 0 1 0 0 0 0 1 1 1 0 1 0 1 1 1 1 1 0 
0 1 0 0 1 0 1 1 0 0 0 1 0 0 0 1 1 1 0 1 1 0 0 0 1 0 1 0 1 1 1 47 1 1 1 0 0 0 1 1 0 1 0 0 0 1 0 0 1 0 0 1 0 0 1 1 0 1 1 1 1 0 1 0 1 1 1 1 1 0 0 1 0 1 1 1 0 1 1 1 0 0 1 1 1 0 0 1 1 0 0 1 0 1 0 1 1 0 1 0 1 0 1 1 1 0 0 1 0 0 0 0 0 0 1 1 1 1 1 0 0 1 1 1 1 1 0 0 1 1 1 1 0 0 0 1 1 1 1 0 1 0 1 1 1 0 0 0 1 0 
1 1 1 0 0 1 0 0 0 1 0 1 1 1 1 1 1 0 1 0 1 1 1 0 0 0 1 0 1 1 0 1 97 1 1 0 0 0 0 1 0 0 0 0 0 1 0 1 0 0 0 1 0 0 1 1 0 0 0 0 0 1 1 1 0 0 0 0 1 1 0 0 0 1 1 0 1 0 1 1 0 0 0 1 1 1 1 0 1 0 0 0 1 1 1 0 1 1 0 0 1 1 0 1 0 0 1 1 1 1 1 0 0 0 0 0 1 1 1 1 1 1 0 0 0 1 0 0 1 0 0 1 0 1 1 1 0 0 0 0 1 1 0 1 1 1 1 0 0 1 
0 0 0 1 1 0 1 1 1 0 0 1 0 0 1 0 1 0 0 1 0 0 1 1 0 1 1 0 1 1 0 0 1 49 1 0 0 1 0 1 1 1 1 1 0 1 0 1 0 1 1 0 0 0 0 0 0 1 0 0 1 1 0 1 1 0 1 0 1 1 0 1 1 1 1 0 0 1 1 1 0 0 0 1 1 0 1 1 1 1 0 0 0 1 0 1 0 1 0 1 1 1 1 0 1 0 1 1 1 0 1 0 0 1 1 1 1 1 0 1 0 1 0 0 1 1 0 1 1 1 1 1 0 1 0 0 1 1 1 0 1 1 0 1 0 0 1 1 1 0 
0 0 0 0 0 0 1 0 0 1 1 0 1 0 0 1 1 0 1 1 0 1 1 0 0 0 0 0 1 1 1 1 1 1 49 1 0 0 1 0 0 1 0 1 0 1 0 1 0 1 1 1 0 0 0 0 0 1 0 0 1 0 0 0 1 0 0 1 0 0 1 1 1 0 1 0 0 1 1 1 1 1 1 0 1 1 0 1 1 1 0 1 1 1 1 0 0 0 1 1 1 1 0 1 1 1 1 1 1 0 1 1 1 0 1 1 0 1 0 0 0 1 1 0 1 0 0 1 0 1 1 0 0 0 0 1 0 0 1 0 1 0 0 1 0 0 1 0 1 1 
0 1 1 0 0 1 1 0 0 0 0 0 0 0 0 0 1 1 0 1 1 0 1 0 0 0 0 0 1 1 1 0 1 1 1 2 1 0 0 0 0 1 0 0 1 0 1 1 0 1 0 1 1 0 0 0 0 1 1 0 1 1 1 0 0 0 1 1 0 0 0 1 0 0 0 0 1 0 1 0 0 1 0 1 1 0 1 1 0 1 1 0 0 1 0 0 1 1 1 0 1 1 1 0 1 0 0 1 0 0 1 0 1 1 0 1 0 1 0 0 1 1 0 1 1 0 1 1 1 0 0 0 0 1 1 1 0 0 0 1 0 1 1 1 1 1 1 0 0 1 
0 1 1 1 0 0 1 1 1 0 0 0 1 1 0 0 1 1 1 1 0 0 1 0 0 0 1 1 1 1 0 1 0 0 0 1 30 0 1 1 0 1 1 0 0 1 1 0 0 1 0 1 0 0 1 1 1 0 0 1 1 0 1 0 1 1 1 1 0 0 1 1 1 0 1 1 1 1 0 0 0 0 0 0 0 1 1 0 1 1 0 1 0 1 1 1 1 1 0 0 1 1 1 1 1 0 1 1 1 1 1 1 0 1 1 1 0 0 0 0 0 0 1 1 1 0 1 1 1 0 0 1 1 0 1 0 1 1 1 0 0 1 1 1 0 0 0 1 1 1 
1 0 1 1 1 0 0 1 0 1 1 1 1 1 1 0 1 0 1 1 0 1 1 0 0 1 1 1 1 0 1 1 0 1 0 0 1 82 1 0 1 1 1 0 1 1 0 0 0 0 1 1 0 0 1 1 1 1 0 1 0 1 1 1 1 0 1 1 1 0 0 1 0 0 0 0 1 1 1 1 1 1 0 1 0 0 1 0 1 1 1 1 0 1 1 1 1 0 1 0 1 0 0 1 1 0 1 1 0 0 1 1 0 0 1 1 1 1 0 1 1 1 0 0 0 0 1 0 0 0 0 1 1 0 0 1 1 1 0 1 0 1 1 0 1 0 1 0 0 1 
0 0 1 1 0 1 0 0 1 0 0 0 0 1 0 1 1 0 1 0 1 0 1 0 0 0 1 0 0 1 1 0 0 0 0 1 0 0 47 1 1 1 0 0 0 1 1 0 0 0 0 0 1 0 0 1 0 1 0 1 1 1 0 0 0 1 0 1 1 0 1 0 1 0 1 0 0 0 0 1 1 0 0 0 0 0 1 0 0 1 1 0 1 1 1 0 0 0 1 0 1 0 0 1 0 0 1 0 1 0 1 1 1 1 1 0 1 0 1 1 1 0 0 0 0 0 1 1 0 0 1 0 0 0 0 0 0 1 1 1 1 0 0 1 0 1 1 1 1 1 
1 0 1 1 0 0 1 0 0 0 1 0 1 1 0 1 1 0 0 0 0 1 0 0 1 0 1 0 1 0 1 1 1 1 0 1 0 1 1 83 0 0 0 0 1 1 0 0 1 0 0 0 0 0 0 1 0 0 1 1 0 1 0 0 0 1 1 1 1 1 1 1 0 0 0 0 1 1 0 1 0 1 1 1 1 0 0 1 0 1 0 0 0 1 1 1 1 0 1 0 1 1 0 1 0 1 0 1 0 0 0 0 0 0 1 0 1 0 0 1 1 1 0 1 0 1 1 0 0 0 1 0 0 0 0 1 1 1 0 1 1 1 1 1 0 0 1 0 0 1 
1 0 1 0 1 1 1 1 0 0 1 0 1 1 0 1 1 0 1 0 1 1 1 0 1 1 0 0 0 0 0 1 1 0 0 0 1 0 1 1 88 1 0 0 0 1 1 1 1 1 0 1 1 0 1 1 0 0 1 0 1 0 1 0 0 1 1 0 1 1 1 0 1 1 1 0 1 1 1 1 0 0 1 1 0 0 0 1 1 1 0 1 0 0 1 1 1 1 0 1 0 0 0 1 1 1 1 0 1 0 0 1 1 1 0 0 1 0 1 1 1 0 1 0 0 0 0 1 0 1 1 1 0 1 1 0 0 1 0 1 1 0 1 0 1 1 0 1 1 0 
1 0 1 1 0 0 1 0 0 0 1 0 0 0 0 1 1 1 0 0 0 1 1 0 1 0 0 0 1 0 0 0 0 1 0 1 0 1 0 0 1 49 1 0 0 1 0 0 1 1 0 0 1 0 0 1 1 1 1 0 0 0 1 0 0 0 0 1 1 1 1 1 0 1 1 0 1 0 1 0 1 1 0 0 0 0 1 0 1 0 0 1 0 0 1 0 1 1 0 1 1 1 0 1 0 0 1 1 1 0 1 1 1 0 1 1 0 0 0 1 0 0 1 1 1 1 1 1 0 0 1 0 1 0 1 1 1 0 0 1 1 0 1 0 0 0 1 0 1 0 
0 1 1 1 1 0 1 1 0 1 1 1 1 0 0 1 0 1 0 1 0 0 0 1 1 0 0 1 0 0 1 0 0 0 0 1 0 0 1 1 1 1 40 0 0 1 0 0 0 0 0 0 1 1 1 1 0 1 0 1 0 1 0 0 1 1 0 1 0 1 0 1 1 0 1 1 0 0 1 0 1 0 0 1 0 1 0 1 0 1 0 0 1 0 0 1 1 0 1 1 1 0 1 1 0 0 0 1 0 0 1 0 0 0 1 0 0 0 0 0 0 1 1 1 1 1 0 1 0 1 1 0 0 0 1 1 1 0 0 0 0 0 1 0 0 1 0 1 1 0 
0 0 0 0 1 1 0 0 1 1 0 1 1 1 0 1 1 0 1 1 0 1 0 1 0 0 1 1 1 0 1 1 1 1 0 0 1 0 1 0 0 1 0 37 1 0 1 0 1 1 1 1 1 1 1 0 0 1 0 1 0 0 1 0 1 0 0 1 0 0 1 1 1 1 0 1 0 1 0 0 1 0 1 0 1 1 0 1 1 1 0 1 1 0 0 1 1 1 0 1 1 0 0 0 1 1 0 1 1 0 0 0 0 0 0 0 0 0 0 1 0 1 0 0 0 0 1 1 1 0 0 0 1 0 0 1 0 1 0 1 0 1 1 0 1 1 1 1 0 1 
1 1 0 1 0 1 0 0 0 1 0 1 1 1 1 0 0 0 0 1 1 0 0 0 1 1 0 1 0 1 1 0 0 0 0 1 1 0 1 0 1 0 0 1 18 0 0 0 0 0 0 0 1 0 0 1 0 1 0 1 0 1 0 0 1 1 1 0 0 0 0 0 0 0 0 0 0 1 1 0 0 0 1 1 0 1 1 1 0 0 1 0 1 1 1 0 1 1 0 0 1 1 0 0 0 1 1 0 0 1 0 0 0 0 0 0 0 1 1 1 1 1 1 1 1 1 0 0 1 0 0 1 0 0 0 0 0 1 0 0 0 1 0 1 0 0 1 1 0 1 
1 0 1 0 0 0 1 0 0 0 1 0 0 0 0 1 1 1 0 1 0 0 1 1 1 1 1 0 0 0 0 0 1 1 0 1 1 1 0 0 0 1 1 0 1 45 1 0 1 0 1 1 0 1 1 1 1 0 1 1 0 0 1 1 0 1 0 1 1 1 0 1 1 1 0 0 0 1 1 1 0 1 0 0 0 0 0 1 0 0 0 0 0 0 1 1 1 1 0 1 0 0 1 0 1 1 0 0 0 0 0 1 1 1 1 1 0 0 0 0 0 1 0 0 0 1 1 1 1 0 0 0 1 0 1 1 0 1 1 0 0 0 0 1 0 0 1 0 1 0 
0 1 0 0 0 1 0 1 0 0 0 0 0 1 0 0 1 0 0 0 0 0 0 1 0 1 1 0 1 1 0 0 0 0 1 0 1 1 1 0 1 0 1 0 1 1 94 1 0 0 1 0 0 0 0 0 1 1 0 1 0 1 1 1 1 1 1 1 0 0 0 1 0 0 1 1 0 0 0 1 1 0 0 0 1 1 1 0 1 0 0 1 1 0 0 1 1 1 0 0 0 0 1 0 0 1 1 0 1 1 1 1 1 0 1 0 0 1 1 1 0 1 0 0 0 1 1 0 0 1 1 0 1 0 1 0 1 1 1 1 0 0 0 1 0 1 0 1 1 1 
0 0 1 1 1 1 0 1 1 0 1 1 1 0 1 1 0 0 1 0 1 0 0 0 0 1 0 0 0 1 0 0 1 0 1 0 0 0 0 1 0 0 1 0 1 1 1 28 1 0 0 1 0 1 1 0 0 0 0 1 0 0 1 0 0 0 1 0 0 1 0 0 1 0 0 1 0 1 1 0 1 0 0 1 0 0 0 0 0 1 1 0 0 1 1 1 0 1 0 0 1 0 1 1 0 1 1 0 1 0 0 0 0 1 1 0 0 0 1 1 0 1 1 0 0 1 1 0 0 0 1 0 0 1 0 1 0 0 0 0 1 1 0 0 0 1 1 0 0 1 
1 0 1 0 1 1 1 1 0 0 0 1 0 0 0 0 0 1 0 0 1 0 0 0 0 1 1 1 1 1 1 0 1 0 0 1 0 1 0 1 0 1 1 0 1 1 1 0 57 1 1 0 0 1 0 0 0 1 0 0 0 0 1 1 1 1 0 0 0 0 0 0 0 0 1 1 0 1 0 0 0 1 0 0 1 0 1 1 0 1 0 0 0 1 1 1 1 1 0 1 1 0 0 0 1 1 1 0 1 1 0 0 1 1 1 0 1 0 0 0 1 0 0 0 1 1 1 0 1 1 0 0 1 0 0 0 0 1 1 1 0 1 1 1 1 1 1 0 0 0 
1 0 0 1 0 1 0 1 1 0 0 0 0 1 0 0 1 0 1 0 1 0 1 0 0 1 0 0 1 1 1 1 0 1 0 1 1 1 0 0 1 0 1 0 0 0 1 1 1 20 0 0 1 1 0 0 1 1 1 1 0 0 1 0 1 0 0 1 0 0 0 0 1 0 0 1 0 0 0 1 0 1 0 0 1 0 1 0 1 0 1 1 1 0 0 1 1 0 0 1 1 1 0 1 0 1 1 1 0 1 0 0 0 0 0 0 0 1 0 1 0 1 0 1 0 1 0 0 1 0 0 0 1 0 0 0 0 1 1 0 0 0 0 1 1 0 0 1 0 1 
0 0 1 1 0 0 1 1 0 1 0 1 1 1 0 1 1 0 0 1 0 0 0 0 1 1 0 0 1 1 0 0 0 0 1 0 1 1 0 0 1 0 0 1 1 1 1 1 1 0 96 0 1 0 0 1 1 0 0 1 0 1 1 1 1 1 0 1 1 1 0 1 1 0 0 1 0 0 1 1 1 0 1 1 1 1 0 1 0 1 1 1 1 1 0 0 0 0 0 0 1 1 1 1 1 0 0 1 0 0 1 0 1 1 1 0 0 1 1 0 0 0 0 1 0 0 0 0 0 1 0 1 1 1 1 0 0 1 1 1 0 0 1 0 1 0 1 0 1 1 
0 0 0 1 0 1 1 1 0 0 0 0 1 1 0 0 1 1 0 1 0 1 1 0 1 1 0 0 1 0 0 0 0 0 0 1 0 0 0 0 0 1 1 0 1 0 1 0 1 0 1 38 1 1 0 1 0 1 1 1 0 0 0 0 1 1 0 0 0 1 1 0 0 0 0 1 0 0 0 1 1 1 1 1 1 1 1 1 0 0 1 0 0 1 0 1 0 0 0 1 0 0 0 1 1 1 0 1 1 0 1 0 1 1 1 1 0 1 1 0 0 1 1 0 1 1 0 0 1 1 0 0 0 0 0 0 1 1 1 0 1 0 0 0 1 1 0 0 1 0 
1 1 1 0 0 1 1 1 0 1 0 0 0 1 0 0 1 0 1 0 0 0 1 0 1 1 1 0 0 0 1 1 1 0 1 1 1 1 1 0 0 1 1 1 1 1 1 1 0 1 0 0 88 1 1 1 1 0 1 0 1 0 1 1 1 1 1 0 0 0 0 1 1 1 0 0 0 0 1 0 0 0 0 0 1 1 0 1 0 0 0 1 0 0 0 0 0 1 0 0 1 0 0 0 0 1 0 1 1 0 0 0 0 1 0 0 0 0 0 1 0 0 0 1 0 0 0 1 0 1 1 0 1 0 0 0 1 0 1 0 1 0 0 1 1 1 0 1 0 0 
0 1 1 1 0 0 1 1 0 1 1 0 1 1 0 1 1 0 1 1 1 1 0 1 1 1 0 1 0 1 0 0 0 0 0 1 1 1 0 1 1 0 0 1 0 0 0 0 1 1 1 1 0 95 0 0 1 1 0 0 1 1 0 0 1 1 1 0 1 0 0 1 1 1 0 0 1 0 0 1 0 0 0 1 0 1 1 1 0 1 1 0 0 1 1 0 1 1 0 0 0 1 1 1 1 0 0 0 1 1 0 0 0 1 0 0 0 1 0 1 0 0 0 0 1 1 0 1 1 0 1 1 0 0 0 1 1 1 0 1 0 1 1 0 0 1 1 0 1 1 
1 1 0 1 0 1 0 0 1 1 0 0 0 1 0 1 1 1 0 0 1 0 0 1 0 1 1 1 0 0 0 1 0 1 0 0 1 0 0 1 0 0 0 1 1 0 1 1 0 0 1 1 1 0 5 0 1 1 0 0 1 1 0 0 0 1 1 0 1 0 0 0 0 1 1 1 0 1 1 0 0 0 1 1 0 1 0 1 0 0 1 1 0 1 0 0 0 1 0 1 1 0 0 1 1 0 1 1 1 1 1 0 0 0 0 0 0 1 1 0 0 1 0 1 1 0 1 1 1 1 1 1 1 0 1 1 0 0 0 1 0 0 1 1 0 0 0 0 1 1 
1 1 1 1 1 0 1 1 1 1 1 1 1 0 0 0 1 1 1 1 1 1 0 1 1 0 1 1 0 0 0 1 0 0 0 0 1 0 1 1 1 1 1 0 0 1 1 1 1 1 0 0 0 0 0 35 1 0 0 0 0 1 0 1 0 1 0 0 1 0 0 1 1 1 0 1 1 0 0 0 1 1 0 0 1 0 1 1 1 1 0 0 1 1 1 0 1 0 0 1 0 1 0 0 0 0 0 1 1 1 1 1 1 1 1 1 0 0 1 0 1 0 0 1 0 1 0 0 0 0 1 0 0 1 0 0 1 0 1 0 0 0 0 0 0 0 1 0 0 1 
0 0 1 0 1 1 0 1 1 1 0 0 1 0 1 0 1 0 0 1 0 0 1 0 1 0 1 1 0 0 1 1 0 1 0 1 0 1 0 0 0 0 1 0 1 0 1 1 1 0 0 0 0 1 0 0 60 1 1 1 0 0 0 1 0 0 0 1 1 0 1 1 0 0 0 0 1 0 1 1 1 1 0 0 0 1 0 0 1 0 0 1 1 1 0 0 1 0 0 0 1 0 0 1 1 0 0 0 0 1 0 1 0 0 1 0 0 1 1 1 0 0 0 0 1 1 0 0 1 1 1 0 0 1 0 1 0 0 0 0 1 0 1 0 1 1 0 1 1 1 
1 0 1 1 0 0 1 1 1 0 1 0 1 0 0 1 0 0 1 0 1 1 1 1 1 1 1 0 0 1 0 0 1 0 0 0 0 1 0 0 1 1 1 1 1 0 1 1 1 1 0 0 0 0 0 1 1 33 0 1 0 1 0 1 0 1 1 1 1 1 0 1 1 1 1 0 0 1 1 0 1 1 1 0 0 0 0 0 1 1 1 1 0 1 0 1 1 0 0 1 0 0 1 0 0 0 1 0 1 1 1 1 1 1 0 0 0 1 0 1 1 0 0 1 0 1 0 0 0 0 0 0 0 1 1 0 0 0 0 1 0 1 1 0 0 1 1 1 1 0 
0 0 1 1 0 1 0 0 1 0 0 0 1 0 0 0 0 1 0 1 0 1 0 0 0 0 1 1 0 0 0 0 1 0 0 1 1 1 1 1 0 0 0 0 0 0 1 1 0 1 1 1 0 0 1 1 0 1 80 1 0 0 1 1 1 1 1 0 0 0 0 0 0 0 0 0 1 1 0 0 1 1 1 1 1 0 0 0 0 1 1 1 1 0 1 0 1 1 1 1 1 0 1 0 1 0 0 1 0 1 0 1 0 0 0 1 1 0 0 0 1 0 1 1 1 0 1 0 0 0 1 0 0 1 1 0 1 0 1 0 0 0 1 0 0 0 1 1 1 0 
0 1 0 1 0 0 0 0 0 1 1 0 1 1 1 0 1 0 1 0 0 1 1 1 1 1 1 0 1 1 1 1 1 1 0 0 1 1 0 0 0 1 1 0 0 1 1 1 0 0 1 0 0 0 1 1 0 1 0 53 0 0 0 0 1 0 0 1 1 1 0 1 1 0 0 1 1 1 1 0 0 1 1 0 1 1 0 1 0 0 1 1 1 0 0 0 1 0 1 1 1 1 1 0 0 1 0 1 0 1 0 1 1 1 0 0 1 1 0 1 1 1 0 0 1 0 0 0 0 0 0 0 1 0 1 0 0 0 1 0 0 0 0 0 1 0 0 1 1 0 
1 1 1 0 1 0 0 0 0 0 0 0 1 0 0 1 0 1 0 1 1 0 1 0 1 1 0 1 0 1 0 1 1 1 0 0 0 0 0 1 0 0 1 1 0 1 0 1 0 1 1 0 0 1 0 0 1 1 1 0 57 1 1 1 0 0 0 0 0 0 0 1 0 0 1 0 1 0 1 1 0 0 0 0 0 0 1 0 0 0 1 0 1 0 1 0 0 0 1 1 0 0 1 0 0 0 0 1 0 1 0 0 0 0 1 0 0 0 0 1 0 1 1 0 1 0 0 0 1 1 1 0 1 0 1 0 0 0 1 1 0 1 1 1 0 0 0 0 1 0 
1 0 0 0 0 0 1 0 1 0 0 1 0 0 1 0 0 1 1 0 1 1 0 0 1 0 0 0 0 1 0 0 0 0 1 0 0 1 1 1 0 1 1 0 1 0 1 0 1 1 1 0 0 1 0 1 1 0 0 1 1 66 1 1 0 0 0 1 1 0 0 1 1 0 0 1 0 1 0 1 1 0 0 0 1 1 0 1 1 1 0 1 0 0 0 1 1 0 0 0 0 1 1 0 0 0 0 1 0 0 0 1 1 1 0 1 0 1 1 0 1 0 1 0 1 0 1 0 0 1 1 0 1 0 0 1 0 1 0 1 0 1 1 0 0 1 1 0 1 1 
0 1 0 1 0 1 1 1 0 0 0 1 1 0 1 1 1 1 0 0 0 0 0 0 0 0 1 0 0 0 0 0 1 0 1 0 1 0 1 1 0 0 0 0 1 1 0 0 0 0 1 0 0 1 0 0 1 0 0 1 1 0 83 0 1 0 0 1 1 1 1 1 0 1 1 0 1 0 0 1 0 1 0 1 0 1 0 1 1 0 0 0 0 1 1 0 0 0 1 1 1 0 1 1 0 0 1 1 1 0 0 1 0 1 1 0 0 1 0 1 0 0 1 1 1 0 1 1 0 0 1 0 1 0 0 0 1 0 1 1 1 1 1 1 1 0 0 1 1 0 
1 0 0 0 1 0 0 0 0 1 0 1 0 1 0 1 1 1 0 0 0 0 1 1 1 0 0 1 1 1 0 1 0 0 1 0 1 0 1 1 0 0 1 0 1 0 1 0 0 1 1 1 0 0 1 1 0 1 1 1 0 0 0 41 0 1 1 0 1 1 1 1 1 0 0 1 0 0 0 0 1 0 1 1 1 0 0 1 0 0 1 0 1 1 0 1 1 0 0 1 1 0 0 1 1 1 1 1 1 1 1 1 1 1 1 1 1 1 0 0 1 0 1 0 1 1 1 1 1 1 1 1 1 1 1 1 0 0 0 0 1 0 1 0 1 1 1 1 1 1 
1 1 0 1 1 1 1 0 1 0 1 0 1 0 0 0 0 0 1 0 1 0 0 1 0 0 0 1 1 1 1 1 1 0 0 0 1 1 1 0 1 1 0 1 1 1 0 1 0 1 0 1 0 1 1 1 0 0 0 1 0 1 0 0 66 1 1 0 0 0 1 1 0 1 0 1 0 0 0 0 1 0 0 1 0 0 1 1 0 0 0 1 0 1 0 0 0 1 1 1 1 0 0 1 0 0 1 1 1 0 0 1 0 0 1 0 1 1 1 0 1 1 1 1 1 0 0 1 0 1 1 1 1 0 1 0 0 1 1 1 1 1 0 1 0 1 0 0 1 1 
1 0 1 0 1 0 0 0 0 1 0 1 1 1 0 1 1 0 0 0 1 0 0 0 1 1 0 1 1 0 1 0 1 0 1 0 1 0 0 1 0 1 1 1 1 0 1 1 1 1 1 0 1 0 1 1 0 1 0 0 0 1 1 0 1 6 1 0 0 0 0 0 1 1 1 1 0 1 1 1 0 1 0 1 1 0 0 0 1 0 1 1 1 1 0 0 0 0 0 0 0 1 1 0 1 1 0 0 0 0 1 1 0 1 0 0 1 1 1 0 0 0 1 1 0 1 0 1 1 1 1 1 0 1 1 0 1 1 1 1 0 1 1 1 0 1 1 1 0 0 
0 0 1 0 0 0 1 0 1 0 1 1 0 1 1 0 1 0 1 1 1 0 0 0 0 0 1 0 0 0 0 1 1 0 0 1 1 1 1 1 0 0 1 1 1 0 1 1 1 0 1 0 0 1 1 1 1 1 1 0 1 0 1 0 0 0 16 1 1 0 0 1 1 0 1 1 0 1 0 1 0 1 0 0 0 1 1 0 0 1 1 0 0 0 0 1 1 0 0 1 1 1 1 1 1 0 1 1 1 1 0 0 0 0 0 0 1 1 0 0 0 0 1 0 0 0 1 0 0 0 0 0 1 1 1 0 1 1 0 0 1 1 0 1 0 1 0 1 1 1 
1 1 0 0 1 0 0 1 1 1 0 0 1 1 0 0 0 0 0 1 0 1 0 1 0 0 0 0 1 1 1 0 1 1 0 1 1 1 0 0 1 1 1 1 0 0 0 1 0 1 1 0 0 0 0 1 0 0 1 0 1 0 0 1 1 0 0 63 1 1 0 1 1 1 1 1 0 1 1 0 1 0 0 0 1 0 0 0 1 0 1 1 0 0 0 1 0 0 1 1 1 1 0 1 1 1 1 1 1 1 1 1 0 0 0 0 1 0 0 1 0 1 0 0 0 1 0 1 0 0 1 0 0 0 0 1 0 0 0 1 1 1 1 0 0 0 0 1 0 0 
0 1 1 1 0 1 0 0 1 0 1 1 0 1 1 0 0 1 1 1 1 1 1 1 0 0 0 1 0 1 0 0 0 0 0 0 1 1 0 0 0 0 1 0 0 0 0 0 1 1 0 1 1 1 1 0 1 1 0 1 1 1 1 0 1 1 0 0 52 0 1 0 1 0 0 1 1 1 0 0 0 1 0 1 0 0 1 0 1 0 1 0 1 1 1 1 1 1 1 1 1 0 0 1 0 0 0 0 1 0 1 0 1 0 1 0 0 1 1 1 0 0 0 0 1 0 1 0 0 0 0 1 0 1 0 0 1 1 1 1 1 1 0 0 0 0 0 0 0 0 
1 0 0 1 1 1 1 1 1 0 1 1 1 0 1 0 0 0 1 1 0 0 0 1 1 1 1 1 0 1 0 1 1 0 1 1 0 0 1 0 1 0 1 1 0 0 1 1 1 0 1 0 1 1 0 0 0 0 0 1 1 1 1 1 0 0 0 1 0 0 0 1 0 0 0 0 1 1 1 1 1 0 1 1 1 1 0 1 0 0 0 1 1 1 1 1 1 1 1 1 0 0 1 1 1 1 1 0 1 0 1 0 0 1 0 0 1 1 0 0 1 0 1 0 0 1 0 0 1 0 1 0 0 0 0 0 1 1 1 0 0 1 1 1 0 1 0 0 1 1 
1 0 1 1 0 0 0 0 0 0 0 0 0 1 0 1 0 0 1 1 1 0 0 1 0 0 1 1 1 1 0 0 0 0 1 1 1 0 1 1 1 0 0 0 0 0 0 1 1 0 1 0 0 1 1 0 1 1 1 0 0 0 0 1 1 0 0 0 1 0 31 1 1 1 1 1 0 1 0 0 1 0 0 1 0 0 1 1 1 0 0 1 1 1 0 0 1 0 0 0 0 0 0 0 1 0 1 1 1 1 1 1 1 1 0 0 1 0 1 1 1 0 0 1 0 0 0 1 1 0 0 0 1 1 1 1 0 1 0 0 0 0 0 1 0 0 0 1 1 1 
1 1 1 0 0 1 1 0 0 1 0 0 1 0 1 1 0 0 0 1 0 0 0 0 1 0 0 0 1 0 0 1 0 1 1 0 0 1 0 1 1 0 0 1 1 1 0 1 0 0 0 1 0 1 0 1 1 0 0 1 1 0 0 1 1 0 0 1 0 0 1 41 1 1 0 1 0 0 1 1 1 1 1 1 1 1 0 1 1 0 1 1 1 1 1 1 0 0 1 1 1 1 1 0 0 0 0 0 0 0 1 1 1 1 1 0 0 1 1 0 1 0 1 0 0 1 1 1 1 1 1 1 0 1 0 1 0 1 1 1 1 0 0 1 1 0 1 0 1 0 
1 1 0 0 0 0 0 1 0 0 1 1 1 1 0 0 0 1 0 1 0 1 1 0 1 0 0 0 0 0 0 1 1 0 1 0 1 0 1 0 0 0 1 1 1 0 1 0 1 1 0 0 1 1 1 0 1 0 0 1 0 1 0 0 0 1 1 0 1 1 0 1 39 1 0 0 1 0 0 0 0 0 1 0 1 0 1 0 0 0 1 0 1 0 1 0 0 1 1 0 0 1 1 0 1 0 0 0 1 0 0 0 0 1 1 1 1 1 1 0 1 0 0 0 1 1 0 0 1 0 1 1 1 0 0 1 0 0 0 1 1 1 1 0 1 0 1 1 1 1 
0 1 1 1 1 0 0 0 0 0 0 1 0 1 0 0 0 0 1 0 1 0 0 0 0 1 1 0 0 0 0 0 1 1 0 0 1 1 1 1 1 0 1 1 0 0 0 0 1 1 0 0 1 1 0 0 0 1 0 1 1 0 1 1 1 1 0 1 0 1 1 0 1 78 1 1 0 0 1 0 1 1 1 0 0 1 1 0 1 1 0 0 0 0 0 0 0 1 0 1 0 1 0 1 1 1 1 0 0 0 1 1 0 1 1 1 1 0 1 0 1 1 0 1 0 0 1 1 0 1 1 1 0 0 1 0 0 1 1 0 1 0 1 0 1 0 0 0 1 1 
1 0 1 0 1 1 0 0 0 0 1 1 1 0 0 1 1 0 0 1 0 0 1 0 1 0 0 1 1 1 1 0 1 0 1 1 1 1 1 0 0 0 0 0 1 1 0 1 0 1 1 0 1 0 0 0 0 1 0 0 0 0 0 0 0 0 1 0 0 0 1 0 0 0 54 1 0 0 1 0 0 0 0 0 1 1 1 1 0 1 1 1 0 1 0 1 1 1 1 1 0 1 1 1 1 1 1 1 0 1 1 1 1 1 0 0 1 0 0 1 1 1 1 1 0 0 0 1 1 0 0 1 1 0 1 0 1 1 1 1 1 0 0 0 0 0 0 1 0 1 
0 0 0 0 0 1 0 0 1 0 1 1 1 0 1 1 0 1 0 0 0 1 1 1 1 1 0 0 1 1 0 0 1 0 0 0 1 0 1 0 0 0 1 1 0 1 0 0 1 0 0 0 0 0 0 1 0 1 0 0 1 0 1 0 0 1 1 1 0 1 1 1 1 1 0 0 0 1 0 0 0 0 1 0 1 0 0 0 0 1 1 1 0 0 0 1 1 0 0 0 1 1 0 0 1 1 1 0 1 0 1 1 1 0 0 1 0 1 1 1 0 1 1 0 1 0 0 0 0 1 1 0 1 1 0 1 1 1 1 1 1 0 1 0 0 1 1 0 0 1 
1 1 0 0 1 0 0 1 1 1 0 0 0 1 1 1 0 0 1 0 0 1 1 1 1 1 0 1 1 1 0 1 0 1 1 0 0 1 0 1 0 0 1 0 0 0 1 0 1 0 1 1 0 0 0 1 1 0 1 1 0 0 1 0 1 0 0 0 1 1 0 1 1 1 0 1 55 0 0 0 1 1 1 0 1 0 1 1 0 1 0 1 0 0 1 0 0 1 1 0 1 0 0 1 1 1 0 0 0 1 1 0 1 0 0 0 0 0 0 0 1 0 1 1 1 0 1 1 0 0 1 0 1 1 1 0 1 0 1 1 1 1 1 0 1 1 1 0 0 1 
0 0 1 1 0 1 1 1 1 0 1 0 1 1 0 1 0 0 0 0 1 0 1 0 0 0 1 0 1 1 0 0 1 0 0 0 1 0 0 1 0 1 0 0 1 0 0 0 1 0 0 0 1 1 0 1 0 1 0 1 0 1 1 1 0 0 1 0 0 1 1 0 1 1 0 0 0 51 0 0 0 1 1 1 0 0 1 0 1 0 1 0 0 0 0 0 0 0 1 1 1 1 1 1 0 1 1 0 0 0 1 0 0 0 0 0 1 0 0 1 0 0 0 1 0 0 0 1 0 1 0 0 1 1 0 0 1 0 1 1 0 1 1 0 0 0 0 0 1 1 
0 1 1 0 1 1 1 1 0 0 0 1 1 1 0 0 1 1 0 0 0 1 1 1 0 0 0 0 1 0 1 0 1 1 0 0 0 1 1 1 1 1 0 1 0 1 1 1 0 0 0 1 1 0 1 0 0 0 1 0 1 0 1 0 0 0 0 1 1 0 1 0 0 1 0 1 0 0 49 0 1 1 1 1 1 0 1 0 0 0 1 0 1 1 1 0 0 0 0 0 1 0 1 0 1 0 0 1 1 1 0 0 0 1 0 0 1 0 1 0 1 0 1 1 1 1 1 1 0 0 0 1 0 0 0 0 0 0 1 0 0 1 0 0 1 0 1 1 0 1 
0 1 1 1 1 1 1 1 1 0 1 1 1 0 0 0 1 0 0 0 0 1 1 0 1 1 0 1 0 0 0 0 1 1 1 0 0 0 1 1 1 0 1 1 1 0 0 1 1 1 1 0 0 1 1 1 0 1 1 1 1 0 0 0 0 1 1 0 1 0 1 1 0 1 0 1 0 0 1 53 0 0 1 0 0 0 1 1 1 1 1 0 1 1 1 1 1 1 1 1 0 0 1 0 0 1 1 0 0 1 0 1 0 0 0 1 1 1 0 0 0 0 1 1 1 0 1 0 0 0 1 1 0 1 1 0 0 1 1 0 1 0 1 1 0 1 0 0 1 1 
0 1 1 0 1 1 1 0 0 0 1 1 0 1 0 1 0 0 1 1 1 1 1 0 1 0 1 1 0 0 1 1 0 1 1 0 1 1 0 0 1 1 0 1 1 1 0 0 1 1 1 0 1 0 1 0 0 0 0 0 1 1 1 0 1 0 1 1 1 0 0 1 0 1 0 1 1 1 1 1 17 1 1 1 0 1 0 0 1 1 1 0 0 0 1 0 0 0 1 0 1 1 1 1 0 1 0 0 1 1 1 1 0 0 0 0 0 1 0 0 1 0 0 1 0 1 1 1 0 1 1 0 1 0 1 1 0 1 1 1 0 1 0 0 0 0 0 0 0 0 
1 0 1 0 1 0 1 1 0 0 1 1 1 1 0 0 0 1 0 0 0 0 0 0 0 1 0 0 0 0 0 1 1 0 1 0 1 0 0 0 0 1 1 0 0 1 1 1 1 1 0 0 1 1 1 0 1 1 0 1 1 0 0 1 0 0 1 1 0 1 1 1 1 1 1 1 1 0 0 1 0 73 1 1 1 1 0 1 0 0 0 1 0 0 0 0 1 0 1 0 0 1 0 1 1 0 1 1 0 0 1 0 0 1 1 1 0 1 1 0 0 1 0 0 1 1 0 1 0 0 1 1 1 0 1 0 0 0 1 0 1 1 0 0 0 0 1 1 0 0 
1 1 1 0 0 0 0 0 1 0 0 1 1 0 0 0 1 0 1 1 1 0 0 0 1 1 0 0 0 1 0 1 1 0 0 1 1 0 0 0 0 0 1 1 0 1 0 1 1 1 1 1 0 0 0 1 1 0 1 0 1 1 0 0 0 1 1 1 1 1 0 1 0 1 1 1 1 1 1 0 1 0 82 0 0 0 1 1 0 0 1 0 0 0 1 0 0 1 0 0 1 1 0 0 1 0 0 0 1 0 1 0 1 0 0 1 1 1 0 0 0 0 1 0 1 1 0 1 0 0 1 0 0 1 1 0 0 1 0 1 0 0 1 0 1 0 0 0 0 0 
1 0 1 1 1 1 0 1 1 0 1 0 0 1 1 1 1 1 0 1 1 1 0 0 1 1 0 0 1 0 0 0 1 0 1 0 0 1 0 1 1 1 1 0 0 0 1 1 1 0 0 0 0 0 1 1 1 1 1 0 1 0 0 1 1 0 0 0 1 0 1 1 0 1 0 1 0 0 0 1 1 1 1 26 0 0 0 1 1 1 0 0 1 0 1 1 0 0 1 1 0 1 1 0 1 0 1 1 1 1 0 0 0 0 1 1 1 0 0 1 1 1 0 1 1 0 1 0 1 0 0 1 1 0 1 1 0 0 1 0 0 0 0 0 1 0 0 0 0 0 
1 0 0 0 1 0 0 1 1 1 0 1 0 0 1 1 0 1 0 0 0 1 1 1 1 0 0 0 0 1 0 0 0 1 1 1 0 0 0 1 0 1 1 1 0 1 1 0 1 1 1 0 1 0 0 0 0 0 0 1 0 0 0 0 0 1 0 1 1 1 0 0 0 1 1 1 1 1 1 1 1 1 1 0 14 1 0 1 1 0 1 1 0 0 0 0 1 1 1 1 0 1 1 1 1 1 0 1 1 1 0 0 1 0 0 1 0 1 1 1 1 1 0 0 1 0 1 1 0 0 0 0 1 0 0 0 0 1 1 0 1 0 1 1 1 1 1 1 0 0 
0 1 1 1 1 0 0 1 0 1 1 1 0 0 1 1 0 0 1 1 0 0 0 0 1 0 0 0 1 1 0 0 0 0 1 1 1 1 0 0 1 1 0 1 1 0 0 0 1 0 0 1 1 1 1 0 1 1 1 0 0 0 1 1 1 0 1 0 0 0 0 1 0 0 1 0 0 1 1 0 0 0 1 1 0 59 1 1 1 1 1 0 0 0 1 1 0 0 0 1 0 0 0 0 0 1 0 1 1 1 1 0 0 0 1 0 1 0 1 1 0 1 1 0 1 0 1 0 1 0 0 1 1 0 0 1 1 0 0 1 1 0 0 0 1 1 1 1 0 0 
0 1 0 0 1 1 1 0 1 1 1 0 0 0 1 0 1 1 1 0 1 1 0 1 0 1 1 0 0 1 1 1 1 0 0 1 1 0 0 0 0 0 1 0 0 1 1 0 1 0 0 1 0 0 0 1 1 0 1 1 1 0 1 0 1 0 0 0 1 0 1 1 0 0 0 0 0 1 0 0 0 1 1 0 1 0 37 1 0 0 0 0 0 1 1 1 1 0 0 1 1 0 0 1 1 1 1 1 0 1 0 1 0 1 0 1 1 0 1 1 0 0 0 1 0 0 0 0 1 0 0 0 0 0 0 0 0 0 0 1 0 0 1 0 1 0 0 0 0 0 
0 0 0 1 1 1 0 1 0 0 0 0 0 0 0 1 0 1 0 0 1 0 1 0 0 0 1 1 0 1 1 0 0 1 1 0 0 0 1 0 0 0 0 1 1 0 1 1 0 0 1 1 1 1 0 1 0 1 1 0 0 0 0 0 0 1 1 0 1 1 0 0 0 1 0 1 1 0 1 1 1 0 1 1 0 0 1 31 0 1 1 0 1 1 0 0 0 0 1 0 0 1 0 0 0 0 1 0 1 1 1 0 1 0 1 0 1 0 0 0 1 1 0 1 1 0 1 1 0 1 0 0 0 0 0 1 0 1 1 0 0 1 0 1 0 1 1 1 0 0 
0 0 0 0 1 1 0 1 0 0 1 1 0 0 0 1 1 1 0 0 0 0 0 1 0 1 0 0 0 0 0 1 1 1 0 0 1 0 0 1 1 1 0 0 1 1 0 1 1 1 0 1 0 0 1 0 0 0 0 1 1 1 1 1 0 1 0 1 1 1 1 0 1 0 1 0 0 1 1 0 0 0 0 1 1 0 1 0 80 1 1 0 0 0 1 1 0 0 1 1 0 0 1 1 1 1 1 1 0 0 0 0 1 0 1 1 0 0 1 0 0 1 1 0 1 0 1 0 0 1 0 0 1 1 0 1 0 0 0 0 0 0 1 1 0 0 0 0 0 0 
0 1 1 0 0 1 1 1 0 1 0 0 1 1 1 0 0 1 1 1 1 1 1 0 0 1 0 0 1 0 0 0 0 1 0 0 1 0 0 0 0 0 0 1 0 0 1 1 0 0 0 1 0 0 0 1 1 1 1 1 0 0 1 0 1 1 1 0 0 1 1 1 0 0 1 1 1 0 1 0 1 0 1 1 1 0 0 0 0 68 0 0 1 0 1 1 1 0 1 1 1 0 1 0 1 0 0 0 1 0 0 1 1 0 0 1 0 0 0 1 0 0 0 0 0 0 0 0 0 1 1 1 1 1 0 1 0 1 0 1 1 1 0 0 1 0 0 0 1 0 
1 1 0 1 1 0 1 0 0 1 1 1 1 0 0 1 1 0 1 1 0 0 0 0 1 0 1 1 0 0 0 0 1 1 0 0 1 1 1 0 0 0 0 1 0 1 0 1 1 1 0 0 0 0 0 1 0 1 0 1 0 1 0 0 0 1 1 0 1 0 1 1 1 1 0 0 0 1 0 1 1 1 1 0 1 0 1 1 0 0 97 0 0 1 0 0 1 0 0 1 0 1 0 1 1 1 1 1 1 0 1 0 0 1 0 1 1 0 1 0 1 1 0 1 0 1 0 0 0 1 0 0 0 1 1 0 0 0 1 0 0 0 0 1 1 1 0 1 1 0 
0 0 1 0 1 1 1 1 1 1 0 1 1 0 0 1 1 1 1 0 0 0 1 1 0 0 1 1 0 0 1 0 0 1 1 1 0 1 0 0 1 0 1 1 0 0 0 0 0 0 1 0 1 0 1 1 1 1 0 0 1 1 0 0 0 1 1 1 0 1 0 1 0 0 1 1 1 0 1 1 1 1 1 0 0 1 1 1 1 0 1 68 1 0 0 0 0 1 0 0 1 0 0 1 0 1 1 0 1 0 0 0 0 1 0 1 1 1 0 0 0 1 0 0 0 1 1 1 0 0 0 1 0 1 0 0 0 0 1 1 0 0 1 0 0 0 0 1 1 1 
0 0 0 0 1 0 0 1 1 1 0 1 0 1 0 0 0 0 0 0 0 0 0 0 1 1 0 1 1 0 1 1 0 0 0 1 0 0 0 0 1 1 1 0 1 0 1 1 0 1 1 0 1 1 0 1 0 0 0 0 1 0 0 1 1 1 1 1 1 1 0 1 0 1 0 0 0 0 0 1 0 1 0 0 0 1 0 0 0 1 1 1 49 1 1 0 0 0 1 1 0 1 1 0 0 1 1 0 1 0 1 0 1 0 1 0 1 1 1 1 0 1 0 1 1 1 1 1 0 0 0 1 1 0 0 0 0 1 0 0 1 0 0 1 0 0 1 0 0 0 
0 0 0 1 0 0 1 0 1 1 0 1 0 1 1 1 0 0 1 0 1 0 1 1 0 1 1 0 1 0 0 0 0 1 1 1 1 1 0 1 1 1 1 1 1 0 0 1 0 1 1 1 1 0 0 1 1 0 1 1 0 1 0 1 1 1 1 0 0 1 1 0 1 0 0 1 0 1 1 0 0 1 0 1 1 1 1 1 1 1 0 0 1 7 0 1 0 0 0 0 0 1 0 1 1 1 0 0 1 1 1 0 1 1 0 0 1 1 0 0 1 0 1 0 1 0 0 0 1 1 0 0 1 1 1 0 1 0 0 0 0 1 1 0 1 1 1 1 1 1 
1 1 1 1 0 1 1 1 0 0 0 1 1 0 1 1 1 1 1 1 0 0 1 1 0 1 1 1 1 1 0 1 1 1 0 0 1 1 0 1 0 0 1 0 1 0 1 1 0 0 1 0 1 1 0 1 0 0 0 0 1 1 1 0 1 1 0 1 0 1 0 1 1 0 1 1 0 1 0 0 1 0 1 1 1 0 0 0 1 1 1 1 1 0 2 0 0 1 0 0 1 0 1 0 1 1 1 0 1 0 1 0 1 0 0 0 0 1 0 0 1 1 1 1 0 1 0 0 0 0 1 0 0 1 0 1 1 1 0 1 1 1 1 1 0 0 1 1 0 0 
1 0 0 0 1 1 0 0 1 1 1 0 1 0 1 0 0 0 1 1 0 0 1 0 0 0 1 1 0 1 0 0 0 1 0 1 1 1 1 0 0 1 0 0 0 0 1 1 1 1 1 1 1 1 1 1 1 1 0 0 0 0 1 1 1 0 0 1 1 1 1 0 1 0 1 0 0 1 0 1 0 1 1 0 1 0 1 1 0 1 0 0 1 1 1 81 1 0 1 0 0 0 0 0 0 0 0 1 1 0 0 0 1 1 1 1 0 1 1 1 1 1 1 1 0 1 0 1 1 0 1 0 0 1 0 0 1 0 1 1 0 1 0 1 0 1 0 1 1 0 
0 0 0 1 0 1 0 1 0 0 0 0 1 1 1 0 1 1 0 0 1 0 0 0 1 0 0 1 0 0 1 0 0 1 0 0 0 1 1 1 0 0 0 0 1 0 1 0 1 0 0 0 1 0 1 0 1 1 0 0 1 1 0 0 0 0 0 0 0 1 1 0 1 1 1 1 1 0 0 0 1 0 0 0 0 0 0 1 0 1 0 0 0 0 0 0 29 0 1 0 0 1 0 1 0 0 1 1 1 0 1 1 0 1 0 0 0 0 0 0 1 1 0 1 0 1 1 1 0 0 0 1 1 0 1 0 1 1 1 1 1 1 1 1 1 0 1 1 0 0 
0 0 1 1 0 1 0 1 1 0 0 0 1 1 0 1 1 1 1 0 1 0 1 1 0 0 1 0 0 0 0 1 1 0 1 0 1 1 1 1 1 0 0 1 1 1 1 1 1 1 0 1 1 1 1 1 1 0 0 1 0 1 0 0 1 1 0 0 1 0 1 1 1 1 1 0 0 0 1 1 0 0 0 0 0 1 0 0 1 0 0 0 0 0 1 0 1 23 0 0 1 0 1 0 0 0 0 0 1 1 1 0 0 0 1 1 1 0 0 1 1 1 0 1 0 1 0 1 0 0 0 1 1 0 1 0 1 1 1 0 1 1 1 0 0 1 1 1 0 0 
0 0 0 1 0 0 0 1 0 0 0 0 0 1 1 0 1 1 1 0 1 0 0 1 0 0 0 0 0 0 0 0 0 0 1 0 0 0 0 0 1 0 0 1 0 1 0 0 0 0 0 0 0 1 0 1 0 0 1 0 0 1 1 1 0 1 1 1 0 0 0 1 1 0 0 0 0 0 1 0 0 1 1 0 1 0 1 0 0 0 0 1 1 1 1 0 0 0 96 0 1 1 0 1 0 1 1 0 0 1 1 1 0 0 0 0 1 0 1 0 0 1 1 1 1 1 0 0 0 1 0 1 0 1 1 1 1 1 0 0 0 1 1 1 0 0 1 0 0 0 
1 0 0 1 0 1 1 1 1 1 0 0 1 0 0 0 0 0 1 0 1 1 0 1 0 1 0 1 1 1 1 1 0 0 1 0 1 1 0 1 0 0 0 0 0 1 1 1 0 1 1 0 0 0 0 1 0 1 1 0 0 1 1 0 1 1 0 1 0 1 1 0 1 0 1 0 0 1 0 1 1 0 0 0 0 1 1 0 1 0 0 0 0 0 1 0 0 1 0 43 0 1 1 0 0 0 0 1 1 1 0 1 0 0 1 0 0 1 1 1 0 0 0 0 1 0 1 0 1 1 1 0 1 0 0 1 1 1 1 1 1 1 0 1 1 0 1 0 0 0 
1 1 1 1 1 0 1 0 1 1 0 0 1 0 1 0 0 0 1 1 0 1 1 1 1 1 1 1 0 1 0 0 1 0 0 0 1 0 1 1 0 1 1 1 0 0 0 0 1 1 1 0 0 1 0 1 0 0 1 1 1 0 1 1 1 0 0 1 0 0 0 0 0 0 0 1 0 1 0 0 1 1 1 1 0 0 0 0 1 0 1 0 0 0 0 0 1 1 0 1 65 1 1 1 0 1 1 1 1 0 0 1 1 0 0 0 0 0 1 1 0 0 1 1 0 1 1 1 1 1 0 0 1 0 1 0 0 1 0 0 0 0 1 1 1 1 1 1 1 0 
0 1 0 1 0 0 0 1 0 0 1 1 1 0 0 1 1 1 1 1 1 1 1 1 1 0 0 1 0 1 1 0 0 1 1 0 1 1 0 0 0 0 1 1 1 1 0 1 1 1 0 0 1 0 1 1 1 1 1 1 1 0 1 0 0 0 1 0 0 1 1 0 1 1 0 0 0 0 1 1 0 0 1 1 0 1 1 1 1 0 1 0 1 0 0 1 0 1 0 1 1 34 1 1 1 1 0 1 0 1 0 0 0 0 1 1 1 0 0 0 0 0 1 1 1 0 1 0 1 0 1 1 1 0 0 0 0 0 1 1 0 0 1 1 1 1 0 0 0 0 
1 0 0 1 0 0 1 0 1 0 0 1 1 0 1 1 1 0 1 1 0 1 0 1 1 1 0 0 1 0 1 0 1 0 0 0 0 1 0 1 0 1 1 0 1 1 0 0 0 0 1 1 0 0 0 0 0 0 1 0 0 0 1 1 0 1 1 1 0 1 1 1 1 1 0 0 1 1 1 0 1 1 0 0 0 0 0 0 0 1 1 1 1 1 0 1 0 1 0 0 1 1 74 1 0 0 1 0 0 1 1 0 1 1 0 1 1 1 1 0 0 0 1 0 0 0 0 1 1 1 0 0 0 0 1 1 0 0 0 0 0 0 1 1 0 1 0 0 1 1 
1 0 1 0 0 1 0 1 0 0 1 0 0 1 1 0 1 1 1 0 0 0 0 1 0 1 1 1 1 1 1 0 1 1 1 1 0 1 0 1 0 1 1 0 1 1 1 1 1 1 0 1 1 1 1 0 1 0 1 1 1 0 1 0 0 1 0 1 0 0 0 1 1 1 1 1 0 1 1 1 1 1 0 0 1 0 1 0 0 0 1 0 0 0 1 1 1 1 1 0 1 1 1 79 1 1 0 0 1 1 1 1 0 1 1 1 1 1 0 0 1 0 0 1 1 0 1 0 1 1 0 0 1 1 1 0 1 0 1 0 1 1 0 1 1 1 0 1 1 1 
1 0 1 0 1 1 0 0 1 0 0 0 0 0 1 0 0 0 0 0 1 0 0 1 0 1 1 1 0 0 1 1 1 0 1 1 0 1 0 0 0 1 0 0 0 1 0 1 0 0 1 0 1 0 0 1 1 0 1 0 1 0 1 1 1 1 1 1 1 0 0 1 0 1 1 0 1 1 1 1 0 0 1 1 0 1 0 0 1 0 1 0 0 0 0 0 0 0 1 1 0 1 1 1 22 0 0 0 1 1 0 1 0 0 0 0 1 0 1 1 1 1 0 0 0 1 1 1 1 0 0 0 0 1 0 1 1 1 0 1 1 0 1 0 1 0 0 0 1 1 
1 0 0 0 1 0 1 1 0 1 1 0 1 0 0 1 1 0 1 1 0 1 1 1 0 1 1 0 0 1 0 0 0 1 1 0 1 1 1 1 0 0 1 1 0 0 0 1 1 0 1 0 1 1 0 1 1 1 0 1 0 1 1 1 0 0 1 0 0 1 0 0 1 1 1 0 0 1 1 0 0 1 0 0 0 1 1 1 0 1 1 1 1 0 0 0 0 1 0 0 1 1 1 1 1 35 1 0 0 0 1 1 0 0 1 0 0 0 1 1 1 0 1 0 1 0 1 1 1 0 0 0 1 0 1 0 0 1 1 1 1 1 0 1 1 1 0 0 0 1 
1 0 1 0 1 0 1 0 1 1 0 1 1 0 1 0 1 0 0 0 1 1 1 1 0 1 0 1 1 0 0 0 1 1 0 0 1 1 0 0 1 0 1 1 0 0 1 1 0 1 0 1 1 1 1 1 1 1 0 1 1 1 1 1 0 1 1 0 0 1 0 0 0 1 0 0 0 0 1 1 1 1 1 0 0 0 1 0 0 0 1 0 0 1 1 0 0 1 0 1 0 1 0 1 0 0 58 1 0 0 1 0 0 1 0 1 0 0 0 1 0 1 1 0 0 0 1 1 0 1 1 1 0 1 0 0 0 1 1 1 1 0 0 1 0 0 0 0 0 0 
1 0 1 1 0 1 0 1 0 1 0 0 0 0 0 0 0 0 1 1 0 1 1 0 0 1 1 1 1 0 0 0 0 1 0 0 1 1 0 0 0 1 1 1 0 1 1 1 1 0 0 0 1 0 1 1 1 0 0 1 1 1 1 0 0 1 1 0 1 1 0 0 0 1 0 0 1 1 1 1 0 0 1 0 1 1 1 1 1 0 1 0 0 1 1 0 0 1 0 1 1 1 1 0 0 1 0 19 1 1 1 1 1 0 1 0 1 1 1 0 0 0 1 1 1 1 1 1 1 1 0 1 0 1 0 1 1 0 0 0 1 1 0 0 0 0 0 1 0 0 
1 0 1 0 1 1 1 1 0 1 1 1 1 1 1 0 1 1 1 1 0 1 0 0 0 0 1 0 1 1 1 0 1 0 1 1 1 0 0 1 0 1 1 0 0 0 1 1 0 1 0 0 1 1 1 1 1 1 0 0 1 1 0 1 0 0 1 1 1 1 1 1 1 1 0 1 1 0 1 1 0 1 0 0 0 1 1 1 0 1 1 0 1 0 1 0 0 0 0 0 0 1 1 1 1 0 0 0 56 0 1 1 1 0 1 0 1 1 0 1 1 0 1 1 0 1 1 1 1 1 0 0 1 0 1 1 1 0 0 1 1 1 0 1 1 0 1 1 0 0 
1 0 0 1 1 0 0 1 0 0 0 1 0 1 0 0 0 1 0 1 1 0 0 1 1 1 0 1 1 1 0 0 1 1 0 1 0 0 0 0 0 1 1 0 1 1 1 1 1 0 0 1 0 1 0 1 0 1 0 1 0 1 1 1 1 0 0 1 1 1 1 0 0 0 1 1 1 0 1 0 1 0 1 0 0 0 1 1 1 1 0 1 0 1 1 0 1 0 1 0 0 0 0 1 1 0 1 1 0 83 0 0 0 0 1 1 0 0 1 1 1 1 0 1 1 1 1 1 0 0 1 1 0 1 1 1 1 0 1 1 1 0 0 0 0 1 0 1 0 1 
1 1 0 1 1 0 1 0 0 1 0 1 0 1 1 1 1 0 1 1 0 1 0 0 1 0 0 0 1 1 1 1 0 1 0 0 1 0 0 1 1 1 1 1 0 0 0 0 1 1 0 0 0 0 0 0 0 0 1 0 1 0 1 1 0 1 0 1 1 0 1 0 1 1 1 0 0 1 0 0 0 1 1 1 1 0 0 1 0 0 1 0 1 1 1 1 0 1 1 1 1 1 0 0 0 1 1 0 1 1 78 0 0 0 1 0 1 0 1 1 1 0 1 1 0 1 1 0 0 0 0 0 1 0 1 0 1 1 1 0 0 1 1 1 0 0 0 1 1 1 
0 0 0 1 1 1 0 0 0 1 1 1 1 0 0 1 1 0 0 1 1 0 1 1 0 1 1 1 1 1 1 0 1 1 1 0 0 1 0 1 1 0 0 0 1 0 0 0 0 1 1 0 1 1 1 1 1 0 1 0 0 1 0 1 0 0 1 0 1 1 0 1 0 1 0 0 1 1 0 1 0 1 1 1 1 1 0 1 0 0 1 0 1 1 0 0 1 1 1 0 1 0 0 1 0 1 0 1 1 1 0 5 0 1 0 1 1 1 1 0 0 0 0 1 0 0 1 0 0 1 1 1 1 1 1 0 0 0 1 0 0 0 1 1 1 1 1 1 1 1 
0 0 1 0 0 1 0 0 1 0 0 1 1 1 0 1 0 1 1 1 0 0 0 1 0 1 1 1 0 1 1 0 0 0 1 1 0 0 1 1 0 1 0 1 0 1 0 1 1 0 0 0 0 1 1 0 0 0 0 1 1 1 0 1 1 0 0 1 1 1 1 0 0 1 1 0 1 1 0 0 1 0 1 0 1 0 0 1 1 0 1 1 1 0 0 1 1 0 0 0 1 1 0 0 1 1 1 0 0 0 0 0 37 0 0 0 0 1 0 0 0 0 0 0 0 0 1 0 1 0 1 0 0 0 0 0 1 1 1 1 1 0 0 0 1 0 1 0 0 0 
0 1 1 1 0 1 1 0 0 0 0 1 0 0 1 1 1 0 0 1 0 1 1 1 0 0 1 1 1 0 1 0 1 1 1 1 1 1 1 0 0 1 1 0 1 0 0 1 1 0 1 0 1 0 1 1 0 1 1 0 1 0 0 0 1 0 1 0 0 1 0 0 0 0 1 1 1 1 0 1 1 1 1 0 1 0 1 0 0 1 1 0 0 1 0 1 0 1 0 0 0 1 0 1 1 0 1 1 0 0 0 0 0 22 1 0 0 1 1 1 1 1 1 0 0 0 0 1 0 0 1 0 0 0 1 0 0 1 1 0 1 1 1 1 0 1 0 1 0 0 
1 1 1 0 0 1 1 1 1 0 0 0 1 1 1 0 0 0 1 1 0 1 1 0 0 1 0 1 1 1 1 1 0 0 0 1 1 0 0 1 1 0 1 0 0 0 1 1 0 0 0 0 0 0 1 0 0 1 0 0 0 1 1 0 0 0 1 1 1 0 0 1 1 1 0 1 1 0 0 1 1 0 1 1 1 0 1 1 0 1 1 1 1 0 0 1 1 0 0 1 0 1 1 0 1 1 1 0 1 1 1 0 0 0 21 0 1 1 1 1 0 1 1 0 0 1 0 1 0 1 1 1 1 0 1 0 0 1 1 0 0 0 1 0 0 0 0 0 0 0 
0 1 1 0 1 1 1 1 1 0 1 0 1 1 0 0 0 0 1 0 1 0 0 0 1 0 0 0 0 1 1 0 0 1 0 0 0 1 1 1 0 0 0 0 1 0 1 0 1 1 0 0 1 1 0 0 1 1 1 1 0 1 1 1 0 0 0 1 0 0 0 1 0 1 1 0 0 1 0 1 1 0 1 0 1 0 1 0 1 1 1 0 1 0 0 1 0 1 0 1 0 1 1 0 1 1 1 0 1 1 1 1 1 1 0 7 0 0 0 0 1 1 1 1 0 1 0 1 0 0 1 1 0 1 1 0 1 0 0 0 0 1 1 0 1 1 0 1 1 1 
0 0 0 1 0 0 0 0 1 1 1 1 1 0 1 0 1 1 0 1 1 1 1 1 1 0 0 0 0 0 0 0 0 1 0 1 0 1 0 0 0 1 0 1 1 0 0 1 1 0 1 0 1 0 1 1 0 0 0 0 1 0 1 1 1 1 0 0 1 1 1 1 1 1 0 1 1 1 1 1 0 0 1 0 1 0 0 1 1 0 1 1 1 1 1 0 1 0 0 1 1 1 0 0 1 0 0 0 0 0 1 1 0 1 0 0 43 0 1 1 0 1 0 1 1 0 0 0 1 0 1 0 1 1 0 1 1 1 1 0 0 1 0 1 1 0 1 1 0 1 
1 0 0 1 0 0 0 0 0 1 0 0 1 0 1 0 1 0 1 0 1 1 1 0 1 1 0 1 0 0 0 1 1 1 1 1 1 0 1 1 1 0 0 1 0 0 0 0 1 1 0 1 0 1 1 1 1 1 1 0 0 1 1 0 0 0 0 0 0 1 1 0 1 0 1 0 1 1 1 1 0 0 1 1 0 1 0 1 0 1 1 1 0 0 0 0 1 1 0 1 1 0 0 1 0 1 1 0 0 1 1 1 1 1 0 1 1 6 0 0 1 1 0 0 0 0 0 1 1 0 1 1 0 1 1 1 1 1 1 1 0 0 0 1 1 0 0 1 1 0 
1 0 1 0 1 1 1 0 1 0 1 1 1 0 0 0 0 1 0 0 0 1 1 1 0 1 0 0 0 1 1 1 1 1 1 0 0 1 0 0 0 0 1 1 1 1 1 0 1 0 0 0 0 1 0 1 1 0 0 1 0 1 1 0 1 0 0 0 0 1 0 1 1 1 0 1 1 1 0 0 0 1 1 0 1 0 0 1 0 0 0 1 1 1 1 0 1 1 0 1 1 1 1 0 0 0 0 1 1 0 0 1 0 1 0 1 0 1 26 1 0 1 0 1 1 1 1 0 1 1 0 1 0 0 1 0 0 1 0 0 1 1 0 1 1 1 0 0 1 1 
1 1 1 0 1 0 1 1 0 1 0 1 0 1 0 0 0 0 0 1 0 0 0 0 1 0 1 1 1 0 0 1 1 0 1 0 1 0 0 0 1 0 0 1 0 1 1 1 1 0 0 1 0 1 0 1 1 0 1 0 1 1 1 0 1 0 0 1 0 0 1 1 0 1 0 0 0 1 0 1 0 0 1 0 1 0 0 0 0 0 1 0 1 1 0 1 0 1 1 0 1 0 0 0 0 1 0 0 0 0 0 1 1 1 0 0 1 0 0 31 0 1 0 1 1 1 1 1 0 0 0 1 1 0 1 0 0 1 0 0 0 1 0 1 1 1 1 0 0 0 
1 1 1 0 1 0 0 0 0 1 1 1 1 0 1 1 1 0 0 0 1 1 0 0 0 0 1 1 1 1 1 1 1 0 1 0 1 0 0 0 0 0 0 1 0 0 1 1 0 0 1 1 1 1 1 0 0 1 0 0 1 1 0 0 1 1 1 0 1 0 1 0 0 0 0 0 0 1 0 1 0 1 1 0 0 0 1 0 1 1 1 1 1 0 1 1 1 0 1 0 0 1 1 1 0 1 0 1 0 0 1 0 1 0 1 1 1 0 1 0 48 1 1 0 0 1 1 1 0 1 1 0 0 1 0 1 0 1 0 0 1 0 1 0 0 0 1 1 1 0 
1 0 0 0 0 1 0 0 1 0 0 1 1 0 1 0 0 0 0 0 0 1 0 0 0 0 1 1 1 0 0 0 1 0 0 0 0 0 0 1 1 1 0 0 0 1 1 0 0 1 0 0 0 1 1 0 1 0 1 1 0 0 1 0 0 1 1 0 0 1 1 0 0 0 1 1 0 0 1 0 0 1 1 1 0 1 1 1 0 0 1 1 0 0 0 0 1 1 0 0 0 1 1 1 1 1 1 1 1 1 0 1 0 1 0 0 0 1 0 0 1 57 1 1 1 0 0 0 1 0 0 1 1 0 0 1 0 1 1 1 1 1 0 0 1 1 0 1 0 1 
0 0 0 1 1 1 1 1 0 0 1 0 0 0 0 0 1 1 1 0 1 0 1 0 0 0 1 1 0 1 0 1 0 0 0 1 0 1 1 1 1 0 0 1 1 0 0 0 1 0 1 0 1 1 0 0 1 0 1 1 1 1 1 0 1 1 0 1 0 1 1 1 1 1 0 0 0 1 0 0 0 1 1 1 0 0 0 1 1 1 0 1 1 0 1 1 0 0 1 1 0 0 1 0 0 1 0 1 1 1 0 0 1 0 1 0 0 0 1 0 1 1 79 1 0 1 0 1 0 0 0 0 1 0 1 0 0 0 1 1 0 0 0 0 0 1 1 1 0 1 
1 0 0 1 0 1 0 1 0 0 1 0 1 0 1 1 0 1 1 1 1 0 0 0 0 1 0 0 1 1 1 0 0 1 0 0 1 1 0 0 1 0 0 0 0 0 1 0 1 1 1 0 0 0 0 1 0 0 1 0 1 1 1 1 1 0 1 1 0 0 0 1 0 0 1 1 0 1 1 0 1 0 1 0 1 0 1 1 0 1 1 1 1 1 0 1 0 1 1 1 0 0 0 1 1 0 1 1 0 1 1 0 0 1 1 0 1 1 0 0 0 0 1 68 0 0 0 0 0 0 1 0 0 1 1 0 1 0 0 0 0 1 0 1 1 1 0 0 1 0 
0 1 1 0 0 0 1 0 0 0 0 0 0 1 0 0 1 1 1 0 1 1 1 1 0 1 1 0 0 1 1 0 1 1 1 1 1 0 0 1 0 1 1 0 0 0 0 1 0 0 0 0 1 0 0 0 1 1 1 0 1 1 0 1 1 0 1 1 1 0 0 0 1 1 1 1 0 0 1 0 1 1 0 0 1 0 1 0 1 0 0 0 0 1 0 1 1 1 0 1 1 0 0 1 1 0 0 1 1 1 0 1 1 1 0 0 0 0 1 0 0 0 0 1 5 1 0 0 1 0 1 1 0 0 0 1 0 1 1 1 0 0 1 0 0 1 1 0 0 1 
1 0 1 0 1 0 0 1 1 1 0 0 0 0 0 1 0 1 1 0 0 1 0 0 0 0 1 0 1 1 0 1 1 0 0 1 1 1 1 0 1 0 1 1 0 0 1 1 0 1 1 1 1 0 0 1 0 0 0 1 1 1 1 0 1 1 1 0 0 1 1 1 1 1 0 1 1 1 1 0 1 0 1 0 0 1 0 0 0 0 1 1 1 0 1 1 0 1 0 0 1 0 1 1 1 1 0 1 1 1 1 1 1 1 0 1 0 0 1 1 0 1 1 0 1 31 1 0 1 0 0 1 1 1 1 0 1 0 1 1 0 1 0 1 0 1 1 1 1 0 
0 1 0 1 1 0 0 1 0 1 0 0 0 0 1 1 0 0 0 1 1 1 0 0 0 0 1 0 0 0 0 1 0 0 0 1 0 1 1 1 0 0 1 0 0 0 1 1 1 0 0 1 1 0 0 1 1 1 0 1 0 1 1 0 1 0 0 0 1 0 0 1 0 0 0 1 1 0 0 1 1 1 0 0 0 1 0 0 1 0 0 0 1 1 0 1 1 0 1 1 1 1 1 1 1 0 1 1 0 0 0 1 1 0 0 0 1 1 1 0 0 1 0 0 0 1 4 0 1 0 0 0 1 1 1 0 0 1 1 0 0 1 1 0 1 0 0 0 0 1 
0 1 1 1 1 0 0 1 1 0 1 1 1 1 1 1 0 1 0 0 1 0 1 1 1 1 1 1 0 0 0 1 1 1 1 1 0 0 0 1 1 0 1 1 0 0 0 1 1 1 1 1 0 1 0 0 0 0 1 1 0 1 0 0 1 1 1 1 1 1 0 1 1 1 1 1 0 0 1 1 0 1 1 1 0 1 1 0 1 0 1 1 0 0 0 1 1 0 1 1 0 1 1 0 1 1 1 0 1 0 0 0 1 1 0 1 1 1 1 0 1 0 1 1 0 1 1 43 0 0 1 1 0 0 1 1 0 1 0 1 0 1 1 1 1 0 1 1 1 0 
0 1 0 0 1 1 1 1 1 0 0 0 0 0 0 0 1 0 0 1 0 0 1 1 0 0 1 0 0 1 1 1 1 0 0 0 1 0 0 0 1 1 0 1 1 1 0 0 1 1 1 0 0 0 1 1 0 1 1 1 0 1 0 0 1 0 1 1 0 1 1 1 1 0 1 1 1 1 1 0 0 1 1 0 1 1 0 0 1 1 1 0 0 1 0 1 1 0 1 1 0 0 0 1 1 1 1 0 1 0 0 1 1 0 1 0 1 1 0 0 1 1 1 0 0 0 1 0 54 0 0 1 1 0 0 0 0 0 0 1 1 1 1 1 1 0 1 0 1 1 
1 1 0 0 1 1 0 0 0 1 0 1 0 1 1 0 0 0 1 0 1 0 0 1 0 1 1 1 0 0 1 1 1 1 0 1 1 0 1 0 1 1 1 1 1 0 0 1 1 1 1 1 1 1 1 1 0 1 1 1 0 1 0 0 1 0 0 1 1 1 1 0 1 1 1 1 1 0 1 0 1 0 1 1 0 0 0 1 1 0 1 1 1 0 1 1 1 0 1 1 1 1 0 0 1 1 1 1 0 1 0 0 1 1 1 1 1 0 1 0 1 1 1 1 0 1 0 1 1 2 0 1 1 1 0 1 0 1 0 0 0 1 0 1 0 0 1 0 1 0 
1 0 0 0 0 1 0 1 0 0 1 1 1 1 1 1 1 0 1 0 1 1 1 0 1 1 0 0 1 1 1 0 1 0 0 1 0 0 0 1 0 0 0 1 1 1 0 0 0 1 0 0 0 1 1 0 0 0 1 0 1 1 1 0 1 1 1 0 0 1 1 1 1 0 1 0 1 0 1 1 0 1 0 0 0 1 1 1 1 1 0 0 0 1 0 0 0 1 1 1 1 1 1 0 0 1 1 1 0 1 1 0 0 0 1 1 1 0 1 1 1 1 0 0 0 0 1 0 1 0 46 1 0 0 0 0 0 0 0 1 1 0 0 1 0 0 0 0 1 0 
0 1 0 1 0 1 1 1 0 1 1 1 1 1 1 0 1 0 1 0 0 1 0 0 1 1 0 1 0 0 0 0 1 1 1 0 0 0 0 0 0 1 0 1 0 1 1 1 1 0 1 0 0 0 0 1 1 1 0 0 1 1 0 1 1 0 1 1 1 1 1 0 0 1 0 1 0 1 1 0 0 0 1 0 1 1 1 1 0 1 1 0 1 0 0 0 0 1 0 1 1 0 1 0 1 0 1 1 0 0 1 1 0 1 1 0 1 0 1 1 0 1 0 1 0 0 1 0 0 0 0 86 0 1 1 1 0 0 1 0 1 0 1 1 0 1 1 1 0 0 
1 0 0 0 0 1 0 1 1 0 1 1 1 1 0 1 1 1 1 0 1 1 1 1 0 1 0 0 1 1 0 0 0 0 0 1 1 0 1 0 1 1 1 0 1 0 0 0 1 0 1 1 0 1 1 1 1 0 1 1 1 1 0 1 0 0 0 1 0 0 0 1 1 0 0 0 0 0 1 0 0 0 0 0 0 0 1 0 1 1 1 0 0 0 1 0 0 1 1 0 0 0 1 1 1 0 0 1 0 0 1 1 1 1 0 0 1 1 0 1 1 0 0 0 1 0 0 1 1 1 1 0 79 0 1 1 1 0 0 0 1 0 0 0 0 1 0 0 1 1 
0 1 0 1 1 1 1 1 0 1 0 1 0 0 1 1 0 1 1 1 1 0 0 1 0 0 0 0 0 1 0 0 0 1 1 1 1 0 0 1 1 0 1 1 0 0 0 0 0 0 0 0 0 1 1 0 0 0 0 1 0 0 1 1 0 0 0 1 0 1 1 0 1 0 0 0 1 0 1 1 0 0 0 0 1 0 0 0 1 1 0 1 1 1 1 1 0 0 0 0 0 0 1 0 0 0 0 1 1 0 1 0 0 0 0 0 0 1 0 1 0 1 0 0 0 1 1 1 0 0 1 0 1 10 0 1 0 1 1 1 0 1 0 1 0 1 1 0 1 0 
1 0 1 1 1 0 1 0 0 1 1 1 1 1 1 0 0 1 0 0 0 1 0 1 1 0 1 1 1 0 0 1 1 1 0 0 1 1 1 0 0 0 1 0 0 0 1 0 1 0 0 0 0 0 1 0 0 1 1 0 1 0 1 0 1 0 0 0 0 0 0 1 0 1 0 0 1 1 1 0 0 0 1 1 0 1 1 0 0 1 1 0 1 1 0 1 1 0 0 1 1 1 1 1 0 0 1 1 0 1 1 1 1 0 0 1 1 1 0 0 0 0 0 1 0 0 0 1 1 0 1 0 0 1 88 1 1 1 1 1 1 0 0 0 0 1 1 0 0 0 
0 1 0 1 1 0 0 1 0 1 0 1 0 0 0 0 1 1 0 0 0 1 0 1 1 0 1 1 0 0 1 0 0 1 0 0 0 0 0 1 1 1 0 0 0 1 1 1 0 0 0 1 1 1 1 1 0 0 1 1 0 0 0 0 0 1 1 0 1 1 0 1 0 1 1 1 1 1 1 1 1 0 0 0 0 0 1 0 1 1 0 1 1 0 1 1 0 1 1 1 0 1 0 1 0 1 0 1 0 0 0 1 1 0 0 0 1 1 1 0 0 1 1 0 0 1 1 0 1 1 0 1 0 1 1 71 1 1 1 1 0 1 0 1 0 1 0 0 1 0 
1 0 0 0 0 0 0 0 1 1 1 0 1 1 0 1 0 1 1 1 0 1 0 1 0 0 0 1 0 0 1 1 1 1 1 1 0 0 1 1 1 0 1 0 1 1 1 1 0 1 0 0 1 1 0 0 0 0 1 0 1 1 1 1 1 0 1 1 1 0 0 0 0 0 1 1 1 1 1 0 0 1 1 1 0 0 0 1 0 0 1 0 0 1 1 1 0 0 1 0 1 1 1 0 1 0 0 0 1 1 0 1 0 1 0 0 1 1 1 1 1 1 1 1 0 1 0 0 1 0 1 1 0 1 1 1 79 0 1 0 0 1 1 1 0 0 1 1 1 0 
1 1 1 0 1 1 0 1 0 0 1 1 1 0 0 0 1 1 1 0 1 0 1 1 0 1 1 1 0 1 1 0 1 0 0 1 1 1 1 1 0 1 1 1 0 0 0 0 1 0 0 0 1 0 0 1 1 0 0 1 0 1 0 0 0 0 1 0 1 0 0 0 1 0 0 1 1 1 1 1 1 1 1 1 1 0 1 1 1 0 1 1 1 0 1 1 0 0 0 1 1 0 1 1 1 1 1 1 1 1 0 1 1 1 1 0 1 0 1 1 0 1 0 1 1 1 0 1 0 0 1 0 0 1 0 0 0 11 1 1 0 1 1 0 0 0 0 1 0 0 
1 0 1 0 1 1 0 0 1 1 1 1 1 1 0 0 0 0 1 1 0 0 1 1 0 1 0 0 0 0 1 0 0 0 1 0 1 1 1 0 0 0 0 1 1 0 1 0 0 1 0 0 1 1 0 1 1 0 1 1 1 0 1 1 1 1 0 1 0 1 0 0 0 0 0 1 1 1 1 1 0 0 1 1 1 1 1 1 0 1 1 1 1 1 1 1 0 0 1 0 1 1 1 1 0 0 0 0 1 1 1 1 0 0 1 1 1 0 1 1 0 1 1 1 0 1 1 0 0 1 1 1 1 1 0 0 1 0 78 1 0 1 1 1 1 1 1 0 1 1 
0 0 1 1 1 0 0 0 0 0 1 1 1 1 1 0 0 1 0 1 0 0 1 1 0 1 0 1 1 1 1 1 1 1 0 1 1 1 1 1 1 1 1 0 1 0 0 0 1 1 0 0 1 0 1 1 0 1 0 1 1 1 1 0 0 1 0 1 0 1 1 1 1 1 0 1 1 0 1 1 1 0 1 0 0 1 1 0 1 1 1 0 0 0 1 1 0 0 0 1 0 0 1 1 0 0 1 0 1 0 0 0 1 0 0 0 0 1 0 0 0 1 0 0 1 1 0 0 0 0 0 1 0 1 0 1 0 1 1 45 0 1 0 0 0 1 0 0 1 1 
0 0 1 0 1 1 1 0 0 1 1 1 0 1 0 1 0 0 1 1 0 1 1 0 1 1 1 1 0 1 0 1 0 0 1 1 0 1 1 0 0 0 0 0 1 1 0 1 0 1 0 1 1 1 1 0 0 1 1 1 0 1 1 1 0 1 0 0 0 1 0 0 0 1 1 0 1 1 1 1 0 0 0 1 0 0 1 0 0 0 0 0 0 1 1 1 0 1 1 1 1 0 0 0 1 0 0 1 0 1 1 0 0 0 0 1 1 0 1 0 1 0 0 1 0 0 0 1 0 1 1 0 0 0 1 1 0 0 1 0 39 0 0 1 0 1 0 0 0 1 
0 1 0 1 1 0 0 0 1 1 1 1 1 1 0 1 0 1 0 1 1 1 0 1 0 1 1 1 1 1 1 1 0 0 1 0 1 1 0 1 1 1 0 0 0 1 0 0 1 1 0 1 0 1 1 0 0 0 0 1 0 1 0 1 0 0 1 1 0 1 1 0 1 1 0 1 1 1 1 0 1 1 0 1 0 1 1 1 1 0 0 0 0 1 1 0 0 0 1 1 1 0 1 1 0 1 0 1 0 1 1 0 0 0 0 0 1 0 1 0 1 1 1 1 1 0 1 1 1 1 0 1 0 0 0 1 0 1 1 1 1 55 0 0 0 0 1 1 1 1 
1 0 0 0 1 0 0 0 0 1 1 0 1 1 1 1 0 1 0 0 1 1 1 0 1 0 0 1 1 1 0 1 0 1 0 1 1 1 0 1 1 1 1 1 1 1 0 1 1 1 0 1 0 1 0 0 1 1 0 1 1 0 0 0 1 1 1 1 0 0 0 0 0 1 1 0 0 1 0 1 1 0 1 0 1 0 0 1 0 0 0 1 1 1 1 1 1 0 0 1 0 0 0 1 1 1 1 1 0 0 1 1 1 1 0 1 1 0 1 0 1 1 1 1 1 1 1 0 0 1 0 1 0 0 0 0 0 1 1 1 1 1 10 1 1 1 1 0 0 0 
1 0 0 0 1 1 1 1 0 0 1 0 1 0 0 1 1 0 0 1 0 1 0 1 0 0 1 1 0 1 0 0 0 1 0 0 0 0 1 1 0 1 0 1 0 1 0 0 0 0 0 1 0 1 0 1 1 1 1 1 0 0 1 1 1 1 0 0 1 0 0 1 0 0 0 1 0 0 1 0 0 0 1 0 1 0 1 0 0 1 0 0 0 0 0 1 1 1 1 1 0 1 0 0 1 1 1 0 1 0 0 0 0 0 0 1 1 1 1 1 1 0 1 1 1 0 0 0 0 0 1 1 0 0 1 1 1 1 0 0 1 1 1 53 1 0 1 1 1 1 
1 1 0 0 0 0 1 0 0 0 0 0 0 1 0 0 1 1 0 1 0 0 0 0 1 1 1 0 0 1 0 1 0 1 0 1 0 0 1 0 0 1 1 0 0 0 1 1 0 0 1 1 1 1 1 0 0 0 1 0 1 1 0 1 0 0 0 0 0 1 0 0 1 1 0 0 1 1 0 0 1 0 0 1 1 1 1 1 1 0 0 0 1 1 0 0 0 0 1 1 1 0 1 0 0 0 0 0 1 1 1 0 1 0 0 0 0 1 1 1 1 0 1 0 1 1 0 1 0 0 1 1 1 0 1 1 1 1 0 1 0 0 0 1 40 1 0 0 1 1 
0 0 1 0 1 1 0 1 0 1 0 1 1 1 0 0 1 1 1 1 0 1 1 1 1 1 0 0 1 0 1 1 1 1 0 0 0 1 1 1 1 0 1 0 1 0 0 0 0 0 0 0 1 1 0 0 0 1 1 1 0 0 1 0 0 0 0 0 0 1 0 1 1 0 1 1 1 1 0 1 0 0 0 0 0 1 0 0 0 1 0 0 0 1 1 1 1 0 1 1 1 1 0 0 1 0 1 0 0 0 1 0 0 0 0 0 1 0 0 1 0 1 1 1 0 1 0 1 1 0 0 0 1 1 0 1 0 0 1 0 1 1 1 0 1 4 0 1 0 1 
1 1 0 0 0 1 1 1 1 0 0 1 0 0 1 0 0 1 1 0 0 0 1 1 0 0 1 0 1 0 0 0 0 1 0 0 1 0 0 1 1 1 1 0 1 1 1 0 1 0 0 1 1 1 1 1 0 1 0 0 1 1 0 0 0 1 0 1 0 0 0 1 1 0 1 0 1 1 0 0 1 1 1 0 0 0 1 0 1 1 1 1 0 0 1 0 0 0 1 1 1 1 0 1 0 1 1 0 1 0 1 0 1 0 0 0 0 1 1 1 0 1 0 1 0 1 0 0 0 1 1 0 1 0 0 0 0 0 1 1 0 1 0 0 0 0 29 0 0 0 
1 0 0 0 1 0 0 0 1 1 1 0 1 0 1 0 1 0 0 1 0 1 1 1 0 1 0 1 0 1 0 1 1 0 1 1 1 0 1 1 0 0 1 1 1 0 1 0 1 1 1 1 0 0 1 1 0 1 1 0 0 0 1 1 0 1 1 1 0 1 1 0 1 1 1 1 1 0 0 0 1 1 0 0 1 1 1 1 1 0 0 0 0 0 1 0 1 1 0 1 0 1 0 1 1 0 0 1 1 1 1 0 0 0 1 1 0 1 1 1 0 0 0 0 0 0 0 1 0 0 0 0 1 1 0 0 0 1 1 0 1 1 0 1 1 1 0 89 0 1 
0 1 1 0 0 0 0 0 1 1 0 0 0 0 1 0 0 0 0 1 1 1 1 1 0 1 1 0 1 0 0 0 1 0 1 1 1 1 0 1 1 1 1 0 1 0 1 0 1 0 1 1 0 0 0 1 0 0 0 0 0 0 0 1 0 1 1 1 1 1 1 1 0 1 1 0 1 0 1 0 0 1 0 1 0 1 0 0 0 0 1 0 1 0 1 0 0 1 0 1 1 0 0 0 1 1 1 0 1 0 0 0 0 0 0 1 0 0 0 0 1 1 0 1 1 1 0 0 0 0 1 0 1 0 0 1 1 1 0 0 0 0 1 1 1 1 1 1 92 0 
0 1 1 1 1 0 1 1 1 1 0 0 1 1 1 0 1 1 1 1 0 1 1 0 1 1 0 1 1 1 1 0 1 0 0 0 0 0 1 1 0 1 0 0 0 0 1 0 1 0 1 0 1 0 0 0 1 1 1 1 0 0 1 1 1 0 0 0 0 1 1 0 1 1 1 0 1 0 0 1 1 1 1 1 1 0 1 0 1 1 1 0 0 0 1 0 1 1 1 0 1 1 0 0 0 0 0 0 1 0 1 1 1 0 0 1 1 0 0 0 1 1 0 0 1 0 1 1 0 1 0 1 1 1 0 1 1 1 0 1 0 0 1 1 1 0 0 1 1 50 
