100
11 0 0 1 1 0 0 0 0 1 0 0 0 0 0 1 0 0 0 1 0 0 0 1 0 1 0 0 1 1 1 0 1 1 1 0 0 0 0 1 1 0 0 0 0 1 0 0 1 1 1 1 1 0 1 1 0 1 0 0 0 1 1 0 1 0 0 1 0 1 0 0 1 1 1 0 1 0 1 0 1 1 1 1 1 1 0 0 0 1 0 1 0 0 0 0 0 0 0 1
0 18 0 1 1 1 0 1 0 1 1 1 0 1 1 1 0 0 1 0 1 1 1 0 0 0 0 1 1 1 0 1 0 1 1 1 0 1 0 1 1 0 1 1 1 0 1 1 0 0 0 0 1 0 1 0 1 1 0 1 0 1 1 1 1 1 0 0 1 1 0 0 1 1 1 1 1 0 0 0 1 0 1 1 0 1 1 0 0 1 0 0 0 0 1 0 1 1 0 0
0 0 16 0 1 0 1 0 0 1 1 0 1 0 0 1 1 1 1 0 1 1 0 0 0 1 0 0 1 0 0 1 0 0 1 0 0 1 0 1 1 1 0 1 1 1 1 1 1 1 1 1 0 1 0 0 1 1 0 0 0 1 1 0 0 0 1 1 1 0 1 0 1 1 0 0 0 0 0 1 0 1 0 0 1 0 1 0 1 1 1 0 1 0 0 0 0 1 1 0
0 1 0 98 1 1 1 1 1 1 1 0 1 0 1 1 1 1 1 1 0 0 0 0 0 0 0 0 1 0 0 0 0 1 1 0 0 1 1 0 1 0 0 1 0 0 0 0 0 0 0 1 0 1 1 0 1 1 0 1 0 1 0 1 0 1 1 1 0 1 1 1 0 0 0 1 1 0 0 0 1 1 1 0 1 0 1 1 1 1 0 1 1 0 1 1 1 0 1 0
0 0 1 1 14 0 0 1 1 1 1 0 0 1 1 0 0 0 1 0 0 1 1 0 0 1 0 0 1 1 1 0 1 1 0 0 1 0 0 1 1 1 1 1 1 0 1 1 1 1 1 0 0 0 1 0 1 0 1 1 0 0 1 0 0 0 0 1 0 1 1 0 0 1 1 1 1 1 1 1 0 0 0 0 0 1 1 1 1 0 0 1 1 1 0 1 1 1 0 1
1 1 1 0 1 40 1 1 0 0 1 1 0 1 1 1 1 0 1 1 0 1 0 0 1 0 1 0 1 0 0 0 0 1 0 0 0 1 1 1 1 1 1 1 1 0 1 1 1 1 0 0 0 0 1 0 1 1 0 0 0 1 1 1 1 1 0 1 1 0 0 1 1 1 0 0 1 1 0 1 0 1 0 0 1 1 1 1 1 0 0 0 1 0 1 0 1 0 0 0
0 0 0 1 1 0 43 0 1 1 0 0 0 0 1 0 0 1 0 1 1 1 1 0 0 0 1 1 1 0 0 1 1 1 1 1 1 0 1 0 0 0 0 0 0 0 1 0 1 0 1 1 0 0 0 0 0 1 0 0 1 1 1 0 0 1 0 1 1 1 0 1 0 0 0 0 0 1 0 1 0 1 0 1 0 1 0 0 1 1 0 0 1 1 0 0 1 0 0 0
1 1 0 1 0 0 0 80 1 0 1 0 1 1 0 0 1 0 1 0 0 1 0 1 0 0 0 0 1 1 0 0 0 1 1 0 0 0 1 1 1 1 0 0 1 1 0 1 1 0 1 1 0 0 0 1 0 0 0 1 0 0 0 1 0 1 0 0 0 1 1 1 1 1 0 0 1 0 0 0 0 0 0 1 0 1 1 0 1 1 0 0 1 0 1 1 0 1 1 0
1 1 1 1 1 1 0 0 96 1 0 1 1 1 1 0 1 1 0 0 1 0 0 1 1 0 0 0 0 0 1 1 1 0 1 0 0 0 1 1 1 0 1 1 0 0 0 1 1 1 0 1 1 0 0 0 1 0 1 1 0 1 1 1 0 1 0 0 1 0 1 0 0 0 1 1 1 1 1 1 1 1 1 0 0 1 0 1 1 0 0 1 1 1 1 1 0 0 0 0
1 0 1 1 1 1 0 0 1 64 1 0 0 1 0 0 0 0 1 0 1 0 0 0 1 1 0 0 0 1 1 1 0 0 1 1 0 0 1 0 0 1 0 1 1 1 0 0 0 1 0 1 0 0 1 1 1 0 1 1 1 0 0 1 1 0 1 0 1 0 1 0 1 1 1 0 0 1 0 1 0 0 0 1 1 0 1 0 0 0 0 1 0 0 1 0 0 0 1 1
1 1 0 0 0 1 1 1 1 0 77 0 1 1 0 0 1 1 0 1 1 0 1 0 1 0 0 0 1 1 1 0 0 1 0 0 0 0 0 0 0 1 1 0 0 0 0 0 0 0 1 1 0 0 1 0 1 1 0 1 0 1 1 0 0 1 1 0 1 0 0 1 0 1 0 0 0 1 0 1 1 1 1 0 0 1 1 0 0 1 0 1 1 0 0 1 1 1 1 1
1 1 1 1 1 0 1 0 0 0 0 47 0 0 0 1 1 0 1 0 1 1 1 0 1 0 0 0 1 0 1 0 0 0 0 1 1 1 0 0 0 0 0 0 1 0 1 0 0 1 1 0 1 1 0 1 0 1 0 0 0 1 0 0 0 1 0 1 0 0 1 1 1 0 0 1 1 1 0 1 0 0 0 1 1 0 1 0 0 1 1 0 0 0 1 0 0 1 0 1
1 1 1 0 1 0 0 0 1 1 1 0 12 1 1 1 1 0 1 1 0 1 0 0 0 0 0 1 1 1 1 1 1 0 1 0 1 0 0 1 0 1 0 0 1 0 0 1 1 0 0 1 1 0 0 1 1 1 1 0 0 0 0 1 0 1 1 0 0 1 0 1 1 0 1 1 1 1 1 0 0 0 1 0 0 1 1 1 1 0 1 1 0 1 0 1 1 0 0 1
1 0 0 1 1 1 1 0 1 0 1 1 1 20 1 1 1 0 0 1 1 1 0 1 0 0 1 0 1 0 1 0 0 0 0 1 1 1 0 0 1 0 0 1 1 1 0 0 0 1 1 0 0 1 1 1 0 1 0 1 0 0 1 0 0 1 1 1 1 0 0 1 1 1 0 1 0 0 0 0 1 1 1 0 1 0 0 1 0 1 0 1 0 0 0 1 1 1 0 0
0 1 0 1 0 0 1 1 0 1 1 1 1 0 77 1 0 0 0 0 0 0 0 1 1 0 1 1 1 1 0 1 1 1 0 0 0 1 1 1 1 1 1 1 0 1 1 1 0 0 0 0 0 0 1 0 0 1 0 0 0 0 1 1 1 0 0 1 0 0 0 0 1 1 1 0 0 1 1 1 0 1 1 0 0 0 0 1 0 1 1 0 1 1 0 0 0 1 0 1
1 1 0 1 0 1 0 0 0 1 0 1 1 0 1 16 0 1 1 0 1 1 0 0 0 1 0 1 1 0 0 1 1 1 1 1 0 0 1 0 1 0 1 1 1 1 1 1 1 1 0 0 1 1 0 0 0 1 0 1 0 0 1 1 0 1 0 1 0 0 0 0 0 1 1 1 0 1 0 1 1 0 1 1 1 0 0 1 1 1 0 1 1 0 0 0 0 0 0 1
0 1 1 1 1 1 1 1 0 0 1 1 0 1 0 0 94 0 0 1 0 0 0 1 1 0 1 0 1 0 1 1 1 1 1 0 1 1 1 1 1 0 0 0 1 0 1 0 1 1 0 0 1 1 0 0 1 1 0 1 1 1 0 0 0 1 0 1 0 0 1 0 0 0 1 0 0 1 1 0 0 0 0 0 1 1 0 1 1 1 0 0 1 1 1 1 1 1 1 0
1 0 1 1 1 0 1 1 0 1 1 1 0 0 1 0 1 55 1 1 0 1 1 0 1 1 1 0 1 1 0 0 1 1 1 0 1 1 0 1 1 0 1 1 1 0 1 1 1 1 1 1 1 1 0 1 1 1 0 0 1 0 1 0 1 0 1 0 1 0 1 0 1 1 1 1 1 0 0 0 1 0 0 1 0 1 1 0 1 1 1 0 1 0 1 1 1 0 0 0
0 1 1 0 0 1 0 1 1 0 0 0 1 1 1 1 1 1 22 1 1 1 1 0 1 1 0 0 0 0 1 0 1 0 1 0 0 1 0 0 1 0 0 0 1 1 0 1 0 1 0 0 0 1 0 0 0 0 1 0 0 0 1 0 1 0 0 1 0 0 0 1 1 1 1 1 1 1 1 1 0 0 0 0 1 1 0 0 1 0 1 0 1 1 1 1 0 0 1 1
1 1 0 1 0 1 1 0 0 1 0 0 0 1 0 0 0 0 1 39 0 1 0 1 1 0 1 0 0 0 1 1 1 0 0 0 0 0 1 1 1 0 1 1 0 1 0 0 1 0 0 0 0 0 0 1 0 0 1 1 0 1 1 0 1 0 0 0 1 0 0 0 1 0 0 1 1 0 0 0 1 1 1 1 1 0 1 0 1 0 0 0 1 1 0 1 0 1 0 0
0 0 1 0 1 1 0 1 0 1 0 1 0 0 0 0 0 0 1 1 21 1 0 0 0 1 1 0 1 0 1 1 1 0 0 0 0 0 0 1 1 1 0 1 1 0 1 0 1 0 1 0 1 1 0 0 0 0 0 1 1 1 1 0 1 0 1 0 1 0 0 1 0 1 0 0 0 0 0 1 0 0 0 1 0 1 0 1 0 0 1 0 0 1 1 1 1 1 1 0
0 1 0 0 0 0 1 1 1 1 0 0 0 0 0 0 0 1 0 1 1 54 0 0 1 0 0 0 0 1 0 1 0 1 1 0 1 1 0 0 0 1 1 0 0 0 0 0 0 1 0 1 1 1 1 1 1 1 0 0 0 1 1 0 1 0 0 0 1 1 0 1 1 0 1 0 1 1 0 0 0 1 1 1 0 0 0 0 0 0 1 1 1 0 1 0 1 0 0 1
0 1 0 0 1 1 0 0 0 1 1 1 0 0 1 1 0 1 1 0 1 1 52 1 0 0 1 1 1 0 0 1 0 1 0 0 0 0 0 0 1 1 1 1 1 0 0 0 0 1 0 0 0 1 0 0 0 1 0 1 0 0 0 0 1 1 1 0 1 0 1 0 1 0 0 1 1 0 0 1 0 0 1 1 1 0 1 1 0 0 1 0 0 1 1 0 0 0 0 0
1 1 0 1 0 0 0 1 1 1 1 0 1 1 1 0 0 0 1 0 1 0 0 75 1 0 0 1 0 0 1 1 1 1 1 1 0 0 1 0 0 1 1 0 1 1 0 1 0 1 0 1 0 0 1 0 0 0 1 0 0 0 1 0 0 0 0 1 0 1 0 0 0 1 0 1 1 0 1 0 1 1 0 1 0 1 1 0 1 0 1 1 0 0 0 1 0 0 0 0
1 0 1 1 1 1 0 1 1 1 1 0 1 0 0 0 1 1 1 0 1 0 0 0 41 1 1 0 0 0 0 0 0 0 1 1 0 0 1 1 1 1 1 1 0 0 0 1 1 0 0 0 0 0 0 0 1 1 1 0 0 0 1 1 0 0 1 1 0 1 1 1 0 0 1 0 0 0 1 1 0 1 1 1 0 1 0 1 1 1 0 0 0 0 0 1 1 0 1 1
1 0 1 1 0 0 0 1 1 0 1 1 0 1 1 0 0 0 1 1 0 0 1 0 0 2 0 0 0 1 0 1 1 1 0 1 0 0 0 1 0 1 0 0 0 0 0 1 0 0 0 0 1 1 1 0 0 0 1 0 0 0 1 0 0 0 0 1 0 1 1 0 0 0 1 0 1 1 0 0 0 1 0 0 1 0 1 1 1 1 0 1 0 1 1 1 0 1 0 1
1 1 1 0 0 1 1 1 0 1 0 0 1 1 1 0 1 1 1 0 0 0 1 0 1 1 5 1 1 0 1 0 0 0 1 0 1 0 1 1 0 1 0 1 1 0 0 1 0 1 1 1 1 1 1 0 0 0 1 0 0 0 0 0 0 1 0 1 0 1 1 1 0 1 1 1 1 1 0 0 1 0 0 0 0 0 0 0 1 1 0 0 0 1 1 1 0 0 0 0
1 1 1 1 0 0 0 1 1 0 0 0 0 1 1 0 0 0 1 1 0 1 1 1 1 0 1 74 0 1 1 0 0 0 1 0 0 1 0 1 1 0 1 1 0 1 0 1 0 1 1 0 1 0 0 1 0 0 1 1 1 1 0 1 1 0 0 0 0 0 1 1 0 1 1 0 1 1 1 1 0 0 0 1 1 1 0 0 0 0 0 0 1 0 1 0 1 1 0 1
1 1 0 1 0 0 1 0 1 0 0 1 0 0 0 0 1 1 0 0 1 0 1 0 0 1 1 1 3 1 1 1 1 1 0 1 1 1 0 1 0 0 1 0 1 0 1 1 0 0 0 0 0 1 0 0 0 0 1 0 1 1 1 0 0 0 1 0 0 0 1 1 0 1 1 0 0 0 0 1 1 1 0 1 1 0 1 1 1 0 1 0 1 1 1 0 1 0 0 1
1 0 1 0 0 1 1 1 0 0 1 0 1 0 0 1 1 1 1 0 1 0 0 1 1 1 1 1 1 5 1 0 1 0 1 1 0 1 0 0 0 0 0 1 0 1 0 0 1 0 1 1 0 0 0 1 1 0 0 1 1 0 0 0 0 0 0 1 1 0 1 1 1 0 1 0 0 1 1 1 0 1 1 1 1 0 0 1 0 1 1 1 0 0 1 0 1 1 1 1
0 0 0 0 1 1 1 1 1 0 1 0 0 1 1 1 0 0 1 1 1 1 1 0 0 0 1 1 0 0 89 0 0 0 0 1 1 1 1 0 0 0 1 0 0 0 1 0 1 1 0 0 0 0 1 1 1 1 1 1 0 1 0 1 0 1 0 0 1 0 1 0 0 1 0 0 1 1 1 1 1 0 1 0 1 0 0 0 0 0 1 0 0 1 0 0 1 1 0 1
0 0 1 1 0 1 0 1 0 0 0 0 1 1 1 1 1 1 0 0 0 1 0 1 1 0 0 1 0 1 1 89 1 1 0 1 0 0 0 0 0 0 0 1 1 1 0 1 0 0 1 1 1 0 1 0 0 0 1 1 0 0 0 0 1 1 0 0 1 0 0 0 0 0 0 0 0 1 1 1 1 1 0 1 1 0 1 0 0 1 1 0 0 1 0 0 0 1 1 0
1 1 1 0 0 0 1 1 0 1 1 0 0 1 0 1 1 0 1 0 0 0 0 0 1 0 0 0 0 1 1 1 77 0 1 1 0 1 0 0 0 0 0 1 1 1 1 1 1 1 0 1 0 0 1 0 0 0 1 0 1 1 1 1 1 1 0 1 0 1 1 0 1 1 0 1 1 1 0 1 0 0 1 1 1 0 1 0 0 0 1 1 1 0 0 1 0 1 1 1
0 1 0 0 1 1 1 1 1 1 0 1 0 1 0 0 0 0 0 0 0 0 0 0 0 1 0 1 0 0 1 1 1 26 0 0 1 1 0 1 0 0 1 1 1 1 0 0 0 0 0 0 0 1 0 1 1 1 1 0 0 0 0 0 0 1 0 1 1 1 1 0 0 0 0 0 1 0 1 1 0 1 1 1 0 1 1 1 0 0 0 1 1 1 1 1 0 1 0 0
0 0 1 1 1 1 0 0 0 0 1 0 0 1 1 0 1 0 1 0 1 0 0 0 1 0 1 1 0 0 0 1 0 0 62 0 0 0 0 1 0 1 0 0 1 0 1 1 1 1 0 0 1 0 0 1 1 1 1 0 0 1 0 0 1 0 1 1 0 0 0 1 0 0 1 1 0 0 0 1 0 0 0 0 0 1 0 1 1 1 1 0 0 0 0 0 0 1 1 0
1 0 1 0 1 1 0 0 0 1 0 0 0 0 1 0 0 0 0 0 0 1 0 0 0 1 1 1 1 1 0 0 1 0 1 45 1 0 0 1 0 0 0 1 0 1 1 1 0 1 1 0 0 0 1 1 1 0 0 1 0 1 0 0 1 0 0 0 1 0 0 0 1 1 1 0 0 1 0 0 1 0 1 1 1 0 0 0 1 1 0 0 1 0 1 0 0 0 1 1
0 1 0 1 0 1 1 1 1 1 0 0 1 1 0 1 0 1 0 0 1 0 0 0 0 1 1 0 0 1 0 0 0 0 1 1 94 1 0 1 0 0 1 1 1 0 0 1 0 1 1 0 1 1 0 0 0 0 1 0 1 1 1 0 0 0 0 0 0 0 0 1 1 0 0 0 0 1 1 0 1 1 0 0 1 1 1 1 1 1 1 0 0 0 0 0 1 0 1 1
0 0 1 1 1 1 1 1 1 1 0 0 0 0 1 1 0 1 0 0 1 0 1 1 1 0 1 0 0 0 1 1 0 1 0 1 0 46 1 0 0 1 0 0 1 1 0 0 0 0 0 1 0 1 1 0 1 0 1 0 0 1 1 1 1 0 0 0 1 1 1 0 1 0 1 1 1 1 0 1 0 1 0 0 0 0 1 1 1 1 0 0 0 0 1 1 0 0 1 1
1 1 1 1 1 1 0 0 0 1 1 1 0 1 0 1 1 1 1 0 1 1 0 0 0 0 1 0 1 0 0 1 0 0 1 1 0 1 83 0 1 1 1 1 1 1 1 1 1 0 0 0 1 0 1 0 0 1 0 1 0 1 0 1 0 0 0 1 1 0 1 0 0 1 0 0 0 1 1 0 1 1 0 1 0 1 1 1 1 0 1 1 1 1 0 1 1 0 1 1
1 1 0 1 1 0 0 0 1 0 1 1 1 1 0 1 0 0 1 1 0 0 0 1 1 1 1 0 1 0 0 0 1 0 1 0 0 0 1 17 0 1 1 0 0 1 1 0 0 1 1 0 0 1 0 1 0 1 0 1 1 1 0 0 1 0 0 0 0 1 0 0 1 0 0 1 0 1 0 1 1 0 1 0 0 1 0 0 0 1 1 1 1 0 0 0 0 0 1 1
1 1 1 0 0 1 0 0 0 0 1 1 0 1 0 0 1 1 0 1 0 0 0 1 0 1 1 0 0 1 0 0 0 1 0 1 1 0 1 0 35 1 0 1 0 0 1 0 1 0 0 1 1 1 0 1 0 0 1 0 0 1 0 0 0 0 0 1 1 0 1 1 1 0 0 0 0 0 1 1 1 1 0 1 0 1 1 0 1 1 1 1 0 0 1 0 0 0 0 1
0 0 1 0 0 1 0 0 1 0 0 0 0 0 1 1 0 0 0 0 0 1 1 1 1 0 0 0 0 0 0 0 1 0 1 0 0 0 1 1 1 8 1 0 1 0 1 1 0 0 0 0 0 1 1 1 1 1 1 1 0 1 0 1 0 1 0 0 1 0 1 1 1 1 0 0 0 0 1 1 0 0 1 1 1 1 1 0 1 0 0 0 0 1 1 1 1 0 0 1
0 0 1 1 0 1 1 0 1 1 1 0 0 1 0 1 0 1 1 0 1 1 1 1 1 0 0 0 0 1 1 1 1 0 0 0 1 1 1 1 1 1 7 0 0 0 1 1 0 1 0 0 1 1 0 1 1 1 0 1 0 0 0 0 0 1 0 0 1 0 0 0 0 0 1 0 0 1 0 1 0 0 1 0 0 1 0 0 0 1 0 1 1 0 0 1 0 1 0 1
1 0 0 1 0 0 1 0 1 0 0 0 1 0 1 0 1 0 0 0 1 0 0 1 0 1 1 1 0 1 1 0 1 1 0 0 1 0 0 1 1 1 1 28 1 0 0 1 1 1 0 0 1 0 1 1 0 0 0 0 0 0 0 0 0 0 1 1 1 0 0 1 0 0 0 0 0 0 0 0 0 0 1 0 1 1 1 1 1 1 1 1 1 1 0 1 1 0 1 0
1 1 0 0 1 0 0 0 1 1 1 0 0 1 1 1 1 1 1 1 0 1 1 1 0 0 0 1 1 0 1 1 1 0 1 0 1 1 1 0 1 1 1 1 84 1 1 0 0 0 0 0 0 0 0 1 1 0 1 0 0 1 1 0 0 1 1 0 0 0 1 0 1 0 1 1 0 0 1 1 1 1 0 0 1 1 0 0 1 1 1 0 1 0 0 0 0 0 0 0
0 0 1 0 0 0 0 0 0 0 1 0 0 0 1 1 1 0 0 1 0 1 1 1 1 0 0 0 1 1 0 1 1 1 0 1 1 0 0 1 1 1 0 0 1 21 1 1 0 0 0 1 0 1 0 1 0 1 0 1 1 1 0 1 1 1 1 1 0 0 1 0 0 0 0 0 0 0 1 0 1 0 0 1 1 0 0 1 0 0 1 0 1 0 0 1 0 0 0 1
1 0 0 0 1 1 0 1 0 0 0 1 1 0 1 1 1 0 0 1 1 1 1 0 1 1 1 0 0 1 0 1 1 1 0 0 1 0 0 1 1 1 0 1 0 0 52 1 1 1 1 1 0 0 1 0 1 1 1 1 0 0 0 1 1 0 0 1 1 0 0 0 1 1 0 1 0 1 0 1 1 0 1 1 1 1 0 1 0 0 1 0 1 0 1 0 0 1 1 0
0 0 1 1 0 1 0 0 0 0 1 0 1 0 1 0 1 0 0 0 1 0 1 0 0 0 1 1 1 1 0 0 0 1 1 0 0 0 0 1 1 1 0 1 0 1 1 82 0 0 0 0 0 1 1 1 0 1 0 1 0 1 1 0 0 1 0 0 0 1 0 1 0 1 0 1 1 0 1 1 0 1 1 1 1 0 0 0 0 0 1 0 1 1 0 1 1 1 1 1
0 1 1 1 1 0 1 1 0 1 0 0 1 1 0 0 1 0 0 1 0 1 1 0 1 0 0 1 0 0 1 0 1 0 0 0 0 1 0 0 1 0 0 1 0 1 1 1 36 1 1 0 1 0 1 0 1 0 1 1 1 0 1 1 1 0 1 1 1 1 1 0 0 1 1 0 0 0 1 0 0 0 1 0 0 1 1 1 0 0 0 1 1 1 1 1 1 1 1 0
0 1 0 1 0 1 1 0 1 0 1 1 1 0 1 0 0 0 1 1 0 1 1 0 0 1 1 1 1 0 0 1 0 1 0 0 0 1 1 0 0 0 1 0 0 1 1 1 0 51 0 0 0 0 0 1 1 1 1 1 0 0 0 1 1 1 1 0 0 1 1 0 0 0 0 0 1 1 0 0 0 0 0 1 0 0 0 0 1 1 1 0 0 0 0 1 0 0 0 0
1 0 1 0 1 0 1 0 1 0 1 0 1 1 1 0 0 0 1 0 0 1 0 0 0 0 0 1 1 1 1 0 0 0 1 1 0 1 0 1 1 1 0 0 1 0 1 0 1 0 46 1 0 1 0 0 1 1 0 1 0 0 0 1 1 1 1 1 0 0 1 1 1 0 0 1 1 0 1 0 0 1 0 1 1 1 0 0 0 0 1 1 0 0 1 1 0 0 0 1
1 0 0 0 1 1 1 0 1 0 0 1 0 1 0 0 0 1 0 1 1 0 0 1 0 1 0 1 0 1 0 0 0 1 0 0 1 1 0 0 0 1 1 0 1 1 1 0 0 1 1 97 0 0 0 0 1 1 0 0 0 0 1 0 0 1 1 0 0 0 0 1 0 0 0 0 0 1 0 0 1 0 1 0 0 1 0 0 0 0 0 0 0 1 1 1 0 1 0 1
0 1 0 1 0 1 0 0 0 1 0 0 1 1 0 1 0 0 1 1 1 0 0 0 1 0 1 1 0 1 0 0 0 1 1 0 1 1 0 0 0 0 0 1 0 0 1 0 0 0 0 0 22 0 0 0 1 0 1 0 0 0 0 1 1 0 1 0 0 1 0 1 0 0 1 0 0 0 1 0 1 1 0 1 1 0 0 1 0 0 1 0 0 1 0 0 1 1 0 1
0 0 1 0 1 0 0 1 0 0 1 1 1 1 1 0 1 1 0 0 1 1 0 0 0 1 1 0 0 0 1 1 1 0 1 1 1 1 1 0 0 0 1 0 1 0 0 1 0 0 0 1 0 70 1 0 0 0 1 0 0 0 1 1 1 1 0 0 1 0 1 1 0 0 0 0 1 1 1 1 0 1 1 0 1 0 0 0 1 1 1 1 0 1 1 1 0 1 0 0
1 1 0 0 1 0 0 0 1 0 0 0 0 1 1 0 0 0 0 1 1 1 0 1 1 0 0 0 1 0 1 1 0 1 0 1 0 0 0 1 1 0 1 0 0 0 0 1 1 0 1 0 1 0 50 1 1 1 0 0 1 0 1 0 0 1 1 1 1 0 1 1 0 0 1 1 1 1 0 1 0 1 1 1 1 1 1 0 1 0 0 1 1 0 0 1 1 1 1 1
0 0 1 1 1 0 1 0 0 1 0 1 1 1 1 1 1 0 0 1 1 0 1 1 1 1 0 1 1 1 1 0 1 1 1 0 1 1 0 0 1 0 1 0 1 1 0 0 0 1 0 1 0 1 0 28 0 1 0 0 1 0 0 0 0 1 0 0 0 1 0 1 1 1 1 0 0 0 0 0 1 0 0 1 1 1 1 0 0 0 0 0 1 1 1 0 1 1 0 0
1 1 0 0 1 1 1 1 1 1 1 1 0 0 0 0 1 1 1 1 0 0 1 1 1 0 0 1 0 1 1 1 0 0 1 0 1 0 1 1 1 1 1 1 1 0 1 1 0 1 0 1 0 0 1 0 47 1 1 0 0 1 1 1 1 0 0 1 1 0 0 0 0 0 0 1 0 1 0 0 0 1 0 0 1 1 1 0 0 0 1 1 0 0 1 1 0 1 0 1
1 0 0 0 1 0 1 0 1 1 1 1 1 1 0 1 0 1 1 1 1 1 1 1 0 0 0 0 0 1 0 1 0 0 1 1 0 0 1 0 1 0 0 1 0 1 1 1 0 0 1 0 0 0 0 1 1 21 1 0 1 0 1 1 0 0 0 1 1 0 0 0 0 1 0 1 1 0 0 0 1 1 0 1 0 1 1 0 0 0 1 0 1 0 1 0 1 0 1 1
0 1 1 1 0 0 1 1 0 0 1 0 1 1 1 1 0 0 1 1 1 0 0 0 1 1 0 1 1 0 0 1 0 1 1 0 0 1 0 1 1 1 0 1 1 0 1 0 0 1 0 0 1 1 0 1 0 0 4 1 0 0 0 1 1 0 1 1 0 1 0 0 1 0 0 0 1 1 1 0 0 1 1 1 0 1 0 1 1 0 1 1 0 0 0 0 0 1 1 0
0 1 1 0 1 0 1 0 0 0 1 1 0 1 0 0 0 0 1 1 1 1 0 0 0 0 1 1 1 1 1 0 0 1 0 1 0 1 1 0 1 1 1 0 1 0 0 0 1 1 0 1 1 1 1 0 1 1 0 34 1 0 0 1 1 0 1 1 0 1 1 1 1 0 1 0 1 1 0 1 1 1 0 1 0 0 1 1 1 0 0 1 1 0 0 0 1 0 1 0
0 1 0 1 0 0 1 1 1 0 0 0 0 1 0 0 0 1 0 0 1 0 0 1 1 1 1 1 1 1 1 0 0 1 0 0 1 1 0 0 0 1 1 0 0 0 1 1 1 0 0 1 0 0 1 0 1 0 1 0 67 0 1 1 0 0 0 0 0 0 0 1 0 1 0 0 1 1 1 1 1 0 0 1 1 0 0 0 0 0 0 1 0 0 0 1 1 0 0 1
0 0 1 0 1 1 1 0 0 0 0 1 0 1 1 1 0 1 1 0 1 0 0 1 1 0 1 1 1 0 1 1 0 1 1 1 1 1 0 0 1 1 0 0 0 0 1 0 0 0 0 0 0 1 0 1 0 0 0 1 1 35 0 0 0 0 1 1 1 0 1 0 0 1 1 1 1 0 1 0 1 0 1 0 1 1 0 0 0 0 0 1 0 0 1 1 0 1 0 0
0 1 1 1 0 1 1 0 1 0 1 0 1 0 0 1 1 0 1 0 0 0 1 0 0 1 1 1 1 1 1 0 1 1 1 0 0 0 0 0 0 0 0 1 0 0 0 1 1 1 1 1 1 1 1 0 0 1 1 0 0 0 69 1 0 1 0 0 1 0 0 0 0 1 0 0 0 1 1 0 0 1 1 1 0 1 0 1 0 0 0 1 1 1 1 1 1 1 1 1
0 1 1 0 1 1 1 0 0 0 1 0 0 1 0 0 0 0 1 1 0 1 1 0 0 1 0 0 1 1 0 0 0 0 1 1 1 0 0 0 0 0 1 1 0 0 1 1 0 1 1 0 0 1 0 1 1 1 1 0 0 0 0 75 0 1 0 1 0 0 1 1 1 1 1 1 1 0 0 1 1 1 0 1 0 1 1 0 1 0 0 1 1 0 1 0 1 0 0 1
1 1 1 1 0 0 1 1 1 1 1 0 1 0 1 0 1 0 1 0 0 1 1 1 0 0 0 1 1 0 0 0 1 1 1 1 0 1 0 0 1 1 1 0 0 1 1 0 0 0 1 1 1 1 1 0 0 1 1 0 0 1 0 1 27 1 0 0 0 0 0 1 1 1 1 1 1 0 0 0 0 1 0 0 0 0 1 1 0 1 0 1 0 1 0 0 1 1 0 0
0 1 0 0 1 1 1 1 0 0 0 0 1 0 1 0 1 1 1 1 0 1 1 0 0 1 1 0 0 1 1 0 1 0 0 1 0 1 1 1 1 1 0 1 0 0 1 1 0 1 1 0 1 0 0 0 1 1 1 0 0 0 0 1 0 53 0 1 1 0 0 1 0 0 0 0 1 1 1 1 1 0 1 0 1 1 0 0 1 0 0 1 0 0 0 0 0 0 1 1
1 0 0 0 0 0 0 1 0 0 0 0 0 1 1 1 1 1 1 0 0 1 1 0 1 1 1 0 0 1 0 1 0 1 0 0 1 1 0 1 0 1 1 0 0 1 0 0 0 0 1 1 0 1 0 0 0 1 0 1 1 0 0 1 1 1 76 1 0 0 1 0 1 0 1 0 0 0 1 1 1 1 0 0 0 1 1 0 0 0 1 0 1 1 0 1 0 0 0 0
1 0 1 0 0 0 0 0 0 0 0 1 0 1 1 1 1 1 0 0 1 0 1 1 1 1 1 0 1 0 0 1 1 0 0 1 0 1 1 1 1 1 1 1 0 0 1 0 1 0 1 0 1 1 1 1 0 1 0 0 0 1 0 1 0 1 0 77 1 1 1 0 1 0 1 0 1 0 1 1 0 0 0 0 1 0 1 0 1 0 1 1 0 1 1 1 0 1 0 0
1 1 1 1 0 0 1 0 0 0 1 1 1 1 0 0 0 1 0 0 0 0 0 0 0 1 1 0 0 1 0 1 0 0 0 0 1 0 0 1 1 1 0 1 1 1 1 1 1 0 1 0 1 0 0 0 0 1 1 0 1 0 1 1 0 0 0 0 60 1 0 0 0 1 0 0 0 1 0 1 1 0 0 1 0 0 0 1 1 0 1 0 1 0 0 0 0 1 0 0
0 0 0 0 0 1 1 0 0 1 0 0 0 1 0 1 0 1 0 0 1 0 0 1 1 0 1 0 0 1 1 0 1 0 1 1 0 0 0 1 1 1 1 0 1 0 0 1 1 1 0 0 1 1 0 0 0 1 0 0 1 0 0 0 0 0 0 1 0 40 0 1 1 1 1 0 1 0 0 0 1 1 0 1 0 1 0 0 0 1 0 1 0 1 0 1 1 1 1 1
0 0 0 1 1 0 0 1 0 1 1 0 0 0 0 0 0 0 0 1 1 0 0 0 1 1 1 1 1 0 0 0 0 1 0 0 0 1 0 0 1 1 1 1 1 0 0 1 1 1 0 0 0 1 0 0 0 1 0 0 0 0 0 1 0 1 0 1 0 0 39 1 0 0 0 1 1 0 0 0 1 1 0 0 1 1 1 0 0 0 1 1 1 1 1 1 1 0 0 1
0 1 0 1 0 0 0 1 0 1 0 1 1 1 1 1 0 0 1 1 1 0 0 0 1 1 1 1 0 1 0 1 1 0 1 1 1 0 0 1 0 1 1 0 1 0 0 1 1 1 1 0 1 1 0 1 0 0 0 0 1 0 1 0 0 1 0 0 1 1 0 94 1 0 0 1 1 0 0 0 0 0 0 1 1 1 0 0 0 0 1 0 0 0 1 0 1 0 1 0
0 1 1 0 1 0 1 0 1 0 0 1 1 1 0 1 0 1 0 1 0 0 0 1 0 0 1 0 1 1 0 1 1 0 1 1 0 1 0 1 0 0 1 0 1 0 0 0 1 1 1 0 0 1 1 0 0 1 0 1 1 1 1 0 0 1 0 1 0 1 1 1 73 0 1 1 0 1 1 1 0 0 1 1 0 0 1 1 1 1 0 1 0 0 0 0 1 0 0 1
0 1 0 0 1 0 0 1 1 1 0 0 1 1 0 1 1 0 0 1 1 1 1 0 0 0 1 0 0 1 1 1 0 1 1 1 0 1 1 0 0 0 1 0 1 0 0 0 1 1 1 0 0 0 1 1 1 0 0 1 1 0 1 0 1 1 0 1 1 0 0 0 0 67 0 0 0 1 0 1 1 1 0 0 1 1 0 0 1 1 1 1 1 1 1 0 1 0 1 1
0 1 1 1 1 1 1 1 1 0 0 0 1 0 0 1 0 1 0 0 0 0 1 1 1 0 1 0 0 0 0 1 0 0 0 0 0 0 1 0 0 1 0 1 1 0 1 1 0 1 1 1 0 1 0 0 1 0 1 1 1 1 0 1 1 1 0 1 0 0 0 0 1 1 88 1 0 1 0 0 1 1 1 1 1 0 0 1 0 1 0 0 1 0 1 0 0 0 1 1
0 1 1 0 0 0 1 1 0 1 0 0 0 1 1 0 1 1 1 0 0 0 0 1 0 1 1 1 1 1 1 0 0 0 1 1 0 0 0 1 1 0 0 0 0 0 0 0 1 1 1 0 1 1 1 1 0 0 1 1 0 1 0 0 1 1 0 1 0 0 0 0 0 0 0 12 0 1 0 1 1 1 0 0 1 0 0 1 0 1 0 1 1 0 0 1 0 0 0 0
0 0 1 0 0 1 1 1 0 1 0 0 1 1 1 0 1 0 1 1 1 0 1 0 1 0 1 0 1 0 0 0 0 0 0 0 1 1 1 0 1 1 0 0 1 0 0 1 1 1 1 0 0 1 0 0 0 1 0 0 0 0 0 1 1 1 0 1 1 0 1 1 0 1 1 1 26 0 0 1 1 1 0 0 0 1 1 1 1 0 0 0 1 1 0 0 0 0 0 1
0 1 0 1 1 0 0 1 1 1 0 0 1 1 1 1 0 0 0 1 1 1 1 1 0 0 1 1 1 1 0 1 0 1 0 0 0 0 1 1 1 1 1 0 1 1 0 1 1 0 1 0 0 1 0 1 0 1 1 0 1 1 0 0 1 1 0 0 0 0 0 1 0 1 1 1 1 93 1 1 0 1 1 0 0 0 0 1 0 1 1 0 1 1 0 0 0 1 1 1
0 0 1 1 1 0 0 0 0 0 1 0 0 0 1 1 0 1 0 0 1 1 0 0 1 0 1 1 0 0 0 0 0 1 1 1 0 1 1 0 1 1 1 1 1 1 1 0 0 1 1 0 1 0 0 1 1 1 1 1 0 1 0 0 0 1 1 1 0 0 1 0 1 0 1 1 0 1 26 0 0 1 1 1 1 1 1 0 1 0 0 1 0 1 1 0 1 0 1 0
0 1 0 1 0 0 0 1 0 1 0 0 1 1 1 1 1 0 1 0 0 0 0 0 1 0 1 0 0 1 0 0 1 1 0 0 0 1 0 1 0 0 0 0 0 1 1 1 1 1 0 1 0 1 0 0 0 1 1 1 0 0 0 1 0 0 1 1 0 1 0 1 1 1 0 0 1 0 1 48 0 0 0 0 1 1 1 0 1 1 1 1 0 1 1 0 0 0 0 0
1 0 1 0 0 1 1 1 0 1 0 1 1 0 1 1 0 1 0 1 0 1 0 0 1 1 0 0 0 1 0 0 0 1 1 0 0 1 1 1 1 0 0 0 1 0 0 1 1 1 0 1 0 1 1 1 1 0 1 0 1 1 1 1 1 0 0 1 0 1 1 1 0 1 1 0 0 1 0 0 90 1 1 1 0 0 1 1 1 0 1 0 0 1 1 0 1 1 0 1
0 1 0 0 1 1 1 1 1 0 0 1 0 1 0 0 0 0 0 1 0 0 0 1 1 0 0 0 1 1 0 0 0 1 1 1 1 0 1 0 0 1 0 1 0 0 1 1 0 0 0 0 0 0 0 1 0 0 1 1 0 0 1 0 0 0 0 0 1 0 0 0 0 0 0 0 0 1 0 1 0 3 1 0 1 1 0 0 0 1 0 1 1 1 1 0 0 1 0 0
1 1 1 0 1 0 1 0 1 0 1 0 0 0 0 0 0 1 0 0 0 0 0 1 0 1 0 1 0 0 1 0 1 0 1 0 0 1 1 0 1 1 0 0 0 1 0 0 0 0 0 1 1 0 1 0 0 0 0 1 1 1 0 1 0 0 0 0 0 0 1 0 1 1 0 0 1 1 0 1 1 0 83 0 1 1 1 0 1 1 0 1 0 0 0 0 0 1 0 1
0 1 0 1 1 1 0 1 1 0 1 1 1 1 1 1 1 0 1 0 0 0 1 1 1 0 0 1 1 1 1 1 1 0 1 0 1 1 1 0 0 0 1 0 0 0 0 0 0 1 0 1 1 0 0 0 0 1 1 0 0 0 1 0 1 0 1 1 0 1 1 1 0 1 1 0 0 0 0 0 0 0 0 11 1 0 1 0 1 1 0 0 0 0 1 0 0 0 1 1
0 0 0 1 0 0 0 0 0 0 1 1 1 0 1 1 1 0 1 1 0 1 1 1 0 0 1 0 1 1 1 0 0 0 1 0 0 0 1 1 1 1 1 1 0 0 0 0 0 0 0 0 0 1 0 1 0 0 0 1 1 1 1 1 0 1 0 1 0 1 0 0 0 1 0 1 0 1 1 1 0 0 0 1 20 1 1 0 1 1 1 1 1 1 0 1 1 0 0 0
1 0 0 0 1 1 1 0 0 1 0 1 0 1 0 0 1 1 0 0 0 1 0 1 1 0 1 0 1 0 1 0 1 1 0 1 1 1 1 1 1 0 1 1 1 0 1 0 0 0 0 0 1 1 0 1 0 0 0 0 0 0 0 0 1 0 0 0 0 1 0 0 0 1 0 0 1 0 1 0 1 0 0 1 1 93 0 1 0 1 0 0 0 1 0 1 0 0 1 1
0 1 1 1 0 0 0 1 1 0 0 1 0 0 0 1 1 1 1 0 1 1 1 0 1 0 0 1 1 0 0 1 1 0 0 1 1 1 0 0 0 1 1 1 0 1 1 1 0 1 0 1 0 0 0 1 0 0 1 1 1 0 1 0 1 1 0 1 1 1 0 0 0 0 0 1 0 1 1 0 0 0 1 1 1 1 1 0 1 0 1 1 0 0 0 0 1 0 0 1
1 0 1 0 1 1 1 1 1 0 1 0 1 0 0 1 0 1 1 1 0 0 0 1 1 0 0 0 0 1 0 1 1 1 1 1 1 1 1 0 0 0 1 0 1 0 1 1 1 1 1 0 0 0 1 1 0 1 0 0 0 0 0 1 0 1 1 1 0 1 1 1 0 0 0 1 1 0 0 1 0 0 0 0 0 1 1 85 1 1 1 1 0 1 1 0 1 0 1 1
1 0 0 0 0 1 0 1 0 0 1 0 1 0 1 0 0 0 0 1 1 0 1 0 1 0 0 0 0 0 0 0 0 1 1 1 0 1 0 1 0 1 0 1 1 1 0 1 1 1 1 0 0 0 1 0 0 0 0 0 0 0 0 0 0 1 0 1 1 0 0 1 1 0 1 0 0 1 0 1 0 0 0 0 0 0 0 0 55 0 1 1 0 1 1 1 1 0 0 1
1 1 0 0 1 1 1 1 0 1 0 1 1 1 0 0 0 1 0 0 0 1 0 0 1 0 1 1 1 1 1 0 1 0 1 0 0 1 1 1 0 0 0 0 1 0 1 0 0 0 1 0 0 0 1 0 0 1 1 1 1 0 1 1 0 1 1 1 1 1 1 1 0 1 0 0 1 1 0 1 0 1 1 1 0 1 0 0 0 78 0 0 0 0 1 0 1 1 0 0
1 1 1 1 0 1 0 1 0 1 0 1 0 1 0 0 1 0 0 0 0 1 0 0 1 1 1 0 1 1 0 1 0 0 0 1 1 0 1 0 1 1 1 1 1 1 0 1 0 1 1 0 0 1 0 1 1 1 0 1 0 1 0 1 1 0 0 1 1 1 1 1 1 1 0 1 0 0 0 0 0 1 1 1 1 0 1 1 1 1 71 1 0 0 0 1 0 1 1 1
1 0 0 0 0 0 0 0 0 1 1 0 1 1 0 0 0 0 1 1 1 1 0 1 1 0 1 1 1 1 0 0 1 1 1 0 0 1 1 1 1 1 1 0 1 0 0 0 0 1 1 0 1 1 1 1 0 1 0 0 0 1 0 0 0 1 1 1 0 1 0 0 1 0 1 0 0 0 1 0 1 1 0 1 0 1 1 0 1 1 1 22 1 0 0 1 1 1 0 1
0 0 1 0 0 0 0 0 1 0 1 0 1 1 1 0 1 0 0 0 1 1 1 0 1 0 0 1 1 0 0 1 1 1 0 1 0 0 0 0 0 1 1 1 0 1 0 0 1 0 0 0 1 0 1 0 1 1 0 0 1 1 0 0 1 0 0 1 1 1 0 1 0 1 0 0 1 0 0 1 0 0 0 0 0 1 1 0 1 0 0 0 5 0 1 1 1 1 0 1
0 1 1 0 1 1 1 1 1 0 0 1 1 0 1 1 1 1 1 1 0 1 1 1 0 0 1 1 1 1 0 1 0 0 0 0 1 1 0 0 1 1 1 0 0 0 0 0 1 0 1 1 1 0 0 1 0 0 0 0 0 1 0 1 1 1 0 0 1 1 1 0 0 0 0 0 1 0 1 0 1 0 1 1 1 0 0 1 1 1 1 1 1 72 0 1 0 0 1 1
1 0 0 1 0 1 0 0 1 1 1 0 0 0 1 0 0 1 0 1 1 1 0 1 0 0 0 0 1 0 1 0 0 1 1 1 1 1 1 0 0 0 0 0 1 0 1 1 0 1 0 0 1 0 1 0 0 0 0 0 1 0 0 1 0 1 1 1 0 1 1 1 0 1 0 0 0 0 1 0 1 0 1 1 0 1 0 1 1 0 0 0 0 0 55 1 1 0 0 1
0 1 1 0 0 0 1 1 1 1 1 1 1 1 1 1 0 0 1 1 1 1 0 1 0 0 0 1 0 0 0 1 0 1 1 0 0 0 0 1 0 0 0 1 0 0 1 1 1 1 1 1 1 1 0 1 0 1 0 0 0 1 1 1 1 1 1 0 1 1 1 0 0 1 0 1 0 0 0 1 0 1 1 0 1 0 0 0 1 0 0 1 1 0 0 26 1 1 0 1
0 1 1 0 0 1 1 1 1 0 0 0 0 1 1 0 0 0 0 0 0 1 1 1 0 0 1 0 1 1 1 0 1 0 1 1 1 1 0 0 0 0 0 1 0 1 0 0 1 1 1 1 1 1 0 0 1 1 1 1 1 0 0 1 1 1 0 0 0 0 1 1 0 0 1 1 1 0 0 1 0 0 1 0 1 0 0 0 1 0 1 0 0 0 0 0 58 0 0 0
1 0 0 0 0 0 0 0 1 0 1 0 1 1 0 1 1 1 1 0 1 0 1 0 1 0 0 0 0 1 1 0 1 0 0 0 0 0 0 0 1 0 1 1 0 1 0 1 0 1 0 1 0 0 1 1 1 0 1 0 1 1 1 0 0 0 0 1 0 1 1 1 1 0 1 0 0 0 0 0 0 0 0 1 0 0 1 0 1 1 0 1 1 0 1 0 1 69 0 1
0 0 0 0 0 1 1 0 1 0 0 1 1 1 1 1 0 0 0 0 1 0 0 0 0 0 1 0 1 0 0 1 1 1 1 0 1 1 1 0 0 0 0 1 1 0 0 0 1 0 1 0 1 1 1 1 0 1 0 1 0 1 0 1 0 0 1 1 0 0 0 1 1 0 1 0 0 1 1 1 1 1 1 0 0 0 0 0 0 0 1 0 0 1 0 1 0 1 27 0
0 1 0 1 1 0 1 0 0 0 1 1 0 1 1 0 0 1 0 0 0 1 0 1 0 1 0 0 0 0 1 0 1 0 0 1 0 1 1 1 1 1 1 1 1 1 0 0 0 1 0 0 0 0 0 1 0 1 0 0 1 1 1 0 1 0 1 1 0 1 1 0 0 0 0 1 1 1 0 1 0 0 0 0 1 1 1 1 1 0 1 0 1 1 0 0 1 0 0 53
