20
10 0 0 1 1 0 1 0 1 0 0 0 1 1 0 1 1 1 1 0
1 34 1 1 0 0 1 0 0 1 1 0 1 0 0 0 0 1 1 1
0 0 66 0 1 0 0 0 1 0 1 0 0 0 1 0 1 0 0 0
1 0 1 17 1 0 1 0 1 1 0 0 0 0 1 1 0 1 0 1
1 1 0 0 18 1 0 0 1 0 1 1 0 0 0 0 0 0 1 0
0 0 1 0 0 41 1 0 0 1 1 0 0 0 0 0 1 1 0 0
1 0 1 0 0 1 50 1 0 0 0 0 1 0 1 0 0 1 0 0
0 0 1 0 0 0 0 11 1 1 0 0 1 1 0 1 0 0 1 0
1 0 1 1 0 0 0 1 20 1 1 0 1 0 0 0 0 1 0 0
0 1 0 0 1 1 0 0 0 32 0 1 1 1 0 0 0 0 0 1
1 0 1 1 1 0 0 0 0 0 89 1 1 0 0 0 0 0 0 0
0 1 1 0 0 0 1 0 0 1 0 51 1 0 1 1 0 0 0 1
1 0 0 0 1 0 0 0 0 1 0 0 16 1 0 0 0 1 1 0
0 0 1 0 0 0 1 1 0 0 0 0 0 93 0 1 0 0 0 0
1 0 0 1 0 0 0 0 1 1 0 0 0 0 40 1 0 1 1 0
1 1 0 0 0 0 0 1 0 0 0 1 0 0 0 10 0 0 0 0
0 0 1 0 0 0 1 0 1 1 0 0 1 1 0 0 33 1 0 1
0 1 0 0 0 1 1 0 1 0 0 0 1 1 0 0 0 67 1 0
0 0 0 1 1 0 0 0 0 0 1 0 1 1 0 0 0 1 24 0
0 1 1 0 0 0 1 1 1 0 1 0 0 1 1 0 0 0 0 11