100
3 1 0 0 0 0 1 0 1 0 1 0 0 0 1 1 0 0 1 1 1 0 0 0 0 0 0 0 1 0 0 0 0 0 1 0 0 0 0 1 1 1 0 0 1 1 1 1 0 1 1 1 0 0 0 0 1 1 0 1 0 1 0 1 0 1 0 0 0 1 1 0 1 0 1 0 1 0 1 0 1 0 1 0 1 0 0 0 0 1 0 1 0 0 1 0 0 1 0 0
1 74 1 1 1 1 0 1 0 0 0 0 0 1 0 0 1 1 0 0 0 0 0 0 1 0 0 0 0 0 1 0 0 0 0 0 0 1 0 1 0 0 0 0 0 0 1 1 1 0 0 0 0 1 0 0 1 1 1 1 0 0 0 0 1 0 0 0 0 0 0 0 0 0 0 0 0 0 0 1 0 0 0 0 0 0 1 1 0 0 0 0 0 1 0 0 0 1 1 1
0 0 18 0 0 0 0 0 0 1 0 0 0 0 1 1 0 0 0 1 0 0 0 1 0 0 1 0 0 0 1 0 1 0 0 1 0 0 1 0 0 0 0 0 0 1 1 0 0 0 1 1 0 1 0 1 1 0 0 0 0 0 1 0 0 0 1 1 0 1 0 0 0 0 1 1 0 1 0 0 0 0 1 0 1 0 0 1 0 0 0 1 1 1 1 0 1 1 0 1
1 0 1 71 0 0 0 0 0 1 0 0 1 1 0 0 1 0 0 0 0 1 0 0 0 1 1 0 0 0 0 0 0 1 0 0 0 0 0 1 0 1 0 1 0 1 0 1 0 1 0 0 1 1 0 1 0 0 1 0 0 0 0 0 0 0 1 0 0 0 0 0 0 1 0 0 0 1 0 0 1 0 1 0 0 1 0 1 0 1 0 1 1 0 0 1 0 1 0 0
0 0 0 0 20 0 1 0 0 0 0 1 0 0 0 0 0 1 0 1 1 1 1 0 0 0 1 1 0 0 1 0 1 1 0 1 0 0 1 0 0 0 0 0 1 0 0 1 0 1 1 0 0 0 1 0 0 0 1 1 0 1 1 0 1 1 1 0 1 1 0 1 0 1 0 0 0 0 0 0 0 0 1 0 0 1 0 0 0 0 0 0 0 1 1 0 0 0 0 0
0 0 0 1 0 67 1 1 1 1 0 0 1 0 1 0 1 1 0 0 1 1 1 1 0 0 1 0 0 0 1 1 0 0 0 1 0 0 0 0 0 0 0 0 1 1 0 0 0 0 0 0 0 0 1 0 0 1 0 0 0 0 0 0 0 0 0 1 0 0 0 0 1 0 0 1 0 1 1 1 0 0 1 1 1 0 1 0 0 1 0 0 0 1 1 1 0 0 0 0
0 1 1 0 0 1 51 1 0 1 0 0 0 0 0 0 1 1 0 0 0 0 0 0 0 1 0 0 0 0 1 1 0 0 1 1 1 0 1 0 0 0 0 1 0 1 1 1 0 0 1 0 0 1 0 1 0 1 0 0 0 1 1 0 0 1 1 1 0 0 1 0 0 0 0 1 1 1 0 0 1 0 0 1 0 0 0 0 0 1 0 0 0 0 0 0 0 0 0 1
0 0 0 0 1 0 0 34 0 0 0 0 1 0 0 1 0 0 0 0 0 0 1 1 0 0 0 0 1 0 0 0 1 0 0 0 1 0 0 1 1 0 0 1 0 0 0 0 0 0 1 0 1 1 0 0 0 0 1 1 1 1 0 0 1 0 0 0 1 1 1 0 0 0 0 1 0 0 1 0 0 0 1 0 1 0 0 0 1 0 0 1 0 0 0 1 1 0 0 0
1 1 0 1 0 0 0 1 42 0 0 0 0 1 0 0 0 0 0 0 0 1 0 0 0 0 1 0 0 0 1 0 0 0 0 0 1 0 1 0 0 1 1 1 0 1 0 1 1 0 0 1 0 1 0 0 1 1 1 0 0 1 0 0 1 1 1 0 1 0 1 1 1 0 0 1 0 1 0 1 0 0 0 0 0 1 0 0 1 1 0 0 0 0 1 0 0 0 0 0
0 0 1 0 0 0 0 0 0 2 0 1 1 0 1 1 1 0 0 1 0 1 1 1 1 0 0 1 0 0 1 0 1 0 0 0 0 1 0 1 0 0 1 0 0 0 0 0 1 0 0 1 0 0 0 0 0 1 0 0 0 0 0 0 1 0 0 0 0 1 0 0 0 1 1 1 0 0 0 0 1 1 0 1 0 1 1 1 1 1 0 1 1 0 0 0 1 1 1 0
1 1 0 1 0 1 0 0 1 0 98 0 0 1 0 1 1 0 0 0 1 0 0 1 0 0 0 1 0 0 0 1 0 0 0 1 0 0 0 1 0 1 0 1 0 0 0 1 0 0 1 0 0 0 0 1 0 0 1 0 0 0 0 0 1 0 1 0 1 1 0 1 0 1 0 1 0 1 1 0 1 0 0 0 0 0 0 1 0 1 0 0 0 0 1 0 1 0 1 0
1 0 1 0 1 0 1 1 1 0 1 87 0 1 1 0 0 0 0 0 1 1 0 1 0 0 0 1 1 0 0 0 1 1 0 0 0 0 0 1 0 0 0 1 0 0 1 0 0 1 0 0 0 1 1 0 0 1 0 0 0 1 1 1 0 0 0 0 0 0 1 0 0 0 0 0 1 1 0 0 1 0 0 0 1 1 1 1 0 1 0 0 0 0 0 0 0 0 1 0
1 0 0 1 0 0 1 1 0 0 0 0 7 0 0 1 0 0 0 0 0 0 0 1 0 1 1 0 1 1 0 1 0 0 0 0 0 0 0 1 1 0 0 0 1 0 0 0 0 0 1 0 0 0 0 0 1 1 1 0 1 0 0 0 1 1 1 0 1 1 0 0 0 1 0 0 0 0 0 1 0 1 1 1 1 0 0 0 0 0 0 1 1 0 0 0 0 1 0 0
0 1 1 0 0 0 0 0 0 0 0 1 0 69 1 0 0 0 0 0 0 0 0 0 1 1 0 1 1 1 0 1 1 0 0 0 1 1 0 0 0 0 0 1 0 0 0 1 0 0 1 0 0 1 0 0 1 1 0 0 1 1 0 0 1 0 1 0 0 0 1 0 0 0 0 0 0 0 0 0 0 0 0 1 1 1 0 0 0 0 0 0 0 1 1 1 0 0 0 1
1 0 0 0 0 0 0 1 0 1 0 0 0 0 34 1 0 1 1 0 0 1 1 1 0 1 0 0 1 1 1 0 0 0 0 1 0 0 0 0 1 1 0 1 0 1 0 0 0 0 1 1 1 1 0 0 0 0 0 0 0 0 1 0 0 1 0 0 0 0 0 1 1 1 1 1 1 1 0 1 0 1 0 1 0 0 0 1 0 1 0 1 0 0 1 0 0 0 0 0
0 0 1 0 0 1 1 1 0 0 0 0 0 0 0 85 0 0 0 1 0 0 0 0 1 1 0 1 0 1 0 0 1 0 0 1 1 0 0 0 0 0 0 1 0 1 0 1 0 0 0 0 1 0 1 1 1 0 1 0 0 0 0 0 0 1 0 1 0 0 0 0 0 0 0 0 0 1 0 0 0 0 0 0 0 0 1 0 0 0 0 1 0 0 0 1 1 0 0 0
0 0 0 1 0 1 0 0 0 1 0 1 0 0 0 1 79 0 1 0 0 1 1 0 0 0 0 0 1 0 0 0 0 0 0 0 1 1 0 0 0 1 0 0 0 0 0 0 0 0 1 1 1 0 0 0 0 1 1 0 0 0 0 0 0 0 0 1 0 0 0 1 0 0 1 0 1 0 1 1 0 0 1 0 0 0 0 0 0 1 0 0 1 1 0 0 1 0 1 0
0 0 0 0 1 1 0 0 1 0 0 0 0 0 0 1 0 22 0 0 1 0 1 1 0 0 0 1 0 0 1 0 1 0 0 0 1 0 1 0 0 0 0 0 1 0 0 1 1 0 0 0 0 0 1 1 1 0 1 0 0 1 0 1 1 0 1 1 0 1 0 1 0 0 0 0 0 0 0 1 0 0 0 0 1 0 0 0 0 0 0 1 0 0 0 0 0 1 1 1
0 1 0 0 0 1 1 0 0 1 1 1 1 1 0 0 1 1 74 0 1 1 1 0 0 0 1 0 0 1 1 1 0 0 0 0 0 0 1 1 0 1 0 1 1 1 0 1 0 0 0 0 0 0 0 1 0 0 1 1 0 1 0 1 0 0 1 0 0 0 0 0 0 0 1 0 0 0 0 0 0 0 1 0 0 0 0 0 0 0 0 0 0 1 1 0 0 0 0 1
1 0 0 1 0 0 0 0 1 0 0 0 0 1 1 1 0 1 0 76 0 0 0 1 0 0 1 0 0 1 0 1 0 1 0 1 1 0 0 0 1 0 0 0 1 0 1 1 1 0 1 1 1 1 0 0 0 1 0 0 0 0 0 0 0 0 0 0 1 1 1 0 1 0 0 0 0 0 0 0 0 0 0 0 0 1 0 0 0 0 0 1 0 0 0 0 0 0 0 0
1 0 0 1 0 1 1 0 0 1 0 0 0 0 0 1 0 0 0 1 40 0 0 0 0 0 1 1 0 0 0 1 0 0 1 0 0 0 1 0 1 1 0 0 0 0 0 0 0 0 0 0 0 0 1 0 1 0 1 1 0 1 1 0 0 0 0 1 1 0 0 0 0 0 0 0 0 0 0 0 1 1 0 1 0 0 1 1 0 0 0 0 1 0 1 1 0 0 1 1
0 0 0 0 0 1 0 1 0 0 1 0 0 0 0 0 1 1 0 1 0 34 0 1 1 0 0 0 0 1 1 0 0 0 0 0 0 0 1 0 0 0 0 0 0 0 0 0 0 0 0 0 0 0 0 0 0 0 0 0 1 0 0 0 0 0 0 1 1 1 0 0 0 0 0 0 0 0 1 0 0 0 0 0 0 0 0 0 1 0 1 1 1 0 1 0 0 0 1 0
0 1 1 0 1 0 0 1 0 1 0 1 1 1 0 0 1 1 0 0 0 1 51 0 1 0 0 0 0 1 1 0 0 1 0 0 0 0 0 1 0 0 0 0 1 1 0 1 0 0 1 0 0 1 0 1 0 0 0 0 0 0 0 1 1 0 1 0 0 1 1 0 0 1 1 1 0 0 0 0 1 1 0 1 1 0 0 0 1 0 0 1 1 0 0 0 1 1 0 1
0 0 1 0 0 1 0 0 0 0 1 1 0 1 0 0 1 0 0 0 0 0 0 55 0 1 0 0 1 1 1 1 1 0 1 0 0 0 0 1 1 1 1 0 1 0 0 0 1 0 1 0 0 0 0 0 1 1 0 0 0 1 0 0 0 1 1 0 0 1 1 0 1 0 0 0 0 0 0 0 0 0 0 1 0 0 0 1 0 0 0 0 0 0 1 0 1 0 1 0
0 1 0 0 0 0 0 0 1 0 0 0 0 1 0 1 1 0 0 0 0 0 0 1 80 1 1 0 0 0 1 1 1 0 0 0 1 0 1 1 0 0 1 1 1 0 1 0 1 0 1 1 0 1 1 1 0 0 0 0 0 1 0 0 0 1 1 1 0 0 0 0 1 0 0 0 0 0 0 1 0 0 1 0 0 0 1 0 0 0 0 1 0 1 0 0 0 0 0 1
0 0 1 0 0 0 0 1 1 0 1 0 0 0 0 0 1 0 1 1 1 0 0 1 0 15 0 1 1 0 0 1 0 1 1 1 0 1 1 0 0 0 1 0 1 0 1 0 1 0 1 0 0 0 0 0 1 0 0 1 0 1 0 0 0 0 1 1 1 1 0 0 1 0 0 0 0 0 0 0 1 0 0 0 0 0 0 0 1 0 1 0 1 0 0 0 1 0 0 0
0 1 0 1 1 1 1 0 0 1 0 0 0 1 0 0 0 1 0 1 1 0 0 0 1 1 17 1 0 0 0 1 0 0 0 0 0 1 0 1 0 0 0 1 0 1 0 1 0 0 0 1 0 0 1 0 0 0 0 0 0 0 0 0 0 0 1 0 0 0 0 1 1 0 1 0 0 0 0 0 1 0 0 0 0 1 0 0 1 1 0 1 0 0 1 1 1 1 0 0
0 0 0 0 0 0 0 0 1 1 0 0 0 1 0 0 0 0 1 0 1 0 0 0 0 0 0 45 1 0 0 0 0 0 0 0 1 0 0 0 0 0 0 0 0 0 1 0 1 0 0 1 0 0 0 0 0 1 0 1 0 0 1 0 1 0 1 1 1 0 0 1 1 0 0 1 0 1 0 0 0 1 0 0 1 0 0 0 0 1 1 0 0 0 0 1 0 0 1 1
0 0 1 1 0 0 1 0 0 0 0 0 1 0 1 0 1 1 1 0 0 1 0 0 0 1 1 1 10 1 0 1 0 0 0 1 1 0 0 1 1 0 0 1 0 0 0 1 0 0 0 0 1 0 0 0 1 1 1 1 0 0 0 0 0 0 0 0 1 0 0 0 1 0 0 0 0 0 1 0 0 0 0 0 1 1 0 0 1 1 0 1 0 0 1 0 0 1 0 0
0 1 1 0 1 0 0 0 1 1 0 0 1 1 0 1 0 0 0 1 1 0 1 0 1 1 0 1 1 51 1 0 0 0 0 0 0 0 1 0 1 0 0 0 0 0 1 0 0 0 1 0 0 1 1 0 0 0 0 1 0 0 1 1 0 0 0 1 0 0 0 0 0 1 0 0 0 0 0 0 0 0 1 1 0 0 1 0 0 0 0 0 0 0 0 0 0 0 0 0
0 1 0 1 0 1 0 1 0 1 0 0 0 0 1 0 0 0 1 0 1 0 0 1 0 1 0 0 0 0 94 0 0 0 1 0 0 0 0 0 0 0 1 0 0 1 1 0 0 0 1 0 0 0 0 0 0 0 1 0 1 0 0 1 0 1 1 0 0 1 0 0 1 0 0 0 1 1 0 0 0 1 0 0 0 0 0 0 0 0 0 1 0 0 0 0 0 0 1 1
1 0 0 0 0 0 0 0 0 0 0 0 1 0 0 0 0 0 0 0 1 1 0 1 1 0 1 1 0 1 0 52 0 0 0 0 0 0 1 1 0 0 1 0 1 0 0 0 0 0 0 0 1 1 0 0 0 0 0 1 0 0 0 1 0 1 1 0 0 0 0 0 0 0 1 1 0 1 1 1 1 0 1 0 1 0 1 1 0 1 0 0 1 1 0 1 1 0 0 1
1 1 0 1 1 1 1 1 1 0 1 0 0 0 0 0 0 0 0 1 0 0 0 0 1 0 0 0 1 0 1 0 53 0 1 0 0 0 0 0 1 0 0 0 1 0 0 0 0 1 0 0 0 0 1 0 0 1 0 1 1 0 1 1 0 1 0 0 1 0 0 0 1 0 1 0 1 1 0 0 1 1 0 0 0 0 1 0 1 0 0 1 0 1 0 1 0 0 0 0
1 0 1 1 0 0 0 1 1 0 0 0 0 0 0 0 0 1 0 1 1 1 1 0 1 0 0 0 0 0 0 0 1 2 0 0 0 0 0 0 1 0 0 0 1 1 0 1 0 0 0 0 0 1 1 1 0 1 0 0 0 0 1 0 1 1 0 0 1 0 1 0 0 0 1 0 0 1 1 0 1 1 0 0 0 0 0 0 0 0 0 0 1 0 1 1 1 1 1 0
0 1 0 1 0 0 0 0 1 0 0 0 0 0 0 0 0 1 0 0 0 0 1 1 1 1 1 0 0 0 0 0 0 1 62 0 1 0 0 0 0 0 0 1 0 0 0 1 0 0 0 0 0 0 0 0 0 1 0 1 0 1 0 0 1 0 1 0 1 1 0 0 0 0 0 1 0 0 1 0 0 1 1 0 0 0 0 0 0 0 1 1 0 0 0 1 0 0 0 1
1 0 1 0 1 1 1 1 1 0 0 0 0 0 0 0 0 1 0 0 0 0 0 1 1 1 1 0 1 0 1 1 1 1 1 53 1 0 1 0 0 0 0 0 1 0 0 1 1 0 0 0 1 1 0 0 0 0 1 0 0 0 0 0 0 0 0 1 0 1 1 0 0 0 0 0 0 0 1 1 0 0 0 0 0 1 0 0 0 0 0 1 0 0 1 1 0 1 1 1
0 0 0 0 1 1 1 0 0 1 1 1 1 0 0 0 1 0 0 1 0 0 1 1 0 0 0 0 0 0 0 0 0 0 1 0 19 0 1 1 1 0 1 0 1 1 0 0 0 0 0 1 1 0 1 1 0 1 0 0 0 0 0 0 1 0 0 1 0 0 1 0 0 0 0 0 1 1 0 0 1 0 0 1 0 0 0 0 1 1 1 0 0 0 0 1 0 0 1 0
0 0 0 0 1 0 0 0 0 1 1 0 0 0 1 1 0 0 1 0 0 1 1 0 0 1 0 1 0 0 1 0 1 0 0 0 1 14 0 0 0 0 1 0 0 1 0 1 1 0 1 1 0 1 0 1 0 0 0 0 0 0 0 0 0 0 0 1 1 0 0 0 0 0 0 1 1 0 1 0 0 0 0 1 0 0 0 1 1 0 1 1 0 1 1 0 0 1 0 0
0 1 0 0 1 0 0 0 1 1 1 1 0 0 0 0 0 0 0 0 0 0 1 1 1 1 0 0 0 0 0 1 1 0 0 0 0 1 92 0 0 1 0 0 0 0 0 0 0 0 0 0 1 1 0 1 0 0 0 1 1 1 1 0 0 1 1 1 1 0 0 1 0 0 0 0 1 0 0 1 0 1 0 0 0 0 0 0 0 0 1 0 1 0 0 1 0 1 1 0
1 1 0 0 0 0 0 1 1 0 0 0 0 1 0 0 0 0 0 0 0 1 1 0 1 0 1 0 0 0 1 1 1 0 0 0 0 0 1 30 1 0 0 0 0 0 0 1 1 1 0 1 0 0 0 0 1 0 0 1 0 0 0 1 1 1 1 1 1 0 0 1 0 0 0 0 1 0 1 0 0 1 1 1 1 1 0 0 0 0 0 0 0 1 0 0 0 1 1 1
1 0 0 1 0 0 0 1 0 0 0 1 1 1 1 0 1 0 1 1 0 0 0 1 1 0 0 0 0 0 0 1 1 0 1 0 0 0 0 1 64 0 1 1 0 1 0 0 0 0 0 0 0 1 1 1 0 0 0 0 0 0 0 0 0 1 0 0 1 0 0 0 0 0 1 1 0 1 0 0 0 0 1 0 1 0 1 0 0 1 1 0 0 0 0 1 1 1 0 0
1 0 1 0 1 1 0 1 0 0 0 0 0 0 1 0 0 0 0 0 0 1 0 0 0 0 0 1 1 1 0 0 1 0 0 0 1 0 1 0 1 91 0 1 0 1 1 0 0 0 0 0 0 0 0 0 0 0 0 1 0 0 0 0 1 0 0 0 0 0 0 0 0 0 0 0 0 0 0 0 0 1 0 0 0 1 0 0 0 0 1 0 1 1 1 0 0 0 0 1
1 0 0 0 0 0 0 1 0 1 0 0 0 0 0 1 1 1 1 0 0 0 0 0 0 1 1 0 0 1 0 0 0 1 0 0 0 0 0 0 0 0 61 0 0 1 0 0 0 1 0 0 1 0 0 0 0 0 0 1 1 0 1 0 0 1 0 0 0 0 0 0 0 0 0 0 0 0 0 1 0 0 0 0 1 1 0 0 0 0 1 0 0 0 0 0 0 0 0 0
0 0 0 0 0 0 0 1 1 0 0 1 1 0 0 1 0 0 0 0 1 0 0 1 0 1 0 0 0 0 0 1 1 0 1 1 0 1 1 0 1 0 0 49 0 0 0 1 0 0 0 1 0 1 0 0 1 1 1 0 0 0 1 0 0 1 0 1 0 1 0 0 0 0 0 0 0 0 1 0 0 0 0 0 0 0 1 0 0 1 0 0 0 0 1 1 0 0 0 0
1 0 0 0 0 0 1 0 0 1 0 0 0 1 0 1 1 0 0 1 1 0 0 0 1 1 0 0 0 1 0 0 0 1 0 0 1 0 0 1 1 0 0 0 17 0 0 0 1 1 1 0 0 0 0 0 1 0 0 1 0 1 0 0 0 1 0 0 0 0 1 0 0 1 0 1 1 0 0 1 0 0 0 1 0 0 0 0 1 1 0 1 0 1 0 0 0 1 0 0
0 0 0 0 0 1 0 1 0 1 1 0 1 0 0 0 1 1 1 1 0 0 1 0 1 0 1 0 0 1 0 0 0 0 0 1 0 0 1 0 0 0 0 0 1 89 0 0 0 0 1 0 1 0 0 1 0 1 1 0 1 0 0 1 0 1 0 1 0 0 1 0 0 0 0 1 1 1 0 1 0 0 1 1 0 0 0 0 0 1 1 0 0 0 0 0 1 0 0 1
1 0 0 0 1 0 0 0 0 0 0 1 0 0 0 0 0 1 1 1 0 1 0 1 0 1 0 1 0 0 0 0 0 0 0 0 0 1 0 0 0 1 1 1 0 0 91 0 0 0 0 0 1 0 0 0 1 0 1 0 1 1 1 0 0 0 0 1 0 0 1 1 1 1 0 0 1 0 0 1 1 0 0 0 0 0 0 0 0 0 1 0 0 0 1 0 1 1 0 1
1 1 0 1 0 0 0 1 0 0 1 1 0 0 0 1 0 0 0 0 0 1 1 0 0 1 1 1 1 1 1 0 1 0 0 1 0 0 1 1 0 0 1 0 1 0 1 74 0 0 1 0 1 0 1 0 1 1 0 0 0 0 1 0 1 0 0 0 0 0 0 0 1 0 0 0 0 0 0 0 1 0 0 1 0 0 0 0 1 1 0 0 1 0 1 0 0 0 1 0
1 0 0 1 0 1 1 0 1 0 1 1 0 0 1 0 0 0 0 0 0 0 0 0 0 0 0 1 1 1 1 0 0 0 0 0 1 1 0 1 0 0 0 0 0 1 0 0 66 1 1 1 0 0 1 0 0 0 0 1 1 0 1 1 0 0 1 0 1 0 1 0 0 0 0 0 0 1 1 1 1 0 0 0 0 0 0 0 1 0 0 0 1 0 0 0 0 1 0 1
0 0 1 0 0 0 1 0 1 1 1 0 1 1 0 1 0 1 0 0 0 0 1 0 1 1 0 0 0 0 0 1 0 0 0 0 0 1 1 0 0 0 0 0 1 0 1 0 1 25 1 0 1 0 0 0 1 1 0 0 0 0 0 1 0 0 0 0 0 1 0 0 0 0 0 1 0 1 0 0 0 0 0 0 0 0 0 0 0 0 0 0 1 0 1 1 0 0 0 0
0 0 0 0 1 0 0 0 0 1 1 0 0 0 1 0 0 0 0 0 1 1 0 1 0 1 1 0 0 0 1 0 0 0 0 1 1 0 1 0 0 0 0 1 0 0 0 0 1 1 79 1 0 0 1 0 1 1 1 0 0 1 1 0 1 0 1 1 1 0 0 1 0 1 0 0 0 1 0 0 0 0 0 0 1 0 0 1 0 1 0 0 1 0 0 0 1 0 0 0
0 0 0 0 1 1 1 0 0 1 0 0 1 0 0 0 0 1 0 0 0 0 0 0 0 0 0 0 0 0 0 1 0 0 1 0 1 0 1 0 0 0 0 1 0 0 0 0 0 0 1 76 1 1 0 1 0 1 1 0 1 0 0 0 0 1 0 1 0 0 0 0 0 0 1 0 1 0 0 0 0 0 0 0 1 1 0 0 0 1 0 0 0 0 1 0 0 1 1 1
0 0 0 1 0 0 0 0 1 0 0 0 0 1 0 1 1 0 0 0 0 0 1 0 1 0 1 0 1 0 1 0 0 0 1 1 1 0 0 0 1 0 1 0 0 0 0 0 1 1 1 0 11 0 1 1 0 1 0 0 0 1 0 0 0 0 1 0 0 0 0 1 0 1 1 1 1 0 1 1 0 0 1 1 0 1 0 0 1 1 1 0 0 0 0 0 1 0 0 0
0 0 0 0 1 0 1 1 1 0 1 1 0 0 0 0 1 0 1 0 0 0 1 1 0 1 0 0 1 0 0 0 1 0 0 0 1 1 0 0 1 0 0 0 0 0 1 0 1 1 0 0 0 76 0 0 0 0 0 0 0 1 0 0 1 0 1 0 1 0 1 0 1 0 0 0 0 0 1 0 0 0 0 0 1 0 0 1 0 0 0 0 0 0 0 0 1 0 0 0
0 0 0 1 1 0 0 1 0 1 0 0 0 0 1 0 0 1 0 1 1 0 0 0 1 1 0 0 0 0 0 1 0 0 1 0 0 0 1 0 1 1 1 1 0 0 0 1 0 1 0 1 0 0 33 1 0 1 1 1 0 0 0 0 0 0 0 0 1 0 0 0 0 1 0 0 0 1 0 1 0 1 0 1 0 1 1 0 0 1 1 0 0 0 0 0 0 0 0 0
1 1 1 1 0 0 0 0 1 0 1 0 0 0 0 1 0 0 0 1 0 1 0 0 1 1 1 0 0 1 0 0 0 0 0 1 0 0 0 0 1 1 0 0 0 1 0 1 0 1 0 0 0 0 0 96 1 0 0 0 1 0 0 0 0 0 1 0 0 0 0 1 0 0 0 1 0 1 1 1 0 0 0 1 0 1 1 1 0 0 0 0 0 0 1 1 1 1 0 1
1 0 1 0 0 0 0 0 0 0 0 1 0 1 0 0 0 0 1 0 0 0 0 0 1 1 0 1 0 0 0 0 0 1 1 0 0 1 0 1 0 1 0 0 0 0 0 1 0 0 0 0 0 0 0 1 72 0 0 1 0 0 0 0 0 0 0 0 0 0 1 0 1 1 0 0 0 1 0 1 0 0 0 1 1 1 1 0 0 0 0 1 0 1 1 1 0 0 1 0
0 1 0 0 0 0 0 0 1 1 0 1 1 1 0 0 1 1 1 1 0 0 0 0 0 0 0 0 0 0 1 0 1 1 1 1 0 0 1 0 1 0 0 1 0 0 0 0 1 0 0 0 1 0 0 0 0 74 0 0 1 0 0 0 0 0 0 0 1 1 1 0 1 0 1 0 0 0 0 1 0 1 0 0 1 0 0 0 0 1 1 0 0 0 1 0 0 0 1 0
0 0 0 1 0 1 1 0 0 0 0 0 1 1 0 0 0 0 0 0 0 0 0 1 0 0 0 0 0 0 0 0 0 0 1 1 1 0 0 0 0 0 0 0 1 1 0 1 0 1 0 1 0 1 1 1 1 0 24 1 0 1 1 1 0 0 0 1 0 0 0 0 1 0 0 0 1 1 0 1 0 0 0 1 0 1 1 1 1 0 0 1 0 0 0 1 0 0 0 1
0 0 1 1 1 0 1 1 0 1 0 0 1 0 0 0 0 0 0 0 0 0 0 0 1 0 0 0 0 0 0 0 0 0 1 0 0 1 1 0 0 0 1 0 1 0 0 0 0 0 0 0 1 0 0 0 0 0 1 98 0 0 1 0 0 0 1 0 0 0 0 1 0 0 0 0 1 1 0 0 1 0 1 0 0 1 0 0 0 0 1 0 0 0 0 1 0 1 0 0
0 0 1 1 0 0 0 0 0 0 1 1 0 0 0 1 0 1 0 0 0 0 0 0 1 0 0 0 0 0 1 1 0 0 0 0 1 0 1 0 0 0 0 0 0 0 1 0 0 0 0 0 1 0 0 1 1 0 1 0 7 0 0 0 0 0 0 0 0 0 1 1 1 0 0 0 1 0 1 0 0 0 1 0 0 1 0 0 1 0 0 0 0 0 1 0 1 1 0 0
0 0 0 0 1 0 1 1 0 0 0 0 0 1 1 1 0 0 0 0 0 0 0 1 0 0 0 0 0 0 1 0 1 1 0 0 0 1 1 0 0 0 1 0 0 0 0 0 0 0 0 0 0 1 0 0 1 1 0 0 1 61 1 0 0 1 0 0 0 0 0 0 0 0 1 0 0 0 0 0 0 1 0 1 1 0 1 0 1 0 0 1 1 0 0 0 0 0 1 1
1 1 0 1 0 1 1 0 0 0 0 1 0 0 0 0 0 0 0 1 1 0 0 1 0 0 1 0 0 1 0 1 0 0 0 1 0 1 0 1 0 0 1 0 0 0 1 0 0 0 1 0 0 0 0 1 0 1 0 0 0 0 99 0 0 1 0 0 0 0 0 1 1 1 1 0 1 0 0 1 0 1 1 0 0 1 0 1 1 0 1 1 0 0 0 0 1 0 0 0
1 1 0 0 0 1 0 0 1 0 0 0 1 1 0 0 0 0 0 1 0 0 0 0 0 0 0 1 1 1 1 1 0 0 0 0 0 0 0 0 1 0 1 0 0 1 0 0 0 0 0 0 0 0 0 0 0 1 0 0 0 0 0 91 1 0 0 1 1 0 0 0 1 0 1 0 0 1 0 1 0 0 0 0 0 0 0 1 0 1 0 0 0 0 0 0 0 0 1 0
0 0 0 0 1 0 1 1 0 0 0 0 1 0 1 0 1 0 0 0 0 0 0 1 0 0 0 0 0 1 0 0 0 0 0 1 0 0 1 1 1 0 0 0 0 0 0 0 0 1 1 0 1 1 0 0 1 0 1 0 0 0 0 0 83 1 1 0 0 0 1 0 0 0 1 1 0 1 1 0 0 1 0 0 0 1 0 0 0 0 0 1 1 1 1 0 0 1 0 0
1 0 0 0 0 1 0 1 0 0 0 0 1 0 0 1 0 0 0 0 0 1 0 0 0 1 0 0 0 0 0 1 1 0 0 0 0 0 0 1 0 1 0 1 0 0 1 0 0 0 1 0 0 0 0 1 1 0 0 1 1 0 1 0 0 36 1 0 0 1 0 0 0 1 0 1 1 1 0 1 0 0 0 1 1 0 1 0 1 0 0 1 0 0 1 0 1 0 0 0
0 0 0 0 0 0 0 1 0 0 1 0 0 0 1 1 0 0 0 0 0 1 0 1 0 0 1 1 1 0 1 0 1 0 0 0 0 1 0 1 0 0 0 1 0 1 0 1 1 0 0 0 0 0 0 0 0 0 0 1 0 0 1 0 1 1 84 0 0 1 0 0 0 0 0 0 0 1 0 1 0 0 0 0 0 0 0 0 0 1 0 1 0 1 0 0 0 1 0 0
0 0 1 0 0 0 1 0 1 1 1 0 0 1 0 0 0 1 1 1 0 0 0 0 1 1 0 1 0 1 1 0 0 0 0 0 0 0 1 1 1 0 0 1 0 1 1 1 1 1 0 1 0 1 0 0 0 1 0 1 0 1 0 0 0 1 1 21 0 0 0 1 0 1 1 0 1 0 0 1 0 1 1 0 0 0 1 0 1 0 0 0 0 1 0 0 0 0 0 1
1 0 0 1 0 1 1 0 1 0 0 0 1 0 0 1 0 0 0 1 0 0 0 0 1 1 1 0 1 1 0 0 0 0 1 0 0 1 1 0 1 0 0 1 1 0 1 0 1 1 1 0 1 1 0 1 1 1 1 1 0 0 0 0 0 0 0 0 14 0 1 1 0 0 1 0 0 0 0 0 1 0 0 1 1 0 1 0 1 1 1 1 0 0 1 0 0 1 0 0
1 1 0 1 0 0 0 1 0 1 0 0 0 1 0 0 0 0 0 1 1 0 0 0 0 1 0 0 1 0 0 0 1 0 1 1 0 0 1 0 0 0 1 0 0 1 0 1 1 0 1 0 0 1 0 1 0 0 0 0 0 0 1 0 1 0 0 1 0 39 0 0 0 0 0 0 0 1 1 1 1 0 0 0 1 0 0 0 0 1 1 1 0 0 1 0 1 0 1 0
0 1 1 0 0 0 0 0 0 0 0 0 0 1 1 1 0 1 0 1 0 0 0 1 0 0 0 1 1 0 0 1 0 0 0 1 1 1 0 1 0 0 1 1 1 0 0 0 1 0 1 1 1 0 0 1 0 1 0 1 0 0 0 0 0 0 1 1 0 0 63 0 0 0 1 1 1 1 1 0 0 1 1 1 1 0 1 1 1 1 1 0 0 1 0 0 1 0 0 0
1 0 0 0 0 0 1 1 1 1 0 0 1 0 1 0 1 0 1 0 0 1 0 1 0 0 1 0 1 0 1 0 0 0 0 0 0 0 1 1 0 1 0 1 1 1 0 0 1 0 0 1 0 1 0 0 0 0 0 0 1 1 0 0 1 0 1 0 0 0 0 19 0 0 0 1 1 0 0 0 1 0 0 0 0 0 0 0 0 0 0 0 1 0 0 1 0 0 0 1
0 0 0 1 0 0 0 1 0 0 0 0 0 0 0 1 1 0 0 1 0 0 1 0 0 0 0 0 0 1 0 1 0 0 1 0 0 0 0 1 1 1 0 0 0 0 1 1 0 0 1 0 0 0 0 0 1 0 0 0 1 1 0 1 1 1 0 0 1 1 1 1 91 0 0 0 0 1 0 1 1 0 1 0 1 1 0 0 0 0 0 0 1 0 0 1 0 0 1 1
0 0 1 1 1 1 0 0 0 0 1 0 1 0 1 1 0 1 0 0 0 0 0 1 0 0 0 0 0 0 0 1 0 0 0 0 1 0 0 0 0 0 0 0 0 1 0 0 0 0 0 0 1 0 1 1 1 0 0 0 0 0 0 0 0 0 0 1 0 0 1 0 0 13 0 0 1 0 1 0 0 0 0 0 0 0 0 0 0 1 1 1 0 0 0 1 0 0 1 0
0 1 0 0 0 0 1 1 0 1 0 1 0 1 1 0 0 0 1 1 1 0 0 0 1 1 1 0 1 0 0 0 0 0 0 0 0 1 0 0 1 0 0 0 1 0 0 0 0 1 0 0 1 1 1 0 0 0 0 0 1 1 1 1 1 0 0 0 0 1 0 0 1 0 35 0 0 1 1 1 0 1 0 1 0 1 0 0 0 1 0 0 1 1 0 0 0 0 1 0
0 1 0 0 0 0 1 0 0 1 0 1 0 0 0 0 0 0 1 0 0 1 1 0 0 1 0 1 1 0 0 0 0 0 1 0 0 0 0 0 1 0 1 1 0 0 1 0 0 0 0 0 1 0 0 1 1 1 1 0 0 0 1 1 1 0 0 0 0 0 1 1 1 0 1 32 1 0 1 0 0 0 1 1 1 0 0 1 0 1 0 0 1 0 0 0 0 0 0 0
1 0 0 0 0 0 0 0 0 1 0 1 0 0 0 0 0 1 0 0 1 0 1 0 0 1 0 1 0 1 1 0 1 1 0 1 1 1 1 0 0 0 1 0 0 0 1 0 0 1 0 0 1 0 1 0 0 1 1 1 0 1 1 1 0 0 0 0 1 0 0 0 1 0 1 1 39 1 1 1 0 0 1 1 0 0 0 0 0 0 0 0 1 1 0 0 0 0 1 0
0 0 0 0 0 1 0 0 0 1 0 0 0 1 1 0 1 1 0 1 0 1 1 0 0 0 1 0 0 0 1 0 1 1 0 1 0 0 0 0 0 0 0 1 1 1 0 0 0 0 1 1 1 0 0 1 0 0 1 1 0 0 1 0 0 0 0 0 0 1 0 0 0 0 1 0 1 73 1 1 1 0 0 0 1 0 0 0 1 0 1 1 0 0 1 0 0 0 1 0
0 1 0 1 0 0 0 1 1 1 0 0 1 1 1 0 0 0 0 0 0 0 0 0 0 1 0 0 1 0 1 0 1 1 1 0 0 0 0 0 0 0 1 0 0 0 0 1 0 0 1 0 0 0 1 0 0 0 1 1 0 0 0 0 1 1 0 0 0 0 0 0 0 0 0 1 0 1 68 1 1 0 1 1 1 1 0 1 0 0 0 1 0 1 0 1 0 0 1 0
0 0 0 1 0 0 0 1 1 0 0 0 0 0 1 1 0 0 0 1 1 0 0 0 0 0 0 0 1 1 0 1 1 0 1 0 0 0 0 0 0 1 1 0 0 0 0 0 0 0 1 0 0 0 0 1 0 0 0 0 1 0 1 0 0 1 0 1 0 0 0 0 0 1 0 0 0 0 1 77 0 1 0 0 0 1 1 0 1 0 0 0 0 1 0 0 1 0 0 0
1 1 0 1 1 0 0 0 0 1 0 0 0 0 0 0 0 0 0 0 1 1 1 1 0 0 0 1 0 0 0 1 1 1 0 1 0 0 1 1 1 1 1 1 0 0 1 0 1 1 0 0 1 0 0 0 1 0 1 1 1 0 0 0 0 0 1 1 0 1 0 0 1 0 0 0 0 1 0 0 75 0 1 1 0 0 0 0 0 1 0 0 0 1 0 0 0 1 0 0
0 0 0 0 0 0 0 0 0 0 1 1 0 0 0 0 1 0 1 0 0 0 0 1 1 1 1 0 0 1 1 0 1 1 0 0 1 0 0 0 1 1 0 1 0 0 0 1 1 0 0 1 0 0 0 1 0 0 0 0 0 0 0 0 1 0 1 0 0 1 0 0 0 0 0 0 1 1 0 0 1 1 1 0 0 0 0 0 0 1 0 0 1 0 1 0 0 0 1 0
0 1 0 0 0 1 0 0 0 1 0 0 0 1 0 0 0 1 1 0 1 0 1 1 1 1 0 0 1 0 0 1 0 0 0 1 1 0 1 1 0 0 0 1 1 1 1 0 0 0 1 1 1 1 1 0 0 0 0 0 0 0 0 0 0 0 0 0 1 0 0 0 1 0 0 0 0 1 1 0 1 0 19 0 1 0 0 1 0 1 0 1 0 0 1 0 1 0 0 0
0 0 1 1 0 0 0 0 1 1 0 1 0 0 0 1 1 0 0 1 0 1 0 0 0 0 1 1 0 0 0 0 0 0 0 0 0 0 0 1 0 0 1 0 0 0 0 1 0 0 1 1 1 0 1 0 0 1 0 0 1 0 1 1 0 0 1 1 0 1 0 1 0 0 1 0 0 0 1 0 0 1 0 75 1 1 0 0 0 1 1 1 1 0 1 0 0 1 0 0
0 1 0 1 0 0 0 0 0 1 0 1 0 1 1 0 0 0 0 0 1 0 0 1 0 0 0 0 0 1 1 1 0 0 0 0 0 0 0 1 0 0 0 1 0 1 0 0 1 0 0 0 0 0 0 0 1 1 0 0 0 1 1 1 0 0 1 1 0 0 0 0 1 1 0 0 1 1 0 0 0 0 1 0 50 1 1 0 0 1 0 1 0 0 0 0 1 0 0 1
1 0 0 0 1 1 0 1 0 0 1 1 0 0 1 1 0 1 0 1 1 0 0 1 0 0 0 0 0 0 0 1 0 1 0 0 0 1 0 1 0 0 1 0 1 1 0 0 0 0 0 0 0 0 0 1 0 1 1 0 1 0 1 0 1 1 1 0 0 0 0 0 0 0 0 0 1 0 0 0 0 0 0 0 0 77 0 1 1 0 0 0 1 1 0 0 0 1 0 0
0 0 0 0 1 0 1 0 0 0 0 1 1 1 0 1 1 0 1 1 0 0 1 1 1 0 0 0 1 1 0 1 0 0 0 1 0 0 0 0 1 1 0 0 1 0 1 0 0 0 1 1 1 0 0 0 1 0 1 0 0 1 1 0 0 0 0 0 0 0 0 0 0 1 0 0 0 0 0 1 0 0 0 1 0 0 24 1 0 0 1 1 1 0 0 0 0 0 0 0
1 0 0 0 0 0 1 1 0 0 0 0 1 1 0 0 1 0 0 0 0 1 1 0 1 0 0 1 0 0 1 0 0 0 0 0 0 0 0 0 1 0 0 0 1 0 1 1 1 0 0 0 0 1 1 0 0 0 1 0 0 0 0 0 0 0 0 1 1 0 0 0 1 0 0 0 1 0 0 0 1 0 0 0 0 0 1 50 1 1 0 1 0 1 0 0 0 1 1 0
1 0 0 1 0 0 0 1 1 1 1 1 0 0 1 0 1 0 0 0 0 1 1 1 0 0 1 0 0 0 0 1 0 1 0 1 0 1 0 0 1 1 0 1 0 0 1 1 0 1 0 0 1 0 0 1 0 0 0 0 0 1 0 0 1 0 0 1 0 0 1 0 1 0 0 0 1 1 0 1 0 1 0 1 0 1 0 1 23 1 1 0 0 1 0 1 0 0 0 0
0 1 0 0 0 0 0 1 0 0 0 0 0 0 1 0 1 0 1 1 0 0 0 1 0 1 0 1 0 1 0 0 0 1 1 1 0 0 0 0 0 1 0 1 0 0 1 1 1 1 0 0 0 1 1 1 0 0 0 0 0 0 0 0 0 1 1 0 0 0 0 0 0 0 1 0 0 0 0 0 0 0 1 1 1 1 1 0 0 23 0 1 0 0 1 1 0 1 0 0
0 0 1 1 1 0 1 0 1 1 0 1 0 1 0 0 1 1 1 1 1 0 1 0 0 0 0 0 0 0 0 0 0 0 0 0 1 0 0 0 0 0 0 0 0 0 0 1 0 0 1 1 1 0 1 1 1 1 0 0 0 0 0 0 1 0 0 0 0 0 0 0 0 0 0 0 0 0 0 0 1 1 0 0 0 1 0 0 0 1 66 1 0 0 0 0 0 0 1 0
0 0 0 0 1 0 1 1 0 0 0 1 0 1 0 0 0 0 0 1 0 1 0 1 0 0 0 0 0 0 0 0 0 1 1 0 0 1 0 0 0 0 0 0 0 1 0 0 0 1 0 0 1 0 0 1 1 1 0 0 0 0 0 1 0 0 0 0 0 1 0 0 0 1 0 0 1 0 0 0 0 1 1 1 1 0 1 0 0 1 0 32 0 0 1 0 0 0 0 0
0 1 1 0 0 0 0 0 0 1 0 0 0 0 0 1 0 1 0 1 1 0 1 1 0 0 1 0 0 0 0 0 1 0 1 0 0 0 0 1 0 0 0 1 1 0 0 0 0 0 0 1 0 1 1 0 1 1 0 1 0 0 1 1 0 1 0 0 0 0 1 0 0 1 0 1 0 0 0 0 0 0 1 0 0 0 0 0 1 0 1 0 90 0 1 1 0 0 0 0
1 0 0 0 0 0 0 0 1 0 0 0 1 0 0 1 1 0 0 0 0 1 0 1 0 1 1 0 0 0 1 0 1 0 1 1 0 0 0 1 1 1 0 0 0 0 1 0 0 1 0 0 1 0 0 0 0 1 0 0 0 1 0 0 1 0 0 0 0 0 0 0 0 1 0 0 1 0 0 0 1 0 0 0 1 0 1 0 0 0 0 0 0 12 1 0 1 0 1 0
0 1 0 0 1 1 0 0 0 0 0 1 0 1 1 1 1 1 1 1 0 0 0 0 0 0 0 1 1 1 1 1 1 0 1 0 1 0 0 0 0 1 0 0 0 1 0 1 0 1 0 0 0 0 0 0 0 0 0 0 0 0 0 0 1 0 0 0 0 0 0 0 1 0 0 1 1 0 1 0 1 0 0 0 0 0 0 0 1 0 0 0 1 1 18 1 0 0 1 1
0 0 0 0 0 1 0 0 1 0 0 0 0 1 0 0 0 0 1 0 0 1 0 0 0 0 0 0 0 0 0 0 0 1 0 0 1 0 0 1 0 0 0 1 1 0 1 0 1 0 0 0 0 1 1 0 1 0 1 0 0 1 0 0 0 0 1 0 0 0 1 0 0 0 1 1 0 0 0 0 0 0 0 1 0 0 1 1 1 0 0 0 0 1 1 34 0 0 0 0
0 0 0 1 0 1 0 0 0 0 1 0 0 0 1 0 1 0 0 0 1 0 0 1 0 0 0 1 1 0 0 0 0 1 0 0 1 1 1 0 0 0 0 1 1 1 1 0 0 0 0 0 0 0 0 0 1 0 0 0 1 0 0 1 0 0 0 1 0 0 0 1 0 1 0 0 1 0 0 0 0 1 0 1 0 0 0 0 0 0 0 0 1 1 0 0 69 1 0 0
1 0 0 1 1 1 0 0 1 1 0 0 0 0 1 0 0 0 0 0 0 1 0 1 1 1 0 0 1 0 0 0 1 0 1 0 0 0 1 0 0 0 1 1 0 0 0 0 0 1 0 0 1 0 0 1 0 0 1 0 0 0 0 0 0 0 1 0 0 0 1 0 0 0 0 0 0 0 0 1 1 0 1 1 0 0 0 0 1 1 0 0 0 1 1 0 1 63 0 1
0 0 0 0 0 0 0 0 0 1 1 0 1 1 0 0 0 0 0 1 1 0 0 0 1 0 0 0 0 0 0 1 0 1 1 0 1 0 0 0 1 0 0 1 1 1 0 0 0 0 1 1 1 0 1 0 0 1 0 1 1 0 0 1 1 0 0 0 1 0 1 0 0 0 0 0 0 1 0 0 0 0 0 1 0 0 1 1 1 0 0 0 0 1 1 0 0 1 62 0
1 1 1 0 0 0 0 1 0 1 1 1 0 0 0 0 0 1 1 0 0 0 0 1 1 0 0 0 0 0 1 0 1 1 1 1 1 0 0 1 0 0 0 1 0 0 0 0 0 0 0 1 0 0 0 0 0 1 0 1 0 0 1 1 1 0 0 0 0 1 0 1 0 0 1 1 0 0 0 1 0 0 0 0 0 1 1 0 0 0 0 1 1 1 0 0 1 0 0 67
