56
69 0 1 1 1 1 0 0 0 0 0 1 0 1 1 0 0 1 1 1 1 1 1 0 0 0 1 1 0 0 1 0 1 0 0 0 0 0 1 1 1 1 1 0 1 1 1 0 1 0 0 1 0 1 1 0 
1 43 1 1 0 0 1 1 1 0 0 1 1 0 1 0 0 0 1 1 0 1 0 0 0 1 1 1 0 1 1 0 1 0 0 1 1 1 1 0 1 0 0 1 1 1 1 1 1 0 1 1 1 0 1 0 
1 0 85 0 0 0 1 1 1 1 0 0 1 0 1 1 0 0 1 1 0 0 0 1 0 1 0 0 0 0 0 0 0 1 0 1 0 1 1 1 0 1 0 1 0 1 1 0 0 0 1 0 0 1 1 1 
0 0 1 90 1 1 0 0 1 1 0 0 1 1 0 1 0 1 1 1 1 0 0 0 0 1 0 1 0 0 1 0 1 1 1 0 1 0 0 1 0 1 0 1 0 0 1 1 1 1 1 1 0 0 0 1 
0 0 1 1 3 0 0 1 0 1 0 0 0 1 0 1 1 0 1 1 1 1 0 0 0 1 0 1 0 1 0 0 0 0 0 0 1 1 0 0 0 0 1 0 1 0 0 0 1 1 1 1 0 1 1 0 
1 1 1 0 0 48 0 0 0 0 0 1 0 1 1 0 0 1 0 0 1 1 1 1 1 0 0 1 0 1 1 0 0 1 0 0 0 1 1 0 1 0 1 1 1 1 1 1 1 0 1 0 0 1 1 0 
0 0 0 0 0 1 87 1 0 1 0 0 0 0 1 0 0 1 1 0 1 1 0 1 0 1 0 0 0 1 0 0 1 0 0 1 1 1 1 1 0 0 0 1 0 0 1 0 1 1 0 0 0 1 1 0 
0 1 1 0 0 0 1 10 1 1 1 0 1 0 1 0 0 1 0 1 0 0 0 1 1 1 0 1 0 1 0 0 0 1 0 1 0 0 1 0 0 0 1 0 1 1 1 0 1 1 1 0 0 1 0 1 
1 0 1 0 0 0 0 1 26 0 1 1 1 1 0 1 0 1 0 1 1 0 1 0 1 0 0 0 1 1 1 0 1 0 1 0 1 0 1 1 1 0 0 0 0 1 1 1 0 1 0 1 0 0 0 1 
0 0 1 1 1 0 0 1 0 75 0 0 0 0 1 0 0 1 1 0 0 1 1 0 0 0 1 0 1 0 0 1 0 1 1 1 1 1 1 1 1 1 0 0 0 1 1 1 0 1 0 0 0 1 1 0 
0 0 1 1 0 1 0 0 1 0 86 1 0 1 0 1 0 1 1 0 1 1 1 0 0 1 0 1 1 1 1 1 0 0 1 1 1 0 1 1 0 1 0 0 1 0 0 0 1 1 1 0 0 0 1 1 
0 0 1 0 1 0 1 0 1 0 0 57 1 0 0 1 0 0 0 0 0 0 0 0 0 1 0 0 1 0 0 0 0 1 1 1 0 1 0 0 1 1 1 0 1 1 1 1 0 1 1 0 0 0 0 0 
0 1 1 1 0 1 1 0 0 0 0 0 17 0 0 0 0 0 1 1 1 1 0 0 1 0 1 0 0 0 1 1 1 0 0 0 1 0 0 0 0 1 1 0 0 1 1 0 0 0 0 1 0 1 0 0 
0 0 1 0 0 0 1 1 1 1 0 0 1 99 1 0 0 0 1 1 1 0 0 0 0 1 0 0 0 0 1 1 1 1 0 0 0 1 0 1 0 1 0 1 0 1 0 0 1 1 1 0 1 0 1 0 
0 1 1 0 1 1 1 0 1 0 0 0 1 0 61 1 0 0 1 0 0 1 0 1 1 0 1 0 1 0 1 1 0 1 0 0 0 1 1 1 1 0 0 0 1 1 1 1 0 0 1 1 1 1 1 0 
0 1 0 1 1 1 0 0 0 1 0 0 1 1 1 88 0 1 0 1 1 0 1 0 0 1 0 0 1 0 0 1 1 1 1 1 1 0 1 0 0 0 0 0 1 0 0 1 1 1 1 1 1 1 1 1 
1 1 1 1 1 0 1 1 0 0 0 0 1 0 0 1 69 1 1 0 0 1 0 0 0 0 1 1 1 0 1 1 0 0 0 1 1 0 0 0 0 1 0 1 0 0 0 0 1 1 1 1 0 1 1 1 
1 1 0 0 0 0 1 1 1 1 1 0 1 1 0 0 1 24 1 0 0 0 0 0 0 1 1 0 0 1 1 1 0 1 0 0 0 1 1 0 1 0 1 1 0 1 0 1 0 1 1 0 0 0 0 1 
1 0 1 1 1 1 1 1 1 0 1 0 0 1 1 1 1 1 30 0 0 1 1 0 1 0 1 0 1 1 0 1 1 1 1 1 0 1 0 0 0 1 0 0 0 0 0 0 0 1 1 1 1 0 1 1 
0 1 1 1 0 1 0 1 1 0 1 1 1 1 1 1 0 0 0 57 0 1 1 1 1 1 0 0 1 1 0 1 0 1 1 0 1 1 1 0 1 1 1 1 0 0 0 1 1 1 0 0 0 1 1 0 
1 0 1 1 1 1 1 1 0 0 0 0 0 0 0 0 1 1 0 0 93 1 0 1 1 1 1 1 0 1 0 1 0 0 1 0 0 0 0 1 0 0 1 1 1 1 0 0 1 1 1 0 1 0 1 1 
1 0 0 1 0 0 0 1 0 0 1 1 1 1 1 0 1 0 0 0 0 52 1 0 1 1 0 1 1 1 0 0 1 1 1 0 0 1 0 0 0 0 1 0 0 1 0 0 1 1 1 0 1 0 1 0 
0 0 1 0 1 0 1 1 1 1 0 0 1 1 0 0 1 0 1 1 0 0 90 1 1 1 0 1 0 0 0 0 1 0 0 0 1 0 1 1 1 1 1 1 0 0 1 1 1 0 0 0 0 0 1 0 
0 0 1 0 0 1 0 0 0 1 1 1 0 0 1 0 0 0 0 1 0 0 0 59 1 1 1 1 1 0 0 1 1 1 1 1 1 1 0 0 0 1 1 1 0 0 0 1 0 1 1 1 0 1 0 0 
1 1 1 1 1 0 1 1 0 0 1 0 0 0 0 1 1 1 0 1 1 1 0 1 58 1 1 0 1 1 1 0 0 0 1 1 0 0 0 1 0 0 1 0 0 0 1 1 0 0 0 1 1 1 1 1 
1 0 0 0 1 1 1 1 1 0 0 0 0 1 0 0 0 0 0 0 0 1 1 1 0 99 0 0 0 0 0 1 0 0 0 1 0 1 0 0 0 1 0 0 0 1 0 1 1 1 1 0 0 1 1 0 
0 1 1 1 0 1 0 0 0 0 1 0 1 1 0 1 0 1 0 0 1 0 1 0 1 0 15 0 0 0 0 1 1 1 1 1 0 0 0 1 1 0 1 1 0 0 0 0 0 1 1 0 0 1 1 0 
0 1 1 1 0 1 1 0 1 1 1 1 0 0 0 1 0 0 0 0 1 1 1 0 0 0 0 47 0 0 0 0 1 0 0 0 1 0 1 0 0 1 0 1 0 1 0 0 1 1 1 0 0 1 0 0 
1 1 0 1 0 0 0 1 1 0 1 0 0 1 1 1 0 1 0 0 0 0 1 1 1 1 1 0 32 0 1 1 0 1 0 1 1 1 0 1 0 1 1 0 1 0 1 1 1 1 1 1 0 1 1 0 
0 0 1 0 0 1 0 1 1 0 0 1 0 0 0 1 0 1 0 0 1 1 0 1 1 0 1 0 0 46 0 0 0 0 1 1 0 1 0 0 0 0 1 1 1 1 1 1 1 1 1 0 0 1 1 1 
1 1 1 1 1 0 0 0 1 1 1 0 1 0 1 1 0 0 1 0 1 0 0 0 1 1 0 0 0 0 24 1 0 0 0 1 0 0 0 1 0 0 0 1 1 1 0 0 0 1 1 1 1 0 0 0 
0 0 1 1 1 0 0 1 1 0 0 0 1 0 0 0 1 0 1 0 0 1 1 0 1 1 0 1 0 0 0 82 0 0 0 1 1 1 0 0 0 1 0 1 0 1 0 0 0 0 0 0 1 0 0 0 
1 1 1 1 0 0 1 1 1 1 1 1 0 0 0 1 0 1 1 1 1 1 0 1 0 0 0 0 0 0 1 1 21 1 0 0 0 1 1 1 0 0 1 1 0 0 1 1 1 0 0 1 1 0 0 0 
1 0 1 1 1 1 0 0 1 1 0 1 0 1 0 0 1 0 0 0 1 1 1 1 1 0 0 0 0 0 0 1 0 74 1 1 1 0 0 0 1 0 1 0 1 0 1 0 0 1 0 1 1 0 1 0 
0 0 0 0 0 1 1 1 1 1 0 1 0 1 0 1 0 1 1 0 1 1 1 0 0 1 1 1 1 1 0 1 0 1 65 0 0 0 0 0 1 1 1 0 0 0 0 1 1 1 0 0 1 1 1 0 
1 1 1 1 0 0 0 1 0 1 0 0 0 0 0 0 1 1 0 1 0 1 0 1 1 0 1 0 1 0 0 0 1 1 1 40 1 0 1 0 0 0 0 1 0 0 0 1 1 1 0 1 1 0 0 0 
0 1 1 0 0 1 0 1 0 0 0 0 0 0 1 0 1 1 0 1 0 1 1 1 0 1 0 0 0 0 1 1 0 1 1 0 23 0 0 0 1 0 1 1 1 1 1 0 1 1 1 1 1 1 0 1 
0 1 1 0 1 1 0 1 0 1 0 1 0 0 0 1 1 1 0 0 1 1 0 1 1 0 0 1 1 1 1 1 1 1 1 0 0 25 1 1 0 0 1 0 1 0 1 0 1 0 1 1 0 0 1 0 
1 0 0 1 0 0 1 1 0 1 1 1 1 1 0 0 0 0 0 0 0 1 1 0 1 0 0 1 1 1 0 1 1 1 1 0 1 0 29 0 1 1 0 0 0 0 1 0 1 0 1 0 1 0 1 0 
0 0 0 1 1 1 0 1 1 1 1 1 0 1 1 1 1 0 0 1 0 1 0 0 1 1 1 1 0 0 1 1 0 1 1 0 1 0 0 2 1 1 0 0 1 1 0 0 0 0 0 0 0 1 1 1 
0 1 0 1 0 0 1 0 0 0 1 0 1 1 1 0 0 1 1 1 1 1 1 0 1 1 0 0 1 0 0 0 0 0 0 0 0 0 1 1 42 0 0 1 1 0 1 1 0 0 1 0 0 1 0 0 
1 0 0 1 1 1 1 1 1 0 1 1 1 1 1 0 0 1 0 0 1 0 1 1 1 1 1 0 1 1 0 0 1 1 1 0 1 0 0 1 0 20 0 1 0 0 0 1 0 1 0 0 1 0 1 1 
0 0 0 1 1 1 1 1 1 0 1 1 0 0 1 0 0 1 0 0 1 0 0 1 0 1 0 1 0 0 1 1 0 0 0 1 1 1 0 0 1 1 49 1 1 0 1 0 0 0 0 1 1 1 1 1 
0 1 0 0 0 0 1 0 1 0 0 0 1 0 1 0 1 1 0 0 0 1 0 0 1 0 0 1 0 1 1 1 0 0 0 0 0 1 1 0 1 1 1 33 0 0 0 1 0 0 1 0 0 1 1 0 
0 0 1 0 1 0 0 1 0 0 1 1 0 1 0 0 0 0 1 1 1 0 1 1 0 1 1 1 0 0 1 0 1 1 1 1 1 0 1 1 0 1 1 1 79 1 0 1 0 1 0 1 0 1 0 0 
1 1 0 0 1 0 0 1 0 0 1 1 1 0 1 0 0 0 0 0 1 1 0 0 1 0 0 0 0 0 1 0 1 1 1 0 1 0 0 1 1 0 1 1 1 98 0 1 1 1 1 1 0 0 1 1 
1 1 1 0 1 1 0 0 1 0 1 1 0 0 1 0 1 0 1 0 1 1 1 0 1 1 1 0 0 0 0 1 0 1 0 0 0 1 1 1 1 0 1 1 0 1 92 1 0 0 1 0 0 0 0 1 
1 0 0 0 1 0 1 1 0 0 0 1 0 0 0 0 0 0 1 0 1 0 1 0 0 0 1 1 1 1 1 1 0 1 0 0 1 1 1 0 0 0 0 0 1 0 1 88 1 0 1 1 1 0 0 1 
0 1 1 0 0 0 0 1 0 1 1 0 0 0 0 1 1 0 1 0 0 0 1 0 1 1 0 0 0 1 1 1 1 1 1 1 1 0 1 1 1 1 0 1 0 1 1 0 59 1 1 1 0 1 1 0 
1 0 1 0 0 1 1 1 0 0 0 0 0 0 0 0 1 0 0 1 1 1 1 1 1 0 1 1 1 1 1 1 0 1 0 0 0 0 0 1 1 1 1 1 1 1 0 1 1 22 0 1 1 0 0 0 
1 1 1 0 0 1 0 1 1 1 1 1 0 1 1 0 1 1 1 0 0 0 0 0 1 0 1 0 0 0 0 1 0 1 0 0 1 0 1 0 0 0 1 0 1 0 1 1 0 0 96 0 0 1 0 1 
1 0 0 0 1 1 1 1 1 1 1 0 1 1 1 1 0 1 1 0 1 1 1 1 1 1 0 0 0 1 0 1 1 0 1 1 1 0 0 1 0 0 1 0 0 1 0 1 1 0 1 32 0 1 0 0 
1 0 0 1 0 1 0 1 1 0 1 1 0 0 1 0 0 1 0 0 0 1 1 1 0 0 1 0 0 1 0 0 0 0 0 1 1 0 1 0 0 0 1 0 1 0 1 0 0 1 1 1 50 0 0 0 
1 0 0 1 0 1 1 1 1 0 0 0 1 0 1 0 1 1 0 0 0 1 1 0 1 1 0 0 1 0 0 0 0 1 0 0 1 1 1 0 1 0 0 0 1 0 1 0 0 0 1 0 0 81 1 0 
1 0 1 1 1 1 0 1 1 0 1 1 0 1 1 0 1 0 0 1 1 1 1 0 1 1 0 0 0 0 0 1 1 0 1 1 0 1 1 0 0 0 1 0 0 0 0 0 0 1 1 1 0 1 66 0 
0 1 1 0 0 1 0 0 0 1 0 1 1 0 0 0 1 1 1 0 1 1 1 0 0 1 1 1 0 1 0 0 1 0 1 1 0 0 1 0 1 1 0 0 1 0 0 1 0 0 0 0 0 1 0 42 
