69
19 0 0 1 1 1 0 1 1 1 0 1 1 0 1 0 0 1 1 1 1 0 1 0 0 1 0 1 0 0 1 0 0 1 0 0 0 1 0 0 1 0 1 0 0 0 0 0 0 0 0 1 0 0 1 0 0 0 0 1 1 1 1 0 1 1 1 1 1
1 77 1 0 1 0 1 0 0 0 0 0 1 1 1 1 1 0 0 0 0 1 1 1 1 1 1 1 0 0 0 1 1 1 1 0 0 0 1 1 1 0 1 1 0 1 1 0 0 0 1 0 0 1 0 0 0 1 0 1 1 1 0 0 1 1 0 0 1
1 0 62 0 1 0 0 0 0 0 1 0 0 0 1 1 1 1 0 0 1 0 1 1 1 1 1 1 0 0 0 1 1 0 1 1 0 1 0 1 1 1 0 1 1 1 0 0 0 1 1 1 1 1 0 1 0 0 1 1 0 1 0 0 1 0 1 1 1
1 1 0 9 1 1 0 1 0 1 1 0 0 1 1 0 1 0 0 1 0 0 1 1 0 1 0 1 1 1 0 1 1 0 0 0 0 0 1 0 1 0 1 1 0 0 0 0 1 1 1 1 0 0 1 1 1 0 1 0 0 1 0 0 1 0 1 0 0
1 1 0 0 73 0 0 0 0 0 1 0 0 1 1 1 0 0 1 0 1 1 0 0 1 0 1 1 0 0 0 1 1 0 1 1 0 0 1 0 0 0 0 0 1 1 0 0 0 0 0 0 0 0 1 0 0 0 0 0 1 0 0 0 1 1 0 0 1
0 1 0 0 0 89 1 1 1 0 1 1 0 1 1 0 0 1 0 1 1 0 1 0 1 1 1 1 0 0 1 1 0 0 0 0 1 0 1 0 0 0 1 0 0 1 1 1 0 0 0 0 1 0 0 1 1 0 0 0 0 1 1 0 1 0 0 0 1
1 0 1 1 1 0 60 1 1 0 1 0 0 1 1 1 1 1 0 0 1 1 0 1 0 0 0 0 0 1 0 0 1 1 1 1 0 1 1 0 0 1 0 0 1 0 0 1 0 0 0 1 0 1 1 1 0 0 1 0 0 0 0 1 0 0 0 1 1
1 1 1 0 0 1 1 98 0 0 0 1 0 0 0 1 0 1 0 0 1 1 0 1 0 0 1 0 1 1 0 1 1 0 0 1 1 0 1 1 1 1 1 0 0 1 1 1 0 0 0 1 1 0 1 1 1 1 1 1 1 1 1 1 1 0 0 0 0
1 0 0 1 0 1 1 0 33 0 0 1 1 0 0 0 0 1 1 0 0 0 0 1 0 1 1 1 0 1 1 0 0 0 1 0 0 1 1 1 1 0 0 0 1 0 0 1 0 1 1 0 1 0 1 1 1 0 1 1 1 0 1 1 0 1 1 0 0
0 1 1 1 1 0 0 0 0 20 0 1 1 0 1 1 1 0 0 1 1 0 1 0 0 1 1 1 1 0 1 1 0 0 0 1 1 1 0 1 0 0 0 0 0 0 1 0 1 0 0 1 1 1 0 0 1 0 1 0 0 1 1 0 0 1 0 0 1
0 0 1 0 1 0 0 1 0 0 8 1 1 1 1 0 1 0 1 1 0 1 1 1 1 0 1 0 1 0 1 1 1 1 1 1 0 1 0 0 1 0 1 1 1 1 0 0 0 0 0 1 1 1 1 0 0 0 1 0 1 1 0 1 0 0 1 1 0
0 1 1 1 1 0 1 1 1 1 1 64 0 0 1 0 0 0 1 1 0 0 0 0 1 1 1 1 1 0 0 0 1 0 1 0 1 0 0 0 0 1 1 0 0 0 1 0 1 1 0 1 0 1 0 1 0 1 1 1 1 1 0 1 1 0 0 0 1
0 1 0 1 1 1 1 1 0 1 0 1 80 0 0 1 1 0 1 1 0 0 0 0 1 1 0 1 1 1 0 1 1 0 1 1 0 1 0 0 1 1 1 0 1 0 1 1 0 0 0 1 1 1 1 0 0 1 1 0 0 0 1 1 0 1 0 0 1
0 0 0 1 0 1 1 0 1 0 1 1 1 34 0 0 0 0 0 1 1 1 1 1 1 1 0 1 1 0 1 0 1 1 0 1 0 1 0 0 0 1 1 1 0 0 1 0 0 0 0 0 1 0 1 1 1 1 0 1 0 0 1 1 1 1 0 0 0
1 1 1 0 0 1 1 1 0 1 1 1 1 0 33 0 0 0 0 1 0 0 0 1 1 0 1 0 0 0 0 0 1 0 0 1 1 0 1 1 0 1 0 1 0 0 1 0 1 0 1 0 0 1 1 1 0 1 1 1 0 0 0 0 0 0 0 1 1
1 0 1 0 1 0 1 0 1 1 0 1 0 1 0 2 0 0 0 0 1 0 0 0 0 0 1 0 1 1 0 0 1 0 1 0 0 0 1 1 0 1 0 1 0 0 1 0 0 0 0 1 1 0 0 0 0 1 0 1 0 1 1 0 0 0 0 0 0
1 1 0 0 1 0 1 1 1 1 1 1 1 0 1 1 92 1 1 1 0 1 1 1 0 0 1 0 1 0 0 0 0 0 1 1 1 0 1 0 1 0 1 1 1 0 0 1 1 1 0 0 0 0 1 1 0 0 0 1 1 0 1 1 0 0 1 1 1
1 0 1 0 1 0 1 1 1 1 0 0 1 1 1 1 1 8 1 0 0 0 0 0 1 0 0 0 1 1 0 0 1 1 0 0 0 1 1 0 0 1 1 0 1 1 1 0 0 1 1 0 1 1 1 1 1 0 0 1 1 1 0 1 0 0 0 0 1
1 1 0 0 1 1 1 0 1 0 1 0 0 1 1 1 0 0 73 0 0 0 1 1 1 1 0 1 1 0 1 0 1 1 1 0 0 1 1 1 1 0 1 1 1 0 0 0 0 1 1 0 1 0 0 1 1 1 1 0 1 0 1 1 0 0 1 1 1
0 1 1 1 0 1 0 1 1 0 1 1 1 0 0 1 1 0 1 85 0 0 1 0 1 0 0 1 1 0 0 0 0 0 0 0 0 0 1 0 0 1 1 0 0 1 0 1 0 0 0 0 0 0 1 1 0 0 1 1 0 0 0 0 1 1 0 0 0
1 1 1 0 0 0 1 0 1 1 0 1 1 1 0 1 0 1 0 0 30 0 1 0 1 0 0 1 0 1 0 1 1 1 0 1 0 1 0 0 1 0 0 1 1 0 1 0 1 0 0 1 0 0 1 1 0 1 1 0 1 0 0 1 0 1 1 1 1
0 1 0 0 0 0 0 0 0 0 0 0 1 1 1 1 0 1 1 1 1 77 0 1 0 1 0 0 0 1 1 0 0 0 0 0 0 0 0 1 1 1 0 0 0 1 0 1 1 1 0 0 0 0 1 1 1 1 0 1 1 1 1 0 1 0 0 1 1
1 0 1 1 1 1 1 0 1 1 0 1 0 1 0 0 0 0 0 1 0 1 2 1 1 1 0 1 0 0 1 1 0 0 0 0 0 1 0 0 1 0 0 0 1 1 0 1 0 1 0 0 1 0 0 0 1 0 0 0 0 1 1 1 1 0 0 1 0
1 0 0 0 1 1 1 0 0 1 1 1 0 0 0 1 0 0 1 0 0 1 1 43 0 1 1 1 1 0 1 1 1 0 0 1 1 0 1 1 1 0 1 0 0 1 0 1 0 0 1 0 1 1 0 0 0 1 0 1 0 0 1 1 1 0 0 1 1
0 0 0 0 0 0 1 1 0 1 0 1 1 0 1 0 0 0 0 0 0 0 1 1 21 1 1 0 1 1 1 1 0 1 1 0 0 0 1 1 0 0 1 1 0 0 1 0 0 1 0 0 1 1 0 1 0 1 1 0 1 1 0 0 0 0 1 1 0
1 0 1 1 1 1 1 1 1 0 1 0 1 0 1 1 0 1 1 0 1 1 0 1 0 84 1 1 1 1 1 1 1 0 0 1 1 0 1 0 1 1 1 1 0 1 0 0 0 0 0 0 1 0 1 1 0 1 1 1 0 1 1 0 1 1 1 1 1
1 1 0 0 0 0 0 1 0 1 1 0 1 1 1 0 0 1 1 0 0 1 0 0 1 1 43 0 0 1 0 1 0 1 0 0 0 1 1 0 1 0 1 1 0 0 1 0 1 0 1 1 0 1 0 1 1 1 1 1 1 1 1 0 1 1 1 0 0
1 1 0 1 0 1 0 0 0 0 1 1 0 0 1 0 1 0 0 0 0 0 0 1 0 0 1 32 1 0 1 1 0 0 1 0 0 1 1 1 1 1 0 1 0 0 0 1 0 1 0 0 1 0 1 0 0 1 1 1 0 1 1 0 1 1 0 0 1
0 1 0 1 1 0 0 0 1 1 1 1 0 1 1 1 1 1 0 0 1 1 1 0 0 1 1 1 75 0 0 1 0 1 0 1 1 1 1 0 0 0 0 1 0 1 1 0 1 1 0 0 1 1 1 1 1 0 0 1 0 1 1 1 1 0 0 0 1
0 0 0 0 0 1 0 1 0 0 0 1 1 1 0 0 1 1 1 1 1 0 1 0 0 1 0 0 0 43 1 0 0 0 0 1 0 1 1 1 1 1 1 1 0 1 1 1 0 1 0 0 0 1 1 0 1 0 1 1 0 1 0 0 0 1 1 1 0
0 0 0 0 1 0 1 1 0 0 1 0 0 1 0 1 1 0 0 0 1 1 1 0 0 1 1 0 0 0 23 1 1 1 0 1 0 1 0 0 0 1 0 0 0 1 0 1 1 1 0 1 0 1 0 1 1 1 1 1 1 1 1 1 1 0 1 0 1
1 0 0 0 1 0 1 1 1 0 1 0 0 0 0 0 1 1 1 0 0 1 0 1 0 1 0 1 0 1 0 28 0 0 0 1 1 1 1 1 0 0 0 0 1 1 1 0 1 1 1 1 0 1 0 0 1 1 0 0 0 0 1 1 0 0 0 0 1
0 0 1 0 0 0 0 0 1 1 1 0 1 1 0 0 0 1 0 1 1 0 1 0 1 0 0 1 0 1 1 0 29 1 0 0 0 1 1 0 1 1 1 1 1 1 0 0 1 0 1 0 0 0 1 1 0 0 0 1 1 1 1 0 1 0 1 1 1
1 0 1 0 0 1 1 0 1 0 1 0 1 0 0 1 1 1 0 0 0 0 0 1 1 1 1 1 0 1 1 1 0 8 0 1 1 0 1 1 0 0 0 0 0 1 0 0 0 0 0 0 0 0 1 0 0 0 1 1 0 1 1 1 1 1 1 1 0
0 1 1 0 1 0 1 0 0 0 1 0 1 0 0 1 1 1 1 1 1 0 1 1 0 0 1 1 1 0 1 1 1 1 89 1 0 1 0 0 1 1 0 1 1 0 0 1 1 0 1 0 0 0 0 1 0 0 0 1 1 1 1 0 0 0 0 1 1
1 0 1 1 1 1 1 0 0 1 0 1 1 0 0 1 0 0 0 0 1 1 0 1 1 1 1 1 0 1 0 1 1 0 1 78 0 1 1 0 1 0 1 1 1 1 0 1 1 0 0 0 1 1 0 0 0 0 1 0 0 0 0 0 0 1 1 0 0
1 0 1 1 1 1 0 0 1 1 1 1 0 0 0 1 1 1 0 1 0 0 1 1 1 1 0 1 0 1 1 1 1 0 0 0 42 1 1 0 1 0 1 1 0 1 0 0 0 0 1 0 0 0 1 0 1 1 0 0 1 0 1 0 0 0 1 0 1
1 1 0 0 0 1 0 0 0 1 1 0 1 1 0 1 1 0 1 1 1 1 0 0 1 0 0 1 1 0 0 0 0 1 1 1 1 82 1 1 0 0 0 1 0 1 1 1 0 0 1 0 1 0 0 1 1 1 0 0 1 0 0 0 0 1 0 0 0
1 0 1 1 1 0 0 0 0 0 1 0 1 0 1 0 0 1 1 0 1 0 1 1 1 1 0 0 1 1 1 0 0 1 0 0 1 1 31 1 0 0 1 1 0 1 1 0 1 0 1 1 0 0 1 0 1 1 1 0 0 0 0 1 1 0 0 1 0
0 0 0 1 0 0 0 0 1 1 0 0 1 0 0 1 1 0 1 1 1 0 1 0 1 1 1 0 1 0 0 1 1 0 0 1 1 1 1 84 1 0 1 0 1 0 0 1 0 1 0 1 1 1 1 0 0 1 1 0 0 1 1 0 1 1 0 1 1
0 0 0 1 1 0 0 0 1 0 1 1 1 0 0 1 0 1 1 0 1 0 1 0 1 1 0 1 1 1 1 1 1 1 0 0 0 0 1 0 11 1 0 0 0 0 0 1 0 1 0 1 0 0 1 0 1 1 0 1 1 1 1 1 0 1 0 0 0
0 1 0 0 1 1 0 0 1 1 0 0 0 0 1 0 0 0 0 0 0 0 1 1 0 1 1 0 1 0 0 0 1 1 0 0 0 1 1 0 1 35 0 0 0 1 0 0 0 1 1 1 0 0 1 0 0 0 0 1 0 1 1 0 0 1 0 1 1
0 0 1 1 0 0 0 0 0 1 0 0 0 1 1 0 0 1 1 1 0 0 0 1 0 0 0 0 0 0 1 1 0 0 1 0 1 0 1 0 1 0 61 1 1 0 1 0 0 1 1 1 0 0 0 0 0 0 1 1 1 0 0 1 1 1 0 0 0
0 0 0 1 1 0 0 0 1 1 1 0 1 1 1 1 1 0 1 1 1 1 1 1 0 1 1 0 1 0 0 0 0 1 0 0 1 0 0 1 0 1 0 60 0 0 1 0 1 0 0 1 0 1 1 1 1 1 0 1 0 1 1 1 1 1 0 0 0
0 0 1 1 0 0 1 0 1 1 0 1 0 1 0 1 0 1 0 0 0 0 0 1 0 0 0 0 1 0 0 1 0 0 0 0 0 0 0 0 1 1 0 0 35 0 0 0 0 1 1 1 0 1 0 1 1 0 0 1 0 0 1 1 1 1 1 0 0
0 0 0 1 1 0 1 0 0 0 1 0 0 0 1 0 1 1 0 0 0 1 1 1 1 1 0 1 0 1 1 1 1 0 1 1 0 1 0 0 1 0 1 0 1 6 1 0 1 1 0 1 0 0 0 0 1 1 0 1 0 0 0 0 0 0 0 0 0
1 1 0 1 1 0 0 0 0 1 1 1 1 1 1 1 0 1 0 0 1 1 1 0 0 1 0 0 0 0 0 0 1 0 0 1 1 1 0 1 1 1 0 0 1 1 98 1 1 0 0 0 1 1 1 0 1 1 1 0 1 0 0 1 1 0 1 0 1
1 0 1 1 0 1 0 1 1 0 1 0 0 0 1 1 1 0 0 1 1 0 0 0 1 1 1 1 1 1 1 0 0 0 0 0 1 1 0 0 1 0 1 1 1 1 0 27 1 0 1 0 1 1 1 1 0 1 1 1 1 0 1 0 1 0 0 1 1
0 0 1 0 1 1 0 1 0 0 0 0 1 0 1 1 0 0 0 0 0 1 1 0 1 1 1 0 1 1 0 0 1 0 0 1 0 0 1 1 1 1 1 0 1 0 0 0 11 1 0 0 1 1 0 1 0 0 0 0 0 0 1 1 0 0 0 1 0
1 0 0 1 0 1 1 0 1 0 0 1 1 0 0 0 1 1 0 0 0 1 1 1 0 1 0 0 0 1 1 0 1 0 0 1 1 1 0 0 1 0 1 0 0 1 1 1 0 85 0 0 0 0 1 1 0 0 0 0 0 0 1 1 0 0 1 1 0
0 1 0 0 1 1 1 1 0 1 0 0 1 0 1 0 1 1 0 0 0 1 0 1 0 0 0 1 0 0 1 1 0 1 1 0 0 0 1 1 0 1 0 0 1 0 1 0 1 1 36 0 0 0 0 1 0 0 0 0 1 1 0 0 1 1 0 1 0
0 1 1 0 0 1 0 1 1 0 1 1 1 0 0 1 0 1 0 1 0 0 1 0 0 1 0 1 0 0 0 1 1 0 1 1 0 1 1 1 1 0 0 1 0 1 1 0 1 1 0 83 1 1 0 0 0 0 1 0 1 0 1 0 0 1 0 1 0
1 0 1 1 0 0 1 1 0 0 1 1 0 0 1 1 0 1 1 1 1 0 1 1 0 0 1 1 1 1 1 1 0 1 1 0 1 1 1 1 0 1 0 0 1 0 0 1 1 1 1 1 21 1 0 0 0 1 0 0 0 1 1 1 1 1 0 1 1
0 0 0 0 1 0 0 0 0 0 1 0 0 1 1 0 0 0 0 1 1 1 0 0 1 0 0 1 0 0 0 1 1 1 1 1 1 1 0 0 1 1 0 0 0 1 1 1 0 1 1 1 0 95 1 1 0 1 0 1 0 0 1 1 0 0 1 0 0
1 1 0 1 1 0 0 1 1 0 1 0 1 0 0 1 1 0 0 1 0 0 1 0 0 1 1 0 1 0 0 0 1 0 0 0 0 1 1 1 1 1 1 1 1 0 1 0 0 0 1 1 0 0 47 0 1 0 1 0 1 0 1 0 1 1 1 1 0
0 1 1 1 1 0 0 1 1 1 0 0 0 1 0 1 0 1 1 0 0 1 0 0 0 1 1 1 1 0 0 0 0 1 0 0 0 0 1 0 0 1 0 0 0 0 0 0 1 1 1 1 1 1 1 69 0 1 1 1 1 0 1 1 1 1 0 0 1
1 1 0 0 0 0 0 1 1 1 1 1 0 1 1 0 1 1 1 0 0 1 0 1 1 1 0 1 1 0 1 1 0 0 0 0 0 1 0 0 0 1 1 0 1 1 0 0 1 1 0 0 1 0 0 0 72 1 1 0 0 1 1 1 1 1 0 1 0
0 1 0 1 0 1 1 1 0 0 0 0 1 0 1 1 0 0 0 0 0 1 1 1 0 0 1 0 1 0 0 1 0 1 1 0 1 1 0 0 0 0 0 0 1 0 0 0 1 1 1 1 0 0 1 1 1 74 1 1 1 1 1 0 1 0 0 0 0
0 0 0 1 1 1 1 1 1 0 0 1 1 0 0 1 1 0 0 0 1 0 0 0 0 1 1 1 0 1 1 1 1 0 0 1 1 1 1 1 0 0 1 0 1 0 1 0 0 1 1 1 1 1 0 0 0 1 13 1 0 1 1 1 0 0 0 1 1
1 1 1 0 0 0 1 1 0 1 0 1 1 1 1 0 0 0 0 0 1 0 0 1 1 0 1 1 0 1 0 0 0 0 1 0 0 1 1 1 0 0 1 0 0 0 1 1 1 0 1 0 1 1 0 1 0 0 0 30 0 0 1 1 0 1 1 1 1
1 1 1 0 1 1 1 0 1 0 1 1 0 1 0 1 0 1 0 1 0 1 1 0 1 1 1 1 0 0 0 1 0 0 1 1 1 1 1 1 1 0 0 1 0 1 1 0 1 0 1 0 1 0 0 0 0 0 1 0 77 0 0 1 0 0 1 1 0
1 0 1 1 1 0 0 1 1 1 0 1 0 0 1 0 0 1 1 0 1 0 1 1 0 0 1 0 0 0 1 0 0 0 0 1 1 0 1 0 1 1 1 1 0 1 1 0 1 1 0 0 0 0 0 0 0 0 0 0 0 59 0 1 1 1 1 1 1
1 1 1 1 1 0 1 1 1 1 1 0 0 0 0 0 1 0 0 0 0 0 1 1 0 1 1 0 0 0 1 0 0 0 0 0 0 1 0 1 1 1 1 0 0 1 0 0 1 1 0 1 0 0 1 0 1 1 1 0 0 1 69 0 0 0 1 0 1
0 1 0 0 1 1 1 1 1 1 1 1 0 0 1 1 0 0 0 0 0 1 0 1 0 1 1 0 1 1 0 1 0 0 0 1 0 0 0 1 0 1 0 1 1 1 0 1 0 1 1 0 0 1 1 0 0 0 1 1 1 1 1 53 1 0 1 1 1
1 1 0 1 0 0 1 1 0 0 1 1 1 1 1 0 1 0 1 1 1 0 0 0 1 0 1 1 0 1 0 0 1 1 1 1 1 0 0 0 1 0 0 1 0 1 1 0 0 0 0 0 1 0 1 1 0 1 1 1 1 1 1 1 10 0 0 1 0
1 1 1 0 1 0 1 1 1 0 0 0 0 0 0 1 0 0 1 1 0 0 0 0 0 1 1 0 0 0 0 1 1 0 1 1 1 0 1 0 0 0 0 1 1 0 0 1 0 0 0 0 1 1 0 0 0 1 0 0 0 1 0 0 1 68 0 0 1
0 1 0 0 1 1 1 0 1 1 1 0 0 0 1 0 1 0 1 1 1 0 0 1 1 0 1 0 1 0 1 0 0 1 0 1 1 1 0 1 0 0 1 0 1 1 0 1 1 0 1 0 0 0 0 1 1 0 0 1 0 0 1 0 0 0 47 1 1
0 1 0 0 1 0 1 1 1 0 0 1 0 1 0 0 0 0 0 1 1 1 0 0 0 0 1 1 1 0 0 0 1 1 1 1 1 0 1 0 1 0 0 1 1 1 1 1 0 0 1 0 1 1 1 1 0 1 1 0 1 0 1 0 1 1 1 1 0
1 0 1 1 0 0 1 0 0 0 0 1 0 1 0 1 1 1 0 0 1 0 1 0 1 1 1 0 0 1 0 1 0 0 0 0 0 0 0 0 0 1 1 1 1 1 1 0 0 1 1 0 1 0 0 0 1 0 1 1 1 0 0 1 0 1 1 1 72
