40
10 1 0 1 0 0 1 1 1 1 0 0 0 1 0 1 0 1 1 1 1 1 1 0 1 0 1 0 1 0 1 0 1 1 0 1 0 1 0 1
1 21 0 0 0 1 1 1 0 1 0 1 0 1 1 0 0 0 0 0 0 0 0 1 0 1 1 0 1 0 1 0 0 0 1 1 1 0 0 0
1 1 14 0 1 1 0 1 0 0 1 1 1 0 0 0 1 0 0 1 0 0 1 1 0 1 1 1 0 1 0 1 1 1 0 1 0 1 1 1
1 1 1 41 0 1 1 1 0 1 1 1 0 0 1 0 1 1 1 0 0 0 0 1 0 1 0 0 1 0 1 1 1 1 0 1 0 1 0 1
0 0 0 0 50 0 1 1 0 0 1 0 1 0 1 1 0 1 1 1 1 1 0 0 1 1 1 0 1 0 1 0 1 0 0 0 0 1 1 0
1 1 1 1 1 22 0 0 0 0 0 1 1 1 0 1 0 1 1 1 0 0 0 0 1 0 0 0 0 0 0 0 0 1 1 1 0 0 0 0
0 0 0 0 0 0 10 1 0 1 0 1 1 1 0 0 1 0 1 1 1 1 1 0 1 0 0 0 1 1 0 1 1 1 0 0 0 0 1 1
1 0 1 0 1 0 1 13 0 1 0 1 1 0 0 1 0 1 0 0 0 1 0 1 0 0 1 0 0 0 0 1 0 1 1 0 1 1 1 1
1 1 0 0 1 1 0 0 20 1 1 0 0 1 0 1 0 1 1 1 0 1 0 1 0 1 1 1 0 1 0 0 1 1 0 0 1 0 0 0
0 0 1 1 0 0 1 1 0 30 0 1 0 1 1 0 0 1 0 1 0 1 1 0 0 1 0 1 0 1 0 1 1 1 0 1 0 1 1 1
1 1 1 0 0 0 1 1 1 0 25 1 1 0 0 1 0 1 0 1 0 0 1 1 1 1 0 1 1 1 0 0 1 0 0 0 1 0 1 0
0 0 0 0 0 0 1 1 1 1 1 31 1 0 1 0 1 0 1 1 0 0 1 0 1 0 1 1 1 0 1 0 1 0 1 1 0 0 0 1
0 1 1 0 0 1 1 0 0 1 1 0 10 0 0 1 0 1 1 0 1 0 0 0 1 1 1 1 1 0 1 0 0 1 1 1 0 0 1 1
0 0 1 0 0 1 0 0 1 0 0 1 0 18 0 1 0 1 1 1 0 1 1 0 1 0 0 0 0 1 0 0 0 0 1 0 0 1 1 1
0 1 1 1 1 0 0 0 1 1 1 0 0 1 30 1 0 0 0 1 1 1 0 0 1 0 1 1 0 0 1 1 1 0 0 1 1 1 1 0
1 0 0 0 1 1 0 1 0 0 0 0 1 0 0 10 1 1 1 0 0 1 1 1 1 1 0 0 1 1 0 1 0 0 0 0 1 0 0 1 
0 1 0 0 1 1 0 1 0 1 0 0 1 0 0 0 20 0 0 0 1 1 1 0 0 1 1 1 1 0 1 1 1 1 0 0 0 1 0 1                
1 1 0 0 0 1 0 1 1 0 0 0 1 1 1 1 0 44 1 0 0 1 0 0 1 1 0 0 1 0 1 0 0 1 0 0 0 0 1 0                                                 
1 0 0 0 1 1 0 1 1 1 0 1 0 1 1 0 0 0 38 1 1 1 0 1 0 0 0 1 0 1 0 0 1 0 0 1 1 1 0 1
1 0 1 1 0 1 0 1 1 0 0 1 0 0 1 0 1 0 0 28 1 0 0 1 0 1 1 1 0 0 1 0 0 1 0 1 1 0 1 0
1 1 1 1 0 1 1 0 0 1 1 0 1 1 0 0 1 1 0 1 22 0 1 0 1 0 1 1 0 1 1 0 1 1 0 0 1 0 1 0
1 0 1 1 1 1 0 0 1 1 1 0 0 0 0 1 0 1 1 0 0 39 1 0 0 0 1 1 1 1 1 1 0 1 1 0 0 1 0 0
0 0 0 1 1 1 0 0 0 1 0 1 1 1 1 0 1 0 1 0 1 1 44 0 0 0 0 0 0 0 1 1 1 0 1 1 1 0 1 1
1 0 1 1 1 1 0 0 1 1 1 1 1 0 0 1 0 0 0 1 1 0 0 33 0 0 0 0 1 1 0 1 0 0 0 1 0 0 0 1
0 1 0 0 0 1 0 0 0 0 1 1 0 0 1 0 0 1 0 1 1 0 1 1 29 0 0 1 1 0 0 1 1 1 1 0 0 0 1 0
0 1 1 1 0 1 1 0 1 0 0 0 1 0 0 0 0 0 1 0 1 0 1 1 0 47 0 1 0 0 1 0 0 1 1 0 0 1 0 0
0 0 0 1 1 1 0 1 1 0 1 0 0 1 0 0 1 1 0 1 1 1 0 0 1 1 45 0 1 0 1 0 1 1 1 0 1 1 0 1
0 0 0 1 1 1 0 1 0 1 0 1 1 1 0 1 1 0 1 0 1 0 0 1 0 0 1 32 1 0 1 0 1 1 0 0 1 0 1 0
0 0 0 0 0 1 0 1 0 0 1 0 0 1 1 1 0 1 1 0 0 0 0 1 0 0 1 1 21 1 0 0 1 0 0 0 0 1 1 1
1 1 0 1 1 1 0 0 1 1 0 0 0 1 0 0 0 1 0 0 1 0 1 0 1 0 0 0 1 48 1 0 0 0 0 1 1 0 1 0
1 0 0 0 0 1 0 1 0 0 1 1 0 1 0 1 1 0 0 1 0 1 1 0 0 0 1 1 0 1 18 0 1 0 1 1 1 1 0 1
1 1 0 1 1 1 0 0 1 1 0 1 1 0 1 0 0 0 1 0 0 1 1 1 0 0 1 1 0 1 1 32 0 0 0 0 0 1 1 0
1 0 1 0 0 1 1 1 0 0 0 1 1 0 0 1 1 1 1 1 0 0 0 1 1 0 0 0 1 0 1 1 12 1 1 1 1 0 0 1
1 0 0 0 0 1 1 1 1 1 0 0 1 0 1 0 0 0 0 1 0 0 0 0 0 1 0 0 1 0 1 0 0 40 1 0 0 1 1 1
0 1 1 1 1 1 1 1 1 0 1 0 1 1 0 1 1 0 0 0 1 1 1 0 0 1 0 0 0 1 1 0 0 0 37 1 1 1 0 0
1 1 0 1 0 1 1 1 1 1 0 1 1 0 1 0 1 1 0 1 1 1 1 1 1 0 0 1 0 1 0 0 1 0 1 21 1 0 0 1
0 1 1 0 1 1 1 1 0 0 1 1 1 0 1 0 0 0 1 0 1 0 0 1 1 0 0 1 1 0 1 1 1 1 0 1 31 0 0 1
1 1 1 1 1 1 1 1 0 1 1 0 1 0 1 0 0 1 1 1 1 0 1 0 1 0 1 0 1 0 0 0 0 0 0 1 1 45 1 0
1 1 1 0 1 1 0 0 0 0 1 0 0 1 1 1 1 0 1 1 1 1 1 0 1 1 1 1 0 1 1 1 1 0 0 0 0 1 29 1
0 1 1 0 1 1 0 0 1 1 1 1 1 0 1 1 0 0 0 1 1 0 0 0 1 1 0 0 0 0 1 0 0 0 0 1 1 1 0 18