50
6 1 1 1 1 0 1 0 0 1 1 1 0 1 0 0 1 1 1 1 1 0 0 0 0 0 0 0 0 0 1 0 1 0 1 1 0 0 1 1 0 0 0 1 0 1 0 0 1 0  
1 4 0 1 0 1 0 1 1 0 1 0 1 0 1 0 1 0 0 0 1 1 1 1 1 1 1 1 0 0 0 0 0 0 0 0 0 0 0 0 1 1 1 0 0 0 1 0 0 0 
1 1 2 1 0 1 0 1 1 0 1 0 1 0 1 0 1 0 0 0 1 1 1 1 1 1 1 1 0 0 0 0 0 0 0 0 0 0 0 0 1 1 1 0 0 0 1 0 0 0 
1 0 0 31 0 1 0 1 1 0 1 0 1 1 1 0 1 0 0 0 1 1 1 1 1 1 1 1 0 0 0 0 0 0 0 0 0 0 0 0 1 1 1 0 0 0 1 0 0 0 
1 1 0 1 30 1 0 1 1 0 1 0 1 1 1 0 1 0 0 0 1 1 1 1 1 1 1 1 0 0 0 0 0 0 0 0 0 0 0 0 1 1 1 0 1 0 1 0 0 0 
1 1 0 1 0 30 0 1 1 0 1 0 1 1 1 0 1 0 0 0 1 1 1 1 1 1 1 1 0 0 0 1 0 0 1 0 1 0 0 0 1 0 1 0 0 0 1 0 0 0 
1 1 0 1 0 1 20 1 1 0 1 0 1 1 1 0 1 0 0 0 1 1 0 1 0 1 1 1 0 0 0 0 1 0 0 0 0 0 0 0 1 1 1 0 1 0 1 0 0 0 
1 0 0 1 0 0 0 12 1 0 1 0 1 0 1 0 1 0 0 0 0 1 0 1 1 1 1 1 0 0 0 0 0 1 0 1 0 1 0 0 1 1 1 0 0 0 1 0 0 0 
1 0 0 1 0 1 0 1 12 0 1 0 1 0 1 0 1 0 0 0 1 1 1 1 1 1 1 1 0 0 0 0 0 0 0 0 0 0 0 0 1 0 1 0 0 0 1 0 0 0 
1 0 0 1 0 1 0 1 1 20 1 0 1 0 1 0 1 0 0 0 1 1 1 1 1 1 1 1 0 0 0 0 0 0 0 0 0 0 0 0 1 1 1 0 0 0 1 0 0 0 
1 0 0 1 0 1 0 1 1 0 21 0 1 0 1 0 1 0 0 0 1 0 1 1 1 1 1 1 0 0 1 0 0 0 0 0 0 0 0 0 1 1 1 0 0 0 1 0 0 0 
1 1 0 1 0 1 0 1 1 0 1 10 1 0 1 0 1 0 0 0 1 1 1 1 1 1 1 1 0 0 0 0 0 0 1 0 0 0 0 0 1 1 1 0 0 0 1 0 0 0 
1 1 0 1 0 1 0 1 1 0 1 0 31 0 1 0 1 0 0 0 1 1 0 1 1 1 1 1 0 0 0 0 0 0 0 0 0 0 0 0 1 1 1 0 0 0 1 0 0 0 
1 1 0 1 0 1 0 1 1 0 1 0 1 40 1 0 1 0 0 0 1 1 1 0 1 1 1 1 0 0 1 0 0 0 0 0 0 0 0 0 1 1 1 0 0 0 1 0 0 0 
1 0 0 1 0 1 0 1 1 0 1 0 1 0 51 0 1 0 0 0 1 1 1 1 1 1 1 1 0 0 0 0 0 0 1 0 0 0 0 0 1 1 1 0 0 0 1 0 0 0 
1 0 0 1 0 1 0 1 1 0 1 0 1 0 1 20 1 0 0 0 1 1 1 1 1 1 1 1 0 0 0 0 0 0 0 0 0 0 0 0 1 1 1 0 0 0 1 0 0 0 
1 1 0 1 0 1 0 1 1 0 1 0 1 0 1 0 31 0 0 0 1 1 1 1 1 1 1 1 0 0 0 0 0 0 0 0 0 0 0 0 1 0 1 0 0 0 1 0 0 0 
1 0 0 1 0 1 0 1 1 0 1 0 1 0 1 0 1 40 0 0 1 1 1 1 1 1 1 1 0 0 1 0 0 0 1 0 0 0 0 0 1 1 1 0 1 0 1 0 0 0 
1 0 0 1 0 1 0 1 1 0 1 0 1 0 1 0 1 0 40 0 1 1 0 1 1 1 1 1 0 0 0 0 0 0 0 0 0 0 0 0 1 1 1 0 0 0 1 0 0 0 
1 1 0 1 0 1 1 1 0 1 1 0 1 0 1 0 1 0 0 50 1 1 1 1 1 1 1 1 0 0 0 0 0 0 1 0 0 0 0 0 1 1 1 0 0 0 1 0 0 0 
1 1 0 1 0 1 0 1 1 0 1 0 1 0 1 0 1 0 0 0 51 1 1 1 1 1 1 1 0 0 1 0 0 1 0 0 0 0 0 0 1 1 1 0 0 0 1 0 0 0 
1 1 0 1 0 1 1 1 1 1 1 0 1 0 1 0 1 0 0 0 1 11 1 1 1 1 1 1 0 0 0 0 1 0 0 0 0 0 0 0 1 0 1 0 1 0 1 0 0 0 
1 0 0 1 0 1 0 1 1 0 1 0 1 0 1 0 1 0 0 0 1 1 11 1 1 1 1 1 0 0 0 0 1 0 0 0 0 0 0 0 1 1 1 0 0 0 1 0 0 0 
1 0 0 1 0 1 1 1 1 1 1 0 1 0 1 0 1 0 0 0 1 0 1 11 1 1 1 1 0 0 1 0 0 0 0 0 0 0 0 0 1 1 1 0 0 0 1 0 0 0 
1 0 0 1 0 1 0 1 1 0 1 0 1 0 1 0 1 0 0 0 1 1 1 1 11 1 1 1 0 0 0 0 0 0 0 0 0 0 0 0 1 1 1 0 0 0 1 0 0 0 
1 1 0 1 0 1 1 1 1 1 1 0 1 0 1 0 1 0 1 0 1 0 1 1 1 81 1 1 0 0 0 0 0 0 0 0 0 0 0 0 1 1 1 0 1 0 1 0 0 0 
1 1 0 1 0 1 0 1 1 0 1 0 1 0 1 0 1 0 0 0 1 0 1 1 1 1 11 1 0 0 0 0 0 0 0 0 0 0 0 0 1 1 1 0 0 0 1 0 0 0 
1 1 1 1 0 1 1 1 1 1 1 0 1 0 1 0 1 0 0 0 1 1 0 1 1 1 1 21 0 0 0 0 0 0 0 0 0 0 0 0 1 1 1 0 0 0 1 0 0 0 
1 0 1 1 0 1 0 1 1 0 1 0 1 0 1 0 1 0 0 1 1 1 1 0 1 1 1 1 30 0 0 0 0 0 0 0 0 0 0 0 1 1 1 0 0 0 1 0 0 0 
1 1 0 1 0 1 0 1 1 1 1 0 1 0 1 0 1 0 0 0 1 1 1 1 1 1 1 1 0 40 0 0 0 0 0 0 0 0 0 0 1 1 1 0 1 0 1 0 0 0 
1 1 0 1 0 1 1 1 1 0 1 0 1 0 1 0 1 0 0 0 1 1 1 1 1 0 1 1 0 0 60 0 0 0 0 0 0 0 0 0 1 1 1 0 0 0 1 0 0 0 
1 1 0 1 0 1 0 1 1 1 1 0 1 0 1 0 1 0 0 0 1 1 1 1 1 1 0 1 0 0 0 70 0 0 0 0 0 0 0 0 1 1 1 0 0 0 1 0 0 0 
1 0 0 1 0 1 0 1 1 0 1 0 1 0 1 0 1 0 0 1 1 1 1 1 1 1 1 0 0 0 0 0 80 0 0 0 0 0 0 0 1 1 1 0 0 0 1 0 0 0 
1 0 0 1 0 1 1 1 1 0 1 0 1 0 1 0 1 0 0 0 1 1 1 1 1 1 1 1 0 0 0 0 0 10 0 0 0 0 0 0 1 1 1 0 1 0 1 0 0 0 
1 0 0 1 0 1 0 1 1 0 1 0 1 0 1 0 1 0 0 1 1 1 1 1 1 1 1 1 0 0 0 0 0 0 10 0 0 0 0 0 1 1 1 0 0 0 1 0 0 0 
1 1 0 1 0 1 0 1 1 0 1 0 1 0 1 0 1 0 0 0 1 1 1 1 1 1 0 1 0 0 0 0 0 0 0 10 0 0 0 0 1 1 1 0 0 0 1 0 0 0 
1 1 0 1 0 1 0 1 1 0 1 0 1 0 1 0 1 0 0 0 1 1 1 1 1 1 1 1 0 0 0 0 0 0 0 0 20 0 0 0 1 1 1 0 0 0 1 0 0 0 
1 1 0 1 0 1 1 1 1 0 1 0 1 0 1 0 1 0 0 0 1 1 1 1 1 1 1 1 0 0 0 0 0 0 0 0 0 30 0 0 1 1 1 0 0 0 1 0 0 0 
1 1 0 1 0 1 0 1 1 0 1 0 1 0 1 0 1 0 0 0 1 1 1 1 1 0 1 1 0 0 0 0 1 0 0 0 0 0 40 0 1 1 1 0 0 0 1 0 0 0 
1 1 0 1 0 1 0 1 1 0 1 0 1 0 1 0 1 0 0 1 1 1 1 1 1 1 1 1 0 0 0 0 0 0 0 0 0 0 0 40 1 1 1 0 0 0 1 0 0 0 
1 0 0 1 0 1 0 1 1 0 1 0 1 0 1 0 1 0 0 0 1 1 1 1 1 1 1 1 0 0 0 0 1 0 0 0 0 0 0 0 51 1 1 0 0 0 1 0 0 0 
1 0 0 1 0 1 1 1 1 0 1 0 1 0 1 0 1 0 0 0 1 1 0 1 0 1 1 1 0 0 0 0 0 0 0 0 0 0 0 0 1 51 1 0 0 0 1 0 0 0 
1 1 0 1 0 1 0 1 1 0 1 0 1 0 1 0 1 0 0 1 1 1 1 1 1 1 1 1 0 0 0 0 0 0 0 0 0 0 0 0 1 1 61 0 0 0 1 0 0 0 
1 1 0 1 0 1 0 1 1 0 1 0 1 0 1 0 1 0 0 0 1 1 1 1 1 1 1 1 0 0 0 0 0 1 0 0 0 0 0 0 1 1 1 60 0 0 1 0 0 0 
1 1 0 1 0 1 0 1 1 0 1 0 1 0 1 0 1 0 0 0 1 1 0 1 1 1 1 1 0 0 0 0 0 0 0 0 0 0 0 0 1 1 1 0 60 0 1 0 0 0 
1 1 0 1 0 1 1 1 1 0 1 0 1 0 1 0 1 0 0 0 1 1 1 1 1 1 1 1 0 0 0 0 0 0 1 0 0 0 0 0 1 1 1 0 0 60 1 0 0 0 
1 0 0 1 0 1 0 1 1 0 1 0 1 0 1 0 1 0 0 1 1 1 1 0 1 1 1 1 0 0 0 0 0 0 0 0 0 0 0 0 1 1 1 0 0 0 61 0 0 0 
1 0 0 1 0 1 0 1 1 0 1 0 1 0 1 0 1 0 0 0 1 1 1 1 1 1 1 1 0 0 0 0 0 0 1 0 0 0 0 0 1 1 1 0 0 0 1 60 0 0 
1 1 0 1 0 1 1 1 1 0 1 0 1 0 1 0 1 0 0 0 1 1 1 1 0 1 1 1 0 0 0 0 0 0 1 0 0 0 0 0 1 1 1 0 0 0 1 0 60 0 
0 0 0 0 0 1 0 0 1 0 1 0 1 0 1 0 1 0 0 1 1 1 1 1 1 0 1 1 0 0 0 0 0 0 0 0 0 0 0 0 1 1 1 0 0 0 1 0 0 60 
