17
19 0 0 0 1 0 0 0 1 0 1 0 1 0 0 1 0
1 13 0 0 1 0 0 0 1 0 1 0 1 0 0 1 0
1 0 66 0 1 0 0 0 1 0 1 0 1 0 0 1 0
0 0 0 77 1 0 0 0 1 0 1 0 1 0 0 1 0
0 0 0 0 99 0 0 0 1 0 1 0 1 0 0 1 0
1 0 0 0 1 76 0 0 1 0 1 0 1 0 0 1 0
1 0 0 0 1 0 76 0 1 0 1 0 1 0 0 1 0
0 0 0 0 1 0 0 74 1 0 1 0 1 0 0 1 0
1 0 0 0 1 0 0 0 22 0 1 0 1 0 0 1 0
1 0 0 0 1 0 0 0 1 2 1 0 1 0 0 1 0
1 0 0 0 1 0 0 0 1 0 34 0 1 0 0 1 0
0 0 0 0 1 0 0 0 1 0 1 54 1 0 0 1 0
0 0 0 0 1 0 0 0 1 0 1 0 67 0 0 1 0
1 0 0 0 1 0 0 0 1 0 1 0 1 53 0 1 0
1 0 0 0 1 0 0 0 1 0 1 0 1 0 34 1 0
0 0 0 0 1 0 0 0 1 0 1 0 1 0 0 24 0
1 0 0 0 1 0 0 0 1 0 1 0 1 0 0 1 99
