100
8 1 1 0 1 1 1 1 0 0 1 0 1 0 0 1 1 0 0 0 1 1 0 1 1 1 0 1 0 0 0 0 1 0 0 0 1 0 0 0 1 1 0 0 0 0 1 1 0 0 0 1 1 1 1 0 0 0 0 1 1 0 1 1 1 1 1 0 0 0 0 0 0 1 0 0 1 0 1 1 1 0 0 1 1 0 0 0 1 1 1 1 1 0 1 1 1 0 0 0 
1 49 0 1 0 1 0 1 0 0 1 0 0 1 0 0 1 1 1 1 0 1 1 0 1 0 0 1 1 1 1 1 0 0 1 1 1 1 0 1 1 0 1 1 1 0 1 1 0 1 0 0 1 0 0 0 1 0 0 0 1 1 0 1 1 0 0 0 0 0 1 0 1 1 1 1 0 0 1 0 1 0 1 0 1 0 0 1 1 0 1 0 0 0 1 1 0 0 1 1 
0 0 73 0 0 1 0 0 0 1 1 1 0 1 0 0 0 0 1 0 0 0 1 1 1 1 0 0 0 1 0 0 1 1 1 0 0 1 1 0 0 0 1 1 1 1 1 0 0 1 1 1 1 1 1 0 1 0 0 0 0 0 0 0 0 1 1 0 1 1 0 0 0 0 0 1 1 0 0 0 1 1 0 0 1 0 1 1 1 1 0 1 1 0 1 0 0 1 0 0 
1 1 0 12 0 1 1 0 1 0 1 1 1 0 0 0 1 1 0 1 0 1 0 1 1 1 1 0 1 1 1 1 1 1 1 1 1 0 1 0 1 0 0 1 1 1 0 0 1 1 0 1 1 1 1 1 1 0 1 1 1 0 1 0 0 1 0 1 0 1 1 0 0 1 0 1 0 0 0 1 1 1 0 1 0 0 0 0 0 0 0 0 0 0 0 0 1 0 0 1 
0 0 0 0 32 1 0 1 1 0 0 0 1 0 0 0 1 0 0 1 1 1 0 0 1 1 0 0 1 1 0 0 0 0 1 1 1 1 1 1 0 0 0 1 0 1 1 0 1 1 0 0 0 0 1 0 1 0 0 1 0 0 0 0 0 0 1 0 1 0 1 0 0 0 1 1 1 1 1 1 0 0 0 1 1 0 1 1 0 1 1 1 0 0 1 0 0 1 1 0 
1 1 0 1 0 23 0 0 0 0 0 1 1 1 1 1 1 1 0 1 1 0 1 0 0 0 0 0 0 0 0 0 1 1 1 1 0 0 0 1 1 0 1 1 0 0 1 0 0 0 1 1 1 0 0 0 0 0 1 0 0 1 0 1 1 0 0 0 1 1 0 0 0 1 0 1 0 1 0 1 1 1 0 1 0 0 1 0 0 1 1 0 0 0 0 1 0 1 1 1 
1 1 0 1 1 1 8 1 1 1 1 0 0 1 0 1 0 0 0 0 1 1 1 1 1 0 0 0 1 1 0 0 1 0 1 1 0 0 1 0 0 0 0 0 1 1 1 1 1 1 1 0 1 0 0 0 1 1 0 1 1 1 1 0 0 1 0 1 1 1 0 1 0 0 1 0 1 0 0 0 1 0 1 0 1 1 1 0 1 1 1 1 1 0 0 0 0 1 0 1 
0 1 1 0 0 1 1 91 1 0 0 0 0 1 0 0 0 1 1 1 0 0 0 0 0 1 0 1 1 0 1 0 0 1 1 0 1 1 1 1 1 0 1 1 1 0 0 0 0 0 0 1 1 0 0 1 0 1 1 1 0 1 0 1 1 1 1 1 0 1 1 1 1 0 0 1 0 1 1 1 1 1 1 1 1 0 1 0 1 1 1 1 0 0 1 0 1 1 1 1 
0 0 0 1 0 1 1 0 52 0 0 0 1 1 0 0 1 1 1 0 1 1 1 1 1 0 1 0 1 0 1 0 0 0 0 0 1 1 1 1 1 1 0 0 0 0 1 0 1 1 1 0 0 0 0 0 0 0 0 0 1 1 0 1 0 0 0 1 1 1 0 0 1 1 0 0 1 1 0 1 1 1 1 1 0 1 1 1 1 1 1 0 0 1 0 1 0 1 0 0 
1 0 0 1 1 1 0 1 0 42 1 0 0 0 0 0 1 0 0 0 1 0 1 1 1 1 0 0 1 0 1 1 0 0 0 1 1 0 0 1 1 0 1 1 0 0 0 0 0 0 1 0 1 0 1 1 0 1 1 0 1 1 0 1 1 1 0 0 0 1 0 1 0 1 0 0 0 1 0 0 0 0 1 1 0 1 0 0 1 0 0 0 0 1 0 1 1 1 0 1 
0 0 0 1 1 0 1 1 1 1 77 1 0 0 1 1 1 1 1 1 0 1 1 1 0 1 1 1 1 1 0 1 0 1 1 1 1 0 1 0 0 1 0 1 1 0 0 0 0 0 1 0 1 0 1 0 1 0 1 0 0 0 0 0 0 0 0 1 1 1 0 1 1 0 0 0 1 0 1 1 0 1 1 0 0 1 1 1 1 1 1 1 0 0 0 1 1 0 1 1 
1 0 0 1 1 0 1 0 1 1 0 45 0 1 1 1 1 0 1 0 0 1 0 0 0 0 1 0 0 1 1 1 1 0 0 1 0 1 1 1 0 0 1 0 1 1 0 1 1 1 1 0 1 1 1 0 1 0 1 0 0 0 0 0 1 1 1 0 0 0 1 1 1 0 0 1 1 1 0 1 1 0 1 0 1 1 0 1 0 0 1 1 0 1 0 0 0 0 1 1 
1 0 0 0 1 0 0 1 0 1 1 1 66 1 1 0 0 1 1 1 0 0 0 1 1 1 1 0 1 0 0 0 1 0 0 1 1 0 0 1 1 1 1 0 0 1 0 0 1 0 0 1 0 1 1 0 1 0 0 1 0 1 1 1 1 0 1 0 1 1 0 0 1 1 1 0 0 1 1 0 0 0 1 0 1 1 0 1 0 0 0 0 1 0 0 1 1 0 1 1 
1 1 1 0 0 1 1 0 0 1 0 1 0 56 0 1 1 1 0 1 1 1 1 1 1 1 0 0 0 1 1 1 1 0 0 0 0 1 0 0 1 0 0 1 0 0 1 1 1 1 1 0 1 1 1 0 1 0 1 1 1 1 1 1 1 1 1 1 0 1 1 1 0 0 1 1 0 0 1 0 0 1 1 1 0 1 0 0 1 1 1 1 0 0 1 1 1 1 0 0 
1 1 1 0 1 1 1 0 0 0 0 0 0 0 50 0 0 0 1 1 1 1 0 0 0 0 0 0 0 1 1 1 1 0 0 1 1 0 0 1 0 1 0 1 0 0 0 0 0 1 0 0 1 0 1 0 0 1 1 0 1 0 1 1 1 1 0 0 0 1 1 1 0 1 0 1 1 1 0 0 1 0 0 0 0 1 1 0 1 0 0 0 0 0 1 1 1 0 1 1 
0 1 0 1 1 1 1 0 0 1 0 1 0 1 1 70 0 0 1 1 0 1 0 0 1 0 1 0 0 1 1 1 1 1 1 0 0 0 1 1 1 0 1 0 0 0 0 1 0 0 0 1 1 0 1 1 1 0 0 1 0 1 0 0 1 1 1 0 0 1 0 1 0 1 0 0 1 1 0 0 1 0 1 1 0 0 0 0 0 1 0 1 0 1 0 0 0 0 1 0 
0 0 1 0 0 0 1 1 1 1 0 0 1 0 1 0 23 0 0 0 1 0 1 0 0 1 1 1 1 0 1 1 1 0 0 1 1 1 0 1 0 0 1 0 1 0 0 1 1 0 0 1 1 0 0 0 0 1 0 1 0 1 1 0 0 1 0 1 1 0 0 1 1 0 0 0 1 1 0 0 0 1 0 1 1 1 1 0 0 1 1 1 0 0 1 0 1 0 0 1 
0 0 1 0 0 1 0 0 1 1 1 0 0 1 1 0 0 90 1 1 1 0 1 0 1 0 1 0 0 1 1 0 0 1 1 1 0 1 0 0 0 0 1 1 1 1 0 0 0 1 1 1 1 1 1 0 0 0 1 1 0 0 1 0 1 0 1 0 1 0 1 1 0 1 1 1 0 1 1 0 0 1 1 1 1 0 0 1 1 0 0 0 0 1 1 1 1 0 1 0 
0 1 0 1 1 1 0 1 1 1 0 1 1 0 1 1 1 0 87 1 0 1 1 0 1 0 0 0 1 1 1 1 0 0 0 1 0 0 1 1 1 0 1 1 0 1 0 1 1 0 1 1 0 1 0 1 1 1 1 0 0 1 1 1 0 0 1 1 0 0 0 0 1 1 0 1 0 1 1 0 1 1 0 1 0 0 1 0 0 1 1 0 1 1 0 1 0 0 0 1 
1 1 1 1 1 0 1 1 0 0 0 0 1 0 0 0 1 1 0 88 0 1 0 1 0 0 1 0 0 1 1 0 0 1 0 1 1 0 0 0 1 1 0 1 0 1 0 1 0 1 1 1 1 1 0 1 0 0 1 0 1 0 0 1 0 0 0 1 1 0 1 0 1 0 0 0 1 0 1 0 1 1 1 1 0 1 0 0 0 0 0 1 0 0 1 0 0 0 1 1 
1 1 0 0 0 1 1 1 1 1 1 0 1 1 1 1 0 1 0 0 66 1 1 1 1 1 1 0 1 1 1 0 1 1 1 0 1 1 0 1 1 0 0 0 0 1 1 0 0 0 0 0 0 0 1 1 0 0 0 0 1 1 0 0 1 0 1 1 0 1 1 0 1 1 1 1 1 0 1 0 0 0 1 1 1 0 1 0 0 0 0 0 1 0 1 0 0 0 1 1 
1 1 0 1 0 1 0 0 0 0 1 0 1 0 0 1 0 0 0 1 1 70 0 0 1 0 1 1 0 1 1 1 1 0 1 1 1 0 0 1 0 0 0 1 1 1 1 0 1 1 0 0 0 1 1 1 0 0 0 0 1 1 0 0 1 0 1 1 0 0 0 1 0 0 1 0 1 0 0 1 1 1 0 1 1 1 0 1 1 1 0 1 1 1 0 0 1 0 0 1 
0 0 0 1 1 1 1 1 0 0 1 0 1 0 0 0 0 0 0 0 1 0 16 1 0 0 1 0 1 0 1 1 1 1 0 1 0 1 1 0 1 0 1 1 0 0 1 1 1 0 1 0 1 0 0 0 1 0 0 0 0 0 1 1 1 0 1 0 0 0 0 0 0 1 0 0 1 1 1 1 0 1 0 0 0 0 1 1 1 0 0 1 1 1 0 0 0 0 1 0 
1 0 0 1 0 0 0 0 0 0 1 0 0 0 1 0 1 1 1 1 1 1 1 9 1 1 1 1 1 1 0 1 1 1 0 0 0 0 1 1 0 0 0 1 1 0 1 1 1 1 0 1 1 0 1 0 1 0 1 0 0 0 0 1 0 0 0 0 0 1 1 0 0 0 1 1 1 0 1 1 0 0 0 0 1 0 0 1 0 0 0 1 1 1 1 0 1 0 1 0 
1 0 0 1 1 0 1 0 1 1 0 1 0 1 1 0 0 1 0 1 1 0 1 1 42 1 1 0 1 0 1 1 0 1 0 1 1 0 0 1 0 1 1 0 1 1 0 1 0 1 1 1 0 1 1 1 0 0 0 0 1 1 0 0 0 0 1 0 1 0 0 1 0 1 1 0 1 1 1 0 0 1 1 0 0 0 0 1 0 1 1 0 0 1 0 1 1 1 1 1 
1 0 1 0 0 0 0 0 1 0 0 1 1 0 1 0 0 1 0 1 1 0 1 0 0 20 0 1 1 0 1 0 0 1 1 1 0 0 1 1 0 0 1 0 1 1 0 1 0 1 0 0 0 1 1 0 1 0 1 1 1 0 1 1 0 1 0 0 0 1 1 1 1 1 0 0 1 1 1 0 0 1 1 0 0 0 0 1 1 1 1 1 0 0 0 1 1 0 0 0 
0 1 0 0 0 0 1 0 1 0 1 1 1 1 0 1 1 0 1 1 0 0 0 1 1 1 30 0 1 1 1 0 0 1 1 1 0 1 1 1 1 1 0 0 1 1 1 1 0 0 0 1 1 1 1 0 0 0 1 0 0 1 0 0 1 0 0 1 1 1 1 0 1 0 0 0 0 1 0 1 0 1 1 1 0 1 0 1 0 0 0 1 0 0 0 0 0 0 0 1 
1 1 1 1 1 1 1 0 0 1 1 1 1 0 1 1 0 0 1 0 0 0 1 1 1 1 1 65 1 1 0 1 0 1 0 0 0 1 0 0 1 1 1 1 1 0 1 1 1 1 0 1 1 1 0 0 0 0 0 1 1 0 1 1 1 1 1 0 0 0 1 1 1 1 0 1 1 1 1 0 1 1 1 0 0 0 0 0 1 0 0 0 0 1 1 0 0 0 0 0 
1 1 1 1 0 1 0 1 1 0 0 1 0 0 1 0 1 0 1 0 0 1 1 1 1 0 1 0 42 1 0 0 0 1 1 0 0 0 0 0 1 1 1 1 0 0 0 1 1 1 1 1 1 0 0 0 0 0 0 0 1 1 1 0 0 1 1 1 1 0 1 0 1 1 0 0 1 0 1 1 1 0 1 1 1 1 1 1 1 0 1 0 0 1 1 1 0 0 0 0 
0 1 1 0 1 1 0 0 1 1 1 0 1 0 1 1 1 0 1 0 1 1 0 1 1 0 1 0 1 32 0 1 1 0 0 1 1 0 1 0 1 0 1 0 1 1 0 1 0 1 1 1 1 1 0 0 0 1 1 0 0 0 0 0 1 1 0 1 1 1 0 0 1 1 1 0 0 0 0 1 1 1 1 0 1 0 1 1 1 1 1 1 1 1 1 0 1 1 1 1 
0 1 0 0 1 1 1 0 1 1 1 1 0 0 1 1 0 1 0 1 1 1 0 1 0 1 1 1 1 1 3 1 1 0 0 0 1 0 0 0 0 1 0 0 1 1 1 1 0 1 1 1 0 1 1 0 0 1 1 1 1 0 1 1 1 1 0 0 0 1 1 1 0 1 1 1 0 0 0 1 0 1 1 0 0 1 0 1 0 1 1 0 1 0 0 1 0 1 1 1 
1 0 0 1 1 0 1 1 1 0 1 0 1 0 1 1 1 1 0 1 1 1 1 0 0 1 1 1 0 0 0 40 0 1 0 0 0 1 1 0 1 1 0 0 1 1 0 1 0 0 0 1 0 0 0 1 1 1 1 0 0 0 1 0 1 1 1 0 1 1 1 0 0 0 1 1 0 1 0 0 1 1 1 0 1 1 0 1 1 0 1 0 0 0 1 1 0 0 1 1 
0 0 1 1 0 0 0 0 1 0 0 0 0 1 1 0 1 1 1 0 0 1 0 1 0 0 1 1 0 0 0 0 70 1 1 0 1 0 1 1 0 1 1 1 1 0 0 0 1 1 1 0 1 0 1 0 1 1 1 0 0 1 1 1 0 1 1 0 0 0 0 0 1 1 0 0 0 1 0 1 1 1 1 1 0 0 1 0 1 1 1 0 0 1 1 0 0 1 1 1 
1 1 0 1 1 1 0 1 0 1 0 1 0 0 0 1 1 0 1 0 1 0 1 1 0 0 0 1 1 1 1 1 1 40 0 1 0 0 0 1 1 0 0 1 1 0 0 0 1 0 0 1 1 1 0 1 0 0 0 0 0 0 1 0 1 1 0 1 0 1 0 1 1 0 0 0 0 0 0 0 1 1 0 0 0 0 1 1 1 1 1 0 1 0 0 1 1 1 1 0 
1 0 0 1 0 1 1 0 1 0 0 1 1 0 1 1 1 1 1 0 0 1 0 1 1 1 1 0 0 0 1 1 1 1 24 0 0 0 0 1 1 0 0 1 0 0 0 1 0 1 1 0 1 1 0 1 0 1 0 1 1 1 1 0 1 0 1 1 1 1 0 0 0 1 1 1 0 1 0 1 1 1 1 1 0 1 1 0 0 1 1 0 1 1 0 0 1 0 1 0 
0 1 1 1 0 1 0 1 0 1 0 0 0 0 1 0 1 0 1 1 0 1 1 1 0 1 0 0 0 0 1 1 1 0 0 8 1 0 1 0 1 0 0 1 1 1 1 0 0 1 0 0 0 0 0 1 1 1 1 1 0 1 1 1 1 0 0 1 0 1 0 0 1 0 0 1 0 0 0 0 0 1 0 1 1 1 0 1 0 0 1 1 1 1 1 0 1 1 1 0 
0 1 0 0 0 1 0 0 1 0 0 1 0 0 0 1 1 0 0 1 0 0 0 1 0 0 1 0 0 0 0 1 1 1 0 1 20 0 1 0 0 1 1 0 0 1 1 0 1 1 0 1 0 0 1 0 1 0 0 1 1 1 1 0 1 1 0 1 0 1 1 0 0 1 0 1 1 1 0 0 1 1 0 0 0 0 1 1 1 1 1 0 1 1 1 1 0 1 1 0 
1 0 0 0 1 1 0 1 0 1 1 0 1 1 1 0 0 1 1 1 0 0 0 0 0 0 1 1 1 1 1 0 0 0 0 1 0 11 1 0 1 1 0 0 1 1 1 0 1 0 0 0 1 0 1 0 1 1 0 1 0 1 0 0 0 0 1 0 1 1 0 0 0 0 0 0 1 0 1 0 0 1 0 1 0 0 1 1 1 1 1 0 0 0 0 1 1 0 0 0 
0 1 1 0 1 0 1 0 1 1 1 1 1 0 0 1 0 0 1 1 0 0 0 0 0 1 1 1 1 0 1 1 1 1 1 1 1 1 14 0 1 0 0 0 1 0 1 0 0 1 0 1 0 0 1 1 0 0 1 1 0 0 1 0 0 0 1 0 0 0 0 1 0 0 0 0 0 1 1 1 0 1 1 1 0 1 0 0 1 1 0 0 0 1 1 1 1 1 0 1 
0 0 0 1 1 0 1 0 1 1 0 0 0 0 1 1 1 0 1 1 0 0 0 0 0 0 0 0 0 1 0 0 1 1 1 0 0 0 1 46 0 1 0 1 1 0 0 1 1 1 1 1 0 0 0 0 1 1 0 0 1 1 1 1 1 1 0 0 0 1 0 0 1 1 1 1 1 1 1 1 0 1 1 0 0 1 1 0 1 0 1 0 0 0 0 0 0 1 1 1 
1 0 1 0 0 0 0 0 1 0 1 0 0 1 0 1 0 0 0 0 0 0 1 1 0 1 0 0 1 1 1 1 1 0 0 1 0 1 0 0 87 1 1 1 1 1 1 1 0 1 0 1 0 1 0 1 0 0 1 0 1 1 0 1 0 1 0 0 0 1 1 0 1 0 1 1 0 0 1 1 1 0 0 1 0 1 0 0 0 0 0 1 1 0 0 1 1 1 0 1 
0 0 1 0 1 1 0 1 1 1 0 1 0 1 0 1 1 0 0 1 1 0 1 0 1 1 1 1 0 0 0 0 0 1 1 0 1 0 0 0 0 37 0 1 0 1 1 0 0 1 1 1 1 0 1 1 1 0 0 0 1 1 1 0 0 0 1 0 1 0 1 0 1 0 0 0 1 1 0 1 0 0 0 0 1 0 0 1 0 1 1 0 0 1 1 0 1 1 1 0 
1 0 1 0 0 1 1 1 0 1 1 1 1 0 0 1 0 1 1 1 0 1 1 1 0 1 0 0 0 1 1 0 0 0 1 0 1 1 0 1 0 0 31 0 1 0 1 0 0 0 0 1 1 1 1 0 1 0 1 0 1 1 1 0 0 1 1 1 0 0 0 0 1 0 0 0 1 0 0 1 0 1 1 1 1 1 0 1 1 1 1 1 0 0 1 1 0 0 1 0 
0 1 0 1 1 0 1 0 1 1 1 0 0 0 0 1 1 1 1 1 0 1 0 1 0 1 0 1 1 1 1 0 1 0 1 1 0 1 1 1 0 1 0 46 1 0 0 1 0 0 0 0 0 1 1 1 1 1 0 1 0 0 1 1 0 0 1 1 0 1 0 0 0 1 0 0 1 1 0 1 1 0 0 1 1 0 0 0 1 0 1 0 0 0 0 1 1 0 0 0 
0 0 0 1 0 0 0 0 0 0 1 1 1 0 1 1 1 0 0 1 0 0 0 1 0 0 0 1 1 0 0 0 0 1 1 0 0 1 1 0 1 1 0 1 48 1 1 0 1 0 1 0 0 1 0 1 0 0 0 0 0 1 0 1 1 0 1 1 1 1 0 1 0 1 1 1 0 1 0 0 0 1 1 1 0 0 1 1 0 0 0 1 1 1 0 1 1 0 0 1 
0 1 0 1 1 0 1 1 0 1 1 1 0 1 0 1 1 1 0 1 1 1 0 0 1 0 0 1 0 0 0 1 1 0 1 1 0 0 0 1 0 0 0 0 1 24 1 0 0 1 1 1 1 0 1 0 0 1 1 0 1 1 1 1 1 1 1 0 0 1 0 1 1 0 0 0 0 0 0 0 1 0 1 1 1 1 1 1 1 1 1 0 0 1 0 1 1 0 1 0 
0 0 1 1 0 0 1 0 0 0 1 1 0 1 0 1 0 0 1 0 0 1 1 0 1 1 0 1 0 1 0 0 0 1 0 1 0 0 1 0 1 0 0 1 0 1 43 0 0 0 0 0 0 1 1 0 1 0 0 1 0 1 1 0 1 0 1 0 1 0 0 0 1 0 0 0 1 1 0 0 0 1 0 1 1 1 1 1 0 1 1 0 0 0 1 1 0 1 0 0 
1 1 0 1 1 0 0 1 1 0 0 1 0 1 1 1 0 0 0 1 1 1 1 0 0 1 1 0 0 1 0 1 1 0 0 1 1 0 0 0 0 1 0 1 1 0 1 18 1 1 1 0 0 1 1 0 1 0 0 1 0 1 0 0 0 1 0 1 1 1 0 1 1 1 1 1 0 0 1 1 0 1 0 0 0 1 1 0 0 1 0 0 1 1 1 0 0 1 0 0 
1 0 1 1 1 1 1 0 1 0 0 1 1 0 0 1 1 0 0 0 1 1 0 0 0 1 1 0 0 1 1 1 1 1 0 0 0 1 0 0 0 1 0 0 1 1 1 0 85 1 0 0 1 1 1 1 0 1 0 1 0 1 0 0 1 1 0 1 0 1 1 0 1 0 1 0 0 0 1 0 1 1 1 0 1 1 1 1 0 1 0 1 1 1 1 0 0 0 0 1 
1 1 0 0 1 0 0 1 0 1 1 1 0 1 0 1 1 1 1 0 1 0 0 0 1 0 0 0 1 0 1 1 1 1 0 0 0 1 1 1 0 1 1 1 1 1 1 1 0 79 0 0 1 1 0 0 1 1 1 0 1 1 1 1 0 1 0 0 1 1 0 0 1 1 0 1 1 0 0 0 0 0 1 0 1 0 1 0 1 0 1 0 0 1 1 0 1 1 0 0 
1 1 1 0 1 1 0 1 0 1 0 0 0 1 0 0 0 0 1 0 1 0 0 0 1 0 0 1 1 1 1 0 0 1 0 1 0 0 1 0 0 1 1 1 0 1 1 1 1 0 51 1 0 1 0 1 0 0 0 1 0 1 0 1 1 1 1 0 0 0 1 0 0 0 0 1 1 1 1 0 0 0 0 1 0 1 0 0 1 1 1 0 1 0 1 1 0 0 1 0 
1 0 1 1 0 1 1 0 1 1 0 1 0 1 1 1 0 1 1 1 0 0 0 0 1 1 1 1 0 0 0 0 0 0 0 0 1 0 0 0 1 1 0 0 0 1 1 0 0 0 1 25 1 1 1 0 1 0 0 0 0 0 0 1 1 0 1 0 0 1 1 1 0 1 0 1 1 1 1 0 0 0 0 1 0 1 0 1 1 1 0 1 0 1 1 0 0 1 0 0 
0 1 0 1 0 0 1 0 0 1 1 1 1 0 0 0 0 0 0 1 0 1 0 1 1 0 1 1 0 0 1 0 0 0 1 0 1 0 0 0 0 1 0 1 1 1 1 0 0 1 0 1 18 1 1 1 0 0 1 0 0 0 1 1 1 0 1 1 0 0 1 1 0 1 1 1 0 0 1 1 0 0 1 0 0 0 1 1 1 0 1 1 1 0 0 1 1 1 0 0 
1 1 0 1 0 1 0 1 1 0 0 1 0 1 1 1 1 1 1 1 0 1 1 1 1 1 0 1 0 1 0 1 1 0 1 1 0 1 1 0 1 1 0 1 1 0 1 0 0 0 0 0 0 71 1 0 0 1 1 0 0 1 0 1 1 0 0 0 1 1 0 0 1 1 1 0 1 0 0 1 0 1 1 1 1 0 1 0 0 1 1 0 0 0 1 0 1 1 1 0 
1 0 0 1 1 0 0 1 0 0 0 0 0 0 1 1 1 1 0 1 0 0 1 0 0 1 1 1 1 0 1 0 1 1 1 1 0 1 1 1 1 1 0 1 1 1 0 1 1 1 1 0 1 0 9 1 0 0 0 0 1 1 1 0 1 1 1 1 0 0 0 1 0 1 1 1 0 1 0 1 0 1 1 1 1 0 0 1 1 0 1 1 0 1 1 1 1 1 1 0 
0 1 1 0 1 1 1 0 0 1 0 0 0 1 0 0 1 1 1 1 0 1 1 1 1 0 1 1 1 0 0 1 0 0 1 1 1 0 1 0 0 1 1 0 1 1 1 1 0 1 1 1 0 1 0 33 0 0 1 0 1 0 1 1 1 0 0 0 0 1 1 0 1 0 0 0 1 1 0 0 1 1 1 0 1 0 0 0 1 0 0 1 1 0 1 0 1 1 1 1 
0 1 0 1 1 1 1 0 0 0 0 1 1 1 1 0 1 1 1 0 0 0 1 0 0 0 0 1 0 0 1 0 1 1 1 1 0 1 0 0 1 0 1 1 1 0 1 0 1 0 0 1 1 0 0 0 68 0 0 1 0 1 0 1 0 0 1 1 1 0 1 1 1 0 0 0 1 1 1 1 0 1 1 1 1 1 0 0 0 1 1 1 1 0 1 1 1 1 1 1 
0 1 0 0 1 0 1 1 0 0 0 1 0 0 1 0 1 0 1 1 0 0 1 0 0 0 0 1 1 0 0 1 0 1 0 1 1 0 1 0 0 1 1 1 1 1 1 1 0 1 1 0 0 0 0 1 1 53 1 1 0 0 1 1 0 0 0 1 1 1 0 1 1 1 1 1 1 0 0 0 0 1 1 0 1 0 0 1 1 1 0 0 0 1 1 0 1 0 0 1 
1 0 0 0 1 1 1 1 0 0 1 1 1 0 1 1 1 1 1 0 0 0 1 0 1 0 1 0 1 1 1 1 0 0 0 1 0 0 1 1 1 0 0 1 0 1 1 0 0 0 1 1 1 1 1 0 0 1 55 1 1 0 0 0 0 0 1 1 1 1 0 0 1 1 1 1 1 1 0 1 1 0 0 1 0 0 0 0 1 0 1 1 1 1 1 1 1 1 1 1 
0 1 1 0 1 0 0 0 0 1 0 1 0 1 1 0 0 0 0 0 0 0 1 1 0 1 0 1 1 1 1 0 1 1 0 0 1 0 0 1 1 0 0 0 1 1 1 1 1 0 0 1 1 1 0 0 1 0 1 36 0 0 1 0 1 0 1 1 1 1 1 1 1 0 1 0 1 1 1 0 0 1 0 1 1 1 1 0 0 1 0 1 1 1 1 1 0 0 1 1 
0 0 0 0 0 0 1 0 0 1 0 0 1 0 0 0 1 0 1 0 1 1 1 1 1 1 1 0 0 1 0 1 1 1 0 1 1 1 0 0 1 1 1 0 0 1 0 1 0 1 0 1 1 1 1 0 0 0 0 0 21 0 0 1 0 1 0 1 0 0 0 0 0 0 0 0 0 1 0 0 0 1 1 0 0 1 0 0 0 1 0 0 0 0 0 1 1 0 0 1 
1 0 0 1 1 0 0 0 0 0 0 0 1 1 0 1 0 0 0 0 0 1 1 0 1 1 1 0 1 1 0 0 0 1 1 0 1 0 0 1 0 0 0 1 0 0 1 0 1 1 0 1 0 0 1 1 1 1 0 1 0 48 1 0 1 0 1 1 0 1 0 1 0 1 0 0 1 1 0 0 0 1 0 1 0 1 0 1 0 0 0 1 0 0 1 0 0 1 0 1 
1 0 0 1 0 0 1 1 1 1 1 1 1 0 1 0 0 0 1 0 1 1 0 1 1 0 0 1 0 1 0 1 1 1 1 0 1 1 0 0 0 0 1 0 0 0 1 1 1 1 1 1 1 0 0 0 1 1 0 0 0 0 26 1 0 0 0 0 0 1 0 0 1 0 0 1 0 0 1 0 0 1 1 1 1 1 0 0 1 0 0 1 0 0 0 1 0 1 0 1 
1 1 0 0 0 1 0 0 0 0 0 1 1 1 1 1 1 1 0 1 1 1 0 0 0 1 0 1 0 0 1 0 0 1 1 0 0 1 0 0 1 1 1 0 1 0 0 0 0 1 0 1 0 1 0 0 0 0 0 1 1 1 0 87 1 0 1 0 0 1 0 0 1 0 1 1 1 1 0 1 1 0 1 0 0 0 1 1 0 1 1 0 1 1 0 0 1 1 0 0 
0 1 1 0 1 0 1 0 1 1 0 0 1 1 0 0 1 1 1 0 0 1 0 0 0 0 1 0 0 0 0 0 1 0 1 1 1 0 0 0 0 1 0 0 0 1 1 1 1 1 0 1 0 1 1 0 0 0 1 1 0 0 0 0 95 1 0 1 1 1 0 1 0 0 0 1 1 0 0 0 0 1 1 0 1 1 1 0 1 1 1 1 1 0 0 0 0 1 0 0 
1 0 0 1 1 0 1 0 0 0 1 1 1 1 0 1 0 0 1 0 0 0 0 1 1 1 1 0 0 0 1 0 0 1 1 0 0 0 0 0 0 0 1 0 1 0 0 1 1 1 1 1 0 0 0 1 1 1 0 0 1 0 1 0 1 3 0 1 0 0 1 0 0 0 0 1 0 1 1 0 1 0 0 0 1 0 1 1 1 0 0 0 1 0 0 1 1 1 0 0 
1 0 0 1 1 1 0 0 0 1 0 0 1 0 0 1 1 0 0 1 1 0 1 1 1 1 1 0 1 1 1 0 1 0 1 0 1 0 1 1 0 1 0 1 1 1 0 1 1 0 0 0 1 1 0 1 1 0 0 0 1 0 1 0 1 1 99 1 0 0 0 1 0 0 0 0 1 1 1 1 1 0 0 1 1 1 0 1 0 0 0 0 0 1 0 1 1 0 0 1 
0 0 0 1 1 0 1 0 1 0 0 1 1 0 0 0 0 0 0 1 0 1 0 1 0 1 0 0 1 1 1 0 1 1 0 0 0 1 1 1 1 0 0 1 1 0 0 0 1 1 1 1 0 0 0 0 0 0 0 1 1 1 1 1 0 0 0 44 0 0 1 0 0 1 0 0 1 0 1 0 0 0 0 1 0 0 0 1 0 0 0 0 0 0 1 1 1 0 0 1 
0 0 1 1 1 0 0 0 1 1 1 1 1 1 0 0 0 1 0 0 0 1 0 1 0 1 0 0 0 1 1 0 1 0 0 0 0 0 1 1 1 0 0 0 1 0 0 1 0 1 0 1 0 0 1 0 1 1 0 1 0 1 0 1 0 0 0 0 52 0 1 0 0 1 0 1 1 0 1 0 1 1 0 0 0 0 1 1 0 0 1 1 1 1 0 1 0 1 0 0 
1 1 0 0 1 1 0 1 0 0 1 0 1 0 1 1 0 1 1 0 1 1 0 1 0 1 1 1 0 0 1 0 0 0 1 0 1 1 1 0 1 0 0 1 1 0 1 1 0 1 0 0 0 0 0 1 1 0 0 1 1 1 1 1 0 0 0 0 0 31 1 1 0 0 1 1 0 1 0 0 0 1 0 1 0 1 1 0 0 0 1 1 1 1 1 1 1 1 0 1 
1 1 0 1 0 0 1 1 0 0 0 0 1 0 0 1 0 1 0 1 0 0 1 0 1 0 0 0 0 1 0 0 0 0 1 0 0 1 0 0 0 1 1 1 1 0 1 0 0 0 1 0 0 1 1 1 0 1 0 1 0 1 0 1 0 1 1 1 0 0 15 0 0 0 1 1 1 0 0 1 0 0 0 0 1 0 1 0 1 0 0 0 0 1 0 0 1 1 0 0 
1 0 1 1 1 0 0 1 1 0 1 0 0 1 0 0 0 0 1 0 1 0 1 0 1 1 1 1 0 0 0 1 0 1 1 0 0 0 1 0 0 0 1 1 0 0 0 0 1 0 1 1 0 0 0 1 1 0 0 1 0 1 0 0 1 0 1 0 1 1 1 96 0 1 0 1 1 0 1 0 0 1 1 0 0 1 1 0 1 0 0 1 1 0 1 1 1 0 1 1 
0 1 0 0 0 1 0 0 0 0 0 0 1 1 1 1 1 1 0 0 1 1 1 0 1 1 1 1 0 0 1 1 1 1 1 0 1 0 0 1 1 0 1 0 0 1 0 0 1 0 0 0 0 0 1 1 1 0 0 0 1 0 1 0 0 1 1 1 1 0 0 0 48 0 0 0 1 1 0 1 1 0 1 0 0 1 1 1 0 1 0 0 0 1 0 0 0 1 0 1 
0 0 1 0 0 0 1 0 1 1 0 0 0 0 0 0 1 1 1 0 0 1 0 1 0 1 1 1 0 0 0 1 1 1 1 1 1 0 0 0 1 1 0 1 0 0 1 1 0 0 0 1 1 1 0 1 1 0 0 1 1 1 0 0 1 1 0 0 1 1 0 0 1 11 0 0 1 1 1 0 0 1 0 0 1 0 0 1 0 0 0 1 0 1 1 0 0 0 0 0 
1 1 1 1 1 0 0 0 1 0 0 0 1 1 1 0 0 1 1 1 0 0 0 0 0 0 0 0 1 0 1 1 0 1 1 1 1 0 0 0 0 0 1 0 0 0 0 1 1 0 1 1 1 1 1 1 1 0 1 1 0 0 0 0 0 0 1 1 1 1 1 0 1 1 86 0 1 0 1 0 0 0 1 0 1 1 0 0 0 0 1 0 1 1 0 0 0 1 0 0 
0 1 0 1 0 0 1 1 1 1 1 1 0 0 0 1 0 0 1 1 0 0 1 1 0 0 1 0 0 0 0 1 0 1 1 0 0 0 0 1 0 1 1 1 1 0 1 0 0 0 1 0 0 1 1 1 1 0 0 0 1 1 0 0 1 0 0 0 0 0 0 0 1 1 1 61 1 1 0 1 0 0 0 1 1 1 1 0 1 0 0 0 0 1 1 0 1 1 1 1 
1 1 0 0 1 0 0 0 1 0 1 1 0 0 1 1 0 0 1 1 0 0 1 1 0 1 0 1 0 1 1 0 0 1 0 1 1 0 0 0 1 1 1 0 0 1 0 1 1 1 1 1 1 0 0 1 0 0 0 1 0 0 0 0 0 0 0 1 1 1 1 0 1 1 1 0 5 0 1 0 1 1 0 0 0 0 1 0 1 1 1 0 0 0 1 0 1 1 1 1 
0 1 1 1 0 1 0 0 0 1 0 0 1 1 0 0 1 0 0 1 1 0 0 1 0 1 0 1 0 0 0 1 1 0 1 1 1 1 0 0 1 0 1 0 0 0 1 0 1 0 1 1 1 0 1 1 0 1 0 1 1 1 1 0 1 0 0 0 0 0 1 0 0 1 0 1 1 17 1 0 1 0 1 0 1 1 1 1 1 0 0 0 1 1 0 1 0 0 1 1 
0 0 1 0 0 0 1 1 0 0 0 0 0 1 1 0 1 0 1 0 1 1 1 1 1 0 0 1 1 1 0 1 1 0 1 0 0 0 1 1 1 0 0 0 0 0 1 1 0 0 1 0 0 1 0 0 0 1 1 0 0 0 0 0 1 1 1 1 0 1 1 0 1 1 1 0 0 1 72 0 0 0 1 1 1 0 1 1 1 1 1 1 0 0 1 0 0 0 0 1 
1 1 1 0 1 1 0 0 1 1 0 1 0 0 1 1 1 0 0 0 1 1 0 1 0 1 0 1 1 1 0 1 1 0 1 0 0 0 1 1 0 1 0 1 1 1 0 0 1 1 0 1 0 0 1 1 0 0 0 1 0 0 0 1 0 0 0 1 1 1 0 0 0 1 1 1 1 0 1 55 0 0 1 1 1 0 1 0 1 0 1 1 0 1 1 0 1 1 0 0 
1 0 1 0 0 1 1 0 0 0 1 1 1 0 1 0 0 1 1 1 1 1 0 1 0 1 0 1 0 1 0 0 1 0 0 1 1 0 1 0 1 0 1 1 1 0 1 0 1 1 1 0 1 1 1 0 0 0 1 1 0 1 0 0 0 0 0 1 1 1 0 0 1 1 1 1 0 0 1 1 77 1 1 1 1 0 1 1 0 1 1 0 1 0 0 1 0 1 0 1 
0 1 1 0 0 1 0 0 1 1 0 0 0 0 0 0 1 0 0 1 1 0 1 0 1 1 1 1 0 1 0 0 1 1 0 0 1 1 0 0 1 1 0 0 0 0 0 1 1 0 0 1 1 1 0 1 0 0 0 0 0 0 0 1 0 0 0 0 1 0 1 0 1 1 1 1 0 0 0 0 0 39 0 1 1 0 0 1 1 1 0 1 0 0 1 0 1 1 0 0 
1 0 0 0 0 0 0 1 0 0 1 0 1 1 1 0 1 1 0 1 1 0 0 0 0 0 0 0 0 1 0 0 0 1 0 0 0 1 1 1 0 0 0 1 0 0 1 1 1 1 1 1 1 0 0 0 0 1 0 0 1 1 1 0 0 0 1 1 1 0 1 1 1 1 1 0 1 0 1 1 0 1 31 0 1 1 0 0 1 0 1 0 0 0 0 0 0 1 1 0 
0 0 1 0 0 1 1 1 1 0 1 0 1 1 0 1 1 1 0 1 1 0 1 1 1 1 0 1 1 0 1 0 1 0 0 1 1 1 1 1 1 1 1 0 0 0 0 1 0 1 1 1 0 0 0 1 0 0 0 1 1 1 1 0 0 0 1 1 1 1 1 0 1 1 1 1 0 1 0 1 1 0 1 35 1 1 0 0 1 1 1 1 0 0 0 1 0 1 1 0 
1 1 0 1 1 0 0 1 1 1 0 1 1 1 1 0 1 0 0 1 1 0 1 0 1 0 0 0 0 1 1 1 0 1 1 0 1 0 1 1 0 1 1 1 0 1 1 1 1 1 0 0 0 1 0 1 1 0 1 1 0 1 0 0 1 1 1 0 1 0 1 0 0 1 1 0 0 1 0 1 0 0 0 1 74 1 1 1 1 0 0 1 0 1 1 0 1 1 1 1 
0 0 0 0 0 0 0 1 0 1 0 0 0 0 1 1 1 1 1 1 0 1 0 1 0 0 1 1 1 0 0 0 0 1 0 0 1 1 0 1 0 0 0 0 1 1 0 1 1 1 0 1 1 1 1 0 1 1 1 0 1 0 1 1 1 1 1 0 0 0 0 0 1 1 0 0 0 1 0 0 1 1 1 1 1 29 1 1 1 1 0 1 1 0 1 1 0 0 0 0 
0 1 0 0 0 1 1 0 1 1 1 0 1 1 0 0 1 0 1 0 1 1 1 0 1 0 1 1 1 0 1 0 1 0 0 0 1 0 0 1 0 0 0 1 1 1 0 0 0 1 1 1 0 0 1 0 0 0 1 1 1 0 1 1 0 0 0 1 1 0 1 0 1 0 0 0 1 1 1 1 1 1 1 1 0 0 19 1 1 1 0 1 1 0 1 0 1 0 1 0 
1 0 1 0 1 1 0 1 1 1 0 1 1 1 1 0 0 1 0 0 0 0 0 0 1 1 1 1 1 0 1 0 0 0 1 0 0 1 1 0 1 1 1 0 1 1 1 1 0 0 0 1 0 1 1 1 0 0 1 0 0 1 1 1 1 1 0 0 1 0 1 0 0 1 1 0 1 1 0 0 0 0 1 0 1 1 1 30 1 1 0 1 0 1 0 0 1 0 0 0 
0 1 0 0 1 1 0 1 1 0 1 1 0 0 1 1 0 0 1 1 0 1 0 0 1 1 1 0 0 1 1 0 0 1 0 0 0 0 1 0 0 0 1 0 0 1 0 0 0 0 0 1 1 0 0 0 1 0 1 1 1 1 0 1 1 0 1 0 0 0 1 1 0 1 0 0 0 1 0 1 0 1 0 0 0 1 1 1 84 1 1 1 1 0 1 0 0 0 1 1 
0 0 0 1 1 0 1 1 0 0 1 1 0 1 0 1 0 0 1 0 0 1 1 1 0 1 0 1 0 1 0 1 1 1 1 1 1 1 0 0 1 1 1 1 0 1 0 1 1 1 0 1 0 1 1 1 1 1 1 1 0 1 0 0 0 1 1 1 0 0 1 1 1 0 1 1 0 1 0 0 1 1 0 0 0 1 1 1 0 61 1 0 1 1 0 0 1 1 0 1 
1 0 0 1 1 0 0 0 0 1 0 1 0 0 1 1 1 0 1 0 0 0 0 1 1 0 0 1 1 0 0 1 1 1 1 1 1 0 1 1 0 0 1 0 0 1 1 1 0 1 1 0 0 0 1 1 1 1 0 0 1 0 0 1 0 0 1 1 1 1 1 0 1 1 0 1 0 0 1 0 1 0 1 1 0 0 1 0 0 1 38 1 0 0 1 0 1 0 0 0 
1 0 0 1 0 0 0 1 1 0 1 1 0 0 1 1 0 0 0 0 1 1 1 0 0 0 1 0 0 1 1 0 1 1 1 0 1 0 1 1 0 0 1 0 1 0 0 1 0 0 1 1 1 1 1 0 0 1 1 0 0 0 0 0 0 1 0 0 1 1 0 0 0 1 0 1 0 1 1 1 1 1 0 1 0 1 0 1 0 0 1 24 0 1 0 1 1 0 1 1 
1 1 0 0 1 0 0 1 0 1 0 0 0 0 0 1 0 0 0 0 0 0 1 1 0 1 1 0 1 0 1 1 0 0 1 1 0 1 0 1 0 0 1 1 1 1 0 0 0 1 1 0 1 0 1 1 0 1 0 1 1 0 1 0 0 1 0 0 1 0 0 0 1 0 1 1 0 1 1 1 0 1 0 0 1 0 0 1 1 1 1 0 80 0 0 0 0 0 1 1 
1 0 0 0 1 1 1 1 1 0 1 0 0 1 0 0 1 1 1 0 0 0 1 1 1 1 0 0 0 1 1 1 0 1 1 1 0 0 1 0 0 1 1 0 0 1 1 0 1 0 1 0 0 0 0 1 0 1 1 1 1 1 0 1 1 1 0 1 0 0 0 1 0 1 0 0 0 1 0 0 0 1 0 0 0 0 0 1 1 1 1 0 0 97 0 0 1 1 1 1 
1 1 0 1 1 1 0 0 1 0 1 0 1 0 1 1 0 1 1 1 0 1 0 0 1 0 1 1 0 1 0 0 1 0 0 0 0 1 0 1 1 1 0 0 0 0 1 0 0 0 0 1 1 0 1 0 0 1 0 0 1 1 0 1 1 1 1 1 1 1 1 0 1 1 1 0 0 0 0 1 0 1 1 1 1 0 1 0 1 1 0 1 1 0 26 1 1 0 0 1 
0 1 0 0 1 0 0 1 1 0 0 1 1 1 0 0 0 0 1 1 0 0 0 0 1 1 0 1 0 1 0 0 1 0 0 0 0 1 1 0 0 0 1 1 1 1 0 1 0 0 1 0 0 1 0 0 1 0 1 1 1 0 0 0 0 0 0 1 1 1 1 0 0 0 0 1 0 1 1 1 1 1 1 1 1 0 0 0 1 0 1 0 1 1 0 82 1 1 0 1 
1 0 0 1 1 1 0 1 0 0 0 1 0 1 1 0 1 0 0 0 1 0 1 0 0 0 1 0 1 1 1 1 0 0 0 1 0 0 1 0 0 0 0 1 0 1 0 0 1 0 1 0 1 1 0 1 1 0 0 1 0 0 1 1 1 1 1 1 1 1 1 0 1 1 0 0 1 1 0 1 1 1 1 1 1 1 1 0 0 1 0 0 0 0 0 1 17 1 1 1 
1 0 0 0 1 1 1 0 1 1 1 0 0 0 1 0 0 1 0 1 0 0 0 0 0 0 1 1 1 0 0 1 0 1 1 0 0 0 0 0 0 1 0 1 0 1 0 0 1 1 0 1 1 0 1 0 0 1 0 0 1 1 0 1 0 0 0 0 1 1 1 0 1 1 1 1 0 1 0 0 0 1 0 0 1 1 0 1 1 0 1 0 1 1 1 0 1 53 1 1 
0 0 1 1 0 0 1 0 1 0 0 0 0 1 0 1 1 0 1 0 0 0 0 1 0 0 1 0 0 1 1 1 1 0 0 0 1 1 1 0 1 1 1 1 1 0 1 0 0 1 1 0 1 0 1 0 0 1 0 0 0 0 1 0 0 1 0 1 1 0 1 0 0 1 0 0 1 1 0 1 1 0 1 0 0 1 1 0 0 1 0 0 1 1 0 1 1 0 50 0 
0 1 1 0 1 0 0 0 0 0 0 1 0 0 0 1 0 0 0 0 1 1 1 1 0 1 1 1 0 1 0 0 1 1 0 0 0 1 0 1 1 0 1 0 1 1 1 0 0 0 0 1 0 1 1 1 0 1 0 0 1 0 1 1 1 0 0 0 1 1 0 0 0 1 0 1 1 1 0 0 1 0 1 0 1 0 0 0 0 1 0 1 0 0 0 0 0 0 0 87 
