100
64 1 0 0 0 0 1 0 0 0 0 0 1 0 1 0 1 1 0 1 0 1 0 1 1 1 1 1 1 0 1 1 0 1 1 0 1 1 1 1 1 0 1 0 0 0 1 0 0 1 0 0 0 1 1 0 0 1 0 1 1 1 0 1 0 0 0 0 1 0 1 0 1 0 0 0 1 1 0 1 0 0 0 1 0 0 1 0 0 1 1 1 1 0 0 1 1 0 1 1 
0 86 0 0 0 0 0 0 0 0 0 0 0 1 0 1 1 1 0 1 1 0 0 0 1 1 1 1 1 0 0 1 1 0 0 1 1 0 0 0 0 0 0 0 1 0 0 0 1 1 1 0 1 1 1 1 0 1 0 1 1 0 1 0 0 0 0 1 1 0 1 0 0 0 1 1 0 1 0 1 1 0 0 1 1 1 0 0 1 0 1 1 1 0 1 1 0 0 0 1 
1 0 73 1 0 0 1 0 0 0 1 1 1 0 0 1 1 0 0 0 1 0 1 0 1 1 1 0 0 0 0 1 0 1 1 0 1 1 0 1 1 1 1 1 1 0 1 1 1 1 1 0 0 0 0 1 1 1 1 1 1 1 1 1 1 0 1 1 1 0 1 1 1 0 1 1 0 0 1 0 1 1 1 0 1 0 1 1 0 1 0 0 0 0 0 1 1 0 0 1 
1 1 1 57 1 0 1 1 1 1 1 0 0 0 1 0 1 1 0 0 1 1 0 0 1 1 1 0 0 1 1 0 1 0 0 1 0 0 1 1 1 1 0 0 0 0 0 0 1 1 1 1 0 0 0 0 1 0 0 0 0 0 1 1 1 1 0 1 0 0 1 0 0 0 0 1 0 0 0 0 0 0 0 0 0 0 0 0 0 0 1 0 1 1 1 0 0 0 1 0 
0 1 1 0 5 0 0 0 0 1 0 0 0 1 1 1 1 1 1 0 1 1 0 1 1 0 1 1 1 0 0 0 1 0 1 0 1 1 0 0 1 0 1 1 1 1 1 1 0 1 1 1 0 1 1 1 1 1 0 1 0 0 1 1 0 0 1 0 1 0 1 0 1 0 1 0 1 1 1 0 0 0 1 1 1 0 1 0 0 1 0 0 1 0 0 0 0 1 0 1 
0 1 0 0 0 42 0 1 0 1 1 0 1 0 0 0 0 1 0 1 0 0 1 1 0 1 1 1 0 0 1 0 1 0 1 0 1 0 1 1 0 0 0 1 0 1 1 0 0 0 1 1 1 1 1 1 0 1 1 1 0 1 0 0 1 0 1 1 1 1 1 0 1 0 1 1 0 1 1 1 0 1 0 1 0 0 0 1 0 0 1 1 1 1 1 0 0 1 0 1 
1 1 1 1 0 0 78 0 0 1 0 0 0 0 0 0 1 0 1 1 0 1 0 0 0 1 1 1 1 1 1 0 0 0 0 1 1 0 1 1 0 0 1 0 0 1 0 0 1 1 1 0 1 0 0 1 0 0 1 1 0 0 1 0 0 1 1 0 1 1 1 0 1 0 0 0 1 0 0 1 0 0 0 0 0 1 0 0 1 1 0 0 0 1 1 1 0 1 1 0 
1 0 0 0 0 1 1 78 0 1 1 0 1 0 1 0 1 1 0 0 1 1 1 0 1 0 0 1 1 1 1 0 0 0 1 1 0 1 0 0 0 0 0 1 0 0 0 0 0 1 1 1 1 1 1 0 0 0 1 0 0 0 1 0 0 1 1 1 0 1 0 1 0 0 1 1 0 1 0 1 0 1 1 1 0 0 0 0 0 0 0 0 1 0 1 1 1 0 0 0 
0 0 0 1 1 1 1 0 42 0 1 0 1 0 1 0 0 0 0 0 1 0 1 1 1 0 1 0 0 0 0 1 1 0 0 1 1 0 1 0 0 0 0 1 1 0 0 0 1 1 0 1 1 1 1 1 1 1 1 0 1 1 1 1 1 0 0 1 1 0 1 0 0 0 0 1 0 0 1 1 1 1 1 1 1 0 1 0 0 0 1 1 0 0 0 1 0 0 0 0 
0 0 0 1 0 0 0 0 0 31 1 0 0 1 0 0 1 1 1 0 0 0 1 0 1 1 1 0 0 1 1 0 0 0 0 0 1 1 1 1 0 1 1 1 1 1 0 1 1 1 0 0 1 1 0 1 0 0 1 0 1 1 1 1 1 0 1 1 1 1 0 1 1 1 0 1 1 1 1 1 0 1 0 0 0 1 0 0 1 0 0 0 1 1 1 0 1 1 0 1 
1 0 1 0 1 1 1 1 0 1 62 0 1 0 1 1 1 0 0 0 1 0 1 1 0 0 1 0 1 1 0 1 0 1 1 0 0 0 0 1 1 0 0 0 1 1 1 1 0 1 1 0 1 0 1 0 1 1 1 1 0 0 0 1 1 1 1 1 0 1 1 0 1 0 1 1 0 0 1 1 1 1 0 0 0 1 1 0 1 1 1 0 1 0 1 0 1 1 1 1 
1 0 0 1 1 1 1 1 0 0 0 33 1 1 1 0 1 1 1 0 1 0 0 0 1 0 1 0 0 1 1 1 1 1 1 1 0 0 1 1 0 1 0 1 1 1 0 1 0 1 0 0 0 1 1 1 1 1 1 0 0 0 1 0 1 0 1 1 1 1 1 0 0 1 0 0 0 0 0 1 1 0 0 0 1 0 0 0 0 0 1 1 1 0 0 1 1 0 1 0 
1 1 1 1 1 1 0 1 0 0 0 0 44 1 1 0 1 1 1 0 1 0 1 0 0 1 0 1 1 1 1 1 1 0 1 1 1 1 0 1 1 1 1 1 1 0 0 0 1 1 0 0 1 0 0 1 0 0 1 0 1 0 1 0 1 0 1 1 0 1 1 0 1 0 1 0 0 0 1 1 0 0 1 1 1 0 1 1 1 1 1 0 0 0 0 0 0 1 0 0 
0 0 0 1 1 0 1 1 0 0 0 0 1 77 1 1 0 0 0 1 1 1 1 0 0 1 0 0 1 1 1 1 0 0 0 1 0 0 1 1 1 1 0 0 0 0 0 0 1 1 0 0 0 0 0 1 1 0 0 1 0 0 0 1 1 0 1 1 0 1 0 1 1 0 1 0 1 0 0 0 0 1 0 1 0 0 1 0 1 0 1 1 0 1 1 1 1 0 1 0 
1 0 1 0 1 0 1 1 0 1 0 0 0 1 85 1 0 1 0 1 1 0 0 0 0 1 0 0 0 1 0 0 0 0 0 1 0 0 1 1 0 0 0 0 1 0 1 1 1 1 0 0 1 1 1 0 0 1 0 1 0 1 1 1 0 0 1 0 1 0 0 1 1 1 0 0 0 1 0 0 1 1 0 0 1 0 1 0 1 1 1 0 0 1 1 1 1 1 0 1 
1 1 0 0 0 0 0 1 0 0 0 1 0 0 1 89 1 0 0 0 1 0 1 0 1 1 0 0 0 0 0 1 0 1 0 0 0 0 0 1 0 1 0 0 1 0 0 1 0 1 0 1 1 1 0 1 1 0 0 1 1 1 0 0 1 1 0 0 1 0 0 0 1 1 0 0 0 1 0 0 0 0 1 1 1 1 1 0 0 0 0 1 1 1 0 0 0 0 0 1 
1 0 0 1 0 0 0 1 0 0 0 1 1 0 0 0 25 1 0 1 0 0 1 1 0 0 0 1 0 1 1 1 0 1 0 0 1 1 1 1 0 0 0 0 1 1 1 0 1 0 1 1 0 0 1 1 0 0 0 1 1 1 1 0 1 1 0 1 0 1 1 1 0 0 0 0 0 1 1 0 0 0 0 1 0 1 1 0 0 0 0 0 1 1 1 0 0 0 1 0 
0 1 0 1 1 1 1 1 1 1 1 1 0 0 1 0 1 55 0 1 0 1 1 0 1 0 0 0 0 0 1 1 1 0 1 1 0 1 1 0 0 0 1 0 0 1 1 1 1 0 0 0 1 0 1 1 1 1 1 0 1 1 1 0 0 1 1 1 0 0 1 1 0 1 0 1 1 0 1 0 0 0 1 0 1 1 0 1 1 0 1 1 1 0 1 0 1 0 0 1 
0 1 1 1 0 1 1 1 0 1 0 0 0 1 0 0 1 1 46 1 0 0 0 0 1 0 1 1 0 1 0 1 1 1 0 1 1 1 1 0 1 0 1 1 0 1 0 1 1 1 1 0 0 0 1 0 1 1 0 1 1 1 0 1 0 0 1 0 0 1 1 0 1 1 0 0 1 1 0 1 1 0 1 1 0 0 0 0 1 0 1 0 0 0 1 1 1 0 1 1 
0 1 1 0 1 1 0 0 0 1 1 0 0 0 1 0 0 0 1 93 1 1 1 0 1 0 0 0 1 1 1 0 0 0 0 1 0 0 1 0 0 0 1 1 0 1 0 1 0 1 1 0 1 0 0 1 0 1 0 1 0 0 0 1 1 1 1 0 1 0 1 0 1 0 0 0 1 1 1 0 1 1 0 1 1 0 1 0 0 0 1 0 0 0 1 1 1 0 1 1 
1 1 1 1 1 0 0 0 1 0 1 0 1 1 0 0 0 1 1 1 83 0 0 0 0 1 0 0 1 0 0 0 1 0 0 1 0 0 0 1 1 1 1 1 1 0 1 1 1 1 1 1 0 1 0 0 0 0 1 0 1 1 0 0 1 1 1 1 1 0 0 1 0 1 0 0 0 1 1 1 1 0 1 1 1 1 0 1 1 1 1 0 0 1 0 0 0 1 1 0 
0 0 1 1 0 0 0 1 0 1 1 1 1 1 1 0 0 0 1 1 0 94 1 0 1 1 0 0 1 1 1 1 0 1 1 0 1 1 0 1 0 1 0 1 1 0 0 1 0 1 0 0 1 1 1 1 0 1 1 1 0 1 0 0 1 0 1 1 1 1 0 0 0 0 1 0 0 1 1 1 0 0 0 1 0 1 0 1 1 1 0 1 0 0 1 0 1 0 1 0 
1 0 0 1 1 0 0 1 0 1 1 1 1 0 0 0 0 1 1 1 1 1 40 1 1 1 0 0 0 0 0 1 1 0 1 0 1 1 0 1 0 1 0 1 1 1 0 1 0 0 1 1 0 0 0 0 1 0 1 0 0 1 1 0 1 0 0 1 0 0 0 0 0 1 1 1 0 0 1 0 1 1 1 1 0 1 1 1 1 0 1 1 0 0 0 1 0 1 0 1 
1 1 1 1 0 1 0 0 0 1 1 0 0 1 1 0 0 0 0 1 0 0 0 27 0 1 1 0 0 1 1 1 1 0 0 0 0 0 0 1 0 1 0 0 0 1 1 0 1 0 1 0 1 0 0 1 1 0 1 1 0 0 0 1 1 0 1 1 1 0 0 1 1 1 0 1 1 1 1 0 1 0 0 0 1 1 0 0 0 0 1 0 1 0 1 0 0 0 0 0 
0 0 0 1 1 1 0 0 0 0 0 0 1 0 0 1 1 1 1 0 1 1 1 0 77 1 0 1 0 0 1 1 0 1 1 0 0 1 1 1 1 1 0 0 1 1 1 1 1 0 0 1 0 0 0 0 1 0 1 1 0 0 0 1 0 0 0 0 0 1 1 0 1 0 1 1 1 1 0 0 1 1 1 0 0 0 1 1 1 1 1 0 1 1 0 1 0 1 1 0 
0 1 1 1 1 1 1 0 0 0 1 1 0 0 0 1 0 1 0 1 0 1 0 1 1 11 1 1 1 0 1 1 0 1 0 0 0 0 0 0 1 1 0 0 0 0 0 0 1 1 0 0 1 1 0 0 1 1 0 1 0 0 1 0 1 0 1 0 1 0 0 1 1 1 1 0 1 1 0 0 0 0 1 1 1 0 1 0 0 0 1 1 0 1 1 1 0 1 1 1 
0 1 1 1 0 1 1 1 0 0 0 1 1 0 0 0 1 0 0 0 0 0 1 0 0 1 58 0 0 0 1 1 1 1 0 0 0 1 0 1 0 1 1 1 1 1 1 0 1 1 0 0 0 0 0 0 1 0 0 1 1 0 0 1 0 0 1 1 1 1 1 0 0 1 1 0 0 1 1 1 0 1 0 1 1 0 0 1 1 0 0 1 1 1 1 1 0 1 1 0 
1 1 0 0 0 1 1 1 1 0 0 1 1 0 1 0 1 1 0 0 1 0 0 0 1 1 1 9 1 0 1 0 1 0 1 1 1 0 0 1 1 0 0 1 1 1 1 1 1 0 1 0 0 1 0 0 0 0 0 0 1 1 0 0 1 0 1 1 0 0 1 1 0 0 1 1 1 1 1 1 1 0 0 1 1 1 0 1 0 1 0 1 1 0 0 0 1 0 0 1 
0 0 0 0 0 1 1 0 0 0 1 0 0 0 0 1 0 0 0 0 1 1 0 0 0 0 1 1 54 0 0 1 1 1 1 1 0 1 0 1 1 1 1 0 0 0 0 1 0 0 0 0 0 1 1 0 1 1 1 1 0 0 1 0 0 1 1 1 0 0 1 0 0 1 0 1 0 1 1 0 1 0 0 1 1 1 0 0 1 1 1 0 1 0 1 0 0 0 1 1 
0 1 1 0 1 1 0 0 1 1 1 0 1 1 0 1 0 1 1 1 1 1 0 0 1 1 0 1 0 17 0 1 1 1 0 0 0 1 0 0 0 1 1 0 0 1 0 1 0 1 0 1 1 0 0 0 0 0 1 0 0 0 0 0 1 1 0 1 0 0 1 1 0 1 1 0 1 1 0 0 1 1 0 1 1 0 0 0 1 1 0 1 1 1 0 0 1 1 0 0 
0 0 1 1 0 1 0 1 0 1 1 0 0 0 0 1 0 1 0 0 0 1 1 1 1 0 1 0 1 1 39 0 1 0 1 1 0 1 1 0 1 1 0 0 0 1 1 0 1 1 0 0 0 0 0 0 1 1 0 1 1 1 0 0 1 0 0 0 0 0 1 0 1 0 1 0 1 1 0 0 1 0 1 1 0 0 1 0 1 1 0 1 1 1 1 0 0 1 0 0 
1 1 1 1 0 1 1 0 0 0 1 0 0 0 0 0 0 0 0 1 0 0 0 0 0 1 0 0 0 1 1 48 1 0 0 1 1 1 0 0 1 1 0 1 1 0 1 1 0 1 0 0 1 0 1 1 1 0 0 1 0 0 1 0 0 1 0 0 1 0 0 1 1 1 0 0 0 1 1 0 1 1 1 0 1 0 1 1 0 0 1 0 1 1 0 1 1 0 0 0 
0 0 0 0 1 0 1 0 0 1 0 1 1 0 1 1 1 0 1 0 0 1 1 1 1 0 1 1 1 1 0 1 45 0 0 1 0 1 1 1 0 0 0 1 1 0 1 0 1 0 1 1 1 0 0 1 0 0 0 1 1 0 1 0 0 1 1 1 1 1 1 1 0 1 0 0 1 1 0 1 0 1 1 0 0 0 0 1 1 0 1 0 0 0 1 0 0 1 0 0 
0 1 0 1 1 1 0 0 1 1 1 0 0 1 1 0 1 0 1 1 1 0 0 0 1 0 0 0 1 0 1 1 0 82 0 1 0 0 0 0 1 0 0 0 1 1 1 1 0 1 1 1 0 0 1 0 0 0 0 1 1 0 0 0 1 0 0 0 0 0 0 1 0 0 0 1 0 1 0 1 0 0 0 1 1 1 0 0 1 0 1 1 1 0 0 0 1 0 0 1 
1 1 0 0 1 1 1 1 0 0 0 1 0 1 0 1 0 0 0 0 1 1 1 1 1 1 0 1 1 1 0 0 0 1 40 1 1 1 0 0 0 1 0 0 1 1 0 0 1 1 1 0 1 1 1 0 1 1 0 1 0 0 1 1 1 1 0 0 1 1 0 0 1 1 1 1 1 0 1 1 0 0 0 0 1 0 0 0 1 1 0 1 1 0 0 0 1 0 0 0 
1 0 0 0 1 1 0 0 1 0 1 0 1 0 0 1 1 1 0 1 1 1 1 0 0 1 0 1 1 0 1 1 0 0 1 14 1 0 1 0 0 0 1 0 1 0 1 1 1 1 1 1 0 1 0 1 0 1 0 1 0 1 1 1 0 0 1 0 1 0 1 1 1 0 1 1 0 1 1 0 0 1 1 0 1 0 1 1 0 1 0 0 0 0 1 1 0 0 1 0 
1 0 1 1 0 0 1 1 1 0 0 1 0 0 1 1 0 1 0 0 0 0 1 1 1 0 0 0 0 1 1 1 1 0 0 1 51 1 0 1 1 1 0 0 0 0 1 1 1 0 1 1 1 0 0 0 1 1 0 0 0 0 1 1 1 1 1 1 1 0 0 0 1 1 0 1 0 0 0 1 1 1 0 1 0 0 1 0 0 0 0 0 1 0 1 1 1 0 1 1 
0 1 0 0 1 1 1 1 0 0 1 1 0 0 1 0 0 1 0 1 0 0 0 0 0 0 0 1 0 0 1 0 0 1 0 0 1 38 1 1 1 0 0 1 1 1 0 1 0 1 1 0 0 1 1 0 1 0 0 0 0 1 1 1 1 1 0 0 0 1 0 0 0 1 1 0 0 1 0 0 1 1 1 0 1 1 1 1 1 1 0 1 1 0 1 0 1 1 0 0 
1 1 1 1 0 0 0 1 1 1 0 1 1 0 0 1 1 0 0 0 0 1 1 0 1 1 0 1 1 1 0 1 0 0 1 1 1 1 22 1 1 0 1 1 0 1 0 1 1 0 1 1 1 0 0 1 0 1 0 1 1 0 0 0 0 0 1 1 1 0 1 1 1 1 0 0 1 1 1 0 1 0 1 0 0 0 0 0 0 0 1 0 0 0 0 1 1 0 1 0 
1 0 1 1 1 1 1 0 0 0 0 0 1 1 1 1 1 0 0 0 0 1 0 1 0 0 0 0 0 1 1 0 1 1 1 0 0 0 0 45 0 0 1 1 1 0 1 0 1 1 1 1 1 0 1 1 0 0 1 0 1 0 1 0 1 0 1 0 0 0 1 1 1 0 0 1 1 0 1 0 1 1 0 1 0 0 1 0 0 0 0 1 1 0 0 1 1 0 0 1 
1 0 1 1 0 1 1 0 0 1 0 0 0 1 1 1 1 1 0 0 0 1 0 0 1 1 1 1 1 0 0 0 0 0 0 0 1 1 0 0 99 0 0 1 0 1 1 0 1 1 1 0 1 0 1 0 0 1 1 1 0 0 1 0 1 0 1 0 0 1 0 1 1 0 1 1 1 0 1 1 1 0 1 1 1 1 0 0 0 0 0 1 1 0 1 0 1 0 0 1 
1 1 1 1 1 0 0 0 0 1 0 0 0 0 1 1 1 1 0 1 1 1 1 1 0 1 0 0 0 0 0 1 1 0 1 1 1 1 0 0 0 0 1 0 0 0 0 1 1 0 0 1 1 0 1 0 1 0 1 1 0 0 1 0 1 1 0 0 1 0 0 0 1 1 1 1 1 1 0 0 1 1 1 0 0 1 1 0 1 0 0 0 1 1 1 1 0 1 0 1 
0 0 0 1 1 0 0 0 0 1 0 0 1 0 1 0 0 0 1 1 1 1 0 0 0 1 1 0 1 0 1 0 0 0 1 1 0 1 0 0 1 0 85 0 0 1 1 1 0 1 1 0 1 1 0 0 0 1 0 1 0 0 1 0 1 1 0 1 0 0 0 1 0 1 1 1 1 0 0 0 1 1 1 0 1 0 1 0 0 1 0 0 0 0 1 1 0 1 1 1 
0 0 0 0 1 1 0 0 0 1 0 1 0 0 1 1 0 0 0 1 1 1 0 1 0 1 1 0 1 0 1 1 0 0 1 1 0 0 1 1 1 1 0 77 1 1 0 0 0 0 1 1 1 0 1 1 1 0 0 1 0 1 1 0 1 1 0 0 1 1 1 1 0 0 1 1 1 1 0 1 1 1 0 1 1 0 1 1 1 0 1 1 0 1 1 1 1 0 1 1 
1 1 1 1 0 0 1 0 1 1 0 0 0 0 1 0 1 0 1 0 1 1 0 0 0 1 1 1 1 1 0 1 1 0 0 1 1 1 1 0 1 1 1 1 93 0 1 1 0 0 1 0 0 0 1 0 1 0 1 0 1 0 1 1 0 1 0 0 0 0 1 1 1 0 0 1 1 1 1 0 1 0 0 1 1 0 0 0 0 1 0 1 1 0 1 0 1 1 0 0 
0 0 1 1 0 1 1 0 0 0 1 1 0 1 1 0 0 1 1 0 1 0 0 0 0 1 0 1 0 0 0 0 1 1 1 1 1 1 0 0 1 1 0 0 0 26 1 0 1 0 1 1 1 1 0 1 1 1 1 1 0 1 0 0 1 1 1 1 0 1 0 0 0 0 1 1 1 1 0 0 0 1 0 0 1 0 0 0 0 1 1 0 0 0 1 0 0 0 1 1 
1 1 1 0 0 0 0 0 0 0 1 1 0 0 0 1 1 1 0 1 1 1 1 0 1 0 0 0 0 0 1 1 0 1 1 1 0 0 0 1 0 1 0 0 0 0 5 1 1 0 1 0 0 1 1 1 0 1 0 1 1 1 1 0 1 0 0 0 0 0 1 0 1 1 1 0 1 0 0 0 1 0 1 0 1 1 1 1 1 1 0 0 0 1 0 0 1 0 1 0 
1 0 1 1 1 1 1 0 0 0 1 1 1 1 1 1 0 0 0 1 0 0 1 1 1 1 0 1 0 1 1 0 1 0 0 0 1 0 0 1 0 1 0 1 0 0 0 88 0 1 0 0 0 0 0 0 0 1 0 1 1 0 1 0 0 0 1 0 1 1 0 0 1 0 0 0 0 1 1 1 1 0 1 0 0 1 1 0 1 0 0 0 1 0 1 1 1 0 1 1 
1 1 0 0 0 1 0 0 0 0 1 0 0 1 0 0 0 0 0 0 1 0 1 1 1 1 0 0 0 0 1 1 1 0 0 1 1 0 1 0 0 1 1 0 0 0 1 1 4 1 1 0 0 1 1 0 1 1 0 1 1 1 0 0 1 1 0 1 1 1 0 1 1 1 0 1 0 1 0 1 0 0 1 0 0 1 1 0 0 1 0 0 1 0 0 1 1 1 1 0 
0 0 0 1 0 0 0 0 1 1 1 1 0 1 0 1 1 1 0 1 0 0 1 0 1 0 0 1 0 1 1 1 1 1 1 0 1 0 1 0 1 1 1 0 1 1 0 1 1 54 1 1 1 1 0 0 0 0 0 0 0 0 1 1 1 0 0 1 1 0 1 0 1 0 1 0 0 0 1 1 1 1 0 1 1 0 1 1 0 0 1 1 1 1 1 0 0 1 0 1 
0 0 1 0 0 0 1 1 1 0 0 1 1 1 1 0 0 1 1 0 1 1 1 0 0 0 0 1 0 0 1 1 0 1 1 1 1 0 1 1 0 1 1 1 0 1 0 1 0 0 12 1 0 0 1 0 0 1 0 1 0 1 0 1 1 1 0 0 0 1 1 1 1 1 0 1 0 0 0 0 0 1 0 0 0 1 0 0 1 0 1 1 0 1 1 1 1 1 0 1 
0 0 0 1 0 1 0 1 0 1 0 0 0 1 1 0 0 0 0 1 0 0 0 0 1 0 0 1 0 0 0 1 1 1 1 0 0 0 0 0 1 0 1 0 1 1 0 0 1 1 0 59 0 0 1 0 0 0 0 0 0 1 0 0 1 0 0 1 0 0 0 1 1 0 1 1 0 0 0 0 1 1 1 0 1 0 1 1 1 1 0 1 0 0 0 0 0 0 1 0 
1 1 0 0 0 1 0 1 1 0 0 0 0 1 1 0 1 1 0 1 1 1 0 0 1 1 0 1 0 1 0 1 0 0 0 0 0 1 0 0 1 1 1 1 0 1 0 0 1 0 1 1 60 0 1 1 0 0 1 0 0 0 0 0 0 1 1 1 0 0 0 0 1 0 0 0 0 1 0 1 0 0 1 1 1 1 1 0 1 0 0 0 0 1 1 1 0 1 0 0 
0 0 1 1 0 0 1 0 0 1 0 0 0 1 0 1 0 0 1 0 1 0 0 0 1 1 1 1 0 0 1 1 0 1 0 1 0 0 0 0 0 1 1 0 1 1 1 1 1 0 1 0 1 19 0 0 0 1 0 0 0 0 1 0 0 0 1 0 1 0 0 1 1 1 1 1 1 0 1 1 1 1 1 0 1 1 0 0 0 0 1 1 0 1 0 0 1 1 1 0 
0 0 1 0 1 0 0 1 0 0 1 0 0 0 1 1 0 1 1 1 0 1 1 1 0 0 1 1 1 0 0 0 1 1 1 0 1 1 1 1 1 1 1 1 0 0 1 0 1 0 1 0 1 0 41 1 0 0 0 0 0 1 1 1 1 1 0 1 0 1 1 0 1 1 1 0 1 0 0 0 1 0 1 0 0 1 0 1 0 0 1 0 0 0 0 1 1 1 0 1 
0 1 1 0 1 1 0 0 0 1 1 1 1 1 0 1 0 1 1 0 1 0 0 0 0 0 0 1 1 0 1 1 0 0 1 0 1 1 0 0 0 0 1 0 0 0 1 0 1 1 1 0 0 0 1 65 1 1 0 1 0 1 1 1 0 0 0 0 0 0 1 0 0 1 1 0 0 1 0 1 1 1 1 0 0 0 1 1 0 0 1 1 1 0 1 0 0 1 1 0 
1 0 0 0 1 1 1 0 1 1 0 1 1 1 0 0 1 1 0 1 0 0 0 1 1 0 1 1 0 0 1 1 0 1 0 1 0 0 1 0 1 1 0 1 1 0 0 0 1 0 0 0 0 1 1 0 68 1 1 0 0 1 0 1 0 0 1 0 0 1 1 1 0 1 1 0 0 0 1 1 0 0 1 0 0 1 1 0 1 0 1 1 0 1 0 1 1 0 0 0 
0 1 0 0 1 1 1 1 0 1 0 0 1 0 1 0 0 0 1 1 1 1 1 1 0 1 0 0 1 1 0 1 1 1 0 1 0 1 1 1 0 1 1 0 1 0 0 1 0 1 0 0 0 0 0 0 0 3 1 1 1 0 0 1 0 0 0 1 1 1 0 0 1 0 0 1 0 0 1 0 0 1 0 1 0 1 1 0 0 0 0 0 1 0 0 1 1 1 1 1 
1 0 0 1 0 0 0 0 0 0 0 0 1 1 1 0 0 1 0 0 0 0 0 1 0 0 0 0 1 1 0 1 0 0 1 0 1 1 0 1 0 0 1 0 1 0 0 0 1 1 1 0 0 1 0 0 1 1 81 1 0 0 1 0 0 0 0 0 1 0 0 1 0 0 0 1 0 1 1 0 0 1 0 1 0 1 0 1 0 1 0 1 1 0 1 1 0 1 1 0 
0 0 0 0 1 0 0 1 1 0 1 0 1 0 1 1 1 1 0 1 1 0 0 0 1 1 1 1 1 1 0 0 0 1 1 1 0 1 0 1 0 1 0 0 1 0 1 0 1 1 1 1 1 0 1 0 0 1 0 25 1 1 1 0 1 0 0 1 0 0 1 0 0 0 0 0 1 0 0 0 1 1 0 0 0 1 1 1 0 1 0 1 0 0 0 0 0 1 1 0 
0 0 0 0 0 1 1 0 1 0 0 1 1 1 0 0 0 1 0 0 1 0 1 1 1 0 1 0 0 1 1 1 1 1 1 0 1 0 0 1 1 0 0 1 1 0 0 1 1 0 1 0 0 1 1 0 1 0 0 1 4 1 1 1 0 1 0 0 0 0 0 1 1 1 0 1 1 1 0 0 1 1 0 0 1 1 1 1 1 0 1 0 0 1 1 0 1 0 0 1 
0 0 0 0 1 1 0 1 0 0 1 0 0 0 0 0 0 0 0 0 0 0 0 0 1 0 1 1 1 0 1 0 0 0 0 1 0 0 1 0 1 1 0 0 1 1 0 0 1 1 1 1 1 1 1 0 1 1 0 1 0 13 0 0 0 0 1 1 1 0 0 0 1 0 1 0 0 1 1 0 1 0 1 0 0 0 1 1 0 1 1 1 1 0 1 1 1 1 0 1 
0 0 1 1 0 1 0 1 1 0 0 0 0 0 0 0 1 1 0 1 1 0 1 1 1 0 1 1 1 0 1 0 1 1 1 0 1 0 1 1 1 1 0 1 1 0 1 1 1 1 1 0 0 1 1 0 0 0 1 0 0 1 0 1 0 1 1 0 0 0 0 0 0 1 0 1 0 1 1 0 1 1 1 1 0 1 1 0 0 1 1 1 0 0 0 0 1 1 1 0 
0 0 0 1 0 0 1 0 0 0 1 0 0 1 1 1 1 1 1 1 1 1 1 1 1 0 1 0 1 1 0 1 0 1 0 0 1 1 0 0 0 0 1 0 1 0 1 0 1 1 0 1 1 1 1 0 0 1 0 1 1 0 0 7 1 1 0 0 1 1 0 0 1 0 0 1 1 0 0 0 1 0 0 0 1 0 0 0 0 0 0 0 1 1 1 1 0 1 0 0 
0 1 1 0 0 0 1 0 0 1 1 0 0 0 0 0 0 1 0 0 0 1 1 1 0 0 0 1 1 1 1 0 0 0 0 0 0 0 1 1 0 0 1 1 1 0 0 0 0 1 0 1 0 1 1 1 0 0 1 1 0 1 1 0 70 1 1 1 1 1 0 1 0 0 1 1 1 1 1 1 1 0 0 1 1 0 0 1 1 0 1 1 0 1 1 1 1 1 0 0 
1 0 1 1 1 1 1 0 0 1 0 1 0 0 0 1 1 1 1 0 1 1 1 1 1 0 1 1 0 0 0 1 1 1 0 0 1 0 1 0 0 0 1 1 1 1 1 0 1 1 0 0 1 0 1 1 1 0 0 1 1 1 0 0 0 53 1 0 0 0 1 1 1 0 0 1 0 1 1 0 0 1 1 1 1 1 0 1 0 0 0 1 1 0 1 1 1 0 0 0 
0 1 0 1 0 1 1 0 0 0 1 0 1 0 1 0 0 1 0 1 1 1 0 0 1 0 0 0 1 0 1 1 1 1 0 0 0 0 1 1 0 0 0 0 0 0 0 0 1 1 1 0 0 0 1 0 1 1 1 1 1 0 1 0 1 1 4 1 0 1 1 1 1 1 0 1 1 1 1 0 0 1 1 0 1 1 1 0 1 1 1 1 1 0 0 1 0 1 1 1 
1 0 1 0 0 0 0 1 1 0 0 0 1 1 1 0 0 0 1 0 1 0 1 0 0 1 0 0 0 0 1 0 0 0 0 0 0 1 0 1 0 1 1 1 1 0 1 0 1 0 1 0 0 1 1 0 1 0 0 0 0 1 0 0 0 0 1 40 1 1 0 0 1 1 0 0 0 1 1 0 0 0 1 1 0 1 0 0 1 0 0 0 1 1 0 1 0 0 0 1 
0 1 0 0 1 1 0 0 1 0 0 0 0 0 1 0 0 1 1 1 1 1 0 0 0 1 1 0 1 0 1 0 0 0 0 0 0 0 0 0 0 0 0 1 1 0 1 0 1 0 1 1 1 0 0 0 1 0 0 1 0 1 0 0 1 0 1 0 39 1 1 0 0 1 0 1 1 1 1 1 0 0 1 1 0 0 1 0 1 0 0 1 0 0 1 0 1 0 1 1 
1 1 1 1 0 1 0 1 1 0 0 0 0 1 0 0 0 1 1 0 1 0 0 0 0 1 1 0 0 1 1 0 1 0 1 0 0 0 1 1 1 1 0 0 1 1 0 0 1 1 1 0 1 0 1 1 0 1 1 1 0 1 0 0 1 0 0 0 1 50 0 0 1 1 0 1 0 0 1 1 0 0 0 1 0 0 1 0 1 0 1 0 1 1 1 1 0 0 1 1 
1 1 0 0 1 0 1 1 1 0 0 1 0 1 1 0 0 0 0 1 0 0 1 0 0 1 0 1 0 1 0 0 1 0 1 0 0 1 1 1 1 1 0 0 1 1 1 0 0 0 0 1 0 1 1 0 1 1 1 0 0 1 0 1 0 0 0 0 0 1 22 1 1 1 1 1 0 0 0 1 1 1 1 1 0 1 0 0 0 0 1 0 0 0 1 1 0 0 1 1 
1 1 0 0 0 1 0 1 1 0 1 1 1 1 0 0 1 1 0 0 1 0 1 1 1 0 0 0 1 1 1 1 0 0 0 1 1 1 0 0 1 0 0 1 1 1 1 0 1 1 0 0 0 0 1 0 1 0 1 1 0 1 1 0 1 0 0 1 0 0 0 83 0 1 0 1 1 0 0 0 0 0 0 0 1 1 1 1 1 1 1 1 0 0 0 1 0 0 0 1 
1 0 0 1 1 0 1 1 0 0 1 1 0 0 1 0 0 1 0 1 1 0 0 0 0 0 0 0 0 0 1 0 0 1 1 0 0 1 0 1 1 0 1 1 0 1 1 0 1 1 1 1 1 1 1 1 0 0 1 1 0 0 0 1 0 1 0 0 1 0 0 0 37 0 0 1 1 0 1 1 1 0 1 0 0 0 0 0 0 0 0 0 0 1 0 1 0 1 1 0 
1 0 1 1 0 0 1 0 0 1 0 0 1 0 1 0 0 1 0 0 1 0 1 0 1 0 0 0 0 0 0 0 1 0 0 1 0 1 0 1 1 1 0 1 1 0 1 1 1 1 0 0 1 0 1 0 1 1 1 1 0 1 0 0 1 1 0 0 0 0 1 1 1 15 1 0 0 1 0 0 0 0 0 0 0 1 1 0 1 1 1 0 1 0 1 1 0 1 1 1 
0 1 0 1 0 1 1 1 1 0 1 0 1 1 1 1 0 0 0 0 1 0 1 1 0 1 0 0 1 0 0 1 0 0 0 0 0 1 0 1 0 1 1 0 1 0 0 0 1 1 0 0 0 1 0 0 0 1 0 1 1 0 0 1 1 1 1 0 1 1 1 0 0 0 91 1 0 1 0 0 1 0 0 1 1 1 1 1 0 0 1 0 0 1 1 0 1 1 0 1 
0 0 0 1 0 0 1 1 1 1 0 0 0 1 1 0 0 0 1 1 1 1 0 0 1 0 0 0 1 1 0 0 1 1 0 1 1 1 1 1 1 0 1 0 0 0 0 0 1 1 0 1 0 0 1 1 1 1 0 0 1 1 1 0 0 1 0 0 1 0 1 0 0 1 0 92 1 1 1 0 0 0 0 0 0 1 0 1 1 0 1 1 0 1 0 1 0 1 0 0 
0 1 1 0 1 1 0 0 0 1 1 0 0 0 1 0 1 1 1 0 0 0 0 1 0 1 0 0 1 0 0 1 1 0 0 0 1 0 0 1 1 0 1 1 1 1 0 1 0 0 1 0 0 1 1 0 1 1 1 1 0 0 0 1 1 0 0 1 0 1 0 0 0 0 0 1 8 0 0 0 1 0 0 0 0 1 0 1 0 1 1 0 0 1 0 1 1 0 0 1 
1 0 1 0 1 1 0 1 1 0 1 0 1 1 1 0 0 0 1 1 1 0 0 0 0 1 0 1 0 1 0 0 1 0 0 1 0 0 0 0 0 1 1 0 1 1 1 1 0 1 1 1 1 0 0 1 1 1 1 0 1 0 1 0 1 1 1 0 1 1 0 1 1 0 1 0 1 35 1 1 1 1 0 1 1 1 1 1 1 0 1 1 1 1 1 1 0 1 0 0 
1 1 0 0 0 0 1 0 1 1 0 1 1 0 0 0 1 1 1 0 0 1 1 1 0 0 0 0 1 1 0 1 0 0 1 0 0 0 1 1 0 0 0 1 1 1 0 0 0 1 0 0 1 0 0 0 1 0 1 1 0 1 0 1 0 0 0 1 1 1 1 1 1 0 1 0 0 0 51 0 1 1 0 0 0 1 1 1 0 1 1 0 0 1 1 0 0 1 0 0 
0 1 1 0 1 0 1 0 0 0 1 0 1 1 0 0 1 1 1 0 1 0 0 0 0 1 1 0 0 0 0 0 1 1 1 1 1 0 1 1 1 0 1 1 0 0 0 0 1 0 1 1 0 1 1 0 1 1 1 1 0 0 0 1 0 1 0 0 0 1 1 0 1 1 0 1 0 1 0 35 1 0 0 0 1 0 1 1 1 1 1 0 1 0 0 0 1 1 0 0 
1 0 1 1 1 0 0 0 0 1 1 1 1 1 1 0 1 1 0 1 1 1 0 1 0 1 1 0 0 1 1 0 1 1 1 0 1 0 0 1 0 1 1 0 1 1 0 0 0 0 1 1 0 0 0 0 0 1 0 0 0 0 1 0 1 1 1 0 0 0 0 1 1 1 1 0 0 0 0 0 2 0 0 0 0 0 1 1 1 0 0 0 0 0 1 0 0 1 1 0 
0 1 0 0 0 1 0 0 0 0 0 0 0 0 0 0 0 0 1 1 0 0 0 0 0 1 1 1 1 1 0 1 1 0 1 1 0 1 1 1 1 1 0 0 0 1 0 1 0 1 0 1 1 1 1 0 1 1 1 1 1 1 0 0 0 1 0 0 1 1 0 1 0 1 1 1 0 1 0 0 0 12 1 0 1 0 1 1 1 1 1 1 0 1 1 1 0 1 0 1 
0 1 0 1 0 1 1 0 1 0 0 1 1 0 1 1 1 0 1 1 0 1 0 1 0 0 0 1 1 0 0 1 0 0 0 1 1 1 0 1 0 0 0 1 1 0 1 1 0 1 1 1 0 0 0 1 0 0 1 1 0 0 0 0 0 0 1 0 1 1 1 1 1 0 0 1 0 0 0 0 0 1 32 0 1 0 1 0 0 1 0 0 1 0 0 1 0 1 1 1 
0 0 1 1 0 1 0 0 0 1 0 1 1 0 1 0 0 0 1 1 1 0 1 1 0 0 1 1 1 0 1 0 0 1 1 1 1 1 0 1 1 0 1 0 1 1 1 1 1 1 0 1 0 1 0 1 0 1 0 0 0 0 1 1 0 0 0 0 0 0 1 1 0 1 1 1 1 1 0 0 1 0 0 2 1 1 0 0 0 0 0 1 1 0 1 1 1 0 1 0 
0 0 1 1 1 0 1 1 1 1 0 1 1 0 1 1 0 0 0 0 1 0 1 0 1 0 1 0 0 1 1 1 0 1 0 0 1 0 1 1 0 0 0 1 1 0 1 0 0 1 1 1 0 1 0 1 1 0 0 0 0 1 0 0 1 1 0 1 0 0 0 1 0 1 0 1 0 0 1 1 0 1 0 1 57 0 0 1 1 0 1 0 1 1 1 0 1 0 1 1 
1 0 1 0 0 0 1 1 1 0 0 1 1 1 0 1 1 0 0 0 0 1 0 1 0 1 1 1 0 1 0 1 1 1 1 1 1 0 1 1 0 0 1 0 0 0 1 1 0 0 0 1 1 0 1 1 0 0 0 1 0 0 1 0 0 0 0 1 1 1 0 0 0 1 0 1 0 0 0 1 1 0 0 1 1 62 1 1 1 1 0 1 1 1 1 0 1 1 1 0 
0 1 0 0 0 0 1 1 1 0 0 0 0 1 1 1 0 1 0 0 1 1 0 0 1 0 1 1 0 1 1 0 1 1 1 1 0 1 0 1 1 1 1 0 0 0 1 1 1 1 0 0 0 0 1 0 1 1 1 0 1 1 0 1 0 1 0 0 0 1 0 0 0 0 0 1 1 1 0 1 1 0 0 1 1 0 18 0 1 0 0 0 1 0 0 0 0 0 0 0 
0 1 1 0 0 1 1 0 0 1 0 0 1 1 1 1 0 1 1 1 1 0 0 0 0 0 0 1 0 1 0 1 0 0 0 1 0 1 0 0 1 0 0 0 1 1 0 1 0 1 1 0 0 0 0 0 0 1 1 0 0 0 0 0 0 1 0 0 1 0 0 0 1 1 1 1 1 1 1 1 1 0 1 1 1 1 0 41 1 1 0 1 1 1 0 0 1 0 1 1 
1 0 1 1 0 1 1 0 0 0 1 1 0 0 1 0 0 1 1 0 0 1 1 1 1 1 1 1 1 0 1 1 0 1 0 1 0 0 0 1 1 1 0 0 1 1 0 1 1 1 0 0 1 1 0 1 1 0 0 0 0 0 0 1 0 0 0 1 1 0 1 0 0 0 0 0 0 0 1 1 0 1 1 0 1 0 1 1 43 0 1 1 1 0 1 0 1 0 0 0 
0 0 1 1 1 0 0 1 1 1 1 0 1 0 1 1 1 1 1 1 0 0 1 0 0 1 0 0 1 0 1 1 0 0 1 0 1 1 0 0 1 0 0 0 0 0 0 1 0 1 0 0 0 0 0 0 0 0 0 0 0 1 1 0 1 0 1 1 1 0 1 0 1 1 0 0 1 0 1 0 1 1 1 1 1 1 0 1 0 74 0 1 0 0 1 1 0 0 0 1 
0 0 1 1 0 0 1 1 0 0 0 0 0 1 1 1 1 1 0 0 0 0 1 1 1 0 0 1 1 1 1 1 0 1 1 0 1 0 1 0 1 1 0 0 1 0 0 1 0 1 0 0 1 0 1 0 0 0 1 0 1 0 0 1 0 1 1 1 0 1 1 0 1 0 0 0 1 1 1 0 0 1 1 0 0 1 1 1 1 0 45 0 0 0 0 1 1 1 0 1 
0 0 1 0 1 1 0 0 1 0 1 1 1 1 0 1 1 1 1 0 1 0 0 0 1 0 1 1 1 0 1 0 0 1 1 0 1 1 1 1 1 0 0 1 1 1 0 1 0 1 1 1 0 1 0 1 1 0 0 0 1 1 0 0 0 1 0 0 0 1 0 0 1 1 0 1 1 1 1 1 1 0 1 1 1 0 0 1 0 0 0 67 0 1 1 1 0 0 1 1 
1 1 0 0 1 1 0 0 0 1 0 0 0 1 0 1 1 0 1 1 0 1 0 1 1 1 1 0 1 0 0 0 0 0 0 1 1 0 0 0 1 1 1 0 1 0 1 1 0 0 1 1 1 1 1 0 1 1 0 1 1 0 1 0 0 0 1 1 0 1 1 0 1 1 0 0 0 0 0 1 1 0 0 1 0 0 1 0 1 1 1 0 78 0 0 0 1 0 0 0 
0 1 0 1 1 1 0 0 0 1 0 0 1 0 0 0 1 0 1 1 1 0 0 0 0 0 1 0 1 0 0 1 0 1 1 0 0 0 0 1 1 0 0 1 0 1 1 1 1 1 0 0 1 0 0 1 0 0 1 1 1 0 0 1 1 0 0 0 0 1 0 1 1 0 0 0 0 1 0 1 0 0 0 0 0 1 0 0 1 1 1 0 0 45 1 1 0 1 0 1 
0 1 1 0 1 0 1 0 0 0 0 1 0 0 0 1 1 1 1 0 0 0 1 0 1 1 0 0 0 1 0 0 0 0 0 1 1 1 0 1 0 0 1 1 0 0 0 0 1 1 0 0 1 0 1 1 0 0 0 1 1 0 0 1 1 0 1 0 1 1 1 0 1 1 0 0 1 1 1 0 1 1 0 0 0 1 0 1 1 0 0 1 1 1 87 0 1 1 1 0 
1 1 0 0 0 1 0 1 1 1 1 1 0 0 1 1 1 0 0 0 1 0 1 0 0 0 1 1 0 0 1 1 0 1 1 1 0 0 0 1 1 1 1 0 1 1 1 0 1 1 1 0 0 0 0 0 1 0 0 1 0 1 1 0 0 0 0 0 1 0 1 0 1 0 1 1 0 1 0 1 0 0 0 1 1 1 1 1 1 0 1 0 0 0 1 11 1 1 0 1 
0 1 0 0 0 1 1 1 1 0 0 1 1 0 0 0 1 0 1 0 0 0 1 1 0 1 1 0 1 1 1 0 0 0 1 1 0 1 0 1 0 0 0 1 0 1 0 0 1 1 0 1 0 0 0 0 1 1 0 0 1 0 1 0 1 0 0 1 1 1 1 1 0 0 1 0 1 0 1 1 1 0 1 1 0 0 1 0 1 0 0 1 0 0 1 1 85 0 0 1 
0 1 1 1 0 0 1 0 1 1 1 1 1 1 1 1 0 1 0 1 0 0 0 1 1 0 0 0 1 1 0 0 1 0 1 0 0 0 0 1 0 1 1 0 1 0 0 0 1 0 0 1 1 0 1 0 1 0 1 1 0 1 0 0 0 0 1 1 0 1 0 1 0 0 1 0 0 1 1 1 1 0 1 1 1 0 0 1 0 1 1 1 0 0 0 1 1 88 0 0 
0 0 1 1 1 1 0 0 1 0 1 1 1 1 1 0 0 0 1 1 1 1 0 0 1 1 1 1 1 1 1 1 1 0 0 1 0 1 1 0 0 0 1 1 0 0 1 1 1 1 1 1 1 1 0 0 0 0 1 0 0 1 1 1 1 0 1 1 0 1 1 0 0 0 1 1 1 0 0 0 1 0 0 1 0 1 1 0 1 1 0 0 0 0 0 0 1 1 93 1 
0 0 0 1 0 1 0 0 1 0 0 0 1 1 0 0 0 1 0 1 0 1 0 1 1 0 0 0 1 0 0 1 0 1 1 1 1 1 1 0 0 1 0 1 0 1 1 1 0 0 1 1 0 0 0 1 1 1 0 0 1 0 1 0 1 1 0 0 1 0 1 0 0 1 1 1 1 0 1 1 1 1 0 1 0 0 1 1 1 1 0 1 1 0 0 1 1 0 1 1