100
13 1 1 1 1 0 1 1 0 1 1 0 0 0 1 1 0 1 1 1 0 1 0 1 1 0 1 0 0 1 0 1 1 0 1 0 1 1 0 0 1 1 0 1 0 0 0 1 1 0 0 1 0 0 0 1 0 1 0 1 0 1 0 0 1 0 1 1 1 0 0 0 0 1 0 1 1 1 1 1 1 1 1 0 0 1 0 0 1 1 0 1 1 0 1 0 0 0 0 1
1 77 1 0 0 0 0 1 1 0 0 0 0 1 1 0 1 0 1 0 0 0 1 0 0 0 0 0 0 0 1 1 0 0 0 1 1 1 1 0 1 0 0 0 0 1 1 0 1 1 1 0 1 1 0 0 0 0 1 1 1 1 0 0 1 0 0 0 0 0 1 0 1 1 0 1 1 0 0 1 0 0 0 0 0 1 0 0 1 0 0 1 1 0 0 0 1 1 1 1
1 0 84 0 1 1 0 1 0 1 0 1 1 0 1 1 1 1 0 0 1 0 0 1 1 1 1 1 0 1 0 0 1 1 1 0 0 0 0 1 0 1 1 0 1 0 1 0 0 1 0 0 0 1 1 1 0 1 1 1 0 0 1 1 0 1 0 0 1 1 0 0 1 0 0 1 0 0 0 1 1 1 1 1 1 1 1 0 1 0 1 1 0 1 1 0 1 1 1 0
0 1 0 80 1 0 0 0 1 1 0 1 1 0 1 1 1 1 0 0 0 0 1 0 0 0 1 1 1 0 1 0 0 0 0 1 1 1 1 1 0 1 1 1 1 1 0 0 0 1 0 0 0 1 1 1 0 0 0 1 1 0 0 0 1 0 0 0 1 0 1 0 0 1 0 0 0 0 1 1 0 0 0 1 0 1 0 1 0 1 0 0 0 0 0 1 0 1 0 1
1 1 0 1 11 1 0 0 1 1 0 1 0 1 0 0 0 1 0 1 0 0 1 0 0 0 0 0 0 0 0 1 1 0 0 1 1 0 0 1 0 0 0 0 1 1 1 0 1 1 1 1 1 0 0 1 0 0 0 0 1 0 1 1 1 0 0 0 0 0 1 0 1 0 1 0 1 1 0 0 1 1 1 0 0 0 0 1 0 0 0 1 0 1 0 0 1 0 1 0
0 1 1 1 1 74 0 0 1 1 1 1 1 0 0 0 1 1 0 0 1 0 1 0 0 1 0 1 1 0 0 1 0 1 1 1 0 1 1 0 1 0 1 0 1 1 1 0 0 0 1 1 0 0 1 0 1 0 1 1 1 1 0 1 1 0 0 0 1 1 0 1 0 1 1 1 1 1 1 1 1 1 0 1 0 1 1 0 1 1 1 0 0 0 1 1 1 1 0 1
0 0 0 0 0 0 42 0 0 1 0 1 1 0 0 0 0 0 0 0 0 0 0 0 1 0 0 0 0 0 1 1 1 1 0 0 0 1 1 1 1 1 1 1 1 1 0 1 1 0 0 0 0 1 0 0 1 1 1 1 0 1 0 0 1 1 0 1 1 1 1 0 1 1 1 1 1 1 1 0 1 1 0 1 0 1 1 1 0 0 0 0 0 0 0 0 0 1 0 1
0 0 1 1 0 0 1 81 0 0 1 1 0 0 0 1 1 0 0 0 0 0 1 0 0 1 0 0 0 1 1 0 1 1 1 0 0 0 1 0 1 0 1 1 1 1 1 0 0 0 1 1 0 1 0 0 1 1 1 0 1 0 0 0 0 0 0 0 0 0 1 1 0 0 0 1 1 0 0 1 1 1 0 1 0 0 0 1 1 0 1 0 1 1 0 0 0 0 0 0
1 1 0 1 0 1 0 1 70 0 0 1 1 0 1 0 1 1 0 0 1 0 0 0 0 0 1 0 1 1 1 0 0 0 1 0 0 0 1 0 0 1 0 1 1 1 0 0 0 1 0 1 1 0 1 1 0 1 1 0 1 1 1 0 1 1 1 1 1 0 1 1 1 0 1 1 1 1 1 1 0 1 1 1 0 0 0 0 1 0 1 0 1 1 0 0 1 0 0 1
1 0 0 1 0 1 1 1 0 38 1 0 0 0 1 1 1 1 1 0 1 1 0 0 0 0 1 1 1 0 1 0 1 1 0 1 1 0 0 1 0 0 0 1 1 0 0 0 0 0 0 0 0 0 0 1 1 0 1 0 0 1 0 0 0 1 1 0 1 0 0 0 0 1 0 1 1 0 1 0 0 1 0 0 0 0 1 1 1 0 1 1 0 0 1 1 1 1 0 0
1 1 0 0 0 0 1 0 1 1 74 1 0 0 1 1 1 0 0 1 1 0 1 1 1 0 1 1 1 0 1 0 0 0 0 0 1 0 0 1 1 1 0 0 0 0 1 0 1 0 1 0 0 1 0 1 0 0 1 1 1 0 0 0 1 1 1 0 0 0 0 0 0 1 0 0 0 0 1 1 1 1 0 1 0 0 0 1 0 1 1 0 0 0 1 1 0 0 1 0
0 0 1 1 0 0 1 0 1 1 1 3 0 0 0 0 0 1 1 1 0 1 1 0 0 0 1 1 0 1 1 1 0 1 0 0 1 1 1 1 0 0 1 0 1 0 0 0 0 0 1 0 1 1 0 0 1 0 1 0 1 0 0 1 1 1 1 0 1 1 1 0 0 0 0 1 1 1 1 0 1 0 0 0 1 1 0 1 0 1 1 0 0 0 0 0 0 1 1 1
1 1 1 0 1 0 0 1 1 0 0 0 81 1 1 1 1 1 0 1 1 0 0 1 0 0 0 0 1 0 1 0 0 0 0 1 0 0 0 1 1 0 1 1 0 1 1 1 0 1 1 0 1 0 0 1 1 1 1 1 0 0 1 1 0 1 1 0 1 1 0 1 0 1 1 1 0 0 0 1 1 1 1 1 0 0 0 1 1 0 1 0 1 1 0 1 1 0 1 1
1 0 1 1 1 0 1 1 1 0 0 0 1 44 0 0 0 1 1 0 1 0 1 1 0 0 1 0 0 0 1 0 1 0 0 0 1 1 1 1 0 1 0 0 1 1 1 1 1 1 0 1 0 0 1 1 1 1 1 1 0 1 0 1 1 0 0 0 0 0 1 1 0 1 0 1 0 0 0 1 1 1 1 0 1 1 0 0 0 0 0 1 0 0 0 1 1 1 1 0
0 1 1 1 0 0 1 1 0 0 0 1 0 0 38 0 0 1 1 1 1 1 1 0 0 1 0 1 0 1 1 1 0 1 1 0 1 1 0 1 1 1 1 0 1 1 0 1 1 0 1 0 0 0 1 1 0 1 0 1 1 1 1 1 1 1 0 1 0 0 0 1 0 1 0 0 1 1 1 0 0 0 0 1 0 0 1 0 1 1 1 1 1 1 0 0 0 1 0 1
0 1 0 0 1 1 0 1 1 1 1 0 0 1 0 84 0 1 1 1 0 1 0 1 1 0 1 0 1 0 0 1 0 1 1 1 0 0 1 1 0 1 1 0 1 1 1 1 1 1 1 1 0 0 0 1 0 0 1 1 0 0 0 0 1 0 1 0 0 0 0 1 1 1 1 1 0 0 1 0 1 1 1 0 1 0 1 0 0 1 1 0 1 1 0 0 1 0 0 1
1 0 0 1 0 1 1 0 0 0 1 0 1 1 1 0 26 1 1 1 1 0 0 0 1 0 1 0 0 1 1 1 1 1 1 0 1 1 0 1 1 1 1 1 1 0 1 1 1 1 0 0 0 1 1 1 1 1 0 1 1 0 0 0 0 1 0 1 1 1 1 1 1 1 0 0 0 1 1 1 0 1 1 1 0 0 0 0 1 0 0 1 1 1 1 1 0 0 1 1
0 1 1 1 0 1 1 1 1 0 0 1 1 1 1 0 1 32 0 1 1 0 1 1 0 1 1 1 0 0 0 0 0 0 0 0 0 0 0 0 1 0 1 1 1 1 1 1 1 0 0 1 0 0 0 1 0 0 1 1 0 0 0 1 0 0 1 0 0 0 0 1 1 1 0 0 0 1 0 0 0 1 1 0 0 1 0 0 1 1 1 1 0 0 0 0 1 1 1 1
0 1 0 0 1 1 1 0 1 0 1 0 0 0 1 0 1 1 24 0 0 1 0 1 0 1 1 0 1 0 0 1 0 0 1 0 1 0 1 1 1 1 1 0 1 0 0 0 1 0 1 1 0 0 1 0 0 1 0 0 1 0 1 1 1 1 1 1 0 1 0 0 1 1 1 1 0 1 0 1 0 0 0 0 0 1 0 1 0 1 0 0 1 1 0 0 1 1 1 1
0 1 0 0 0 0 0 0 1 1 1 1 0 1 1 1 1 0 0 60 1 0 0 1 0 1 1 1 1 1 0 0 0 0 1 0 0 1 1 1 1 0 0 0 0 0 0 1 1 0 1 0 1 1 1 1 0 1 1 1 0 0 1 0 1 0 0 1 0 1 1 0 0 0 1 0 0 1 0 0 1 1 1 1 0 1 1 0 0 1 0 0 1 0 0 1 0 1 1 1
0 1 0 1 1 1 1 1 0 0 0 0 0 0 1 0 1 1 1 1 82 0 0 0 0 1 0 1 1 0 1 1 1 0 0 0 0 1 1 1 1 0 1 1 0 1 1 0 0 1 0 0 1 0 1 0 0 1 0 1 0 0 0 0 0 1 1 1 0 1 0 0 0 0 1 1 0 0 1 0 0 0 1 1 1 1 1 0 0 0 1 1 1 0 0 0 1 0 1 0
1 0 1 1 0 0 0 0 0 1 1 0 1 1 0 0 1 0 1 0 0 80 0 0 0 0 0 1 0 0 1 0 1 1 1 1 0 1 1 0 1 0 0 0 1 0 0 1 1 1 0 0 0 0 0 1 1 0 0 0 0 0 0 1 1 0 1 0 1 1 0 0 1 1 0 1 1 0 0 1 0 1 1 1 0 1 0 1 1 1 0 1 1 0 0 0 1 0 0 1
0 1 1 0 1 0 1 1 1 1 0 1 1 0 0 0 0 0 0 1 0 0 50 0 1 0 1 0 1 1 0 1 0 1 1 0 0 0 0 1 0 1 1 0 1 1 0 1 1 0 0 1 0 1 1 0 0 0 0 1 0 0 0 0 1 0 1 1 1 1 1 0 1 0 0 0 0 1 0 1 0 0 0 1 0 0 0 0 1 1 1 1 1 1 0 1 0 1 1 1
1 1 0 1 1 0 1 0 1 0 0 1 1 0 0 1 1 0 0 1 0 0 0 82 0 1 1 0 1 0 0 0 0 0 0 0 0 1 0 1 1 1 1 1 0 1 1 1 1 0 0 1 1 0 0 1 0 1 0 1 1 0 1 0 1 1 1 1 1 1 1 0 0 0 0 0 0 0 0 1 0 1 0 0 1 0 0 1 1 0 1 0 0 0 0 1 0 1 1 1
1 1 0 1 1 0 1 1 0 0 0 0 1 0 0 0 1 1 0 1 0 0 0 1 29 0 0 0 0 1 0 0 1 1 0 0 1 0 0 0 1 1 1 0 1 0 1 1 0 0 1 0 0 0 0 1 1 1 0 1 1 0 0 0 1 1 1 1 0 0 1 1 0 0 0 1 0 1 1 0 1 1 1 1 0 1 0 1 0 0 1 0 0 0 1 0 1 1 1 1
0 1 0 1 0 0 1 1 1 0 0 1 0 1 1 1 1 1 1 1 1 1 1 0 1 68 0 0 1 0 1 0 1 0 1 1 0 0 1 0 1 0 1 1 0 1 0 0 1 0 0 0 1 1 0 1 0 1 0 0 0 0 1 0 1 0 1 0 1 1 1 0 0 1 1 1 1 0 1 1 0 0 1 0 1 0 0 0 0 1 1 0 1 1 0 1 1 1 1 1
1 0 0 1 0 0 1 0 1 0 0 1 0 1 0 1 0 0 1 0 0 1 0 0 0 1 65 1 0 0 1 1 1 0 0 0 0 0 0 0 1 0 1 0 0 0 0 1 1 0 1 1 0 1 0 1 1 1 1 1 1 1 1 0 1 1 0 0 0 1 1 0 0 0 1 0 1 0 0 0 1 1 1 0 1 0 1 1 1 1 1 1 0 1 1 0 1 1 0 1
0 1 1 0 1 0 0 0 0 0 0 0 1 0 0 0 1 1 1 0 0 1 1 1 1 0 1 79 0 1 1 0 1 0 0 0 1 1 1 0 0 0 0 0 0 0 0 0 1 1 0 0 1 0 0 0 1 1 1 1 0 0 0 1 0 0 0 1 1 0 0 0 0 0 0 0 0 0 1 0 0 1 1 0 0 0 0 1 0 0 1 0 0 0 0 0 1 0 1 1
0 0 1 1 0 0 1 1 1 0 0 1 1 0 1 1 0 0 1 1 1 1 1 1 0 1 0 1 35 1 0 1 1 0 0 1 1 0 1 0 0 1 0 1 0 1 0 0 1 0 0 0 0 1 0 0 1 0 0 0 0 1 0 0 1 0 1 1 0 0 0 1 0 1 1 0 0 1 0 0 1 1 1 1 1 0 0 1 1 0 1 1 0 0 1 1 1 0 1 0
1 0 1 1 0 1 0 0 1 0 0 0 0 0 0 0 1 1 1 1 1 0 0 0 0 1 1 0 0 25 0 1 1 1 1 1 0 0 0 1 0 1 1 1 0 1 0 1 0 0 1 1 0 0 0 1 1 1 0 1 1 0 0 0 0 1 1 0 0 0 1 0 1 1 1 0 0 1 1 1 0 1 1 0 0 0 0 1 0 0 1 0 0 0 1 0 1 1 1 1
0 0 0 0 0 0 0 1 1 1 1 1 1 1 1 0 0 1 1 1 1 0 1 1 0 0 1 0 1 0 87 1 0 0 1 1 0 0 0 0 0 1 1 0 0 1 0 1 1 0 1 1 1 1 0 0 1 0 1 1 1 1 1 0 0 0 1 1 0 0 1 0 1 0 1 0 1 0 0 1 1 0 0 0 0 0 0 1 1 1 0 0 0 0 1 0 1 1 0 0
1 0 0 0 0 0 0 0 1 1 1 0 1 0 1 0 1 1 1 1 1 1 0 0 0 1 1 0 0 1 0 87 1 0 1 1 0 1 0 0 0 1 1 0 1 0 0 1 1 1 0 0 1 1 0 1 0 0 0 1 0 1 1 1 0 1 1 1 0 1 0 1 1 0 1 0 1 1 0 0 0 0 0 1 0 0 1 1 1 1 1 1 1 1 0 0 1 1 0 0
0 1 0 1 0 0 1 0 0 1 0 0 0 1 0 1 0 0 1 1 1 1 0 0 0 1 1 1 0 1 0 0 86 0 1 1 0 1 1 0 0 0 1 0 1 1 1 0 1 0 1 0 1 1 1 1 0 0 0 0 1 1 1 0 0 0 0 1 0 0 0 1 1 0 1 0 0 0 1 0 1 0 0 0 1 1 1 0 1 0 0 1 1 0 0 0 1 1 0 0
0 0 1 0 0 0 0 1 1 1 0 0 0 1 1 1 0 1 1 1 0 0 1 1 1 0 1 0 1 1 1 0 1 91 1 1 0 0 0 0 0 0 0 0 1 1 1 0 0 1 1 0 1 0 1 1 1 0 0 1 1 0 0 1 0 1 0 1 0 1 1 0 1 0 0 0 1 1 1 1 1 0 1 0 1 0 0 1 0 1 0 1 0 1 0 1 1 1 1 0
1 0 1 1 0 1 0 0 0 0 0 0 1 1 1 0 1 1 0 1 0 1 1 1 1 0 1 1 0 1 1 0 1 0 3 0 0 0 1 0 1 0 1 0 1 0 1 1 0 0 0 1 0 1 0 0 0 0 0 0 0 1 0 1 1 1 0 0 0 1 0 1 1 1 1 0 1 0 1 0 1 1 0 1 0 1 1 0 0 0 1 1 1 0 0 0 0 0 0 1
0 0 0 0 1 1 0 1 1 1 1 1 0 0 1 1 1 1 1 1 0 0 0 1 1 0 0 1 1 1 1 1 1 1 0 63 1 0 0 1 1 0 1 1 0 0 1 0 0 1 1 0 1 0 1 0 1 0 0 0 1 0 1 1 1 1 0 0 1 1 0 0 1 0 0 1 1 0 0 0 0 0 1 0 1 1 1 1 1 1 1 0 0 1 0 0 1 1 1 0
0 0 0 1 1 1 0 1 1 0 0 1 0 0 0 1 0 0 1 1 1 1 1 0 1 1 0 0 1 0 1 1 0 1 0 0 17 1 1 0 1 0 0 1 0 0 0 1 0 1 0 0 0 1 0 1 0 0 0 1 0 1 0 0 0 1 0 1 0 0 1 0 1 1 1 1 0 1 0 1 0 0 0 0 0 0 0 0 0 0 1 1 0 1 1 1 1 1 1 0
1 0 1 0 1 1 1 0 1 0 0 1 1 0 0 1 0 1 1 1 0 0 1 1 0 1 1 1 1 1 1 1 0 1 1 0 1 88 1 0 1 1 0 0 0 0 1 0 0 1 1 1 0 1 0 1 0 0 0 1 0 0 1 0 0 0 1 1 0 0 0 1 0 1 0 1 1 1 0 1 0 0 0 0 1 1 0 0 0 0 0 1 1 0 1 1 0 0 0 0
0 0 0 0 1 1 0 0 0 0 0 0 1 1 1 0 0 0 0 1 1 1 0 0 1 1 1 0 1 1 1 1 0 1 1 0 0 0 14 0 1 1 0 1 1 1 1 0 1 1 1 0 0 1 1 0 1 0 0 0 0 1 1 0 1 1 0 1 0 0 1 1 1 1 1 0 0 0 1 1 1 1 0 1 1 1 0 1 1 0 0 1 0 1 1 1 0 0 1 0
0 1 0 0 1 0 0 0 1 1 1 0 1 1 0 0 0 1 0 1 1 1 1 0 0 0 1 0 0 0 1 1 1 1 0 0 0 0 0 27 0 1 1 0 1 1 1 0 1 1 1 1 1 0 1 0 1 0 1 1 1 1 0 1 0 0 1 1 0 0 1 1 0 1 0 0 1 0 0 0 0 1 1 0 1 0 0 1 1 1 1 0 0 1 1 0 1 0 1 0
1 1 0 1 1 1 1 0 0 0 1 1 0 1 1 1 1 1 1 0 1 0 1 0 0 0 1 0 1 0 1 0 0 0 1 0 1 1 1 0 93 0 1 0 0 0 0 1 1 0 1 1 1 0 1 1 0 0 1 0 0 1 1 1 0 1 0 1 0 1 1 1 0 0 1 1 1 0 0 1 1 0 1 1 1 0 1 0 0 0 1 0 1 1 0 0 0 1 1 0
1 0 1 1 0 0 0 0 0 1 1 1 0 0 0 1 1 0 0 1 0 0 1 1 1 0 1 0 0 1 1 1 0 0 1 0 0 1 1 1 1 69 1 1 1 0 1 0 1 1 1 1 0 1 1 0 1 1 0 0 0 1 0 1 1 0 0 0 0 0 1 0 0 1 0 0 1 0 1 1 0 0 0 1 0 0 0 0 1 1 0 0 1 1 1 0 1 1 1 1
0 0 0 1 0 0 0 0 1 0 1 1 0 0 0 1 0 1 1 1 1 1 0 1 1 1 1 1 1 1 0 0 0 0 0 0 1 0 0 1 1 0 90 0 1 1 0 1 0 1 1 1 1 1 0 1 0 0 1 0 0 0 0 0 0 1 0 0 0 1 1 1 1 1 0 0 1 0 1 0 0 1 0 1 1 1 1 0 0 1 1 1 1 1 0 1 1 0 0 0
1 1 1 0 1 1 1 1 1 0 0 0 0 0 1 1 1 1 0 0 0 0 0 0 1 1 1 1 0 1 1 0 1 1 1 0 1 0 1 1 1 0 0 36 1 1 1 0 0 0 1 0 0 0 0 0 1 0 0 1 1 0 1 0 0 1 0 0 1 1 1 0 0 1 0 1 0 1 0 1 0 0 0 0 1 1 0 0 1 0 1 1 1 1 0 1 0 1 0 0
0 1 1 0 1 0 0 0 0 0 1 0 1 1 1 0 0 0 1 0 0 1 1 0 1 0 0 0 0 0 0 0 1 0 1 1 0 0 1 1 0 1 1 0 87 1 0 1 0 1 1 1 1 1 1 1 0 1 1 0 0 1 0 1 1 0 1 1 0 1 1 0 1 0 0 1 1 0 1 0 0 1 0 1 0 0 0 1 0 0 0 1 0 1 1 1 0 0 1 0
1 0 0 0 0 1 0 0 1 1 1 1 1 1 0 0 0 1 0 0 1 1 0 1 0 0 1 0 0 1 0 0 0 0 1 1 0 0 1 1 1 1 0 1 0 72 0 0 0 0 0 0 1 1 0 1 0 1 1 1 0 0 0 0 1 1 1 1 1 1 1 1 1 0 0 0 0 1 0 1 1 1 1 0 0 0 1 0 0 1 1 1 1 0 1 1 1 1 1 0
1 1 1 0 0 0 1 1 0 1 0 0 1 0 0 0 1 0 0 0 1 1 1 1 1 0 0 0 0 1 1 1 1 0 0 1 1 1 1 0 0 1 0 0 0 0 10 0 1 1 1 1 0 1 1 0 1 1 1 1 1 0 1 1 1 0 0 0 1 0 1 0 0 0 1 1 1 0 0 1 0 0 1 0 0 0 1 1 0 1 0 0 0 1 0 0 1 1 1 1
0 0 0 1 1 0 0 0 1 0 1 1 0 0 0 1 0 0 1 1 1 0 0 1 1 0 1 1 1 0 1 1 0 1 1 1 0 1 0 0 0 0 0 0 1 0 1 59 0 1 1 0 0 1 0 1 1 1 0 1 1 0 0 1 0 0 1 1 1 1 1 1 1 1 1 1 0 0 0 1 0 0 0 1 0 0 0 0 0 1 1 0 1 1 0 1 1 0 0 0
0 1 1 1 1 1 0 1 1 0 0 1 1 1 0 1 1 1 1 1 0 1 1 1 0 0 0 0 0 1 0 1 0 1 1 0 1 1 0 1 1 0 0 1 1 1 1 0 79 1 0 0 1 1 1 1 0 0 1 0 1 0 1 0 0 0 1 1 0 0 1 0 1 0 1 0 0 0 1 0 1 1 0 1 1 1 0 0 0 0 1 1 0 1 1 0 0 0 0 1
0 1 1 0 1 1 1 0 1 0 0 1 0 1 1 0 1 1 1 0 0 1 1 0 1 0 1 0 0 0 1 0 1 0 0 1 1 0 1 1 0 0 0 1 1 0 0 1 0 93 0 1 0 1 1 0 0 1 1 1 0 1 1 1 1 0 1 1 0 1 0 0 0 1 1 1 0 0 1 0 1 1 1 0 0 1 1 0 1 1 1 1 0 0 0 0 1 0 0 0
1 0 0 1 0 0 1 0 0 0 0 0 0 1 1 0 1 1 1 1 1 1 0 1 1 1 0 0 0 1 1 0 1 1 0 1 1 0 0 0 1 0 0 0 1 1 0 1 1 1 82 1 0 0 1 0 0 0 1 1 0 0 1 0 1 0 0 1 0 1 1 1 0 0 1 1 1 1 1 1 0 0 0 0 1 1 0 0 0 0 1 0 1 1 0 0 1 0 0 1
1 0 0 1 0 0 1 1 1 1 0 0 0 1 0 0 0 1 1 0 1 1 1 0 1 0 1 0 0 1 0 0 1 0 0 1 1 1 1 1 0 1 1 1 0 0 1 0 1 0 1 47 1 1 0 0 1 0 1 0 0 0 0 1 1 1 0 1 1 0 0 1 1 0 0 1 1 0 1 0 1 1 0 0 0 0 0 1 1 0 0 0 0 1 1 0 0 0 1 0
1 1 1 1 0 1 1 0 1 0 1 1 1 0 1 1 0 1 0 0 1 1 0 1 1 1 0 0 1 1 0 0 0 1 1 1 0 0 0 0 1 1 1 0 1 0 1 1 1 0 0 1 42 1 1 0 1 0 0 0 1 0 0 1 1 0 0 0 0 0 0 1 0 1 1 0 1 0 0 0 0 0 0 0 0 1 0 0 1 0 0 0 1 1 1 1 1 0 0 0
0 1 1 0 1 0 0 0 1 1 0 1 0 1 0 1 1 0 0 0 1 1 0 1 0 1 1 1 1 1 0 1 1 0 1 0 1 1 0 0 1 1 1 0 1 1 0 1 1 0 1 0 0 98 0 0 1 1 1 0 0 1 1 0 0 0 1 0 0 1 0 1 0 0 0 0 0 1 1 0 1 1 0 0 1 0 1 1 0 1 1 1 0 1 0 0 0 1 0 1
0 1 0 1 1 1 0 1 0 0 1 1 1 1 0 1 0 0 0 0 0 1 0 1 0 1 1 0 0 0 1 1 0 0 1 0 0 1 1 0 0 1 0 0 0 0 1 0 0 0 0 0 0 0 22 1 1 1 1 1 1 0 1 0 1 1 1 0 1 1 0 1 1 0 0 0 1 0 0 1 1 1 0 1 1 0 0 0 1 1 1 1 0 1 1 1 0 0 1 1
0 0 1 1 0 0 0 0 0 0 0 0 0 1 1 1 0 0 0 1 1 0 1 0 1 1 0 0 1 1 0 0 0 0 1 0 1 1 1 0 0 0 1 0 1 0 0 0 0 1 1 1 0 0 1 4 0 0 0 1 1 1 0 1 0 1 1 1 1 1 1 1 0 1 0 1 1 0 0 0 0 1 0 0 0 0 0 1 1 1 1 1 0 1 0 0 1 0 1 0
1 1 1 1 0 1 0 0 1 0 0 1 0 0 0 1 1 0 0 0 1 1 1 1 1 1 1 0 1 1 1 0 0 0 0 1 1 0 0 1 0 1 1 0 1 1 1 0 1 0 0 0 1 0 1 0 89 0 1 1 0 0 0 1 1 0 0 1 1 1 1 1 1 1 0 1 1 0 0 0 0 1 0 1 0 1 1 1 0 1 1 0 0 1 0 1 1 0 0 1
1 1 0 0 1 1 0 1 1 1 0 0 0 0 0 1 1 1 0 0 1 0 0 0 1 1 0 1 1 1 1 0 0 1 0 0 1 1 0 0 0 1 1 1 1 0 1 1 0 0 0 1 1 1 1 0 0 91 0 1 0 1 0 1 0 0 0 1 1 1 1 0 1 1 1 0 0 0 0 1 0 1 1 0 1 0 0 0 1 1 1 1 1 0 0 0 1 0 0 1
0 0 1 1 0 1 1 0 1 0 1 1 0 1 1 1 1 0 1 0 1 0 0 0 0 1 1 1 1 1 1 0 1 1 1 1 0 1 0 1 1 0 1 0 1 0 1 1 0 1 1 0 1 0 0 1 1 0 73 0 0 0 1 0 1 0 0 0 1 1 0 1 1 0 0 0 0 1 1 1 0 1 0 1 0 1 1 1 1 0 0 1 1 1 0 0 0 1 0 1
0 0 0 1 0 1 1 1 0 1 1 0 0 1 0 1 0 1 0 1 1 0 1 1 0 1 0 0 1 0 1 0 1 1 1 0 1 0 0 0 0 1 1 0 1 1 0 1 1 1 0 1 1 1 1 1 1 0 0 81 0 0 0 1 1 0 1 0 0 0 0 1 1 1 1 0 1 1 1 1 0 1 0 1 1 0 1 1 0 1 1 0 0 1 1 0 0 0 0 0
0 1 1 1 1 0 1 0 0 0 0 1 0 1 1 1 0 0 1 1 1 0 1 1 0 1 1 1 0 0 0 0 0 0 0 1 0 1 0 1 0 0 0 0 1 0 0 0 0 1 0 0 1 0 0 0 0 1 0 0 21 0 1 0 1 0 1 1 1 0 1 1 1 0 1 0 0 0 1 1 0 0 0 1 1 1 0 0 0 1 0 1 0 0 1 0 1 0 1 0
0 1 1 0 0 1 0 0 1 0 0 0 1 1 1 0 1 0 0 0 0 0 0 0 0 0 0 1 0 1 0 1 1 1 1 0 0 0 0 0 0 1 1 1 1 1 0 1 1 1 1 1 0 0 0 1 1 1 0 1 1 66 1 1 1 0 0 0 1 1 0 1 0 0 1 0 0 0 0 0 0 1 1 1 1 0 0 1 1 0 0 1 1 0 1 0 0 1 1 1
1 0 0 0 0 0 1 0 1 1 0 0 0 1 0 1 1 0 1 1 0 1 1 0 1 0 0 1 0 1 0 0 0 1 0 1 1 0 1 0 1 0 0 1 1 1 0 0 0 1 0 1 0 1 1 0 0 1 1 1 1 1 91 1 1 0 0 1 0 1 0 0 0 1 0 0 0 1 1 0 0 0 0 1 1 1 0 0 1 0 1 1 0 0 1 1 0 0 0 1
0 0 1 0 1 0 1 1 0 0 1 0 0 1 0 1 1 1 0 0 1 0 0 1 0 0 1 1 1 0 0 0 1 1 1 0 0 1 0 0 1 0 0 1 0 0 0 1 0 1 0 0 1 1 1 1 1 1 0 0 1 1 0 71 1 0 0 0 1 1 1 0 0 1 1 1 0 1 1 0 0 0 1 0 1 0 1 1 0 1 1 1 1 0 0 0 1 0 0 1
1 0 1 1 1 1 1 0 1 1 1 0 1 0 0 0 0 0 1 0 1 1 0 1 1 1 0 1 1 0 1 0 1 0 1 1 1 0 1 1 0 1 0 0 0 1 0 1 1 1 1 1 0 0 1 1 0 1 0 1 1 1 1 0 48 0 0 1 0 0 0 1 1 0 1 0 0 0 1 1 0 0 1 0 1 1 0 1 1 1 0 0 1 1 0 1 1 0 0 1
0 1 0 1 0 1 1 1 0 1 0 0 1 1 0 0 0 1 1 1 1 0 0 0 1 0 1 1 1 1 1 1 1 1 1 0 0 1 1 1 0 0 0 0 1 0 1 0 1 1 1 0 0 1 0 0 1 0 1 1 1 0 1 0 0 37 1 1 0 0 0 1 0 0 1 0 1 1 1 1 1 1 1 0 1 1 0 1 0 0 0 1 1 0 0 0 0 1 0 1
1 0 1 0 1 1 1 1 1 1 1 0 1 0 1 1 1 1 0 1 1 1 1 0 0 0 1 1 0 0 1 1 0 1 1 1 0 1 0 1 0 0 0 1 1 1 0 0 0 0 0 1 0 0 1 0 1 1 1 1 0 0 1 1 0 0 93 1 1 1 1 1 1 1 1 0 1 0 0 0 0 0 1 0 0 1 1 1 1 1 1 0 0 0 0 1 1 1 1 0
0 1 0 0 1 0 0 0 0 1 1 1 1 0 0 1 0 0 0 1 0 0 0 1 1 1 1 1 1 0 1 1 1 1 1 1 1 1 0 1 1 1 0 0 0 1 1 1 1 1 0 1 1 1 1 0 1 1 1 1 1 1 1 1 0 0 1 95 0 0 0 0 0 1 0 0 0 1 0 1 0 0 1 1 1 1 0 1 1 0 0 1 1 0 1 1 0 0 0 1
1 1 0 0 1 0 1 0 1 0 1 0 1 1 0 1 0 1 0 0 0 0 1 1 1 1 0 0 0 0 0 0 1 0 1 1 1 0 1 0 0 1 0 0 1 0 1 0 0 0 0 0 1 0 0 1 1 0 1 0 1 0 1 1 0 0 1 1 12 1 1 0 1 1 0 0 0 0 0 0 1 0 0 0 1 0 1 1 1 1 1 0 0 1 0 0 0 0 0 1
0 0 0 0 0 0 1 0 0 0 1 1 0 1 1 1 0 1 0 0 0 0 0 1 0 0 1 0 1 0 1 1 1 1 0 0 1 1 1 1 0 0 1 0 0 1 0 1 1 0 0 1 0 0 1 1 1 1 0 0 1 0 0 1 1 1 0 0 1 41 0 1 1 0 0 0 0 1 0 0 1 0 0 0 1 1 0 1 0 1 0 0 0 0 0 0 1 0 1 0
1 1 0 0 0 0 1 1 1 1 1 1 0 1 0 1 1 0 0 0 0 0 0 1 0 0 0 0 0 0 0 1 1 1 0 1 1 0 1 1 1 0 0 1 0 0 1 0 0 1 1 0 1 0 0 0 1 0 1 0 0 0 0 1 1 0 0 1 1 0 89 0 1 1 0 1 0 0 1 0 1 0 1 0 1 0 1 1 0 1 1 0 1 0 1 1 1 0 1 1
1 0 0 1 0 0 1 1 0 0 0 0 1 0 1 1 1 1 1 1 1 1 1 1 1 1 1 0 0 1 0 0 1 1 0 1 0 0 0 0 1 1 0 1 0 0 1 0 1 0 0 1 1 1 0 1 1 0 0 1 1 1 1 1 1 0 0 1 1 1 1 2 0 0 1 1 1 1 1 0 0 1 1 0 0 1 1 0 0 1 1 0 0 1 1 0 0 1 0 0
0 1 1 1 0 1 1 0 0 1 1 1 1 0 0 0 0 1 0 0 0 1 1 0 1 0 1 0 1 0 0 0 1 1 0 0 1 0 0 1 1 0 1 1 1 0 1 0 0 0 0 1 0 0 1 1 1 1 0 0 1 1 1 0 0 1 0 1 1 1 0 1 4 0 1 0 1 1 0 0 0 0 0 1 0 1 0 1 0 0 1 0 1 0 1 1 1 1 1 1
1 1 1 1 1 0 1 0 0 0 0 1 0 1 1 1 1 0 1 0 0 1 0 0 1 1 1 1 1 1 1 1 1 1 1 0 0 1 1 0 1 0 1 1 1 0 1 1 0 0 1 1 1 0 0 1 1 1 0 0 1 0 1 0 1 1 0 0 1 0 0 1 0 73 0 0 1 1 1 1 1 0 0 0 0 0 1 1 1 1 1 0 1 0 0 1 0 1 1 1
0 1 1 1 0 1 0 1 1 1 1 1 0 1 0 1 0 0 1 1 0 1 1 1 1 0 1 1 1 1 0 1 0 0 0 1 1 0 0 0 0 0 0 0 0 0 1 1 1 0 1 1 0 0 1 0 1 1 0 0 0 1 1 1 1 0 0 0 1 0 0 0 1 0 35 0 0 1 1 1 1 0 0 0 0 1 1 1 1 1 1 0 1 0 1 1 0 0 1 0
1 0 1 0 1 1 0 0 1 1 1 1 0 1 0 0 0 1 0 1 0 0 0 0 1 0 1 1 0 0 1 0 1 1 0 0 0 1 1 0 0 1 1 0 1 1 1 1 1 0 1 0 1 1 1 1 0 1 0 0 0 1 0 1 1 0 0 1 1 0 0 0 1 0 0 92 1 1 1 0 0 0 0 0 0 1 1 1 0 1 1 0 0 1 1 0 0 1 1 0
0 0 1 0 0 1 0 0 0 0 0 1 1 1 1 0 1 0 1 1 0 1 1 1 1 0 1 1 0 1 0 1 1 0 0 0 0 0 0 1 0 0 0 1 0 0 1 0 1 1 1 0 0 0 0 0 0 0 1 0 1 1 1 0 1 1 0 1 1 1 0 0 0 0 1 0 70 1 0 0 1 1 0 1 0 0 1 0 0 1 1 0 0 1 0 0 1 0 1 1
1 1 1 0 0 1 1 0 0 0 0 1 1 0 1 1 0 1 0 0 1 0 0 1 0 1 1 0 1 0 1 0 1 0 1 1 0 1 1 0 1 1 0 1 1 0 0 1 0 0 0 1 0 1 0 0 1 0 1 0 0 0 0 1 0 0 1 1 0 1 0 0 1 1 0 0 0 23 1 0 0 1 0 0 1 1 1 0 0 1 0 0 0 0 0 0 1 1 1 1
0 1 0 0 0 0 0 0 0 1 1 1 1 0 1 0 0 0 0 1 0 0 1 0 1 1 0 0 1 1 0 1 1 0 0 1 1 1 0 1 1 0 0 0 0 0 1 1 1 0 0 1 0 1 0 1 0 0 0 1 0 0 0 0 1 0 0 0 1 1 0 0 1 0 0 0 1 1 87 0 1 0 1 0 1 0 1 0 0 1 0 1 0 0 1 0 1 0 1 0
1 0 0 1 0 0 1 0 1 1 0 1 1 1 0 0 1 1 0 0 1 1 0 0 0 1 0 1 1 1 1 1 1 0 0 1 1 0 0 0 1 1 1 0 0 0 1 0 0 1 1 1 0 0 1 1 0 0 0 1 0 1 0 1 1 1 1 1 0 0 1 1 0 0 0 0 0 1 1 88 0 1 0 0 1 0 0 0 0 0 0 1 0 1 0 1 0 0 0 0
0 0 1 1 0 0 0 0 1 0 1 1 1 1 1 0 0 0 1 0 0 0 1 1 1 0 1 1 1 0 0 0 1 1 0 1 0 1 0 1 0 1 0 0 1 1 0 0 0 1 1 0 0 0 1 1 0 1 1 1 1 0 0 0 0 1 0 0 0 0 1 1 1 1 0 1 1 0 1 0 18 1 1 1 1 0 0 1 0 0 0 1 1 1 1 0 0 1 0 0
1 0 0 0 0 1 0 1 1 0 0 0 0 0 0 0 1 1 0 1 1 0 0 1 1 0 1 0 1 0 0 0 0 1 1 0 0 0 0 1 0 1 0 0 1 1 0 1 1 0 0 1 0 1 0 0 1 0 0 0 1 1 1 1 0 0 1 1 0 0 0 0 0 1 0 1 0 0 0 0 0 24 0 1 1 0 0 1 1 1 1 1 1 1 0 0 1 1 1 0
0 1 0 0 1 0 0 1 0 0 1 0 0 1 0 0 0 0 0 1 1 1 1 1 1 0 1 1 0 1 0 1 1 0 1 0 0 1 0 0 0 0 1 1 0 1 1 0 1 1 0 0 1 1 1 0 0 0 0 1 1 1 1 1 0 1 1 1 1 0 1 0 0 1 1 0 0 1 1 0 0 0 72 1 0 0 1 0 0 1 0 0 0 0 0 1 1 1 1 0
0 1 0 1 1 0 0 0 0 0 0 0 0 1 1 0 1 0 1 0 1 1 0 0 0 0 1 1 0 0 1 1 1 0 0 1 1 0 1 1 0 1 1 1 0 1 0 1 0 0 1 0 1 0 0 1 0 0 0 1 0 0 1 0 1 0 0 1 0 1 1 0 0 1 1 1 1 1 1 0 0 1 1 99 0 1 1 0 0 0 0 0 1 0 1 1 0 1 0 0
0 1 0 1 0 1 1 0 1 0 0 0 1 0 0 0 1 1 0 1 1 1 0 0 1 1 0 0 1 0 1 1 1 1 1 0 0 1 1 1 1 1 1 0 0 1 1 1 1 1 0 1 1 0 0 1 0 0 1 1 1 1 0 1 0 1 1 0 0 0 0 1 0 0 1 1 1 0 0 1 1 0 0 1 35 1 1 1 1 0 0 0 0 0 1 0 0 1 0 0
1 1 1 1 0 0 1 1 0 0 0 1 1 1 0 0 1 1 0 1 1 0 1 1 0 1 0 1 1 1 1 1 1 0 1 0 1 1 0 0 0 1 1 0 0 1 0 0 0 1 1 0 1 0 1 0 1 0 1 1 0 1 1 1 1 1 1 0 1 0 1 0 1 0 1 0 1 0 0 1 0 0 0 0 0 10 0 1 1 0 1 0 1 1 1 0 1 0 0 1
1 0 0 1 0 0 1 0 1 1 1 1 1 0 0 0 1 1 0 0 0 1 0 0 0 0 0 1 0 0 1 1 0 1 1 1 0 1 1 1 0 0 0 1 1 0 0 0 1 1 0 0 1 0 0 0 1 1 1 0 1 1 0 1 1 1 0 0 1 1 1 1 0 1 1 1 0 0 0 0 1 1 0 0 1 0 68 1 0 1 0 1 0 1 1 1 0 0 0 1
0 1 0 1 0 1 0 1 0 0 1 1 1 0 0 0 1 1 0 1 1 1 0 1 1 0 1 0 0 0 0 1 1 0 0 0 1 0 1 0 0 1 0 0 0 0 1 1 1 1 1 1 1 1 0 1 1 1 0 1 1 0 0 0 1 1 1 0 1 0 1 0 0 1 1 0 1 1 0 0 0 0 0 1 1 1 1 32 0 1 0 0 0 1 0 1 0 0 0 0
1 0 0 1 0 0 1 1 1 1 1 1 0 1 1 1 1 1 1 0 0 0 0 1 1 0 1 1 1 1 1 1 0 1 0 0 0 0 0 0 1 1 0 0 0 1 0 0 1 0 0 0 1 0 1 0 1 0 1 0 0 1 0 0 1 0 1 1 0 0 0 0 1 0 0 1 0 0 0 0 1 1 0 0 0 0 1 1 34 1 1 0 0 0 0 0 0 1 0 1
0 1 0 0 1 1 0 1 1 0 0 1 1 0 0 0 1 0 0 1 0 1 1 0 1 0 0 1 1 0 1 1 0 1 1 0 0 0 1 0 1 0 1 1 0 1 1 0 0 1 0 0 0 1 0 0 0 1 0 1 0 1 1 1 0 1 0 0 0 0 1 0 1 1 1 0 0 1 1 1 0 0 1 0 0 0 1 0 1 27 1 1 1 1 1 0 1 0 1 0
1 1 0 0 1 1 0 1 1 0 1 0 0 0 1 1 0 0 0 0 1 0 1 1 1 0 0 1 1 1 1 1 1 1 0 0 0 0 1 0 1 0 0 1 1 0 0 0 0 1 1 1 0 0 0 0 0 1 0 1 0 1 1 1 0 1 0 0 0 0 1 0 1 0 1 1 0 1 1 0 1 0 1 1 0 1 1 1 1 0 21 1 0 1 1 0 0 1 0 0
1 0 1 0 1 0 0 1 0 1 1 0 0 1 1 1 0 0 0 1 1 1 0 1 0 1 1 0 1 1 0 0 0 1 1 1 1 1 0 1 1 1 1 0 0 1 1 0 1 1 1 0 0 0 1 0 0 1 1 0 1 1 1 0 1 1 1 0 1 1 0 1 0 1 1 0 1 0 1 0 0 0 1 1 1 1 0 0 0 0 1 97 0 0 1 1 0 1 1 0
0 1 1 1 0 0 1 1 0 1 0 1 0 0 0 0 0 0 1 0 0 1 0 0 0 0 0 0 0 1 1 0 0 1 0 0 0 1 1 1 1 1 0 0 0 0 0 0 1 0 0 1 0 1 1 1 1 1 0 1 1 0 1 1 0 1 0 1 1 0 0 0 0 1 1 0 0 1 1 1 0 1 0 1 0 1 0 0 0 0 0 1 87 1 0 1 0 0 0 1
0 0 0 1 0 0 1 1 0 0 1 0 1 1 0 0 1 0 1 0 0 0 1 1 1 0 1 0 1 0 1 0 1 0 0 1 1 1 1 1 0 0 0 0 0 1 0 0 0 0 0 1 1 0 0 1 1 0 1 1 0 1 1 0 1 1 1 1 0 0 0 0 1 0 0 0 1 0 1 0 1 0 0 0 1 1 1 1 1 1 0 0 1 40 0 1 1 1 0 1
1 0 0 0 0 0 0 0 1 1 1 1 0 1 1 0 0 1 1 1 0 0 1 0 1 1 1 0 1 0 1 0 1 1 1 0 1 0 0 0 0 0 1 1 0 1 0 1 1 1 0 1 1 0 1 0 0 1 0 0 0 1 1 0 1 1 0 0 0 1 0 0 0 1 1 0 1 0 1 1 0 0 0 0 0 1 0 0 0 0 0 0 1 0 97 1 1 0 1 0
0 0 0 0 0 1 0 0 0 1 0 1 1 1 1 1 0 0 1 0 0 1 1 0 0 0 1 1 1 0 0 0 0 1 0 1 0 0 0 0 0 0 0 1 1 1 1 1 1 0 0 1 1 0 1 0 0 1 1 1 0 0 0 1 0 1 1 0 1 1 0 0 0 0 1 1 1 0 1 1 0 1 1 1 0 1 1 0 0 1 0 0 1 1 0 88 1 0 1 0
1 0 1 1 1 0 1 0 1 0 1 0 0 1 1 0 0 0 0 0 1 1 1 0 0 1 1 0 1 0 1 1 0 0 1 0 0 0 1 0 1 0 0 0 1 0 0 1 1 0 1 1 0 1 0 0 0 1 0 0 0 1 0 0 0 0 0 1 0 1 1 1 0 1 1 1 1 1 0 0 0 1 0 1 0 1 1 0 0 1 1 1 0 0 0 1 38 0 0 1
0 0 0 1 1 0 0 1 0 1 0 0 0 1 1 0 1 1 0 0 1 1 0 0 0 1 1 1 0 0 0 1 0 0 0 0 0 1 1 1 1 1 1 0 0 1 1 0 1 1 1 1 1 0 1 0 0 0 1 0 0 1 1 1 0 1 1 1 1 1 1 0 1 1 1 1 1 1 0 0 1 0 0 0 0 1 1 0 1 0 1 1 1 0 1 0 1 32 1 0
0 0 0 1 0 0 1 0 0 1 1 0 1 1 0 0 0 1 1 1 0 1 1 1 1 0 0 1 0 0 0 0 0 0 1 0 0 0 0 1 0 0 1 1 0 1 1 1 0 1 0 0 0 1 0 0 0 0 1 0 0 1 0 1 0 1 0 1 1 0 1 0 1 0 1 0 1 1 0 0 1 0 1 1 0 1 1 0 1 1 0 0 0 1 1 0 1 1 89 1
0 0 0 1 0 1 1 0 0 1 1 1 0 1 1 0 0 0 0 0 1 1 0 0 1 0 1 1 0 0 1 1 1 1 0 0 1 1 1 1 1 0 1 0 0 1 1 0 0 1 0 0 0 0 1 1 0 1 0 1 0 1 0 0 0 1 0 0 0 1 1 1 1 0 1 0 0 1 1 0 0 1 0 1 1 1 0 0 0 1 1 1 1 1 1 0 1 0 1 34
