50
6 1 0 0 1 0 1 0 0 1 1 1 1 1 0 0 1 1 1 1 1 0 0 0 0 0 0 0 1 0 1 1 0 0 1 1 1 0 1 0 1 1 0 0 1 1 1 1 0 1
0 27 1 0 1 1 1 0 1 0 0 1 1 0 0 1 0 1 0 1 0 1 1 0 0 1 0 0 1 0 1 0 1 0 0 1 0 0 1 1 0 1 0 1 1 1 0 0 1 0
0 1 13 1 0 1 1 1 1 0 1 0 1 0 1 1 1 1 0 1 1 0 0 0 1 1 1 0 0 1 1 1 1 0 1 1 1 0 0 0 1 1 1 0 1 0 0 1 1 0
1 1 0 38 1 1 0 0 0 1 1 0 1 1 1 0 0 1 0 0 1 1 0 0 0 1 0 0 1 0 0 1 1 0 0 1 0 1 0 1 0 0 1 1 0 0 1 0 1 1
0 1 0 1 39 1 0 0 0 1 1 1 0 0 0 0 1 1 1 1 0 0 1 1 1 0 1 1 1 1 0 1 1 1 0 1 1 1 1 1 0 0 0 0 0 0 0 0 0 1
0 0 1 1 0 76 1 0 0 0 0 0 0 0 1 0 1 0 0 0 1 1 1 1 0 1 0 0 1 0 0 1 0 0 1 1 1 0 0 1 1 1 1 1 1 0 1 0 1 0
0 0 1 1 0 0 47 1 1 0 1 0 0 1 1 0 0 0 1 0 0 0 1 1 1 0 1 1 0 1 0 0 1 1 0 1 1 0 1 0 0 0 1 1 1 1 1 1 0 0
0 1 1 1 1 0 1 26 1 0 1 1 1 1 1 1 0 0 0 0 0 0 1 0 0 1 0 0 1 1 0 0 0 0 0 1 0 0 1 1 1 0 0 1 0 0 1 0 0 1
1 0 1 1 0 1 0 1 52 0 0 1 0 0 1 1 1 0 0 1 1 0 1 0 1 0 0 1 0 1 1 1 0 1 0 0 1 1 0 0 1 0 1 0 0 1 0 0 1 1
1 0 1 1 1 0 1 0 0 61 1 1 1 1 0 0 0 0 0 1 0 1 1 0 1 0 0 0 0 0 0 0 1 0 0 0 0 0 1 0 0 1 1 1 0 1 1 1 1 0
1 1 1 1 1 1 1 0 0 0 78 0 0 0 0 0 1 0 1 1 0 1 0 1 1 1 1 1 0 1 0 1 1 0 0 0 0 0 0 0 0 0 0 0 0 1 1 1 0 0
0 0 1 1 1 1 0 0 0 0 0 56 0 0 0 1 1 0 1 1 0 1 0 0 1 1 1 0 0 1 0 0 1 1 0 0 0 1 0 1 1 1 0 1 0 0 0 0 0 1
1 0 0 0 0 0 1 0 1 0 0 1 79 0 0 0 0 0 1 0 1 1 0 1 0 1 1 1 1 0 1 1 0 0 1 1 0 1 1 1 0 1 0 1 1 0 0 0 0 0
0 1 0 1 1 0 1 0 0 0 0 0 0 70 1 1 0 0 0 0 0 1 1 0 1 1 0 1 1 0 0 0 1 0 1 0 1 0 1 1 1 0 0 1 1 1 1 0 0 1
1 0 0 1 1 1 1 0 0 1 1 1 1 1 20 0 0 1 0 1 0 0 1 0 1 0 0 1 1 1 1 0 0 0 1 0 0 1 0 1 0 0 0 0 1 0 0 0 0 1
0 1 0 1 0 0 1 0 1 1 1 0 0 0 1 93 1 0 0 1 1 0 1 0 1 1 1 1 0 0 0 1 1 1 1 1 1 1 0 1 0 1 0 0 1 1 0 0 1 0
1 0 0 0 1 1 1 0 0 1 1 0 1 0 1 1 2 0 1 0 1 0 1 1 0 1 1 0 1 0 0 0 0 1 1 0 1 0 1 1 1 1 1 0 0 0 1 1 1 0
1 1 0 1 1 1 1 0 1 0 1 1 0 1 0 0 0 8 1 1 1 1 0 0 0 1 1 1 0 0 1 0 0 0 1 0 0 0 0 1 0 0 1 1 0 0 1 0 1 1
0 1 1 0 1 0 1 1 1 0 0 1 1 0 1 1 0 0 68 0 1 1 1 0 0 1 0 1 1 1 1 1 1 0 0 1 0 1 0 0 1 1 1 1 0 1 1 0 1 1
0 1 1 1 1 0 1 0 1 1 1 0 0 0 1 1 1 1 0 39 1 0 0 0 1 1 1 1 1 1 0 0 0 0 0 0 1 0 0 0 1 1 0 1 0 0 1 1 0 1
1 1 1 1 1 0 1 0 1 1 1 1 0 0 0 0 1 1 1 1 28 0 0 1 1 0 0 0 1 1 0 1 1 0 0 1 1 0 1 0 1 1 1 1 0 0 0 1 1 1
0 0 0 1 0 1 1 1 0 1 1 1 0 1 1 0 1 1 1 0 0 52 0 1 1 0 1 0 0 0 1 1 1 1 0 1 0 1 1 0 0 0 0 0 0 0 0 0 0 1
0 1 0 0 0 0 0 1 1 1 1 0 1 1 1 0 1 1 1 1 0 1 55 1 0 1 0 1 1 0 0 0 1 0 0 0 1 1 1 1 1 1 0 1 0 0 1 0 1 0
0 1 1 0 0 1 1 1 0 1 0 1 0 1 0 1 1 1 0 0 0 1 1 28 0 1 0 1 0 1 1 1 0 1 1 1 0 0 0 1 1 1 1 0 1 0 1 0 1 1
1 1 1 1 1 1 0 1 0 1 1 0 1 0 0 0 0 0 0 1 0 0 1 0 68 1 0 1 1 0 1 1 1 1 1 0 0 0 0 1 0 1 0 1 0 1 0 0 0 1
1 0 0 1 0 0 0 1 0 1 0 1 1 0 1 1 0 0 1 1 0 1 1 0 1 28 1 0 0 1 1 0 0 1 1 0 0 0 0 1 1 0 1 1 1 1 0 0 1 1
1 0 0 0 1 0 0 1 0 1 1 0 1 1 1 1 1 1 0 1 1 0 0 0 1 0 69 0 1 0 1 1 1 1 0 1 1 1 0 0 0 0 0 1 0 1 1 1 0 0
0 1 0 0 0 0 1 0 0 0 0 0 0 0 1 1 0 1 1 0 1 0 0 0 1 1 1 1 1 1 1 1 0 1 1 1 1 0 1 0 1 0 0 0 1 1 1 1 0 1
0 1 0 0 1 0 0 1 0 1 0 0 0 1 1 1 1 0 0 1 0 1 0 1 0 1 1 0 42 1 0 1 0 0 0 1 0 0 1 0 0 0 1 1 1 1 1 1 1 1
1 0 0 1 0 1 0 0 0 1 0 1 1 1 1 0 1 1 0 1 0 0 1 0 1 0 1 0 0 83 0 1 1 1 1 0 1 1 1 0 1 0 1 1 0 0 1 1 1 0
0 0 1 1 1 0 0 0 1 0 1 0 1 0 0 1 1 1 1 1 1 1 1 0 0 1 0 1 1 0 11 1 0 1 1 1 0 0 0 0 0 0 0 0 1 0 1 1 1 0
0 0 0 0 0 0 0 0 1 1 1 1 0 1 0 0 0 0 1 0 1 1 0 1 1 0 0 0 0 0 1 44 0 0 1 1 0 0 0 0 1 1 0 1 0 0 0 0 0 0
1 1 1 0 1 1 1 0 1 0 0 1 0 1 1 0 0 0 1 1 1 1 0 0 1 0 0 1 1 1 0 0 95 0 1 0 0 1 0 0 1 1 0 1 0 0 1 0 1 1
1 0 0 0 0 1 1 1 1 0 0 1 0 1 0 0 1 0 1 1 0 0 0 0 0 1 0 0 0 0 0 0 0 36 1 1 1 0 1 1 1 1 1 0 1 1 1 0 0 0
0 1 1 1 1 1 1 0 0 0 0 1 0 1 0 1 1 0 0 0 1 0 0 0 0 1 1 0 1 1 1 0 0 0 47 0 1 1 0 1 0 1 1 1 1 1 1 0 1 1
1 0 0 0 1 0 0 1 1 0 1 0 1 0 1 0 0 0 1 0 0 0 0 1 1 0 1 1 0 0 0 0 0 1 1 18 0 0 1 1 0 1 0 1 0 0 0 1 1 0
1 0 1 0 1 0 1 1 0 0 1 0 0 0 1 0 0 1 0 1 1 0 0 1 1 0 1 1 0 0 1 0 0 1 0 1 23 1 0 1 1 0 1 0 0 1 0 0 1 1
1 0 0 0 1 1 1 1 1 1 1 1 1 1 0 0 1 1 1 0 0 1 1 0 1 0 0 0 1 1 0 1 1 0 0 0 0 44 0 0 0 1 1 0 0 0 1 0 0 0
0 0 1 0 1 1 0 0 0 1 0 1 1 0 1 0 0 1 0 0 0 1 0 0 1 1 0 0 1 1 1 1 1 0 1 1 0 1 22 0 0 0 1 0 0 0 0 1 0 0
1 1 0 0 1 1 1 1 1 0 1 0 1 0 0 0 0 1 1 0 0 1 0 0 1 0 0 1 0 0 0 1 1 0 1 1 0 1 0 21 1 0 1 0 1 0 0 1 0 0
1 1 0 1 1 0 0 1 0 1 0 1 0 1 0 0 1 1 1 0 0 1 1 1 0 0 0 0 0 1 0 0 1 1 1 1 1 0 1 0 53 0 0 1 1 1 0 1 1 1
0 1 1 1 1 0 0 1 1 0 0 0 1 0 0 1 1 1 0 1 0 1 0 0 1 1 0 1 0 0 0 1 0 0 0 0 0 0 1 0 1 18 0 1 0 0 1 0 1 0
0 0 0 0 1 1 0 1 1 0 0 1 1 1 0 0 0 0 0 0 0 1 0 1 1 0 0 0 1 1 0 0 0 1 0 0 0 1 1 0 0 0 10 0 0 0 0 1 0 1
0 0 0 0 0 1 0 1 0 0 1 0 0 0 1 1 1 0 1 1 0 1 1 0 1 1 1 1 1 0 1 0 0 1 0 0 0 0 1 1 0 0 1 68 0 0 0 0 0 0
1 0 0 0 0 0 0 1 0 0 1 0 1 0 1 1 0 0 0 0 0 0 1 0 0 1 0 1 0 0 0 0 1 0 0 1 1 1 0 0 1 1 1 1 20 0 1 0 0 0
1 1 1 1 0 0 0 1 1 0 1 1 1 1 1 0 1 0 0 1 1 0 0 0 1 1 0 0 1 0 1 1 1 1 1 0 0 1 0 1 1 0 1 1 0 95 0 1 0 0
0 0 1 0 1 0 0 1 0 0 1 1 1 1 0 1 0 0 1 1 1 1 0 0 0 1 1 0 1 0 1 0 1 0 1 1 1 1 0 0 0 0 0 1 1 0 9 1 0 1
0 0 0 1 0 0 0 0 0 1 0 0 0 1 0 0 0 1 0 1 1 0 1 1 1 0 0 1 0 0 1 1 0 1 1 0 0 1 0 0 1 0 0 1 0 1 0 61 0 1
1 1 0 0 1 1 0 1 1 0 0 0 1 1 1 1 1 0 0 1 1 1 1 1 1 0 0 1 0 0 1 0 1 0 1 0 0 0 1 0 1 0 0 0 0 0 0 1 19 0
0 1 1 0 0 1 0 0 0 1 1 1 1 1 1 0 1 0 1 0 1 0 1 1 1 0 1 1 0 1 0 1 1 0 0 0 0 0 0 0 0 1 0 1 1 0 1 1 1 86
