75
27 1 1 0 0 0 0 0 1 0 0 1 0 1 1 1 1 0 0 0 1 0 1 0 0 1 0 1 0 1 0 0 1 0 0 0 1 0 0 1 0 1 1 1 1 1 0 0 0 1 0 1 1 0 1 1 1 0 0 0 0 0 0 0 1 0 0 1 0 1 1 1 1 1 0
0 7 1 1 0 1 1 1 1 1 1 0 0 1 0 0 0 0 1 1 1 0 0 0 1 0 1 1 0 1 0 1 0 1 0 0 1 0 1 1 1 0 0 1 1 0 1 0 1 1 0 1 0 1 1 1 1 1 0 0 1 1 0 0 1 0 1 0 1 1 1 1 1 1 0
1 0 8 1 0 0 0 1 0 1 0 0 0 1 0 0 0 0 0 1 1 0 0 0 1 1 1 0 1 0 1 0 0 0 0 1 0 1 1 0 0 1 1 1 0 1 1 1 0 0 0 1 0 1 1 0 1 0 1 1 0 1 1 1 0 0 0 1 0 0 0 0 1 0 0
0 0 0 44 0 0 0 1 0 1 1 1 0 1 0 1 1 1 1 1 0 0 1 0 1 1 0 0 0 1 1 0 1 1 1 0 0 1 0 0 1 0 1 0 1 1 0 1 0 1 1 0 0 1 1 0 1 0 0 0 1 1 0 1 0 0 0 1 0 1 1 1 0 1 0
0 0 0 0 37 0 0 1 1 1 0 1 0 0 1 1 1 1 1 0 1 0 0 1 0 0 0 0 1 0 1 1 0 1 1 1 0 1 1 0 0 0 0 0 0 0 0 1 0 0 1 1 0 1 0 1 1 1 1 1 0 0 1 1 1 1 1 1 0 0 1 0 1 1 1
0 0 1 0 1 71 0 1 0 1 1 0 0 1 0 1 0 1 0 1 0 0 1 1 1 0 0 1 0 1 1 1 0 1 0 0 0 1 1 1 0 1 0 1 0 0 0 0 1 0 1 1 0 1 0 1 0 0 1 1 1 0 0 0 0 0 1 0 0 0 1 1 1 1 1
1 0 0 1 0 1 66 1 1 1 1 1 0 1 1 1 0 0 1 1 1 0 1 0 1 0 1 0 1 1 1 1 0 1 0 1 0 1 1 1 1 1 1 1 0 0 1 0 0 0 0 1 0 1 0 0 0 0 1 1 1 0 0 1 1 1 0 1 1 0 0 0 0 1 1
1 1 1 1 0 0 0 55 1 0 1 1 0 0 1 1 0 0 1 0 1 0 1 0 1 0 1 1 0 1 0 1 1 0 0 0 0 1 1 0 1 1 1 1 0 1 1 1 1 0 1 1 1 1 1 1 1 1 1 0 0 0 0 0 1 0 1 1 0 0 0 0 0 0 1
1 1 0 1 1 1 1 1 83 0 0 1 0 0 1 0 1 0 1 0 1 0 0 1 0 1 0 1 1 1 0 0 0 1 1 0 1 1 1 1 1 1 0 1 1 1 1 1 0 1 0 1 0 1 1 0 1 0 0 0 0 1 1 1 0 0 0 0 1 1 0 1 0 0 0
0 1 1 0 0 0 1 1 1 41 1 1 0 1 0 0 0 0 1 0 1 1 1 0 1 1 0 1 1 1 1 0 1 1 1 1 0 0 1 0 1 1 0 1 0 0 1 1 1 1 1 1 0 0 0 1 1 1 1 0 0 0 0 0 1 0 1 1 0 1 1 0 0 0 0
1 1 1 0 0 1 1 0 0 1 79 1 1 1 1 0 1 0 1 0 1 1 0 1 0 0 0 0 0 0 1 1 1 1 1 0 0 0 0 1 0 1 1 1 1 1 1 0 1 0 0 1 1 0 1 1 1 0 1 0 1 0 0 0 1 0 0 0 1 0 0 1 1 1 0
0 1 0 1 1 0 0 1 1 1 0 84 1 0 0 1 1 1 0 1 0 0 1 1 1 0 1 1 1 1 0 0 0 0 0 1 0 0 1 1 1 1 0 1 0 1 1 0 1 1 1 0 0 0 1 1 1 1 1 1 0 0 0 0 0 1 1 0 0 0 0 1 0 0 1
1 0 0 1 0 1 1 0 1 1 0 1 56 1 1 1 1 1 0 1 1 1 0 1 0 0 1 1 0 1 1 0 0 0 1 0 1 1 0 1 0 0 0 0 1 0 1 0 1 1 1 1 0 0 0 0 0 0 0 1 0 1 1 0 1 0 1 0 0 0 0 0 1 0 0
0 0 1 1 1 0 0 1 1 0 0 1 1 29 1 0 0 0 1 1 1 0 0 0 1 1 0 1 0 0 1 1 1 1 0 0 0 1 1 0 1 1 0 1 1 0 1 0 0 1 0 1 0 1 1 0 1 1 0 0 1 0 0 0 1 1 1 0 1 0 0 0 0 1 1
0 1 1 0 0 0 0 1 0 0 0 0 0 1 14 0 0 1 0 0 0 1 0 0 1 0 0 0 0 1 0 0 0 1 1 1 0 0 0 1 1 0 0 1 0 0 1 1 0 0 0 1 1 0 1 0 0 0 1 0 1 1 1 0 0 0 0 1 0 0 1 0 1 1 0
1 1 1 0 1 1 0 0 0 0 0 0 1 1 0 93 0 0 0 0 0 1 1 1 0 0 0 1 1 0 0 1 1 1 0 0 1 1 1 0 1 0 1 0 0 1 1 0 0 1 1 1 1 0 1 0 0 0 0 0 1 0 0 1 0 0 1 1 1 0 0 1 1 0 0
0 0 1 1 1 1 1 0 0 1 0 0 1 0 0 0 34 1 1 0 0 0 1 1 0 0 0 0 0 0 0 0 0 1 1 0 0 0 0 1 0 1 1 0 1 0 1 0 0 1 1 1 0 0 1 1 0 1 0 1 1 1 0 1 0 1 0 0 0 0 1 0 0 1 0
1 0 0 0 0 1 0 1 0 1 1 1 1 0 0 0 0 45 0 1 0 0 0 1 1 1 1 0 0 0 1 1 1 1 1 0 1 0 0 0 0 1 1 1 1 0 0 0 0 0 1 0 1 1 1 0 0 1 0 1 1 0 1 1 0 0 1 1 0 0 1 1 0 1 0
0 0 0 0 1 0 0 0 1 1 1 0 1 0 0 0 0 0 84 0 1 0 0 0 1 0 1 1 0 1 0 0 1 0 0 0 0 1 0 0 0 1 1 1 0 1 1 0 1 1 0 1 1 1 1 0 0 1 0 0 0 0 0 1 0 0 0 0 0 1 0 0 0 0 1
1 0 1 1 0 1 0 0 0 1 1 0 0 1 0 0 1 1 1 7 0 1 0 0 0 1 0 1 1 1 0 1 0 0 1 0 1 0 0 0 0 1 1 1 0 0 1 1 1 0 0 1 1 0 1 0 1 0 1 0 0 0 1 0 1 1 0 0 1 1 0 1 0 0 1
1 1 1 0 0 0 0 0 1 1 1 0 1 1 1 1 1 1 0 0 10 1 1 1 0 1 1 0 0 1 1 1 0 0 0 0 0 1 0 0 1 1 0 0 1 1 0 1 1 0 1 1 1 0 1 0 0 1 0 0 0 0 0 1 0 1 1 1 1 0 1 1 1 0 1
0 0 1 0 1 0 1 0 1 1 0 0 0 0 0 1 1 1 1 1 0 21 1 1 1 1 1 1 0 1 0 0 1 1 0 1 0 0 1 1 1 0 0 1 1 0 0 0 1 0 1 0 0 1 1 1 0 1 0 0 1 1 1 0 1 0 1 1 1 0 1 1 0 0 0
1 1 0 0 0 0 0 0 0 0 0 0 1 0 0 1 0 0 1 0 0 0 69 0 0 1 0 0 0 1 0 0 0 1 0 1 0 1 0 1 0 0 1 0 1 0 1 1 0 1 0 0 1 0 1 0 0 0 1 1 1 1 1 0 1 0 1 1 0 0 1 1 0 1 1
0 1 0 0 0 1 1 1 0 0 0 1 1 0 0 1 1 0 1 0 1 0 1 74 1 1 0 1 0 1 0 1 1 0 0 1 0 1 1 0 0 0 0 0 0 0 0 0 1 0 1 0 0 0 0 1 1 1 0 0 1 1 0 0 0 0 0 0 0 1 0 1 0 0 1
1 1 0 0 1 1 1 0 0 1 0 1 0 0 1 1 1 0 0 1 1 1 1 1 30 0 0 0 0 0 0 1 0 1 0 1 1 0 1 1 1 1 0 1 0 1 0 1 1 1 0 1 0 0 0 1 1 0 0 1 0 1 0 1 0 1 1 1 1 1 1 1 0 0 1
0 0 0 1 0 0 0 1 0 1 0 1 1 1 0 1 1 1 1 1 0 0 1 1 0 88 1 1 0 0 1 1 0 1 0 0 0 1 1 0 1 1 0 0 1 0 1 0 1 0 0 0 0 1 1 0 0 0 0 0 1 0 1 0 0 1 1 1 0 1 0 1 1 1 1
1 0 0 1 0 0 1 0 1 1 0 0 0 0 0 1 1 1 1 1 0 0 1 0 1 0 71 1 1 0 1 1 0 0 0 0 0 1 1 0 0 1 0 0 1 0 0 1 0 1 1 0 0 1 1 0 1 1 0 1 1 0 1 0 0 0 0 1 0 0 0 1 1 1 1
1 0 0 0 0 0 1 0 1 1 0 1 0 1 1 1 0 1 1 1 0 1 1 0 0 1 1 71 0 1 0 0 0 0 0 1 0 1 0 0 1 1 1 1 1 1 1 0 1 0 0 0 1 0 0 1 0 0 0 0 1 0 0 1 1 1 1 0 1 1 1 0 0 0 0
1 0 1 1 1 1 0 0 1 0 0 0 0 0 1 1 1 0 1 1 1 0 1 1 0 1 0 1 85 1 1 1 0 1 0 0 1 0 1 1 1 1 0 1 0 1 1 0 0 1 0 1 0 0 1 0 1 1 1 0 1 0 0 0 0 0 0 0 1 0 1 1 0 1 1
0 1 1 1 0 0 1 1 0 0 0 1 1 1 1 0 1 0 1 0 0 0 0 0 1 1 1 1 0 51 0 0 0 1 0 0 0 1 1 0 0 1 1 1 1 0 1 0 1 1 1 0 1 0 1 1 0 1 1 1 0 1 1 0 1 1 1 1 0 1 1 1 0 0 0
1 0 0 1 0 0 1 1 1 1 0 0 0 0 1 1 0 1 0 1 1 0 0 1 1 0 1 0 1 1 85 0 1 0 0 1 1 1 0 1 0 1 0 0 1 1 1 0 1 0 1 0 1 1 1 1 0 0 1 0 0 0 0 1 0 0 0 1 0 1 0 1 0 0 0
0 1 0 0 0 1 0 0 0 0 0 0 0 1 1 1 0 1 0 1 1 1 0 1 0 0 0 0 0 1 0 48 0 0 0 1 1 0 1 0 0 1 0 0 1 0 0 0 1 1 0 1 0 1 0 0 0 0 1 1 0 0 0 0 0 0 0 0 1 1 0 0 1 0 1
0 1 0 1 0 0 0 0 0 1 0 1 1 0 0 0 1 0 1 1 1 0 0 0 0 0 0 1 1 1 1 1 84 0 1 1 1 0 0 1 0 0 0 1 1 1 0 1 0 1 1 1 1 1 0 1 1 1 0 1 1 1 0 0 1 0 0 1 1 1 1 0 1 0 1
1 1 1 0 1 0 1 1 0 1 1 1 1 0 1 0 0 0 0 1 0 1 0 0 1 1 0 1 1 1 0 0 0 69 1 0 0 1 0 1 0 0 0 1 1 0 0 1 0 1 1 1 1 1 1 0 1 0 0 1 0 0 0 0 0 0 0 1 1 0 1 1 0 1 1
1 1 1 0 0 1 0 1 0 1 0 1 0 0 1 0 1 0 0 0 0 0 0 1 1 0 1 1 1 0 1 0 1 1 3 0 0 1 0 0 0 1 0 0 0 1 1 0 1 1 0 0 0 1 1 0 1 0 1 0 1 1 0 1 1 1 0 0 0 1 1 0 1 1 1
0 1 1 0 0 0 1 1 0 1 0 1 1 0 0 1 1 1 1 1 0 0 1 0 0 1 0 1 1 1 0 0 1 0 0 46 1 0 0 0 0 1 0 1 1 1 0 0 0 0 0 0 0 1 1 1 1 1 1 0 1 0 1 0 1 0 1 1 0 0 1 0 1 0 0
1 1 0 1 1 0 1 0 1 0 1 0 1 0 1 0 1 1 1 1 1 1 0 1 0 0 0 1 0 0 1 1 0 1 1 1 17 1 1 1 0 0 1 0 1 0 0 0 0 0 0 0 1 0 1 0 0 1 1 0 1 1 0 1 1 1 1 0 0 1 0 0 1 1 1
1 0 1 1 0 0 1 1 1 1 0 0 0 0 0 1 1 0 0 1 0 1 0 0 1 0 1 0 0 1 1 1 1 1 1 1 1 56 1 1 0 0 0 1 0 0 0 1 1 1 0 0 1 1 1 1 0 1 0 1 1 0 0 0 1 1 0 1 1 0 0 0 0 0 0
1 0 0 0 1 1 0 0 1 1 0 0 1 0 0 0 1 1 0 1 0 1 0 0 1 1 1 1 1 1 0 1 0 1 0 1 1 1 2 0 1 0 1 0 0 1 0 0 1 1 1 1 1 1 0 0 1 1 0 1 0 1 1 1 1 1 1 0 0 0 0 0 0 1 1
0 1 1 0 0 0 1 1 0 0 1 0 1 1 1 1 1 0 0 1 1 0 0 1 1 0 0 0 1 1 0 0 0 0 1 1 1 0 0 46 0 1 0 0 0 1 1 1 1 0 0 0 0 0 0 0 0 1 1 1 1 1 0 1 1 1 1 1 1 0 0 1 0 0 0
0 0 1 1 0 0 1 0 1 1 1 0 0 1 0 0 1 0 1 0 1 1 1 0 1 1 0 1 1 1 1 0 0 0 1 1 0 0 1 0 82 0 0 1 1 1 1 1 1 1 0 0 0 0 1 1 1 1 1 0 1 0 0 1 1 1 1 1 1 0 1 1 1 1 0
0 1 1 0 0 0 0 1 0 0 1 1 1 0 1 1 1 1 1 0 0 1 0 0 1 1 1 0 1 1 0 1 1 0 0 1 0 1 1 0 0 46 1 0 1 0 0 1 0 1 1 0 1 0 1 0 0 0 1 0 0 0 0 1 0 0 0 1 1 1 0 0 1 0 0
0 1 1 0 1 0 1 1 1 1 1 0 1 0 0 0 1 1 0 1 1 0 0 0 0 0 1 0 1 0 0 1 1 0 1 1 0 0 1 0 1 1 90 0 0 0 0 1 1 1 1 1 0 0 1 1 0 0 1 0 0 1 0 0 0 1 0 0 1 0 1 1 1 0 1
0 1 0 0 1 0 0 0 1 0 1 1 1 1 1 1 0 1 0 0 0 1 0 1 0 0 0 0 1 1 1 0 0 0 1 1 0 0 0 1 0 0 1 1 0 1 1 1 0 0 0 0 1 1 0 0 1 1 1 1 1 0 0 0 0 1 0 0 1 1 1 1 0 1 1
0 1 0 0 1 1 1 0 1 1 1 1 0 1 1 0 1 0 0 0 0 0 1 1 1 0 1 1 1 1 0 1 0 1 1 1 1 0 1 0 1 1 1 1 42 0 0 1 1 0 0 1 0 0 0 0 0 0 0 1 1 0 0 1 1 1 0 1 1 1 0 1 1 0 1
1 0 1 1 1 1 0 0 0 0 0 1 0 0 0 1 0 1 0 1 1 0 0 1 1 1 1 1 1 1 1 1 0 1 0 0 1 0 0 1 1 0 1 0 1 27 0 1 0 0 0 0 0 0 1 1 0 0 1 0 1 0 1 1 0 0 1 1 0 1 0 0 0 0 1
1 0 1 1 1 1 1 1 1 1 1 1 1 0 0 0 0 0 0 1 1 0 1 0 0 1 1 1 0 1 1 1 0 0 0 1 0 0 0 0 0 0 0 0 0 0 23 1 1 0 1 1 1 0 1 1 0 1 0 1 1 0 0 1 1 0 1 0 1 0 0 1 0 0 1
1 1 1 1 1 0 0 1 1 0 1 1 0 1 1 1 0 0 0 0 1 0 0 0 1 1 0 0 1 0 1 0 1 1 1 1 1 0 0 0 1 1 1 1 0 1 0 88 0 1 1 1 0 1 1 0 1 1 0 0 1 1 1 0 0 1 1 0 1 1 1 0 1 0 0
0 0 0 1 0 1 0 0 1 0 1 1 0 0 0 0 1 0 1 0 0 0 0 0 1 0 0 0 0 1 1 0 0 1 0 1 0 1 1 0 0 1 1 1 1 1 1 0 28 1 1 1 1 1 0 1 0 1 0 1 0 1 1 0 1 1 1 1 1 1 1 0 0 1 1
1 0 0 1 1 1 0 1 0 1 1 0 1 1 0 0 1 0 0 1 1 1 1 0 0 1 1 1 0 0 0 0 0 0 0 0 1 1 0 0 0 0 1 0 0 0 1 1 1 83 0 1 1 0 1 1 1 1 1 1 0 0 0 0 1 1 0 1 0 1 1 0 1 1 0
1 0 1 1 0 1 0 0 1 1 0 0 0 0 1 0 0 0 1 1 0 0 1 1 0 1 0 0 1 0 0 1 1 1 0 0 0 1 1 0 1 1 1 0 0 0 1 1 0 0 52 1 0 1 1 0 0 1 0 0 1 0 0 0 1 0 1 0 1 0 1 1 0 1 1
1 0 0 0 1 1 1 0 0 1 1 0 1 0 0 1 1 0 1 0 1 0 0 1 1 1 0 1 0 0 1 0 1 0 0 0 1 0 1 1 0 1 1 0 1 0 1 0 1 0 1 74 0 0 0 1 0 1 1 1 1 0 1 0 0 0 0 1 0 1 0 0 0 1 1
1 1 1 1 0 0 0 1 1 0 0 1 0 0 1 1 1 1 0 1 0 1 0 0 0 1 1 0 1 1 1 0 0 1 1 0 0 1 0 1 0 1 1 1 0 0 0 1 1 1 1 1 42 1 0 1 0 0 1 0 0 1 0 0 0 0 1 1 1 0 1 0 0 0 1
0 0 1 0 0 1 1 1 1 1 0 1 0 1 1 1 1 1 0 0 1 1 0 0 0 1 1 1 1 0 0 0 1 1 0 0 0 0 0 1 0 0 1 1 1 1 0 1 1 0 1 0 0 90 0 1 1 0 1 1 1 0 1 0 0 0 0 0 1 0 1 0 0 1 0
0 0 0 0 1 1 1 0 1 0 0 0 0 0 0 1 1 0 0 0 1 0 1 1 0 0 0 0 0 1 1 1 1 1 1 1 1 0 0 1 0 1 1 1 0 0 0 1 0 0 1 1 1 0 38 1 1 0 0 0 0 1 1 0 0 0 0 0 0 0 1 0 0 1 1
0 0 1 0 1 0 0 1 1 0 0 1 0 1 1 0 1 0 0 0 1 0 0 0 1 0 1 1 1 0 0 1 1 1 0 0 0 0 0 1 1 1 0 0 1 1 0 1 0 1 1 1 1 1 1 71 0 1 0 0 0 0 0 0 1 0 0 0 0 1 1 0 1 1 0
1 0 1 1 1 1 1 1 1 1 1 1 0 1 1 0 0 0 0 0 1 0 0 1 1 0 1 0 1 0 0 0 0 0 0 0 1 0 0 0 1 1 0 0 0 0 0 0 1 0 0 0 1 0 0 1 38 0 1 1 1 0 0 0 1 0 1 1 0 0 0 1 1 0 1
0 1 0 0 1 1 1 0 0 0 1 0 1 1 1 1 1 0 1 0 0 0 0 0 1 0 1 0 1 1 1 1 0 0 1 1 1 1 1 1 0 1 0 0 1 1 1 0 1 1 0 0 1 1 0 0 1 9 1 0 0 0 1 1 0 1 0 0 0 0 1 1 1 0 0
1 0 1 0 1 0 0 0 0 1 1 0 1 1 1 1 0 1 1 0 0 1 0 1 0 0 0 0 0 0 1 0 1 0 0 1 1 0 0 1 1 1 1 1 0 0 1 1 1 1 0 0 1 1 1 0 0 0 15 0 1 0 0 0 0 0 1 1 1 1 0 0 0 1 0
1 0 1 0 1 1 0 1 0 1 0 1 0 0 1 0 1 1 0 0 1 1 1 0 0 0 1 0 1 1 1 0 1 0 0 1 1 0 1 1 1 0 0 0 1 1 1 0 0 1 0 0 0 1 0 0 0 1 0 53 0 1 1 0 0 1 1 0 1 0 0 0 1 0 1
1 1 1 1 1 1 0 0 1 0 0 1 1 0 1 0 1 1 0 1 1 0 0 1 1 0 0 0 0 1 1 1 1 0 1 1 0 0 0 1 0 0 1 1 0 0 1 0 0 1 0 1 1 1 1 1 0 1 1 1 94 1 1 0 1 1 1 1 0 0 0 1 1 1 0
1 0 0 1 0 0 0 1 1 0 0 0 1 0 0 0 0 0 1 1 0 0 0 0 1 1 0 0 0 1 0 0 1 1 1 1 1 0 0 0 1 0 0 0 0 0 1 0 0 0 0 0 0 0 1 0 1 1 0 1 0 94 0 1 1 1 1 1 0 1 1 1 0 0 0
0 0 1 0 0 0 1 1 0 1 1 1 0 1 0 0 0 0 0 0 1 1 0 1 1 0 1 1 0 0 0 1 1 1 0 1 0 0 0 0 0 1 0 1 0 0 1 1 1 1 1 1 1 1 0 1 1 1 1 1 1 1 54 1 1 0 1 0 1 1 0 1 1 0 0
0 0 0 0 1 0 0 0 1 1 0 1 1 0 1 0 0 1 0 1 1 1 0 0 0 1 1 0 0 0 1 0 1 1 0 1 0 0 1 0 0 0 0 1 0 1 0 1 0 1 1 0 1 0 0 1 0 1 0 1 1 1 0 91 0 0 0 0 1 0 0 0 0 1 0
1 0 0 1 1 1 1 0 0 0 0 1 0 1 0 1 1 1 0 1 1 0 0 0 0 1 0 0 0 0 0 1 0 0 1 1 0 0 1 1 0 1 0 0 0 1 1 0 1 0 1 1 0 0 1 0 1 1 0 1 0 0 1 1 79 1 0 0 1 1 0 0 1 0 1
0 0 1 0 0 1 1 1 0 0 1 0 0 0 1 0 1 0 0 1 0 1 0 0 0 0 0 0 0 1 1 1 1 1 0 1 1 0 0 0 1 0 1 1 0 0 0 0 0 0 0 1 1 0 0 1 0 1 1 0 0 0 0 0 0 64 0 1 1 1 1 1 0 1 0
1 1 0 1 1 1 0 0 1 0 0 0 1 0 0 1 0 0 0 1 0 0 1 0 1 0 1 0 1 1 1 1 0 0 1 0 0 1 0 0 1 0 0 1 1 1 0 1 0 0 0 1 0 0 1 1 1 1 0 0 0 0 0 1 1 1 91 1 1 0 1 0 1 0 1
0 0 1 0 0 0 0 1 1 1 1 0 0 1 1 1 1 1 1 1 1 1 0 1 1 0 1 0 0 1 0 1 1 0 1 0 1 0 0 0 1 1 0 0 0 1 1 1 0 0 1 1 0 1 0 1 1 1 1 0 1 1 1 1 0 0 0 9 0 0 1 0 1 0 1
1 0 1 0 0 0 0 1 1 1 0 0 1 0 0 0 0 0 0 1 1 1 1 1 0 0 0 0 0 1 0 0 1 0 0 1 1 0 0 1 0 0 1 1 1 1 1 1 1 0 0 1 0 0 0 0 1 0 0 1 0 1 0 0 1 0 0 0 56 1 0 1 0 1 0
1 1 0 0 1 1 1 1 1 0 0 1 0 1 0 0 0 0 1 0 1 1 0 0 0 0 1 1 0 1 0 1 1 0 1 0 0 0 1 1 0 0 0 1 1 1 1 0 1 1 0 1 0 1 1 1 0 0 0 1 0 1 0 1 0 1 0 1 0 25 1 0 0 1 0
1 1 1 1 0 0 0 0 0 1 1 0 0 0 1 1 1 1 1 0 0 1 1 1 1 1 0 0 0 0 0 0 1 1 1 1 1 1 1 0 0 0 1 0 1 0 0 1 1 1 0 1 1 0 0 0 0 1 0 1 0 0 1 0 1 1 0 0 0 1 1 0 1 1 0
1 1 1 1 1 1 1 0 1 1 0 0 1 0 1 0 0 1 1 0 1 1 0 0 1 1 1 1 1 0 1 1 0 0 1 0 1 0 1 1 1 0 0 1 1 0 1 0 0 0 1 1 0 1 1 0 0 0 0 0 1 1 0 0 1 1 1 0 0 0 0 82 1 0 0
0 1 0 0 1 0 0 1 0 0 0 1 1 0 1 0 1 0 1 1 1 1 0 1 0 1 1 0 1 1 0 1 0 1 1 1 1 0 1 1 1 0 1 1 1 1 1 0 1 1 1 0 1 1 1 1 0 1 1 1 0 0 1 1 0 0 0 1 0 1 1 0 15 1 0
1 1 0 0 1 0 1 0 1 1 0 1 0 0 0 1 1 1 0 0 0 1 1 0 1 0 0 0 0 1 0 0 1 1 0 1 1 1 0 0 1 0 1 0 1 1 1 1 1 1 1 0 0 0 0 0 0 1 1 0 1 0 0 1 1 1 1 1 1 1 0 1 0 82 0
1 1 1 0 1 0 0 1 0 0 1 0 1 0 0 0 1 1 1 1 0 0 0 1 1 0 1 0 0 1 1 0 0 0 1 1 1 1 1 1 1 0 0 0 1 1 0 0 1 0 0 0 1 0 1 1 0 1 0 0 0 0 1 0 1 1 0 1 0 1 0 0 0 0 78
