147
7 1 0 1 0 1 1 0 1 0 0 0 1 1 0 1 1 1 1 0 0 0 1 0 0 1 0 1 0 0 1 1 0 1 0 1 1 0 1 1 1 0 0 1 0 0 0 1 0 0 0 0 0 0 0 1 1 1 1 0 0 1 0 1 1 0 1 0 0 0 0 1 1 1 1 1 1 1 1 0 1 1 1 0 0 1 0 0 1 0 1 1 0 1 0 1 0 0 0 0 0 1 1 1 0 0 0 0 1 1 1 0 1 0 1 0 0 0 1 1 1 1 0 0 1 0 0 1 0 1 0 0 1 1 0 1 0 1 1 1 0 0 0 0 1 1 1 
1 25 1 1 0 1 0 1 0 1 1 0 0 0 1 0 0 0 0 1 1 1 0 1 1 1 0 1 1 1 1 0 0 0 0 0 1 0 0 0 0 1 1 0 1 0 1 0 1 0 0 0 0 1 1 0 0 1 1 0 1 0 1 1 0 1 1 0 0 0 0 0 0 0 0 1 1 1 0 0 0 1 1 0 0 0 0 0 1 1 0 1 1 1 0 1 0 0 0 0 0 0 0 0 0 0 0 1 0 1 0 0 0 0 0 0 0 0 1 0 1 0 1 0 0 1 1 1 1 0 1 0 0 0 0 0 0 0 1 0 0 1 1 1 1 0 0 
1 1 65 0 1 1 0 0 0 0 1 0 0 1 0 0 1 1 1 0 1 0 1 0 1 0 1 0 0 0 0 0 1 1 1 1 1 1 0 0 0 1 0 0 1 1 0 1 1 1 0 1 0 0 0 0 1 1 1 0 1 1 1 1 0 0 1 1 0 0 0 0 1 0 0 1 0 1 1 0 0 1 1 1 0 1 0 0 1 0 0 0 0 0 1 0 0 0 0 1 0 1 0 0 0 0 1 1 1 1 1 0 1 0 1 1 1 0 0 0 0 0 1 0 1 0 0 1 1 0 1 1 1 1 0 1 1 0 0 0 0 0 0 0 0 1 1 
1 1 0 39 1 0 1 1 1 0 0 0 1 1 0 1 1 0 1 0 1 0 1 0 1 0 0 0 1 1 0 0 0 0 0 1 1 1 1 0 0 1 1 0 0 1 0 1 1 1 1 1 1 1 0 0 1 1 0 1 1 0 0 0 0 0 1 1 0 1 0 1 0 1 1 0 0 0 0 1 0 0 1 0 0 1 1 0 1 1 0 1 1 1 0 1 0 0 0 1 1 0 1 1 1 1 1 0 0 0 0 0 0 0 0 0 0 0 1 1 1 1 0 1 1 1 0 0 1 1 0 0 0 1 1 1 0 1 1 0 0 1 0 0 0 0 0 
0 0 0 1 84 1 0 1 0 1 0 0 1 1 1 1 0 0 0 0 0 0 0 1 1 0 0 1 0 0 1 1 1 0 1 1 1 0 0 1 0 1 0 0 0 1 0 0 0 0 0 0 0 1 0 1 0 0 0 0 1 1 1 1 0 0 0 1 1 1 0 1 0 0 1 1 1 1 0 1 0 0 0 0 1 0 1 0 0 0 0 1 0 0 1 1 0 1 0 1 1 0 0 1 0 0 0 1 0 0 1 0 1 0 1 1 0 0 0 1 1 1 1 1 1 0 0 1 1 1 1 1 0 1 0 1 0 0 0 1 1 0 0 1 1 1 1 
0 1 0 1 1 73 1 1 1 0 0 0 0 1 1 0 1 0 1 1 1 0 0 0 1 1 1 0 0 0 0 1 1 1 0 1 0 0 0 1 0 0 1 1 0 0 0 1 1 0 0 0 0 0 1 0 0 1 0 0 1 0 0 0 0 1 1 0 1 0 0 0 1 1 0 0 0 0 0 0 1 0 0 1 1 0 1 1 1 0 1 0 1 0 1 1 1 0 0 0 1 1 1 1 0 0 0 0 0 0 0 0 0 1 1 1 1 0 1 1 0 0 1 1 0 1 1 1 0 0 0 1 1 0 1 1 0 1 0 1 1 1 0 0 1 0 1 
0 0 1 1 1 1 5 1 0 0 0 1 0 1 1 0 0 0 0 1 0 0 0 1 1 1 1 1 1 0 1 0 1 0 0 1 0 1 1 0 1 1 1 1 0 1 1 0 1 0 1 0 1 0 1 1 1 1 0 1 0 0 1 0 0 0 0 0 1 1 1 1 1 1 1 1 0 1 1 0 0 1 0 1 1 1 0 1 0 0 0 1 0 0 0 0 0 1 1 1 0 0 0 0 1 1 0 1 0 1 0 1 1 1 1 0 0 0 1 1 0 1 0 1 1 0 1 0 1 1 0 0 1 0 0 0 1 1 0 1 0 1 0 1 1 1 1 
0 0 0 0 0 0 1 85 0 0 0 1 0 0 0 0 0 1 1 1 1 1 1 0 1 0 1 0 1 1 0 1 1 1 1 0 0 1 0 1 1 0 1 1 0 0 0 0 1 0 0 0 0 1 0 1 0 0 0 0 0 1 0 1 0 0 0 1 0 1 1 1 1 0 0 1 0 1 0 0 1 0 1 0 1 0 0 1 0 0 0 0 1 0 0 0 0 1 0 0 0 0 0 0 1 1 1 0 1 1 1 0 0 1 1 0 0 0 1 0 0 1 0 1 1 0 1 0 0 0 1 1 1 0 1 0 1 0 0 1 0 1 0 1 0 1 0 
1 0 0 1 0 1 1 0 49 0 0 0 1 0 1 0 1 0 0 1 1 0 0 0 0 1 1 0 0 0 1 0 1 0 1 0 1 1 1 0 0 0 1 0 0 1 0 1 1 1 0 1 1 0 0 1 0 1 1 0 0 1 0 1 0 1 0 0 1 0 0 1 1 0 0 1 0 1 0 0 1 0 1 1 0 1 1 1 1 1 0 1 1 1 1 1 1 1 1 1 1 1 0 0 1 0 1 1 1 0 1 1 1 1 1 0 0 0 0 1 0 1 0 1 1 1 1 0 1 0 1 0 0 0 1 1 0 0 1 1 1 1 0 0 1 0 1 
0 0 1 0 0 0 0 0 0 29 1 1 0 1 1 1 0 0 1 0 0 1 0 1 0 1 0 0 0 1 1 1 0 0 1 0 1 0 0 0 0 1 1 0 0 1 0 0 0 0 0 1 0 0 1 0 1 1 0 1 1 0 0 1 0 1 1 0 0 0 1 1 0 1 0 0 0 0 1 1 0 0 0 0 0 0 1 1 1 1 0 0 0 0 0 0 1 1 0 0 1 1 0 1 1 1 1 1 0 1 0 1 0 1 0 1 1 0 0 1 0 1 0 1 1 0 1 1 0 0 0 1 1 0 0 0 1 0 1 1 1 1 1 0 1 0 0 
0 0 0 1 0 1 0 0 1 1 68 1 0 1 0 1 1 0 1 0 0 0 1 1 0 1 0 0 1 0 0 0 0 1 0 0 0 0 0 0 0 1 1 0 0 0 0 1 0 1 0 1 0 1 1 0 0 1 0 1 1 0 0 1 1 1 1 0 1 0 0 0 0 0 1 1 1 1 0 0 0 1 1 0 1 1 0 1 1 0 0 0 0 1 0 0 1 1 1 0 1 1 0 0 1 1 1 0 1 0 1 0 0 1 0 1 0 1 1 0 0 1 1 1 1 1 0 1 1 0 1 0 0 1 1 1 1 0 1 1 1 0 1 1 1 0 1 
0 0 0 1 0 1 1 0 0 1 0 58 1 0 1 0 1 1 1 0 0 0 0 0 0 1 1 1 1 1 1 0 0 1 0 1 0 1 1 1 0 0 1 1 0 0 0 1 1 0 0 1 1 0 0 1 0 1 1 0 1 0 1 1 1 0 1 1 0 1 1 1 0 0 1 0 0 1 0 1 1 0 0 0 1 1 0 0 0 0 0 1 1 0 0 1 0 1 0 0 0 0 0 0 0 0 1 0 1 1 1 0 0 0 0 0 0 1 0 0 0 1 1 1 1 0 1 0 1 1 0 1 1 0 0 0 0 0 1 0 1 0 0 1 1 1 1 
1 1 1 0 0 0 0 1 0 1 1 1 90 1 0 0 1 1 0 1 0 0 0 0 1 1 0 1 1 1 1 0 1 1 0 0 0 0 0 1 0 0 1 0 0 0 0 1 1 0 0 1 0 0 1 0 0 1 1 1 1 0 0 0 0 0 0 1 1 0 0 0 1 0 1 1 1 1 0 1 1 1 1 0 1 1 0 0 1 1 0 0 1 1 0 1 0 0 1 1 0 0 0 0 1 1 0 1 1 0 0 1 0 0 1 0 0 1 1 1 0 0 1 1 0 0 0 0 1 1 1 1 1 1 1 1 0 1 0 1 0 1 0 0 0 1 1 
1 1 0 0 1 0 1 1 0 1 1 1 0 43 1 1 1 0 0 0 1 1 0 0 0 1 1 1 0 1 1 1 0 0 1 0 1 1 0 0 1 1 1 0 1 0 1 1 0 1 1 0 1 1 1 0 0 1 1 1 0 1 1 0 1 1 0 1 0 1 0 1 0 0 1 0 0 1 0 1 1 1 0 0 1 0 1 0 1 1 0 0 0 0 1 1 0 1 1 1 0 1 0 0 1 0 0 1 0 1 0 0 1 0 0 1 1 1 0 0 0 1 1 0 0 1 1 0 0 1 1 1 1 0 1 0 0 1 1 0 0 0 0 0 1 1 0 
1 0 1 1 1 0 1 0 0 0 0 1 1 1 55 0 0 1 1 1 1 1 0 1 0 0 0 0 1 0 1 0 1 0 1 0 1 0 1 1 1 1 0 1 1 0 1 1 0 1 1 1 0 0 0 0 1 1 0 1 0 1 0 1 1 0 1 0 0 0 0 0 1 1 0 0 1 0 1 1 1 1 1 1 0 0 0 0 0 1 0 0 1 0 1 0 0 1 0 0 0 1 1 1 1 0 1 1 1 0 0 0 1 1 0 1 0 1 1 0 0 0 0 1 1 0 0 1 0 0 1 0 1 0 1 1 0 0 0 1 0 1 1 0 0 1 0 
1 0 0 1 1 1 0 0 0 1 1 0 0 1 1 96 0 0 0 1 0 0 1 1 1 0 1 1 1 0 0 1 1 0 0 0 0 1 1 1 0 1 1 0 1 1 0 0 0 1 0 1 1 0 1 1 1 0 0 0 0 0 1 0 1 1 1 1 1 1 0 0 1 1 0 0 0 1 1 0 1 0 1 1 0 1 0 0 0 1 0 0 1 1 1 1 1 0 1 1 0 0 0 1 0 0 0 1 1 1 0 0 1 0 0 1 1 0 1 0 0 1 0 1 0 0 0 0 0 0 0 0 1 1 0 0 1 1 1 1 0 1 1 1 0 0 0 
0 0 1 1 0 0 1 0 1 1 0 1 1 1 0 0 28 0 1 1 1 1 1 0 1 0 0 0 1 1 0 0 1 0 1 1 0 0 1 0 1 0 0 0 1 1 1 1 0 0 0 1 1 0 0 1 1 0 1 1 0 0 0 1 0 0 1 0 1 1 0 0 1 1 0 1 0 0 0 0 1 1 1 0 0 1 1 1 0 0 0 1 1 1 1 1 0 1 1 1 0 1 0 1 0 1 1 0 1 0 1 1 1 1 0 1 0 0 1 0 1 0 1 1 0 0 0 1 1 0 1 1 0 0 1 0 0 0 0 0 0 1 0 0 0 0 0 
1 0 0 1 1 1 1 1 1 1 0 0 0 0 0 0 1 8 0 0 0 1 0 0 0 0 1 1 0 0 0 1 0 0 1 0 1 0 1 1 1 1 0 0 0 1 0 0 1 1 1 0 0 0 1 1 1 1 0 0 1 1 0 0 1 0 0 1 0 1 1 1 0 1 0 1 0 0 0 0 0 1 1 1 1 0 0 0 0 0 0 0 1 1 0 0 0 1 0 0 1 1 0 0 1 0 1 1 0 0 1 0 0 1 0 1 0 1 0 1 0 0 0 1 1 1 1 0 0 1 1 0 1 0 1 1 0 0 1 0 0 1 0 0 0 1 1 
0 0 1 0 0 0 0 1 0 1 0 1 1 1 0 1 0 0 23 1 0 0 0 0 0 1 0 1 1 1 1 0 0 1 0 0 0 0 0 0 1 0 1 1 1 1 0 0 0 1 0 1 1 1 1 1 0 1 1 1 0 1 0 1 1 0 0 1 1 1 0 0 0 1 0 0 1 0 0 0 0 0 1 1 0 1 1 1 1 0 0 0 1 0 0 1 1 0 1 1 0 1 1 1 0 1 0 0 1 1 1 0 1 1 0 1 0 0 1 1 1 0 0 1 0 0 0 0 0 1 0 0 1 0 0 1 0 0 1 0 1 1 0 1 0 0 1 
1 1 0 1 1 1 1 0 0 1 0 0 1 1 0 0 1 0 1 36 0 0 1 1 1 0 1 1 1 0 0 0 0 1 0 0 0 0 1 0 1 0 1 1 0 0 1 1 1 1 1 0 0 1 1 1 1 0 0 1 0 0 0 1 1 1 0 0 0 1 1 0 1 0 0 1 0 1 1 0 0 1 0 1 1 0 0 0 1 1 1 0 0 1 1 1 1 1 0 1 0 1 1 0 0 1 1 1 1 1 0 0 0 0 0 1 1 0 1 0 1 1 0 0 1 1 1 0 1 1 0 0 1 1 1 0 1 0 1 1 1 0 0 0 1 0 1 
1 0 1 0 0 1 1 1 1 0 0 0 0 1 0 0 1 0 1 0 72 1 0 0 1 0 0 0 0 0 1 1 0 0 1 0 1 1 0 0 0 0 0 1 0 1 0 0 1 0 1 0 1 0 1 1 1 1 1 0 0 1 0 1 0 0 0 0 0 1 0 0 1 0 1 1 0 1 1 1 1 0 1 0 0 1 1 1 0 0 1 0 0 0 1 1 0 1 1 0 1 1 1 0 1 1 0 1 0 1 0 1 0 1 1 1 0 0 1 1 1 0 1 0 0 1 0 1 1 1 0 0 1 1 1 0 0 1 1 1 0 0 1 0 0 0 1 
1 1 0 0 1 1 0 1 1 0 0 0 0 0 1 0 0 1 1 0 1 11 0 0 0 1 1 0 0 0 0 0 0 1 1 1 0 1 0 0 0 1 1 1 1 0 1 0 1 1 1 0 0 1 0 1 1 0 0 1 0 1 1 1 1 0 1 0 0 1 1 1 1 0 1 0 0 0 0 1 1 1 1 1 0 0 0 1 0 0 0 1 0 0 0 1 0 1 1 1 0 1 1 1 0 0 1 1 1 0 1 1 1 1 1 1 0 1 1 1 1 0 0 0 0 0 1 0 0 0 1 0 0 0 0 1 1 1 1 1 0 0 0 0 0 1 0 
1 1 1 0 1 0 0 0 1 1 1 0 1 1 1 1 1 0 1 1 1 0 34 0 0 1 1 1 0 0 0 1 0 1 1 0 1 1 1 0 1 0 1 1 0 0 1 0 1 1 0 0 1 1 1 0 1 1 0 1 0 1 1 1 0 0 1 1 1 0 0 0 0 0 0 1 1 1 1 1 0 0 1 1 0 0 0 0 1 0 1 0 0 1 0 1 1 0 1 1 1 1 1 0 0 1 1 1 0 1 1 0 1 0 1 1 1 1 1 1 1 0 1 1 0 1 1 1 1 0 1 0 0 0 0 1 0 0 0 0 1 0 0 0 1 1 0 
0 0 0 1 1 0 1 1 0 0 0 0 1 1 1 0 1 0 1 1 0 1 0 35 0 0 0 0 1 1 1 0 1 1 1 0 0 1 1 1 1 1 0 1 1 1 0 0 0 0 0 0 0 0 0 1 0 0 1 0 1 1 0 1 0 1 1 0 0 0 1 1 0 1 0 1 0 0 1 1 1 0 0 1 1 1 1 0 1 1 0 1 0 1 0 1 0 0 1 0 0 0 1 1 1 0 1 0 1 1 1 1 0 0 1 1 0 1 1 1 0 1 1 0 0 1 0 1 0 1 0 1 1 1 1 0 0 0 1 1 0 1 0 1 0 1 0 
0 0 1 0 1 0 0 1 1 1 1 0 0 0 1 0 0 0 0 0 1 0 1 1 19 1 0 0 0 1 0 0 0 1 1 0 0 0 1 1 0 0 0 1 1 0 1 1 0 0 1 0 1 1 0 1 0 1 0 0 0 1 1 0 1 0 0 1 0 1 0 1 1 0 0 1 1 0 1 1 1 0 1 0 0 0 0 0 1 0 1 1 1 1 0 1 1 1 1 0 1 1 1 1 1 1 1 1 0 1 0 1 0 1 1 1 0 0 0 1 0 1 1 1 0 0 0 0 0 1 0 1 0 1 1 1 1 1 1 1 1 1 0 0 1 1 1 
0 0 0 1 0 1 0 1 1 1 1 1 0 0 1 0 0 0 0 1 1 0 0 0 0 98 0 1 0 0 0 1 0 1 1 0 1 0 0 1 0 0 1 0 1 0 1 1 0 1 0 1 1 0 1 0 1 1 0 0 1 1 1 0 1 0 0 0 1 0 1 0 1 1 1 1 0 0 1 0 0 1 0 0 0 0 0 0 1 1 0 1 1 0 0 1 0 0 1 0 1 0 0 1 1 0 1 1 1 0 0 0 1 0 0 1 1 1 1 0 1 1 0 1 0 0 0 1 1 0 1 0 1 1 0 1 0 0 1 0 1 1 1 0 1 1 1 
1 0 1 0 1 1 0 0 1 0 1 0 1 1 0 1 1 1 0 0 0 1 0 1 1 0 70 1 1 0 0 1 0 0 1 0 1 1 1 0 1 1 0 0 1 0 1 1 1 0 1 1 1 0 1 1 0 1 0 0 0 0 0 1 0 1 0 0 1 1 1 1 1 1 1 1 0 0 0 0 1 1 0 0 0 0 0 0 0 1 1 1 0 0 1 0 1 1 0 0 0 0 0 0 0 1 0 1 0 1 1 1 0 0 1 0 0 1 0 1 1 0 0 0 1 0 0 1 0 1 1 1 1 0 0 1 0 1 1 0 1 0 1 0 1 0 1 
1 0 0 0 1 1 1 0 1 0 0 0 0 1 1 1 0 0 1 0 0 0 1 1 0 0 0 36 0 0 1 0 0 0 1 1 0 1 0 0 1 0 0 0 0 0 0 1 1 1 0 1 1 1 0 1 0 0 0 0 1 1 1 1 0 0 1 0 0 0 1 0 0 0 1 0 1 1 1 1 0 0 0 1 1 0 1 0 0 1 0 1 0 0 1 0 1 1 1 1 1 0 1 1 1 0 0 0 0 0 0 1 0 0 0 1 1 0 0 1 0 1 0 1 0 1 0 0 0 1 0 0 1 1 1 0 1 1 0 0 0 1 0 1 0 0 1 
1 1 1 0 0 1 1 0 0 0 1 0 1 0 1 1 1 1 0 1 0 1 0 1 1 0 1 0 47 0 0 1 1 0 0 1 1 1 1 1 0 1 1 0 1 1 0 1 1 1 1 1 0 0 0 0 0 0 1 1 0 1 0 1 0 0 1 0 1 1 0 0 1 0 0 0 0 1 0 1 0 1 0 1 1 1 1 0 0 0 0 0 1 1 1 0 0 0 0 0 0 0 0 1 0 1 0 1 1 1 0 0 1 1 0 0 0 0 1 0 1 1 1 0 0 1 0 1 0 1 1 1 0 0 0 0 0 1 0 0 0 0 0 0 0 1 1 
1 1 1 0 0 1 0 0 0 1 0 1 0 1 1 1 1 0 1 0 0 0 1 1 0 1 0 1 1 97 0 1 0 1 1 0 0 0 1 1 1 1 1 1 1 0 1 0 1 1 0 1 1 1 0 1 0 0 1 0 1 0 0 0 0 0 1 0 1 0 1 0 0 0 0 1 1 1 1 0 1 0 1 1 0 0 1 0 0 1 1 1 1 1 0 0 1 0 0 1 1 1 0 0 0 1 1 0 0 1 0 1 1 1 0 0 0 1 1 1 1 0 0 1 1 1 0 1 1 0 1 1 1 1 0 0 0 0 0 0 1 0 0 0 0 0 0 
0 0 0 0 1 0 1 0 1 0 0 0 0 1 0 0 1 1 0 1 0 1 1 1 1 1 0 1 1 0 72 1 0 1 0 0 1 1 0 0 1 1 1 0 0 1 1 0 1 0 1 1 0 0 0 1 0 1 0 1 1 1 0 1 1 1 1 0 0 0 0 0 0 1 1 0 1 0 1 1 0 0 0 1 0 1 0 0 0 1 0 1 1 1 0 1 1 0 0 0 1 0 1 0 0 1 1 0 0 1 1 0 1 1 0 0 1 1 0 1 1 1 1 0 1 1 1 1 0 1 0 1 1 1 1 1 0 1 0 0 1 0 1 1 1 0 1 
0 0 0 0 1 0 1 0 1 1 1 0 0 0 0 1 1 0 0 1 0 1 0 1 0 1 0 1 0 1 1 7 0 0 0 1 0 0 0 1 0 1 0 1 1 1 1 0 1 1 0 0 0 0 0 1 1 0 0 0 0 1 1 1 0 0 0 1 1 1 1 0 0 1 0 0 1 1 1 1 1 1 0 0 0 1 1 1 1 0 0 0 0 0 0 1 1 1 0 1 1 0 1 1 0 1 1 0 1 1 1 1 0 0 1 1 0 0 0 0 1 0 1 1 0 1 1 0 1 1 0 1 1 1 1 1 1 1 0 0 0 1 1 1 0 0 0 
1 0 1 1 1 1 1 1 0 1 0 1 1 1 0 1 1 0 1 1 1 1 0 1 0 0 1 1 1 1 0 1 61 1 1 0 1 0 1 1 1 0 0 0 1 1 1 0 1 0 1 0 1 1 1 1 0 0 0 1 1 1 0 0 1 0 1 1 1 1 0 1 0 0 1 1 1 1 0 1 1 0 0 1 0 1 1 0 0 1 1 0 0 1 1 0 1 1 1 1 1 0 0 0 0 0 1 0 0 1 1 0 1 0 1 1 0 0 1 0 0 1 1 1 1 1 1 0 0 0 0 1 0 0 1 1 1 0 0 0 1 0 1 0 0 0 1 
0 1 0 0 0 0 0 0 0 0 0 0 1 0 0 0 1 1 0 1 1 0 1 1 1 1 1 1 0 1 0 0 0 36 0 0 0 0 1 1 1 0 1 1 1 0 1 0 0 0 1 1 0 1 0 0 0 0 0 1 0 0 0 0 0 1 1 0 0 0 0 1 0 0 0 0 1 1 1 1 0 1 1 1 0 1 0 1 0 1 0 1 1 0 1 0 0 1 0 0 1 1 1 0 1 1 1 1 1 1 1 0 1 0 1 0 0 0 1 1 1 1 1 1 1 1 0 1 0 0 0 1 1 0 1 0 1 0 0 0 0 1 0 1 1 1 1 
0 0 1 0 1 0 0 0 0 1 1 1 1 0 1 0 1 1 0 1 1 0 0 0 0 0 0 0 1 1 0 1 1 1 39 0 1 0 1 1 1 0 0 1 0 1 1 0 0 0 1 0 1 1 1 0 0 1 0 1 0 1 0 0 1 0 1 0 0 0 1 0 0 1 1 0 1 1 1 1 0 1 0 0 1 0 1 1 1 1 0 1 0 0 1 0 0 0 0 1 0 0 0 1 0 1 1 1 1 0 1 1 0 0 1 1 0 0 1 0 0 0 0 1 0 1 1 0 0 0 1 1 1 1 0 1 1 0 0 0 0 1 1 1 0 0 0 
0 1 0 1 0 0 0 1 1 1 0 1 0 0 0 1 0 0 1 1 0 1 0 0 0 1 1 0 1 0 0 0 1 0 0 13 0 0 1 0 0 0 1 1 0 1 1 0 1 0 0 0 1 0 1 1 0 1 1 0 0 0 0 0 1 1 1 0 0 0 0 0 0 0 0 1 1 0 0 0 1 1 0 1 0 1 1 0 1 1 0 0 0 1 0 1 0 1 0 0 0 1 1 1 0 0 0 1 0 0 0 0 1 1 0 1 1 1 1 1 1 0 1 1 1 0 1 1 1 0 0 1 1 0 1 0 1 0 1 0 1 0 0 0 0 0 0 
0 0 1 1 0 1 1 0 1 0 1 1 1 1 0 1 1 0 0 0 1 0 1 1 0 1 0 0 1 0 1 1 1 0 1 0 15 0 0 1 1 1 0 0 0 0 0 1 0 1 0 0 1 0 1 1 0 1 0 0 1 1 1 0 0 0 0 0 0 1 1 1 1 0 1 0 1 0 1 1 0 0 1 0 1 1 1 1 1 1 1 1 1 0 1 1 1 1 1 0 1 1 0 0 0 1 0 0 0 1 0 0 0 1 1 1 0 0 1 1 0 1 1 1 1 1 0 0 1 0 0 1 1 1 1 1 1 0 0 1 0 1 0 0 1 0 0 
0 0 1 0 1 1 1 0 0 1 1 1 0 0 0 0 0 0 0 0 0 0 1 1 0 0 1 1 0 0 0 1 0 0 1 1 1 35 0 1 0 0 0 1 0 0 0 0 1 0 0 0 1 0 1 0 0 1 0 1 0 1 0 1 0 1 0 1 0 1 0 1 0 0 0 1 0 0 1 1 0 0 1 1 0 1 1 0 0 1 0 0 0 0 0 0 1 0 0 1 0 0 0 0 1 0 0 0 1 1 1 0 1 0 1 0 1 1 1 1 1 1 0 1 0 1 1 1 1 0 0 1 1 1 1 0 0 0 0 1 0 1 1 0 1 1 1 
0 0 0 1 1 0 1 1 0 0 0 0 0 1 0 0 0 0 1 1 1 1 0 1 0 1 0 1 0 0 0 0 1 0 1 1 0 0 55 1 0 0 1 0 1 0 0 1 0 0 0 0 1 0 1 1 0 1 0 1 0 0 0 0 1 0 0 0 1 0 1 1 1 0 1 1 0 1 0 0 1 0 0 0 0 0 1 1 0 1 1 1 0 1 0 0 1 0 1 0 0 0 1 0 0 1 0 1 1 1 1 0 0 1 0 0 0 1 1 1 1 1 0 1 0 1 0 1 1 0 1 0 1 1 1 0 0 0 0 0 1 1 0 0 1 0 0 
0 0 1 1 0 1 1 0 0 0 1 0 0 1 1 0 0 1 0 0 1 0 0 0 1 1 1 1 0 1 0 0 0 1 1 1 0 0 1 75 1 1 0 0 0 1 0 1 1 0 0 1 0 0 1 1 0 1 0 0 1 0 1 0 1 1 1 0 0 1 0 1 0 0 1 1 1 0 0 0 0 1 0 0 0 1 0 0 1 0 0 0 0 1 0 0 0 1 1 0 0 0 1 1 0 1 1 0 1 1 0 0 1 0 0 1 0 0 0 0 0 1 0 0 0 1 1 1 1 1 0 1 0 0 1 0 0 1 0 1 0 0 1 1 1 1 1 
0 0 1 0 0 0 0 1 0 0 0 1 0 0 1 1 1 0 0 0 1 0 0 1 0 1 0 1 1 0 0 0 1 0 1 1 1 1 1 0 95 0 1 1 1 0 1 1 0 0 1 0 0 0 0 0 0 0 1 1 0 0 0 0 1 0 1 1 1 1 1 1 0 0 1 1 1 1 1 0 0 0 1 1 0 0 0 0 1 1 0 1 0 1 1 0 0 0 0 1 1 0 1 0 1 0 0 1 0 0 0 0 1 1 0 0 0 0 1 1 1 1 0 0 0 1 1 1 0 0 1 0 0 1 0 0 0 1 0 1 0 0 0 0 0 0 1 
0 1 0 0 1 1 1 0 1 0 0 0 0 1 1 1 1 0 1 0 0 0 0 0 1 1 0 0 0 1 1 1 1 1 1 0 0 0 1 0 0 89 0 1 1 0 0 0 0 1 1 1 1 1 1 0 1 1 0 1 0 1 0 0 0 1 0 1 1 1 1 0 0 1 0 1 0 1 1 1 0 0 0 0 0 1 0 0 0 0 1 0 0 0 0 0 1 0 1 0 0 1 0 1 0 1 0 0 0 0 0 0 1 1 1 0 0 1 0 0 0 0 1 0 0 1 1 1 1 1 0 1 0 0 1 1 1 1 1 1 1 0 1 0 1 0 0 
1 0 0 0 0 0 1 1 0 1 0 1 0 1 1 1 0 1 0 1 0 1 1 1 1 1 1 1 1 0 0 1 1 1 0 1 1 0 1 1 1 1 80 1 1 0 1 1 0 0 0 0 1 1 0 0 0 0 1 0 1 0 0 1 1 1 0 1 0 1 1 0 0 0 1 0 0 1 1 0 0 0 0 1 0 0 1 1 0 0 1 1 1 1 0 1 0 1 1 1 0 0 0 1 1 0 0 0 1 1 0 1 1 0 1 0 1 0 1 0 0 0 0 1 0 1 0 0 1 1 1 1 1 1 0 1 1 0 1 1 0 1 1 1 1 0 1 
1 0 1 1 0 1 1 0 0 1 0 1 1 0 0 0 1 1 0 0 0 0 1 1 0 1 0 1 1 0 1 0 1 0 0 0 0 1 1 0 0 0 0 55 1 0 0 1 0 0 0 0 1 1 0 0 1 0 0 1 0 0 1 0 0 0 0 0 0 0 1 1 1 0 1 1 0 1 0 1 1 1 0 0 0 0 1 1 0 1 0 1 1 1 1 1 0 0 0 0 0 0 1 0 1 1 0 1 1 1 1 1 0 1 1 1 0 0 1 1 1 1 1 1 0 1 0 1 1 0 1 0 1 0 0 1 1 1 1 1 0 0 0 0 0 0 0 
1 0 0 1 0 0 1 0 1 0 1 1 1 1 0 0 1 0 0 1 0 0 0 0 0 1 1 0 1 0 0 0 0 1 0 0 1 1 0 1 0 0 0 0 95 1 1 1 0 0 0 0 0 0 0 1 0 0 1 1 0 1 1 1 0 1 0 1 0 1 1 0 1 1 0 1 1 0 1 0 0 1 1 0 0 0 1 0 0 0 0 1 1 0 1 0 1 0 1 1 0 0 0 0 1 1 0 0 1 0 0 0 0 1 1 0 1 0 1 1 1 0 0 0 0 0 1 0 0 1 1 1 1 1 1 0 0 1 1 0 0 1 1 0 1 1 1 
1 0 1 1 0 0 0 1 0 0 1 0 0 1 0 1 0 0 0 1 0 0 0 1 0 1 0 1 1 1 0 1 1 1 1 0 0 0 1 0 0 1 0 0 1 19 0 1 0 0 0 0 0 1 1 0 0 0 1 1 0 0 0 0 1 1 1 1 0 0 1 1 0 0 0 0 1 1 0 0 1 1 1 1 0 0 0 0 0 1 1 1 0 0 1 1 0 1 1 0 1 0 0 0 0 0 1 0 0 1 0 1 0 0 0 0 1 0 0 1 0 0 1 0 1 1 0 1 1 0 0 0 0 0 0 0 1 0 1 1 1 0 0 0 1 0 1 
0 1 0 0 0 1 0 1 0 0 1 0 0 0 1 0 0 1 1 1 1 1 0 1 0 1 0 1 0 1 1 1 1 0 0 1 1 1 0 1 1 1 1 1 1 1 67 0 0 1 0 0 0 1 0 1 0 0 1 0 0 1 0 1 0 0 1 0 0 0 0 0 0 1 1 0 0 0 0 0 0 1 1 0 1 0 0 1 0 0 0 0 1 1 1 0 1 0 1 1 1 1 0 1 0 1 0 1 1 0 0 0 0 1 1 0 0 1 0 0 1 0 1 1 1 1 0 0 0 0 0 1 1 0 0 1 0 0 0 1 1 1 0 0 1 0 0 
1 0 0 1 0 0 0 1 1 0 0 1 0 1 1 1 1 0 0 0 1 0 1 1 1 0 0 1 0 1 1 1 1 1 0 1 1 0 1 1 1 0 0 0 0 0 1 21 0 1 0 0 1 0 0 0 1 0 0 1 0 1 1 0 1 1 0 0 0 1 0 0 0 0 1 0 0 0 1 1 0 1 0 1 0 1 1 0 1 1 0 1 0 0 1 1 1 1 1 0 1 0 1 0 0 0 1 0 0 1 1 0 0 1 0 1 1 1 1 1 0 1 0 0 0 0 1 0 1 1 1 1 0 0 0 0 0 1 0 0 0 1 0 0 0 1 1 
1 1 1 0 0 1 0 0 0 1 0 0 0 1 0 0 0 0 0 0 1 1 1 1 1 0 0 1 0 0 1 0 1 1 0 1 1 1 1 0 1 1 0 1 0 0 0 0 22 1 1 0 1 1 0 1 1 1 1 1 1 0 1 0 0 0 1 1 0 0 1 0 1 1 0 0 0 0 0 0 0 1 1 0 1 1 0 0 0 1 0 1 1 1 1 1 0 1 0 0 0 0 0 1 1 1 1 0 1 0 1 1 1 1 1 0 0 1 0 0 0 0 0 0 0 0 1 0 0 0 1 1 1 1 0 1 0 0 0 0 1 1 0 1 0 1 1 
1 1 1 1 0 0 0 0 1 0 1 1 1 1 1 1 1 0 1 1 1 0 0 1 1 1 1 1 0 1 0 0 0 1 0 1 0 1 1 1 0 0 0 0 0 1 1 0 0 21 0 1 0 0 0 1 0 0 0 0 0 1 1 1 1 1 1 0 0 0 0 1 0 1 0 0 0 0 1 1 0 0 0 0 0 1 0 1 0 0 0 1 1 0 0 0 0 0 0 1 0 1 0 0 1 0 0 0 1 1 1 0 0 0 0 0 0 1 0 0 0 1 0 0 1 0 1 1 1 1 0 1 1 0 1 0 1 1 1 1 1 1 1 0 0 0 0 
0 0 1 0 0 0 0 0 0 1 0 0 0 0 0 1 0 0 1 1 0 0 1 1 0 1 1 1 1 1 0 1 0 1 1 1 1 1 0 0 0 0 0 0 1 0 0 1 1 0 35 0 0 1 1 0 0 1 0 0 1 0 1 1 0 1 0 0 1 0 0 1 0 1 0 1 0 0 0 1 0 1 1 1 1 1 0 1 1 1 1 0 0 1 0 0 0 1 1 0 1 0 1 1 0 1 0 1 1 0 1 1 1 0 0 1 1 0 1 0 0 0 0 1 1 0 0 0 1 1 0 1 1 1 1 0 0 1 0 0 0 1 0 1 0 0 0 
1 1 1 1 0 1 0 1 0 0 0 1 1 1 0 1 1 1 0 0 1 1 1 1 0 1 0 0 0 0 1 1 1 0 1 1 1 0 0 0 0 1 0 0 1 0 1 1 0 0 0 53 1 1 0 0 1 0 1 0 1 0 1 1 1 0 1 0 0 1 0 1 0 1 0 1 0 1 0 1 0 1 0 1 0 1 1 0 1 0 0 0 1 1 0 0 0 1 0 0 1 1 1 0 0 0 0 1 0 1 0 0 1 0 0 1 0 1 0 1 0 0 1 0 1 1 0 1 1 1 1 1 0 0 0 1 1 0 0 1 1 1 1 0 1 1 1 
1 1 0 0 1 0 0 1 1 1 0 0 1 0 0 0 0 1 1 1 1 0 0 0 0 1 1 0 1 1 1 0 0 1 1 1 0 1 1 1 0 0 0 1 0 1 0 0 1 0 0 0 12 1 0 0 0 1 0 1 0 0 1 0 1 1 1 1 0 0 0 0 0 1 1 1 1 0 1 1 1 0 1 1 1 1 0 0 1 1 1 0 0 1 1 0 0 1 1 1 1 0 0 0 1 1 0 0 1 1 1 0 0 0 1 0 1 0 1 1 1 1 1 0 1 1 0 0 0 1 1 1 1 0 0 1 0 1 0 0 1 1 0 0 0 1 0 
1 1 0 1 0 0 1 0 1 0 1 0 1 0 0 1 0 1 1 1 1 1 0 1 1 0 0 0 0 0 0 1 0 0 1 0 0 1 1 0 1 1 1 1 0 1 0 0 0 1 1 0 0 78 0 1 0 1 0 0 1 1 0 0 0 1 0 1 1 0 1 1 0 1 1 1 0 0 0 0 1 0 1 0 1 1 0 1 0 1 0 0 1 0 0 0 1 1 1 1 1 1 0 1 1 0 0 1 0 0 1 0 0 1 1 0 1 0 1 1 1 0 1 0 1 0 0 0 1 1 1 0 1 0 1 1 0 1 1 1 0 1 1 0 0 0 1 
0 0 1 0 1 1 1 0 1 1 1 0 1 1 1 1 0 1 0 1 0 1 1 1 1 0 0 1 0 1 1 1 0 0 1 1 1 0 0 1 1 0 0 1 0 0 0 0 1 0 1 1 0 0 76 1 0 0 0 1 0 1 0 1 0 0 1 0 1 0 1 1 0 0 0 1 1 0 0 1 0 1 1 0 0 1 1 0 1 0 0 1 1 0 0 1 1 1 0 0 0 0 0 1 0 1 0 0 1 0 0 0 0 0 1 0 0 0 1 1 1 1 1 1 0 0 0 0 1 1 1 0 1 1 0 1 1 0 1 1 0 0 0 1 1 1 1 
0 1 1 1 0 0 1 1 1 0 1 0 1 1 1 0 1 1 0 0 0 1 0 1 1 0 0 1 0 0 0 0 0 0 1 0 0 1 0 0 0 1 0 1 1 0 1 0 1 0 1 0 0 1 1 19 1 1 0 0 1 0 0 1 1 0 0 1 0 0 0 0 1 0 1 1 0 0 1 1 1 1 0 0 1 0 0 0 1 0 0 1 1 0 1 1 1 0 1 1 1 1 0 1 0 1 0 0 0 0 1 1 0 0 0 0 0 1 0 0 0 0 0 0 0 1 1 0 0 0 0 0 1 1 0 1 0 0 0 1 1 1 1 0 0 1 0 
1 1 1 1 0 0 0 1 0 1 1 1 1 1 1 1 0 1 0 0 1 1 0 1 1 0 1 1 1 0 1 0 1 1 1 1 0 1 1 1 0 1 1 1 0 1 1 0 1 0 0 1 1 0 1 1 79 1 0 0 1 1 1 0 1 1 1 0 1 0 1 0 1 0 0 0 1 0 0 1 1 1 1 0 1 0 0 0 0 0 1 0 0 0 1 1 1 1 0 1 0 1 0 0 1 0 1 1 0 0 1 1 0 1 1 1 1 0 0 1 1 0 1 0 0 1 0 0 1 1 0 0 0 1 1 1 1 1 1 0 1 1 0 0 0 1 1 
1 0 1 1 0 0 0 1 0 1 0 1 1 1 0 0 1 1 0 1 0 0 0 0 1 1 1 1 1 1 0 1 1 0 0 1 1 0 0 0 1 1 1 0 1 0 1 0 0 0 0 1 1 0 0 1 1 76 0 1 0 1 1 0 0 1 0 1 0 0 1 1 0 1 1 1 0 0 1 0 0 1 1 1 0 1 0 0 0 0 1 1 0 0 1 0 1 1 0 1 1 0 0 1 0 0 1 1 1 1 0 0 0 1 1 1 1 1 1 0 1 1 1 0 0 1 0 1 0 0 0 1 1 0 1 0 1 1 1 0 1 1 1 1 1 0 0 
1 1 0 0 0 0 1 0 0 1 1 1 1 1 0 1 0 1 0 1 0 0 1 1 1 0 0 1 1 1 0 1 1 1 0 0 0 1 0 0 0 0 0 0 1 0 1 1 0 0 0 1 1 1 1 1 1 1 23 0 0 0 1 0 1 0 1 0 0 0 1 0 0 0 0 1 0 1 1 1 0 1 0 1 0 0 1 1 0 0 1 0 0 0 0 0 0 1 0 0 0 1 1 0 0 0 0 1 1 1 0 1 0 1 1 0 1 1 1 0 0 1 0 0 0 0 0 0 0 0 0 0 0 0 0 1 1 1 1 0 1 0 1 1 0 1 1 
1 0 1 1 1 0 1 1 1 0 0 0 1 0 1 0 1 0 0 1 0 1 1 1 0 1 0 1 1 0 1 1 1 1 0 1 0 0 1 0 1 0 1 0 0 1 0 0 1 0 0 1 1 0 0 0 0 0 1 91 1 0 1 1 1 1 0 1 1 0 1 0 0 0 0 0 1 0 0 0 0 1 1 1 1 1 0 1 1 0 1 1 1 1 0 0 1 1 0 0 1 0 1 1 1 1 1 0 0 0 0 0 0 0 1 1 1 0 1 0 0 0 1 1 0 0 0 1 0 1 1 1 0 0 1 1 1 1 0 0 0 1 1 0 0 1 1 
0 1 1 1 0 1 0 1 0 1 0 1 0 0 0 1 0 1 1 0 1 0 1 0 0 0 1 0 0 1 1 1 1 1 0 1 0 0 1 0 1 1 1 0 1 1 1 1 0 1 0 0 0 1 1 1 0 1 0 0 73 0 0 0 0 1 0 1 1 0 1 0 0 0 1 1 0 0 0 1 1 1 1 1 0 1 0 0 0 0 0 1 0 1 0 1 0 0 0 0 1 0 1 1 0 1 1 1 1 1 1 1 1 1 1 0 0 0 0 1 0 1 0 0 1 0 0 1 0 0 0 0 0 0 1 1 0 0 1 0 0 0 1 0 0 0 0 
0 0 1 0 0 0 0 1 1 0 0 0 0 0 0 1 1 1 0 1 1 1 1 1 1 0 0 0 0 1 0 0 1 1 1 0 0 1 1 1 1 1 1 1 0 0 0 0 1 0 0 1 1 1 1 0 0 0 0 1 0 77 1 1 0 0 1 1 0 1 0 1 0 0 0 1 0 1 1 0 1 0 1 1 0 1 1 0 1 0 0 0 1 0 1 0 0 1 1 1 1 1 0 0 1 1 1 0 0 1 1 1 1 0 0 0 1 1 0 0 0 0 1 1 1 1 1 0 0 1 0 0 1 1 1 1 0 1 1 1 1 0 1 0 0 1 0 
0 1 0 0 1 1 0 0 1 1 1 0 1 1 0 0 1 1 0 0 0 0 1 0 0 1 1 1 1 0 1 0 1 0 1 0 0 1 1 0 0 1 0 1 0 0 1 1 1 0 0 0 0 1 0 0 0 1 1 1 0 1 33 1 1 1 1 0 0 1 0 1 1 1 0 1 0 0 1 1 0 0 1 0 1 0 0 0 1 1 1 0 1 1 1 0 1 0 0 1 1 0 1 1 0 0 0 1 0 0 0 0 0 1 0 1 1 0 0 0 0 1 1 1 0 1 0 1 1 1 1 0 1 0 1 0 1 1 1 1 0 1 0 1 1 0 0 
0 1 1 1 0 0 0 1 1 1 0 1 0 1 0 0 1 1 1 0 1 1 1 0 1 1 1 0 0 1 0 1 0 0 1 1 0 0 0 1 1 0 0 1 1 0 0 1 1 0 1 1 0 1 0 0 0 0 1 1 0 0 1 43 0 0 1 0 0 1 0 1 1 1 1 0 0 1 1 0 1 1 1 1 1 0 1 1 1 1 1 0 0 1 0 1 1 0 0 1 1 1 1 1 1 0 0 1 1 1 1 0 1 1 1 0 0 0 0 0 0 0 0 0 0 0 1 1 1 1 1 1 0 1 1 0 1 0 0 1 1 1 1 0 1 0 0 
0 0 1 1 0 1 0 1 0 1 0 0 0 0 1 0 1 1 1 0 0 1 0 1 1 0 1 1 1 0 0 0 0 1 1 1 0 0 1 0 0 0 1 0 0 0 1 1 1 1 0 1 1 0 0 0 1 1 0 0 0 1 1 1 57 0 1 1 0 1 0 0 0 1 0 0 0 0 0 1 0 0 1 0 0 0 0 1 1 0 0 1 1 1 0 1 1 0 0 0 0 1 1 1 1 1 0 1 0 0 0 0 0 1 1 0 0 0 0 0 1 0 0 1 0 1 1 0 1 1 0 0 0 1 0 0 1 0 0 0 0 0 0 1 0 1 0 
1 1 0 0 1 0 1 0 1 1 0 1 1 0 1 1 0 0 0 1 0 0 0 1 1 0 1 1 0 0 1 0 0 1 1 0 0 1 0 0 1 0 1 1 0 0 1 0 1 0 0 0 1 0 0 0 1 0 1 0 1 1 0 1 0 94 0 1 0 0 0 1 1 0 0 1 0 1 0 0 0 0 0 1 1 1 0 1 0 1 0 1 0 1 1 0 0 0 0 0 1 1 1 0 1 0 1 1 0 1 1 1 0 1 1 1 0 1 1 1 1 0 0 1 1 0 0 1 1 0 1 1 0 0 1 1 1 1 1 1 1 1 1 0 0 1 0 
1 0 1 1 0 0 0 0 1 1 0 1 0 1 0 1 1 1 0 1 0 0 0 0 0 0 1 1 1 0 1 1 1 0 1 1 0 0 1 1 0 1 1 1 0 1 1 0 0 1 0 1 0 1 0 1 1 0 0 0 1 1 1 1 1 1 54 1 1 1 1 0 0 0 1 1 1 0 1 1 1 1 0 1 0 0 0 0 1 0 0 0 0 1 1 1 1 0 1 1 0 1 1 0 1 1 1 1 1 0 0 1 1 0 1 1 1 1 1 1 1 1 1 1 0 1 1 0 1 0 1 0 1 0 0 1 0 0 0 0 1 0 1 1 0 0 0 
0 1 1 0 0 0 1 0 0 1 0 0 0 0 1 1 1 0 1 0 0 1 0 1 1 1 0 1 1 0 0 1 0 1 0 0 1 0 0 0 1 0 1 0 1 0 0 0 0 1 0 0 1 0 0 1 0 1 1 0 0 1 0 0 0 0 0 68 1 1 0 1 0 0 0 0 0 0 1 1 1 1 1 1 0 0 0 0 0 1 1 1 0 0 0 0 0 1 1 1 0 0 1 1 1 1 1 1 0 1 1 1 1 1 0 0 0 1 1 1 0 0 0 1 1 1 0 1 1 1 1 0 1 1 0 1 1 1 1 0 0 1 1 1 0 1 0 
1 1 0 1 1 1 0 1 0 0 0 1 1 0 1 1 1 0 0 1 0 1 0 0 1 0 0 0 0 1 1 0 1 1 0 1 0 0 0 1 1 0 1 1 1 1 1 1 1 0 0 0 1 1 0 0 1 0 1 1 0 1 1 1 1 0 1 1 6 1 0 0 0 0 1 0 1 0 1 0 0 1 0 0 0 1 0 1 0 1 1 1 0 1 1 1 0 0 0 1 0 1 1 0 1 0 0 1 1 0 0 1 1 1 0 0 0 1 0 1 1 1 0 0 1 1 1 0 0 0 0 1 0 1 1 0 1 0 0 1 1 0 0 0 0 0 0 
1 0 1 0 1 1 0 1 1 0 1 0 1 0 0 0 1 0 1 1 0 0 0 0 0 1 1 1 0 1 0 1 1 1 0 0 1 0 1 0 0 0 0 0 1 0 0 0 0 1 1 1 0 1 1 1 0 1 1 0 1 0 1 0 0 0 0 1 1 37 0 1 0 0 0 1 1 1 0 1 1 0 0 1 1 0 0 0 0 1 0 0 0 0 1 0 1 1 1 0 1 1 0 0 0 0 0 0 0 0 0 1 0 1 0 0 1 0 0 1 1 0 1 1 1 0 1 1 1 0 0 1 0 0 0 0 1 0 0 1 0 1 0 1 0 1 1 
1 0 1 1 1 0 1 1 1 1 1 1 1 0 0 1 0 1 1 0 1 1 1 1 0 0 1 0 0 0 1 1 1 0 0 1 0 1 1 0 1 1 1 1 0 0 1 0 0 1 1 0 0 1 1 0 0 1 0 0 1 0 1 1 0 1 0 0 0 0 95 1 1 0 1 1 0 1 1 1 0 0 0 0 1 1 1 0 1 0 0 1 0 0 1 1 1 1 0 0 0 1 0 1 0 1 0 1 0 0 1 1 1 1 1 0 1 1 1 1 1 1 0 1 0 0 1 0 0 0 1 0 0 0 1 1 1 0 1 1 1 0 0 1 1 0 0 
0 1 1 0 0 0 1 1 0 1 1 0 0 1 0 0 0 1 0 0 1 1 1 0 0 0 0 1 1 1 0 1 0 1 0 1 0 1 1 1 1 0 0 1 1 0 1 1 0 0 0 0 1 0 0 1 0 0 1 1 0 1 1 1 0 0 0 0 1 0 0 98 0 1 1 1 1 0 0 1 0 1 1 1 0 1 1 1 1 1 1 1 1 0 0 0 1 1 0 1 0 0 1 0 0 0 0 1 0 1 0 0 0 0 0 1 1 1 0 1 1 1 0 0 1 1 0 0 0 0 1 0 0 0 0 1 1 0 0 1 0 1 0 1 1 1 0 
1 1 0 0 0 1 0 0 0 1 0 1 0 0 1 1 0 1 1 1 1 0 1 0 0 1 0 1 1 0 1 0 1 1 1 0 0 1 0 0 0 1 1 1 0 0 0 0 0 0 0 0 0 1 1 1 0 1 1 1 0 0 1 0 0 0 0 1 1 1 0 1 28 1 0 0 1 1 1 1 0 0 1 0 1 1 1 0 1 1 0 0 0 1 1 1 1 1 1 0 0 0 1 0 0 1 0 1 1 0 1 0 0 1 1 0 0 0 0 1 1 1 0 0 1 0 1 1 0 1 0 0 0 0 1 0 0 0 1 1 0 1 0 0 1 1 1 
0 0 0 0 1 0 0 1 1 1 1 1 1 0 0 0 1 1 0 1 1 1 1 1 0 0 0 1 1 1 0 0 1 1 0 1 0 1 1 1 0 1 1 0 0 0 1 1 0 0 1 1 1 1 0 1 1 0 0 1 0 0 1 0 0 0 0 1 1 0 0 1 0 43 1 0 1 0 1 0 1 1 0 0 0 1 1 1 0 1 0 0 1 1 1 1 1 0 1 0 0 1 1 0 0 1 1 1 0 1 1 0 1 1 0 1 0 0 1 1 1 1 1 1 1 1 1 1 0 0 1 0 0 1 1 0 1 1 1 1 0 0 0 1 0 0 1 
0 1 0 0 0 1 0 0 0 1 1 1 0 1 1 0 1 0 0 0 0 1 0 1 1 1 0 1 1 0 1 0 0 1 1 0 1 1 0 1 0 0 1 0 1 1 1 0 1 0 0 1 1 0 0 0 0 1 1 0 0 1 0 0 0 1 1 0 0 0 0 0 0 0 75 0 0 0 1 0 0 1 0 1 1 0 1 1 0 1 1 0 1 1 1 0 1 1 0 0 0 1 0 1 0 0 1 0 0 1 1 0 1 0 1 0 0 0 1 0 0 0 1 1 1 0 1 0 1 0 1 0 0 1 1 1 0 0 1 0 1 1 1 1 1 0 0 
1 0 0 1 1 1 0 1 1 1 1 1 1 1 1 1 1 1 0 1 1 0 1 0 1 1 0 1 0 1 0 1 0 1 1 1 0 0 1 1 1 1 0 1 1 1 0 0 1 0 1 1 0 1 0 0 0 1 0 0 0 0 1 1 1 1 1 0 1 0 0 0 1 1 0 37 1 0 1 0 1 1 0 0 0 0 1 1 1 0 0 0 0 0 0 1 0 0 1 1 1 0 1 1 0 0 0 1 0 0 0 0 1 0 0 0 0 0 0 0 0 0 0 0 1 0 0 1 0 1 1 0 0 0 0 1 1 0 0 1 1 1 0 0 1 1 1 
0 1 0 0 0 0 1 0 0 1 0 0 1 0 1 0 0 1 0 0 1 0 1 1 1 0 1 1 1 1 0 0 0 1 0 0 1 1 0 0 0 1 1 0 0 0 1 1 0 1 0 1 0 1 1 1 0 1 0 0 0 0 1 0 0 0 0 1 1 1 0 0 1 0 1 0 94 1 0 1 1 0 1 1 0 0 1 0 1 1 0 0 0 0 0 1 1 0 1 0 1 0 0 1 0 0 1 1 0 0 0 1 1 1 1 0 0 1 0 1 0 0 1 0 1 0 0 1 1 1 1 0 1 0 0 1 1 0 0 1 0 0 1 0 0 1 1 
1 1 0 1 0 1 0 0 1 0 1 0 0 0 1 1 0 0 0 0 0 1 0 0 1 0 0 0 0 1 1 1 0 1 1 0 1 1 1 1 0 1 1 1 1 0 0 0 0 1 1 0 1 1 0 0 1 1 1 1 0 0 1 0 0 0 0 0 1 0 0 0 0 1 1 1 0 87 0 0 1 0 0 1 0 0 1 1 0 0 1 0 1 0 1 1 0 1 0 0 1 0 0 0 1 1 1 1 1 0 1 1 0 1 0 1 0 1 1 0 1 1 0 1 0 0 0 0 1 0 1 1 1 0 1 1 1 0 1 0 1 0 1 1 1 1 0 
1 0 1 0 1 1 0 1 0 1 0 0 0 0 0 1 0 1 1 0 1 0 0 1 1 1 0 0 0 1 1 0 0 1 1 0 1 0 0 1 0 0 0 0 0 0 1 1 0 1 0 0 0 1 1 0 1 0 1 0 1 0 1 1 1 0 0 1 0 0 0 1 1 0 1 1 0 0 86 0 0 0 0 0 0 0 0 1 0 1 0 1 1 0 0 0 1 0 0 0 1 0 0 0 0 0 1 1 1 0 1 1 1 0 1 1 0 1 1 0 1 1 0 1 0 1 1 0 1 0 1 0 0 1 1 1 1 0 1 0 0 0 1 1 0 0 0 
1 0 0 0 0 1 1 1 0 0 0 1 0 1 1 0 0 0 0 0 1 0 0 0 0 0 1 0 1 0 0 1 0 0 1 0 1 1 1 1 0 0 0 1 1 0 1 1 1 0 0 1 1 0 1 0 0 0 1 1 0 1 1 1 1 0 0 1 0 1 1 0 1 0 1 1 0 1 1 78 1 0 1 0 0 1 0 0 1 1 1 0 0 1 1 1 1 0 0 1 1 0 1 1 1 0 0 1 0 1 0 1 0 1 1 1 0 1 1 0 1 0 0 0 1 1 1 0 1 1 1 0 0 1 1 0 0 1 1 0 0 1 0 0 1 0 0 
0 0 0 0 0 1 1 1 0 0 1 1 1 0 1 1 0 0 0 1 0 1 1 1 0 1 0 1 1 1 0 1 1 0 1 1 1 1 0 0 1 1 0 0 1 1 0 1 1 0 1 0 0 1 0 1 1 1 1 1 0 0 1 1 0 1 0 0 1 1 1 1 0 1 1 1 1 1 1 0 5 0 0 1 1 0 1 0 0 0 1 1 1 0 1 0 1 1 0 1 0 0 1 0 0 1 0 0 0 1 1 0 1 0 1 1 1 1 0 1 1 1 0 0 0 1 0 1 0 0 0 0 0 1 0 1 1 0 0 1 0 1 0 1 1 0 1 
1 0 0 0 1 0 1 1 0 1 0 0 1 1 0 1 1 0 1 1 0 0 1 1 0 0 1 0 0 1 0 0 1 1 0 0 1 0 1 1 1 0 0 1 0 1 0 0 0 0 1 1 1 1 1 1 1 0 0 0 1 1 0 1 1 0 1 1 0 0 1 0 0 1 1 1 1 1 1 0 0 80 1 1 1 0 1 0 0 0 0 0 1 1 1 0 1 0 1 0 0 0 0 0 1 1 0 1 1 0 1 0 1 1 1 0 0 0 1 0 0 1 0 1 1 1 0 1 0 1 0 0 0 1 1 1 0 1 1 0 0 1 0 1 0 1 1 
1 0 0 0 1 0 0 1 1 0 0 1 0 1 1 1 1 0 1 1 1 0 0 0 0 0 1 0 1 0 0 1 0 1 0 0 1 0 0 0 1 1 0 0 0 1 1 0 1 0 1 1 1 0 1 1 1 1 0 0 1 1 0 1 0 0 1 1 0 1 1 1 0 1 0 0 0 1 1 1 0 0 29 0 1 1 0 0 1 0 1 0 0 0 1 0 0 1 0 1 1 1 1 1 0 1 1 0 0 0 0 1 1 0 0 1 0 1 1 0 1 0 1 1 0 0 1 1 1 0 0 1 1 0 1 0 0 1 0 1 0 0 0 0 0 1 1 
0 1 0 1 1 1 0 1 0 0 1 0 0 0 0 1 0 0 0 1 1 0 0 1 0 1 1 1 0 1 0 1 1 0 1 1 1 1 1 1 0 0 1 1 1 1 0 0 1 1 0 1 0 1 1 1 0 0 1 0 1 0 1 0 0 0 1 1 1 0 1 1 1 0 1 1 0 1 0 0 0 1 0 70 0 1 0 1 1 0 0 1 0 0 1 1 0 1 0 1 1 1 1 0 1 1 0 0 0 0 1 0 1 0 0 0 1 1 0 0 1 1 1 1 0 0 1 1 0 0 1 1 0 0 0 1 0 1 1 0 0 1 0 0 0 1 0 
0 1 0 1 0 1 1 1 1 0 0 0 1 1 1 0 0 1 0 1 1 0 1 0 1 1 1 0 0 1 0 0 0 1 0 0 1 0 1 0 1 1 1 0 1 1 0 0 1 1 0 1 1 1 1 0 0 0 0 0 1 1 0 0 1 0 0 0 1 1 1 0 1 1 0 0 0 1 0 1 0 1 1 0 51 1 1 1 0 1 0 1 1 0 1 0 1 0 0 1 1 1 0 1 0 0 0 1 1 1 0 0 1 0 0 0 1 0 0 0 0 0 1 1 1 1 0 1 0 1 1 0 1 1 0 0 0 0 1 0 1 0 0 1 0 1 0 
1 1 0 0 0 1 0 0 0 1 1 0 0 1 1 1 0 1 1 0 1 0 0 1 1 0 1 1 1 1 0 1 1 1 1 1 1 0 1 0 0 1 1 0 0 1 0 1 0 1 1 1 0 0 1 0 0 1 0 0 0 1 0 1 0 1 1 0 1 1 0 0 1 0 0 0 0 1 0 1 1 1 0 0 1 37 0 0 0 0 0 1 1 1 1 1 1 0 1 1 0 0 0 1 0 1 0 1 0 0 0 1 1 0 1 1 1 1 1 0 0 0 1 0 1 0 1 1 0 0 0 0 0 1 1 1 0 1 0 1 1 1 0 0 0 1 1 
0 1 1 0 1 0 1 1 0 0 0 0 0 1 1 1 1 1 0 0 0 0 1 0 0 1 0 1 1 1 1 0 0 1 0 0 0 0 0 1 1 1 1 1 1 1 1 0 1 1 1 1 1 0 1 0 1 1 0 0 1 1 0 1 0 1 0 0 1 0 1 0 0 0 1 1 0 0 0 0 0 0 1 1 0 1 65 1 0 1 1 1 1 0 0 1 1 1 0 1 0 0 1 0 0 1 1 0 0 0 1 0 1 1 0 0 0 0 1 0 1 0 1 1 1 0 0 1 0 1 1 1 1 0 0 0 0 0 0 1 0 1 1 1 1 1 1 
1 1 0 1 0 0 0 0 1 0 0 1 0 0 1 1 0 1 1 1 0 1 1 0 0 1 1 1 0 1 1 0 1 1 0 1 1 0 0 1 0 0 1 1 0 0 1 1 1 0 0 1 1 1 0 0 0 0 0 0 0 0 1 1 0 0 0 0 1 1 1 1 0 0 1 0 1 0 0 1 1 1 1 0 0 0 0 39 0 1 1 1 0 0 0 1 0 0 1 1 1 0 0 0 1 0 1 0 0 0 1 1 1 0 0 0 0 0 0 1 1 0 0 0 0 1 1 1 0 1 1 0 0 1 1 0 1 0 0 0 0 0 0 0 1 1 0 
0 1 1 0 0 1 1 1 1 0 0 0 1 0 0 1 0 0 1 1 0 1 1 0 0 1 0 0 0 1 0 0 0 1 1 1 1 1 1 0 1 0 0 0 1 1 0 0 0 0 0 1 1 0 1 0 1 1 1 1 1 0 1 0 1 0 0 1 1 0 1 1 0 0 1 1 1 0 1 1 0 0 0 0 1 0 1 0 26 1 1 1 1 1 1 1 1 0 0 0 1 1 1 1 0 0 1 1 0 0 1 0 0 0 1 0 1 0 0 1 0 0 1 0 0 1 0 1 0 1 1 1 1 0 1 0 0 1 1 0 1 0 1 1 1 0 1 
1 0 0 0 0 0 1 1 0 1 1 0 0 0 0 0 0 1 0 0 1 1 0 1 0 1 1 1 1 1 0 0 1 0 0 1 0 0 1 1 0 0 0 1 1 1 1 0 1 0 1 0 1 0 1 1 1 1 1 0 0 1 0 1 1 0 1 1 0 1 1 1 0 0 1 1 1 1 0 0 0 1 1 1 1 0 1 1 0 42 1 1 0 1 1 1 1 1 1 0 1 1 0 0 0 1 0 1 1 1 1 1 0 0 1 0 1 0 1 0 0 1 0 0 1 1 0 0 0 0 1 0 0 0 1 0 1 0 1 1 1 0 0 1 1 0 0 
0 1 1 0 1 1 0 0 0 0 1 1 0 1 1 1 0 0 0 1 1 1 0 1 0 0 1 0 1 0 0 0 0 1 0 0 1 0 0 0 0 1 0 0 0 0 1 0 0 0 1 1 0 1 1 1 0 1 1 0 1 0 0 0 0 0 1 1 0 1 1 0 1 0 0 1 1 1 0 1 1 0 0 0 1 0 1 0 0 1 42 1 1 0 1 1 1 1 0 1 1 1 0 1 0 0 1 0 0 1 0 1 0 0 0 1 1 1 0 0 1 1 0 1 1 0 1 0 1 1 0 0 1 1 0 1 0 0 0 1 1 1 0 1 0 0 1 
0 1 1 0 0 0 0 0 0 1 1 1 1 0 0 1 0 1 1 0 0 0 1 1 1 1 0 0 1 1 0 1 1 0 0 0 0 0 1 0 1 0 0 0 1 0 1 1 1 1 0 1 0 1 1 0 1 1 0 1 1 0 1 0 0 1 0 1 0 0 1 1 1 0 1 0 1 0 1 1 0 1 1 0 1 1 1 1 0 0 1 61 0 1 1 0 1 0 0 0 1 1 0 1 1 0 0 0 0 0 1 1 1 1 0 1 1 1 1 0 1 0 1 1 1 0 0 1 0 0 1 1 0 1 1 0 1 1 1 1 1 1 0 0 0 1 0 
0 0 1 0 0 1 1 1 1 1 0 0 1 0 1 1 0 0 1 0 0 1 0 0 1 0 0 0 0 0 0 1 0 1 0 1 0 0 1 1 0 1 1 1 0 1 0 0 1 0 1 0 0 0 0 0 0 0 0 0 0 1 1 0 0 0 1 1 0 1 1 0 1 1 0 0 1 0 1 0 1 1 1 0 1 1 1 1 0 0 1 0 18 1 0 0 1 0 0 1 0 1 1 0 1 1 0 1 0 1 1 0 0 1 0 0 0 0 1 1 0 0 0 1 1 1 1 0 1 1 0 1 0 0 0 0 0 1 1 1 0 0 1 0 1 0 1 
0 1 0 0 1 1 1 0 0 1 1 1 0 0 1 0 1 0 1 1 1 1 1 0 1 1 1 0 0 1 1 0 1 0 0 1 1 1 0 1 1 0 0 1 0 1 1 0 0 0 1 0 1 0 1 1 0 0 0 0 1 1 1 1 1 0 0 1 1 0 1 1 1 0 0 0 0 1 0 0 0 0 0 1 1 0 0 0 0 1 1 1 0 76 0 0 0 0 1 1 1 0 0 1 1 0 1 1 0 0 1 1 0 1 0 0 1 1 1 0 0 1 1 0 1 1 1 0 1 1 0 0 1 1 0 1 0 1 0 0 0 0 0 0 0 1 1 
1 1 0 1 1 0 1 1 1 1 1 1 0 1 0 1 0 1 0 0 0 0 0 1 0 1 0 0 0 0 0 1 1 0 1 1 1 1 0 1 1 0 0 1 1 0 1 1 1 1 1 1 0 0 0 0 1 1 1 0 1 1 0 0 1 1 0 1 0 0 1 1 1 1 1 0 0 0 0 1 1 1 0 0 1 1 0 0 0 0 0 1 1 1 33 1 1 1 0 0 0 0 0 1 0 1 1 1 0 1 0 1 1 0 1 0 1 1 0 0 0 0 1 0 0 1 1 0 0 0 1 1 0 1 1 0 0 0 0 1 1 1 0 0 0 0 0 
1 1 0 0 1 0 1 0 0 0 1 1 0 0 1 1 1 0 0 0 1 0 1 0 1 1 1 0 1 0 1 1 1 0 1 0 1 1 1 1 0 1 1 0 1 1 1 1 1 0 1 0 1 1 1 1 0 1 0 0 0 1 0 1 0 0 0 1 1 1 0 0 0 1 0 1 1 1 0 1 1 0 0 1 0 0 1 0 0 0 1 0 1 0 0 8 1 1 0 0 0 1 0 0 1 1 0 0 1 0 1 1 1 0 1 0 1 1 1 0 1 1 1 0 1 1 1 0 1 0 0 0 1 0 0 1 0 0 0 1 0 1 1 1 0 1 1 
1 1 0 1 0 1 0 0 1 1 0 0 0 1 0 1 1 0 1 0 0 1 0 0 1 0 0 1 0 1 1 0 1 0 1 0 1 0 1 1 1 1 1 0 0 0 1 1 1 0 0 0 0 0 1 1 1 1 1 1 1 1 1 0 0 0 0 0 1 0 0 0 1 1 1 0 1 1 0 1 0 0 1 1 0 0 1 0 0 1 0 0 0 0 1 1 61 0 1 1 0 1 1 1 1 1 1 0 1 1 1 1 1 1 1 1 0 0 1 1 0 1 1 0 1 1 1 1 0 1 0 1 1 1 0 0 0 0 1 0 0 1 0 1 1 1 0 
0 0 0 1 1 0 0 1 1 0 1 0 1 0 1 1 0 1 0 0 0 0 1 0 0 0 0 0 0 0 1 1 1 1 1 0 1 1 1 1 0 1 1 0 0 0 0 1 0 1 0 0 1 1 1 1 1 1 1 0 1 1 0 0 0 1 1 0 1 0 1 1 1 1 1 0 1 0 1 0 1 0 0 1 0 0 1 0 0 0 0 0 0 0 0 1 0 52 1 0 1 0 1 1 0 1 0 0 1 0 0 0 1 0 1 0 0 1 1 1 0 0 0 0 1 1 0 1 1 1 1 0 1 0 0 0 1 1 1 0 0 1 0 0 1 0 0 
0 0 1 1 1 0 1 0 0 0 0 0 0 0 1 1 1 1 1 0 0 1 1 1 0 1 1 0 1 0 1 1 1 0 0 0 0 0 0 1 0 1 1 1 0 0 1 1 0 1 0 0 1 1 0 0 1 0 0 1 0 1 1 0 1 1 0 0 0 0 0 1 1 0 1 0 1 0 0 1 1 0 0 0 0 0 0 0 1 0 0 0 1 1 1 1 1 0 46 0 0 1 0 1 0 0 0 1 0 1 1 1 1 0 1 1 0 1 0 1 1 0 1 1 0 0 1 0 1 0 1 0 0 1 0 1 0 0 1 1 0 1 1 1 0 1 1 
0 1 1 0 1 0 1 1 1 0 0 1 1 0 0 1 0 0 0 0 1 1 1 1 0 1 1 1 0 0 1 1 0 1 0 0 1 1 0 0 0 0 1 0 1 1 1 1 1 0 0 0 0 0 1 0 1 1 1 1 1 0 0 1 1 1 1 1 1 1 1 0 1 1 1 0 1 1 1 0 1 1 0 1 0 1 0 0 1 1 0 0 1 0 0 0 0 0 0 31 1 1 0 0 1 1 1 0 1 0 1 0 0 0 1 0 1 0 1 1 1 0 1 0 1 0 1 0 1 0 1 1 1 0 1 0 1 0 1 1 0 0 1 0 0 0 0 
1 1 1 0 1 1 0 0 0 1 0 1 0 0 1 1 1 1 1 1 1 1 0 1 0 0 0 0 1 0 1 1 1 1 0 0 1 0 0 1 1 1 1 0 1 1 1 0 0 0 1 1 1 1 1 0 1 1 0 1 1 0 1 0 1 0 0 0 1 0 1 0 1 0 0 0 0 0 0 0 1 1 0 0 1 1 0 0 1 0 0 0 1 0 0 0 0 1 1 1 77 0 1 0 1 0 1 1 1 0 1 1 0 0 0 1 1 0 1 1 0 0 1 0 1 0 1 1 0 1 1 1 0 1 1 0 0 0 0 0 1 0 1 1 0 1 1 
1 1 0 1 1 0 1 1 1 0 1 1 0 1 1 1 1 0 0 1 1 1 1 1 0 0 1 1 0 0 1 1 1 0 0 1 0 1 1 0 1 1 1 0 1 1 1 1 0 1 1 0 0 1 1 1 0 1 0 0 0 1 1 1 1 1 0 0 0 1 1 0 1 0 1 0 0 1 0 0 0 1 1 0 1 0 0 1 1 0 1 0 0 0 0 0 1 0 1 0 0 99 1 0 0 0 0 1 0 0 0 0 1 0 1 1 0 0 0 1 1 1 1 0 0 0 1 0 0 1 0 0 1 1 1 0 1 0 0 1 1 0 1 1 0 0 0 
0 1 0 0 1 1 1 1 0 1 0 0 1 1 0 0 1 1 0 0 1 0 1 0 1 1 1 1 0 1 0 1 1 1 0 1 1 1 0 1 1 1 1 1 0 1 0 0 0 0 1 1 0 1 0 1 0 1 0 1 1 1 1 1 1 0 0 0 1 0 0 0 0 1 1 1 0 1 0 1 0 1 0 1 1 0 1 0 0 1 0 0 0 0 1 1 0 1 1 1 0 1 58 0 1 0 0 0 0 1 0 1 0 0 0 1 1 0 0 1 1 0 1 0 1 1 0 1 1 1 1 0 0 0 1 0 1 0 0 1 0 1 1 0 1 0 1 
0 0 1 1 0 0 0 0 0 0 0 1 0 0 1 1 1 0 1 1 0 0 0 0 1 1 0 0 0 1 0 0 1 0 1 0 1 0 1 0 1 1 1 1 1 0 1 1 0 1 1 1 1 0 0 1 1 1 1 1 0 0 1 1 1 1 1 0 0 0 0 1 1 0 0 0 1 1 0 0 0 0 0 0 0 0 0 0 0 1 0 0 1 1 0 0 0 0 1 1 1 1 1 15 1 1 1 1 1 0 0 0 0 0 0 1 0 1 1 1 1 0 1 1 0 1 0 1 1 0 0 1 1 1 0 1 1 0 0 1 0 1 0 0 1 1 0 
1 1 1 1 1 1 0 0 0 0 0 1 0 1 1 0 0 1 1 0 1 1 1 1 1 1 0 1 1 1 1 1 0 0 0 1 0 1 0 1 1 1 1 1 0 1 0 0 0 0 0 0 0 0 1 0 0 0 0 1 1 1 0 1 1 0 0 1 1 0 1 1 0 1 0 0 0 0 0 0 1 0 1 0 1 0 1 1 0 1 0 1 1 0 1 0 1 1 0 0 0 1 1 1 49 0 0 1 1 0 0 0 0 1 0 1 1 1 1 1 0 1 1 1 1 1 1 0 1 0 1 1 1 0 1 0 0 0 1 0 1 0 0 0 1 0 0 
1 1 0 0 1 0 1 0 1 0 0 0 0 0 0 0 1 1 0 0 1 1 0 1 1 1 0 1 0 0 1 0 1 0 0 0 0 1 0 0 0 1 0 0 1 0 0 1 0 0 1 0 0 1 1 0 1 1 0 0 1 1 0 1 1 1 0 1 1 0 0 0 1 0 0 0 0 0 1 0 0 1 1 0 0 1 1 0 1 0 0 0 1 0 0 0 0 0 1 1 1 1 1 0 1 61 0 0 1 0 0 1 0 1 1 0 1 0 0 0 1 1 0 1 0 0 1 0 0 0 1 0 0 1 0 0 1 0 1 1 1 0 1 1 0 0 0 
0 0 0 1 1 0 0 1 1 1 0 1 1 1 1 0 0 1 0 0 1 0 1 1 1 1 1 0 1 1 0 0 1 1 1 0 0 1 1 0 1 1 0 1 1 1 1 0 1 0 0 0 1 0 1 1 1 1 0 0 0 1 1 0 1 0 0 1 1 1 1 1 0 1 0 0 0 1 1 1 0 0 1 0 0 1 1 0 1 1 1 0 1 1 1 1 1 1 0 0 0 1 0 1 0 0 12 0 0 0 1 1 1 1 0 1 1 1 1 0 0 0 0 1 0 1 1 1 0 0 0 0 1 0 1 1 1 1 1 1 0 0 1 0 1 1 0 
0 1 0 0 0 0 0 1 0 1 0 0 1 1 0 0 0 1 1 0 0 0 0 0 0 1 1 0 0 1 1 0 1 1 0 0 0 1 0 0 0 1 0 1 0 1 0 0 0 1 1 0 0 0 0 1 0 0 1 0 0 0 1 0 1 1 0 0 0 0 0 1 1 0 1 1 0 0 1 0 0 0 0 0 1 1 1 0 1 0 0 1 1 0 0 0 1 0 1 1 0 1 1 1 1 1 1 78 0 0 0 1 0 0 0 0 0 0 1 1 0 0 0 1 1 0 0 1 0 1 1 0 0 0 0 0 1 0 0 0 0 0 0 0 0 0 1 
0 0 0 0 1 0 0 1 0 1 1 1 1 0 0 0 1 0 0 1 0 0 1 1 1 1 0 0 1 0 1 0 1 0 0 1 0 1 1 1 1 1 1 0 1 0 1 1 0 0 0 1 1 0 1 1 1 1 0 0 0 0 1 0 0 1 1 0 0 0 1 1 1 1 0 1 1 1 0 0 1 1 1 1 0 1 1 0 1 1 1 0 1 0 0 1 0 0 1 1 0 1 0 0 1 1 0 0 9 0 0 0 0 0 0 1 0 0 1 1 0 0 0 0 0 0 0 0 0 0 0 1 1 1 1 0 1 0 1 1 0 1 1 0 0 0 0 
0 0 1 1 1 1 1 0 0 1 0 1 0 1 0 0 0 0 1 1 0 0 0 1 1 1 0 1 0 0 0 1 1 0 1 1 0 1 1 0 0 0 1 0 1 1 1 1 1 0 0 0 1 0 0 0 0 1 1 1 1 0 1 0 1 1 1 1 1 1 0 1 1 1 0 1 0 0 0 1 0 1 0 1 1 0 1 1 0 0 1 0 1 0 1 1 0 1 0 1 0 1 0 1 0 0 0 1 0 51 0 0 1 1 1 0 0 1 1 0 1 0 1 0 1 1 1 0 0 1 1 0 0 0 0 0 0 1 0 0 1 0 0 1 0 1 1 
1 1 0 1 1 1 0 0 1 0 1 0 1 1 1 1 1 1 1 1 0 1 0 0 0 1 1 1 1 1 0 1 0 1 0 1 1 1 1 1 0 0 1 1 1 1 0 1 1 0 1 0 1 0 0 1 1 0 1 0 1 0 1 0 1 0 1 0 0 0 1 0 1 0 1 1 1 0 0 1 1 1 1 1 0 1 1 0 1 0 1 1 0 0 1 0 1 1 0 0 0 1 1 1 0 1 0 1 1 1 31 1 0 1 1 1 0 1 1 0 1 1 0 0 1 0 1 0 1 1 0 0 1 0 1 0 1 1 0 0 1 1 0 1 0 1 1 
0 0 1 0 0 1 1 0 0 1 0 1 1 1 0 0 1 0 1 0 1 0 0 1 1 0 0 1 1 1 1 1 0 1 1 0 0 0 1 0 0 0 0 1 0 1 1 0 0 1 1 0 0 1 0 0 0 1 0 1 0 1 1 1 1 0 0 1 0 1 1 0 0 0 0 0 0 1 1 1 1 0 0 0 1 0 1 1 1 0 0 0 1 0 1 1 1 1 1 0 1 1 1 1 0 1 0 0 0 1 0 45 0 1 1 0 0 1 0 1 0 1 1 0 0 0 1 0 1 1 1 1 1 0 1 0 0 0 1 1 1 1 0 0 0 0 0 
1 0 0 1 1 0 0 1 1 0 0 0 0 1 0 1 0 0 0 1 0 0 1 1 1 1 1 1 1 0 1 0 1 0 0 1 1 0 0 1 0 1 1 0 0 1 1 1 0 0 0 1 0 1 1 0 1 1 0 0 1 0 0 1 1 0 0 0 1 1 1 0 0 0 1 0 1 1 0 0 1 0 0 0 1 1 1 0 1 0 1 1 1 0 0 1 1 0 0 1 0 0 1 0 0 0 0 1 0 1 1 1 50 0 1 0 0 1 1 1 1 0 0 0 0 0 0 0 1 0 1 1 1 1 1 0 1 0 1 0 1 1 1 1 0 1 0 
1 0 0 0 1 1 0 1 1 0 0 0 0 1 1 1 0 0 1 1 0 0 1 0 1 1 1 0 1 0 0 0 1 0 1 0 0 1 1 0 1 1 1 1 0 0 1 0 0 0 1 1 1 0 0 1 1 0 1 0 1 1 0 1 1 1 0 1 0 0 1 0 0 1 1 1 1 1 1 1 1 0 1 1 0 1 0 1 0 0 0 0 1 1 0 1 1 1 1 0 1 1 1 1 0 0 0 0 1 1 0 0 0 6 0 0 1 1 0 0 0 0 1 1 0 1 1 1 0 0 0 0 0 0 0 0 1 1 0 1 0 0 0 0 0 1 0 
0 1 0 0 0 0 1 1 1 1 1 1 0 0 1 1 1 1 1 1 0 1 0 0 1 0 0 1 1 0 0 1 0 1 1 0 0 1 0 1 1 1 0 1 1 1 1 1 0 1 1 1 1 1 1 0 1 0 0 0 1 0 1 1 1 0 1 0 1 1 1 1 0 0 1 0 0 1 0 0 1 0 1 0 1 0 0 1 1 0 1 0 0 0 1 1 1 1 1 1 0 1 1 1 1 0 1 0 1 1 1 1 1 1 15 0 1 0 1 1 0 0 0 1 1 0 1 1 0 0 1 1 0 0 1 0 1 0 1 1 0 1 1 0 0 0 1 
0 0 0 1 0 0 1 1 1 0 0 1 0 1 0 0 1 1 0 1 0 1 0 1 0 1 1 1 0 1 0 0 1 1 1 0 0 0 0 1 1 0 0 0 1 1 0 0 1 1 0 1 1 0 0 0 0 1 1 1 0 1 0 0 0 1 0 1 0 0 1 1 1 1 0 0 1 1 1 0 0 0 0 1 0 1 1 0 0 1 0 0 0 1 1 1 0 1 0 1 1 0 1 1 0 0 0 0 0 0 0 0 1 1 0 48 0 0 1 0 0 1 0 0 0 0 0 0 0 1 1 1 0 0 0 0 1 0 0 1 0 0 1 1 1 0 1 
0 0 0 0 0 0 0 1 0 0 1 0 1 0 1 1 1 0 0 1 1 1 1 1 0 0 0 0 0 1 0 0 0 1 1 0 0 1 0 1 0 0 1 1 1 0 1 1 1 1 0 0 0 1 0 0 1 1 1 0 0 0 0 0 0 1 0 0 0 0 0 1 0 0 1 0 1 0 0 0 1 1 1 1 1 0 1 0 1 0 1 1 1 1 0 0 1 1 1 0 1 0 0 0 1 1 0 1 1 0 0 0 1 1 0 0 52 0 1 0 1 0 0 1 1 1 0 0 0 0 0 0 0 1 0 0 1 0 1 0 1 1 0 1 1 1 1 
0 1 0 0 1 1 1 0 1 1 0 0 1 0 1 1 0 1 1 0 1 1 1 0 1 0 0 0 1 1 0 0 1 0 1 1 0 0 0 1 1 1 1 0 0 0 1 0 1 1 1 1 0 0 0 1 1 0 1 1 0 1 1 1 0 1 0 1 1 0 0 0 1 0 1 0 0 1 0 1 0 0 1 0 0 1 0 0 0 1 0 1 1 1 1 0 0 0 0 1 1 1 1 0 0 1 1 1 1 0 0 0 0 1 1 1 1 5 1 1 1 0 0 1 1 1 0 0 0 1 1 0 0 0 0 1 1 1 0 1 1 1 1 1 0 1 1 
0 1 1 0 1 0 1 0 0 0 1 1 0 0 0 1 1 0 1 0 0 0 1 1 1 1 1 0 1 0 0 1 0 1 0 0 0 0 0 0 0 0 0 0 1 0 0 0 0 0 1 0 1 0 1 0 0 1 1 0 1 0 0 0 1 1 1 0 1 1 0 1 1 1 1 0 0 1 1 0 0 1 0 0 1 1 0 0 1 1 1 0 1 0 0 0 0 0 1 0 1 0 0 0 1 0 1 0 0 0 0 0 1 1 0 0 0 0 37 0 0 1 1 0 1 1 0 0 1 0 1 1 1 0 1 0 1 0 0 0 0 1 0 0 0 1 1 
1 0 0 0 0 0 1 0 0 0 1 1 0 1 1 1 0 0 0 0 0 0 1 0 1 1 1 1 0 0 1 0 1 0 0 1 1 1 1 1 0 0 1 1 0 1 0 1 0 1 0 0 1 0 0 1 0 1 0 1 0 0 1 1 1 1 0 1 0 1 0 1 0 1 1 0 0 1 0 1 0 0 0 0 0 1 1 0 1 1 0 0 0 1 1 0 1 0 1 1 0 0 1 0 1 1 1 0 1 0 0 1 0 1 1 0 1 0 1 21 0 1 0 1 1 1 0 0 1 0 1 0 1 1 1 1 0 1 0 1 1 0 1 1 0 0 0 
0 1 0 1 1 0 1 1 1 1 1 0 1 1 1 0 0 1 1 1 1 1 1 1 0 1 1 1 1 1 1 0 1 1 1 1 1 0 0 1 0 1 0 1 1 0 0 0 0 0 1 1 0 0 1 0 1 1 0 0 1 0 0 0 0 0 1 0 0 1 1 1 1 1 1 1 1 0 1 0 0 0 1 0 0 1 1 1 0 0 1 1 0 1 1 0 1 0 1 1 0 1 1 0 0 1 0 1 1 1 1 1 1 1 1 1 1 0 1 1 33 0 0 1 0 1 1 0 0 1 1 1 0 1 1 0 0 1 0 1 0 0 0 0 1 0 0 
0 1 1 1 0 0 1 1 0 1 0 1 1 1 0 0 0 1 1 0 0 0 1 0 0 0 1 0 0 0 1 0 0 0 1 0 1 1 0 0 1 1 1 0 1 0 0 0 1 1 1 0 0 0 1 1 1 0 1 1 0 1 0 0 1 1 1 0 1 0 0 1 1 1 0 1 1 1 0 1 0 1 1 1 1 0 1 0 1 1 0 0 1 1 0 1 1 1 0 0 1 1 0 0 1 1 1 1 1 0 1 0 1 1 0 0 0 1 1 0 0 93 1 0 1 1 0 0 0 1 1 1 0 1 0 0 0 0 1 0 0 0 1 0 1 1 0 
1 1 1 1 0 1 0 0 1 1 0 0 0 1 0 0 1 1 1 0 0 1 1 1 1 0 0 0 1 1 0 1 1 1 0 1 0 1 1 0 0 1 1 1 0 0 0 1 0 1 1 1 0 0 0 1 0 1 1 0 0 0 0 0 1 0 0 0 0 0 0 0 0 1 0 0 0 0 1 0 0 1 0 0 1 0 1 0 1 1 1 0 0 0 1 0 1 1 0 1 1 1 1 1 1 1 1 0 1 0 1 1 1 1 1 1 1 0 0 1 0 0 27 1 1 0 1 0 1 0 1 0 0 1 0 1 1 0 0 1 0 1 1 1 0 0 0 
0 1 0 1 0 0 0 0 0 0 0 1 1 1 0 1 1 0 0 0 0 1 1 1 0 1 1 0 0 0 0 1 1 1 1 0 1 0 0 1 0 0 0 0 1 0 0 0 0 1 1 1 1 0 0 0 0 1 1 1 0 1 1 1 1 0 1 0 0 0 1 1 1 0 1 1 0 1 1 1 0 1 1 1 0 0 0 0 1 0 1 1 1 0 0 1 0 0 0 1 1 1 1 1 1 1 1 0 0 0 1 1 0 1 1 1 1 1 1 1 1 0 0 16 0 1 1 0 1 0 1 1 0 1 1 0 1 1 0 0 1 1 0 0 0 0 1 
0 1 1 0 1 0 0 0 0 1 0 0 0 1 0 1 1 1 1 1 0 1 1 0 1 0 1 0 0 1 1 1 1 0 1 0 0 0 1 1 0 0 0 0 1 0 1 1 1 0 0 0 1 1 0 1 0 0 1 0 0 0 0 1 1 0 1 1 0 0 0 1 1 0 0 1 1 0 1 0 0 1 1 0 0 0 0 0 0 1 1 0 1 1 0 1 1 0 0 1 1 1 0 0 1 1 0 0 0 1 1 1 0 0 1 1 0 0 0 1 1 0 0 1 7 1 0 0 0 1 1 1 0 1 1 1 1 1 0 1 0 0 1 1 0 0 0 
1 0 1 0 0 1 1 0 0 1 0 0 0 1 0 1 0 0 0 0 0 0 0 0 0 1 1 0 0 0 1 1 1 1 0 0 0 0 1 0 0 0 1 0 0 1 1 0 0 1 1 0 0 1 1 0 1 0 0 1 1 1 0 1 0 0 0 0 1 0 1 0 1 1 0 1 1 0 0 1 1 0 0 0 0 0 1 1 1 0 1 1 1 1 0 1 1 0 1 1 0 1 1 1 1 1 1 1 0 1 1 0 1 0 0 0 1 0 0 0 0 0 1 1 1 60 0 0 1 1 0 1 1 1 0 1 1 1 0 1 0 1 1 1 0 1 1 
1 1 1 1 0 1 1 0 1 0 0 0 0 0 0 0 1 1 0 0 1 0 1 0 1 0 1 0 0 1 1 1 0 0 1 1 1 0 0 1 0 1 1 0 1 0 1 0 1 1 1 0 0 1 0 1 1 0 1 0 0 0 1 1 1 0 0 0 0 1 0 0 0 0 1 1 1 0 0 0 0 0 0 1 1 0 1 1 0 1 0 0 0 1 0 0 0 0 0 1 0 1 1 1 1 0 1 1 1 0 1 0 1 0 1 0 0 0 0 0 1 0 0 0 0 1 60 0 0 0 0 0 0 1 1 0 1 0 0 1 1 0 1 1 1 0 1 
0 0 0 0 1 1 1 0 1 0 0 1 1 0 1 0 1 1 1 1 1 1 1 0 1 0 0 1 1 0 0 1 0 0 1 0 0 1 0 0 1 1 1 1 0 0 1 0 1 1 0 1 0 0 0 1 0 0 1 0 1 1 0 1 0 0 1 1 1 1 1 0 0 0 1 0 1 1 1 0 1 0 0 0 1 0 1 0 1 1 0 1 1 1 1 0 1 1 1 1 0 0 0 1 1 0 0 1 0 1 0 1 0 0 0 0 1 1 0 0 0 0 0 0 0 1 1 6 0 1 1 0 1 0 0 1 1 0 1 1 0 0 0 1 1 1 1 
1 1 1 0 1 1 0 0 0 0 0 1 1 1 1 1 1 1 0 1 0 0 1 1 0 1 0 1 1 0 0 1 0 0 1 0 0 1 1 1 1 1 1 0 1 1 1 0 1 1 1 0 0 0 1 0 1 0 0 0 0 1 0 1 0 0 1 0 0 1 0 0 1 1 1 1 1 0 1 0 0 0 1 1 1 0 0 1 1 1 0 1 0 1 1 1 0 1 0 1 1 0 1 1 1 1 1 0 0 0 1 0 0 1 1 1 1 1 0 1 0 0 0 0 0 0 1 1 82 1 0 1 1 0 0 0 1 1 1 0 0 0 0 1 0 0 1 
0 1 0 0 0 0 1 1 0 1 1 1 1 0 0 0 0 1 0 0 1 1 0 1 1 1 0 1 0 0 1 1 0 0 1 0 0 1 0 1 0 0 0 1 1 1 1 0 0 1 1 0 1 0 0 0 1 0 0 1 0 0 0 0 1 1 1 1 0 0 1 0 1 1 1 1 0 0 1 0 1 0 1 0 0 1 0 0 1 0 0 1 0 0 0 0 0 1 0 0 1 0 1 1 1 0 0 1 1 0 0 1 1 1 0 0 0 0 0 1 0 0 0 1 1 0 0 1 1 20 1 1 1 0 0 0 0 0 0 1 1 1 0 1 1 1 0 
1 1 1 0 0 0 0 1 1 1 1 0 0 0 1 0 0 0 1 1 0 1 0 0 1 1 0 1 1 0 0 0 1 0 1 0 0 1 0 0 0 1 0 0 1 0 0 1 0 1 0 0 1 1 1 0 0 1 0 0 1 0 0 0 1 0 1 1 0 0 0 1 1 1 0 1 0 1 1 0 0 0 1 1 1 1 0 0 1 1 1 1 0 0 0 1 0 1 1 1 0 0 0 1 0 1 0 0 1 1 0 0 1 1 0 1 0 0 1 0 0 1 1 0 0 1 0 1 1 1 28 1 0 1 0 0 1 0 1 0 0 0 1 1 1 0 1 
1 0 0 1 1 1 0 0 0 0 0 1 0 0 0 1 0 0 0 1 0 0 1 1 1 1 0 0 0 1 0 1 0 0 1 1 0 0 1 0 1 0 0 1 0 0 1 0 0 0 0 0 1 0 0 1 1 0 1 0 0 0 0 0 1 1 0 1 1 1 1 0 1 1 1 1 0 0 0 0 1 1 1 0 1 1 0 0 1 1 0 0 1 1 1 0 0 0 0 0 1 1 0 1 1 1 0 1 0 1 0 0 0 0 0 1 1 0 1 1 0 0 0 1 0 0 1 0 1 1 0 16 1 1 0 0 1 0 0 1 0 0 0 0 0 0 1 
1 0 1 0 0 1 0 0 1 0 0 0 0 1 0 1 0 1 1 1 0 1 0 1 1 0 0 1 0 0 0 1 1 1 0 1 0 0 1 0 0 1 0 1 0 0 0 1 1 1 0 0 1 1 1 0 0 0 0 0 0 0 1 0 0 1 0 1 1 1 1 1 1 0 0 1 0 1 0 1 1 1 0 0 1 0 0 0 1 1 0 1 1 1 1 0 1 0 1 0 1 0 1 1 1 1 0 1 0 1 1 0 1 1 0 0 1 0 0 0 1 1 0 1 1 1 0 1 1 0 0 0 52 0 1 0 1 0 0 0 0 0 0 0 0 0 1 
0 0 0 0 1 0 1 0 0 0 1 0 1 1 0 0 1 1 1 1 0 0 1 1 0 1 0 0 0 0 0 1 0 0 0 1 0 0 1 0 0 0 1 0 1 1 1 1 0 1 0 0 0 1 0 0 1 1 1 1 0 1 1 0 0 1 0 1 0 0 0 0 1 1 1 0 1 1 1 0 0 0 1 1 0 0 1 0 0 0 0 1 0 0 0 0 0 1 0 0 0 1 0 0 0 1 1 1 0 1 0 1 1 1 0 1 0 0 1 1 0 1 1 1 1 1 0 0 0 0 0 0 0 63 0 0 1 0 1 1 0 1 0 1 1 0 0 
1 1 1 0 1 1 0 0 0 0 0 1 1 1 1 1 1 1 0 1 0 1 0 0 1 1 1 0 0 1 1 0 1 0 1 0 0 1 1 1 1 0 1 1 1 0 0 1 0 1 0 0 0 1 0 1 0 0 1 1 0 0 0 1 1 1 0 0 0 0 1 0 1 1 0 1 0 0 1 0 1 1 0 0 0 0 1 0 0 0 0 1 1 1 0 0 0 0 0 1 0 0 0 1 1 0 0 0 1 1 1 1 1 0 1 0 1 1 1 0 1 1 0 0 1 0 0 0 0 0 1 1 0 0 14 0 1 1 0 0 1 0 1 0 1 1 1 
1 1 1 0 0 1 1 1 0 0 1 1 0 0 0 0 1 1 0 0 0 1 0 0 0 0 1 0 1 0 0 1 0 0 1 0 1 0 1 0 0 1 0 0 1 1 0 0 1 1 1 1 1 0 0 0 0 1 1 0 0 0 0 1 1 0 0 1 1 0 0 1 1 1 0 0 0 1 0 0 1 0 1 0 0 1 1 0 1 0 1 1 0 1 0 0 1 1 1 0 1 1 0 1 0 1 0 0 0 0 1 0 1 1 0 1 0 1 0 0 0 1 0 1 1 0 1 0 0 1 1 1 0 0 1 36 0 0 0 1 0 1 1 1 1 0 1 
1 0 1 0 0 1 1 1 0 0 1 1 0 0 0 0 0 0 1 1 0 1 1 0 1 1 1 0 0 1 0 0 0 0 0 1 1 0 1 0 1 0 0 0 0 1 1 1 0 1 0 1 1 1 0 0 0 0 1 0 1 1 1 1 0 0 0 1 0 1 0 1 1 1 1 1 0 1 0 1 0 0 1 1 1 1 1 1 0 1 1 1 1 0 0 1 0 0 0 1 1 0 1 0 1 0 0 1 0 1 0 0 1 1 1 0 1 1 0 1 0 1 0 1 0 1 1 1 1 1 1 0 1 1 1 0 33 0 0 0 1 1 0 1 0 1 0 
1 0 1 1 1 0 0 1 1 0 1 1 0 1 1 1 0 1 0 1 0 0 0 1 1 1 0 1 1 1 1 1 1 0 0 0 1 1 0 0 1 1 1 0 0 1 0 0 1 1 1 1 1 0 1 0 1 0 1 1 1 0 1 1 0 1 0 0 0 1 1 0 0 1 0 0 0 1 1 0 1 0 1 1 0 0 1 1 0 0 0 1 0 1 1 0 0 0 1 1 0 0 0 1 0 0 1 0 0 0 1 0 1 1 0 0 1 0 0 0 1 0 1 1 1 1 1 0 1 1 0 1 0 0 1 1 0 98 0 1 0 0 1 0 1 0 0 
0 1 1 1 1 1 1 1 1 0 1 0 0 0 0 1 0 0 1 0 0 1 0 0 1 1 1 1 0 1 0 0 0 1 0 1 0 0 1 1 1 1 0 0 1 1 1 1 1 1 0 0 0 0 1 0 0 1 0 1 0 1 0 1 1 0 1 0 0 1 0 0 1 1 0 0 0 0 1 0 0 0 0 0 0 1 1 0 1 1 0 0 0 1 1 0 1 0 1 0 1 0 0 0 0 1 0 1 1 1 1 1 0 0 0 0 0 1 1 0 0 0 0 0 0 1 0 1 1 1 1 1 0 1 1 0 1 1 49 0 0 0 0 0 1 1 0 
1 1 0 1 0 1 0 1 0 1 0 1 1 1 0 0 1 0 1 0 0 0 0 0 1 0 1 1 1 1 1 0 0 1 1 1 0 0 1 1 1 0 0 0 1 0 0 0 0 1 0 0 0 1 0 0 1 0 0 1 0 0 1 1 0 1 0 0 0 0 0 1 1 0 0 0 1 0 1 0 0 1 1 1 0 1 1 0 0 1 1 0 0 1 0 0 0 0 0 0 1 0 0 0 1 1 0 1 0 0 0 0 0 0 0 1 0 1 0 0 0 1 1 0 1 1 0 1 1 0 1 0 0 1 1 1 1 1 0 74 0 0 1 0 0 1 0 
1 0 0 1 0 0 1 0 0 0 1 0 0 0 1 1 0 1 1 1 0 1 0 1 0 0 0 0 0 0 1 0 1 0 1 0 1 0 1 1 1 0 1 0 1 1 0 1 0 0 1 0 0 0 1 1 0 1 1 0 0 1 1 1 1 1 0 1 0 1 0 1 0 1 1 0 1 0 1 1 0 1 0 1 1 0 0 0 1 0 0 0 0 0 1 1 1 0 0 0 0 0 0 1 1 0 1 1 1 1 1 0 1 1 0 1 1 1 1 1 1 0 1 0 0 1 0 0 0 1 1 0 0 1 0 0 1 1 0 0 92 1 1 1 0 0 1 
0 0 0 1 0 1 1 0 1 1 1 0 0 1 0 0 1 0 1 0 0 1 1 0 0 0 1 0 1 0 1 0 1 1 0 1 0 1 1 1 1 1 1 1 1 0 1 0 1 0 0 0 1 0 1 1 1 1 1 0 0 0 1 0 0 0 1 0 0 0 0 0 1 0 0 1 1 0 1 1 0 1 0 0 1 1 0 0 1 1 1 0 0 0 1 0 1 1 0 0 0 1 1 0 1 1 0 0 1 1 1 1 1 0 1 0 1 0 0 1 0 1 1 1 1 1 0 1 0 1 0 1 0 0 1 1 1 0 0 0 0 61 1 1 1 0 0 
0 0 1 1 0 0 1 0 1 1 0 0 0 0 0 1 1 1 1 0 1 1 1 1 0 1 0 0 0 1 1 1 1 0 1 1 0 0 1 0 0 1 0 1 1 1 0 1 0 0 0 0 0 1 0 1 0 0 1 1 0 0 1 0 0 0 0 1 0 1 1 1 0 1 0 1 0 0 0 0 0 0 0 0 0 0 0 1 1 1 0 1 0 0 1 1 1 0 0 0 0 0 1 1 0 0 0 0 0 0 0 0 0 0 1 1 1 0 1 1 0 1 1 1 0 1 0 1 1 1 0 1 1 1 1 0 0 0 0 1 0 1 84 0 1 1 1 
0 0 1 1 0 1 0 1 0 1 0 0 1 0 0 1 1 1 1 1 0 0 1 0 0 0 0 0 0 0 1 0 1 1 1 1 1 1 1 1 1 1 1 0 0 0 1 0 1 0 0 0 1 0 0 1 0 1 1 1 1 0 1 1 0 0 0 1 0 0 1 1 1 0 0 1 0 1 1 0 0 0 0 1 1 1 0 0 0 0 1 0 1 0 1 1 1 1 0 0 1 1 1 1 0 1 1 0 0 0 1 1 1 0 0 1 0 0 1 0 0 0 1 1 1 1 0 1 1 1 1 0 1 0 1 0 0 0 1 0 0 0 1 74 1 1 1 
1 0 1 0 1 1 0 1 0 1 0 0 1 1 1 1 1 0 1 1 0 1 1 1 1 1 0 1 1 0 1 1 1 1 0 1 1 1 0 1 1 0 0 0 1 1 0 1 1 0 0 1 0 0 1 1 0 0 1 0 1 1 0 1 0 1 0 0 0 0 0 1 0 0 0 0 1 1 0 0 0 1 1 0 1 0 0 0 0 0 1 0 0 0 0 1 0 1 0 1 1 1 0 1 0 0 1 1 0 1 1 0 1 1 1 0 1 1 0 1 1 1 0 0 1 0 0 0 1 0 0 1 1 1 1 0 0 1 1 1 1 0 1 1 27 0 1 
1 1 0 0 1 1 1 1 0 0 1 1 1 0 0 1 1 0 0 1 1 1 0 0 0 0 1 1 1 1 1 1 1 0 0 1 0 1 0 0 1 0 0 1 1 0 1 0 1 0 1 0 1 1 1 0 0 0 0 1 1 0 1 0 0 0 0 1 0 1 0 0 0 0 1 1 0 0 0 0 0 0 0 1 1 0 0 1 0 0 0 1 0 0 1 0 0 0 0 0 0 0 0 0 1 1 0 1 0 0 1 1 0 0 0 0 0 1 1 0 0 0 0 1 1 0 0 0 1 1 0 1 0 0 0 1 1 0 0 0 1 0 1 1 1 26 0 
0 0 1 1 0 1 1 1 0 0 0 0 1 1 1 1 0 1 1 1 1 0 0 1 1 1 1 1 0 1 1 1 0 0 0 0 0 1 1 0 1 1 1 0 0 1 1 1 0 1 1 1 1 1 0 0 0 0 1 0 0 1 0 0 1 1 1 1 1 1 1 1 0 0 0 0 1 0 1 0 1 0 1 1 0 0 1 0 0 0 0 0 0 1 1 0 1 0 0 0 0 0 1 1 1 1 0 0 1 0 0 1 0 0 1 0 0 0 0 1 1 1 1 0 0 1 1 0 1 1 0 0 1 1 1 1 1 1 0 1 1 0 0 1 1 1 32 
