40
86 1 0 1 1 0 1 1 1 1 1 1 1 1 1 1 0 1 0 1 1 0 1 0 0 1 0 1 1 1 0 0 1 1 1 0 0 0 1 0 
0 39 0 0 1 0 0 0 1 1 1 1 1 0 0 0 1 0 1 0 1 0 0 1 1 0 0 1 1 0 1 1 0 0 1 1 1 1 1 0 
1 0 33 0 0 0 0 1 0 1 1 0 1 1 0 0 0 0 0 1 0 1 1 0 0 0 1 0 1 1 1 0 0 1 1 0 0 0 0 0 
0 1 1 68 0 1 0 0 0 1 0 1 0 0 1 1 1 0 0 1 1 0 1 1 0 1 1 0 0 1 0 0 1 0 1 0 1 0 0 1 
1 0 1 1 99 1 0 0 0 1 0 0 0 0 1 1 1 1 0 1 0 0 0 0 0 0 0 1 0 0 1 0 0 1 0 1 1 1 0 0 
1 1 1 0 1 21 0 0 0 1 1 0 1 0 0 1 0 0 0 0 1 0 0 1 1 0 0 1 1 1 1 0 0 1 0 0 1 0 0 1 
1 1 1 1 1 1 4 0 0 0 0 1 0 0 1 1 0 0 1 0 1 1 0 0 0 0 0 0 0 0 1 1 1 1 1 0 1 0 1 0 
0 0 1 0 0 1 0 40 1 1 1 0 1 0 0 0 1 0 0 0 1 0 0 0 1 1 1 1 0 1 0 0 0 1 1 1 1 0 1 1 
1 0 0 0 1 1 1 1 16 0 0 1 0 0 1 0 0 0 1 0 0 1 1 0 0 0 0 0 0 0 1 1 1 1 1 0 1 0 0 1 
1 0 0 1 0 1 1 1 1 70 0 1 0 0 1 0 0 0 1 1 1 0 0 0 1 1 1 1 0 1 1 1 1 1 0 0 0 0 0 0 
1 0 1 0 1 0 0 0 1 1 31 1 0 1 0 0 0 1 1 1 1 1 0 0 0 1 1 0 0 0 0 1 0 1 0 1 0 0 0 1 
0 0 1 0 0 1 1 0 0 1 0 40 1 1 1 0 1 0 0 0 0 1 1 0 1 0 0 0 1 0 1 1 0 0 0 1 1 1 0 0 
1 0 1 1 1 1 0 1 0 0 1 1 11 1 0 0 1 0 0 1 1 0 1 0 0 0 1 1 0 1 0 0 1 1 1 1 0 0 0 0 
0 1 1 0 1 1 0 0 1 1 0 1 0 2 1 1 1 0 1 1 1 0 1 1 1 0 1 0 1 1 1 1 1 0 1 1 0 0 1 0 
1 0 0 1 0 1 0 0 1 1 0 0 0 0 88 0 0 0 1 1 0 0 1 1 0 0 0 1 0 1 1 0 1 0 1 1 0 1 0 1 
1 0 0 1 0 1 0 1 1 1 1 1 0 1 1 58 1 0 1 1 0 1 0 1 1 0 1 1 0 0 0 1 0 1 1 1 1 1 0 1 
1 1 1 0 0 1 0 0 1 0 1 0 0 0 1 1 47 1 0 0 0 0 0 1 1 0 0 1 0 0 0 0 0 1 1 0 1 0 1 0 
1 1 1 1 0 0 1 1 1 1 0 1 0 0 1 0 0 28 0 0 1 0 1 0 1 1 0 0 1 0 1 1 1 1 1 1 1 0 1 1 
0 0 0 0 1 0 0 1 0 0 0 0 0 0 0 0 0 0 37 0 0 0 0 0 1 1 1 1 0 1 0 0 0 0 0 0 0 0 0 1 
1 1 1 0 0 0 1 0 0 1 0 1 1 0 0 0 1 1 1 25 0 1 0 1 1 1 0 0 0 1 0 1 0 0 0 1 0 1 0 1 
1 1 0 0 0 1 1 0 1 0 1 1 1 1 1 0 1 0 0 0 63 0 0 1 0 1 1 0 0 1 1 1 0 0 1 1 1 1 1 0 
0 0 1 1 1 0 1 0 0 1 0 0 1 0 0 0 1 0 0 0 0 93 1 0 0 0 1 1 0 0 0 1 1 0 0 0 1 0 1 0 
1 1 0 0 0 0 0 1 1 1 1 0 1 1 1 1 0 1 1 1 1 1 12 0 0 0 0 0 1 0 0 1 0 1 1 1 0 1 1 1 
1 0 1 0 1 0 0 1 0 1 0 1 1 1 1 1 1 1 1 1 0 0 0 71 1 0 0 1 0 0 1 0 0 1 1 0 1 1 1 1 
1 1 1 0 0 1 0 0 1 0 0 0 1 0 1 1 1 0 0 1 1 1 1 0 44 1 0 1 0 1 1 1 0 1 1 0 1 0 0 0 
0 0 1 0 0 0 1 1 0 0 1 0 1 0 1 1 1 1 1 1 0 0 0 0 0 1 1 1 1 1 0 0 1 0 1 0 1 0 1 0 
1 1 0 0 1 0 1 1 1 0 0 1 1 1 0 0 0 1 1 0 0 1 0 1 1 0 24 1 1 1 1 0 0 1 0 1 0 0 1 1 
1 0 1 1 0 0 1 0 0 0 1 0 0 0 1 1 1 0 0 1 1 0 0 1 0 1 0 54 1 0 0 0 1 1 1 1 0 1 0 0 
1 0 1 1 0 1 0 1 0 0 1 1 1 0 1 1 0 1 0 1 0 1 0 0 0 1 0 0 40 1 1 0 1 0 0 0 1 0 1 0 
0 1 0 1 1 0 0 1 0 1 1 1 1 1 0 0 0 1 1 0 1 1 1 0 1 1 0 1 0 25 1 1 1 0 0 0 1 1 0 1 
1 0 1 0 0 1 0 0 0 1 1 0 1 1 0 1 1 1 1 0 0 1 0 1 1 1 1 0 1 0 1 0 0 1 1 0 1 0 0 1 
1 1 1 0 0 1 0 1 0 1 1 0 0 0 1 0 0 1 1 0 0 1 0 1 0 0 0 1 0 0 0 89 1 1 1 1 0 0 0 0 
1 1 0 0 0 1 1 1 0 1 1 0 1 1 1 1 1 0 1 0 0 0 0 1 1 0 0 0 1 1 0 0 20 0 1 0 1 0 1 0 
0 0 0 0 0 0 0 1 0 0 0 1 1 1 0 0 0 0 1 1 1 1 1 1 0 1 0 0 1 1 1 1 1 27 0 1 0 0 0 1 
0 0 1 0 0 0 0 1 0 1 1 0 0 1 1 1 1 0 1 1 1 1 1 0 0 0 0 1 1 0 0 0 1 1 75 1 1 1 0 0 
1 0 1 1 0 0 0 0 1 1 1 1 1 0 0 0 1 1 1 0 0 0 1 0 0 0 1 0 1 1 0 1 1 0 1 87 1 1 0 1 
0 1 1 1 0 0 1 0 0 0 0 1 1 1 0 1 1 1 1 0 1 1 0 0 1 1 0 0 0 1 0 1 0 1 0 0 62 0 1 1 
1 0 0 1 0 0 1 0 1 1 0 0 1 0 1 0 0 0 0 1 1 1 1 1 0 0 0 0 1 1 0 1 0 1 1 1 0 35 0 0 
0 0 0 0 0 0 0 0 1 0 0 1 0 0 1 1 1 0 0 0 0 0 1 0 0 1 1 1 0 0 1 0 0 1 1 0 1 1 20 1 
1 1 1 0 1 0 0 1 1 0 1 0 0 0 1 1 0 1 0 0 0 0 0 0 0 0 1 0 0 1 1 0 0 1 0 0 1 0 1 69 
