38
91 1 0 1 0 0 0 0 1 0 0 0 0 0 0 1 0 0 1 1 1 1 0 1 0 1 1 0 1 1 1 0 1 0 1 0 0 0
1 82 0 1 0 0 0 1 0 0 1 0 0 1 0 0 1 1 0 1 0 0 0 0 1 0 0 1 0 1 0 1 1 1 1 0 1 0
1 0 71 0 0 0 0 1 0 1 0 1 1 0 0 0 1 0 0 0 0 0 1 1 0 1 1 0 1 0 0 0 1 0 1 0 1 0
0 0 0 3 1 1 1 0 1 0 1 0 1 0 1 1 0 1 0 0 0 0 0 1 1 0 1 1 0 1 0 1 0 0 0 0 1 1
1 0 0 1 78 0 0 0 0 0 0 1 1 1 1 1 1 1 0 0 1 0 1 1 1 1 1 1 0 1 1 1 1 0 0 0 0 1
0 1 1 1 0 49 0 0 1 1 0 0 0 1 1 0 0 1 1 0 1 1 1 1 0 0 0 0 0 0 1 1 0 1 0 1 0 0
1 0 1 0 0 0 49 1 1 0 0 0 0 0 1 0 0 0 0 1 0 0 0 1 1 1 1 0 1 0 0 0 1 1 0 1 1 1
0 1 1 1 0 0 1 24 0 1 1 1 0 0 1 0 0 0 0 0 0 0 1 0 1 0 0 1 0 0 0 1 0 1 0 0 0 0
0 0 0 1 1 0 1 1 96 1 0 0 1 1 1 1 1 0 0 0 0 1 0 0 1 0 1 0 0 0 0 0 0 1 0 0 0 1
0 1 1 1 0 1 1 0 0 9 0 1 0 1 0 1 1 0 0 1 1 1 1 0 1 1 1 0 1 0 0 0 1 1 1 0 1 0
1 1 0 1 1 1 1 0 1 0 21 0 1 1 0 1 0 0 0 0 0 1 1 1 0 1 0 0 1 0 0 1 1 1 1 0 1 0
0 0 1 0 1 1 0 0 1 0 0 52 0 0 1 1 0 0 0 0 0 0 0 1 0 0 1 0 1 0 1 1 1 1 0 1 1 1
0 1 0 1 1 0 1 1 1 0 1 1 42 0 0 0 1 1 1 1 0 0 0 0 0 0 0 0 1 0 0 1 0 1 1 1 0 1
0 0 1 1 0 1 1 1 1 0 0 1 0 82 1 0 0 0 0 0 0 0 1 0 0 1 1 0 0 0 1 1 0 1 0 0 0 0
1 0 0 0 0 1 1 1 1 0 0 0 1 0 34 0 0 0 0 1 1 0 0 1 0 0 1 0 1 0 0 0 1 1 1 1 1 1
1 0 1 0 0 0 1 0 1 1 1 0 0 1 0 27 0 0 0 1 1 0 0 0 0 1 1 0 0 1 0 0 0 1 1 0 0 1
1 0 0 1 0 1 1 0 1 1 0 0 1 0 1 0 73 1 1 1 0 1 0 0 0 0 0 0 1 1 0 0 1 0 1 1 1 1
0 1 0 1 0 0 1 0 1 1 0 1 0 1 0 0 0 96 1 1 0 1 0 1 1 1 0 1 0 1 0 0 1 1 0 0 1 0
1 0 0 0 0 0 1 0 1 0 1 1 0 0 0 1 0 1 98 0 0 1 1 0 1 0 0 1 1 0 1 1 0 0 0 0 1 1
1 0 0 0 0 0 0 0 1 0 0 0 1 1 0 1 1 1 0 74 1 1 0 1 0 0 0 0 1 0 1 1 1 1 1 1 1 0
0 1 0 1 0 1 0 0 0 0 0 0 0 0 1 0 0 0 0 1 83 0 0 1 1 0 0 0 0 0 0 0 1 0 1 0 1 1
0 0 0 1 1 1 0 1 0 0 1 1 1 1 0 1 0 0 0 1 1 51 1 0 0 0 0 0 1 0 1 1 1 1 1 1 1 0
1 1 1 0 1 0 1 0 0 1 0 1 0 0 1 0 0 1 0 0 1 0 34 0 0 1 0 1 0 0 0 0 0 1 1 1 0 0
0 0 1 1 1 0 1 1 0 0 1 1 0 0 0 1 0 1 0 1 0 1 1 25 1 1 1 0 0 1 0 0 0 1 1 0 1 1
0 0 1 1 1 1 1 0 0 0 1 1 1 0 1 1 1 0 1 0 0 1 0 1 9 0 0 0 0 1 0 0 1 0 1 1 1 1
0 0 1 1 1 0 0 0 0 0 0 0 0 0 0 1 1 1 0 1 1 1 1 0 0 51 1 1 1 1 0 0 0 0 1 1 0 0
0 1 0 0 0 0 1 1 0 1 1 1 0 1 0 1 0 0 0 1 0 1 0 0 0 1 41 1 1 1 0 1 0 0 0 0 0 0
0 1 0 0 0 0 1 1 1 1 1 1 0 1 0 0 1 1 1 1 0 1 0 1 1 1 1 78 0 0 0 1 0 0 0 0 0 1
1 1 1 0 0 0 1 0 1 1 0 1 1 0 1 0 1 1 0 1 0 1 0 0 0 0 0 0 98 1 0 0 1 1 1 0 1 1
0 1 0 0 0 1 0 1 0 1 0 0 0 1 1 0 1 0 1 0 1 0 0 1 0 0 1 1 1 91 0 1 0 0 0 1 0 1
1 1 0 0 1 1 1 1 0 0 0 1 0 0 0 1 0 1 0 1 1 0 1 1 0 1 0 0 0 1 86 1 1 1 0 0 1 0
1 1 1 0 0 1 0 1 1 1 0 0 1 0 0 1 1 1 0 0 0 0 0 0 0 1 0 0 1 0 1 6 1 1 1 0 1 1
1 1 0 0 0 0 1 1 1 1 0 1 0 1 1 1 0 1 0 1 0 1 0 0 0 0 0 0 1 0 1 0 62 0 1 1 1 0
0 1 1 0 0 0 1 0 0 0 0 1 0 1 0 0 0 1 0 0 1 0 1 0 0 0 1 1 1 1 0 1 0 30 1 1 0 1
1 1 1 0 0 0 0 1 0 1 1 1 1 1 1 0 1 0 1 0 1 0 1 1 0 1 0 0 0 0 1 1 1 0 59 1 0 1
1 0 0 1 1 1 1 1 1 0 0 0 1 1 1 1 1 1 0 1 0 0 1 1 1 1 1 1 0 0 0 1 0 0 1 46 1 1
1 1 1 1 0 1 1 1 0 1 1 1 1 0 1 0 0 1 1 1 0 0 0 0 1 0 1 0 0 0 0 0 1 1 0 1 66 1
0 0 0 1 1 0 0 0 1 0 1 0 1 1 1 0 0 1 0 0 1 0 1 0 1 0 1 1 1 1 1 1 0 1 1 0 1 32