100
4 1 1 0 0 0 1 1 0 0 0 1 0 1 1 0 0 0 1 0 0 1 1 0 0 1 0 0 1 0 0 1 0 1 0 1 0 0 0 0 0 0 0 0 0 0 0 0 0 0 0 0 0 0 0 0 0 0 0 0 0 0 1 1 1 1 1 0 1 1 0 1 1 1 0 1 1 1 0 0 0 1 0 0 1 1 1 1 1 0 0 1 0 1 1 1 1 0 1 0
1 11 0 1 1 1 0 0 0 0 1 1 1 0 0 0 0 0 0 1 0 1 1 0 0 1 1 0 0 1 0 0 0 1 1 1 0 1 0 0 0 0 0 0 1 0 1 1 1 0 0 0 0 0 1 0 1 0 0 1 1 0 0 1 0 0 1 1 1 1 0 1 0 0 1 0 0 1 0 0 0 0 0 1 0 0 0 0 1 0 1 0 0 0 0 0 0 0 0 0
1 0 11 1 0 0 1 1 0 1 0 0 0 0 1 1 1 0 1 0 1 1 1 0 1 1 0 0 1 1 0 1 1 0 1 1 0 1 1 1 0 0 0 0 1 1 1 0 0 1 0 1 1 0 1 0 0 0 1 0 0 0 1 1 0 1 0 1 0 0 1 0 0 1 1 0 0 1 1 1 0 0 1 1 1 0 0 0 0 1 1 0 0 1 0 1 0 1 1 0
1 1 1 59 1 0 0 0 0 1 0 1 0 1 1 1 0 1 1 1 1 1 0 0 0 1 0 1 0 1 0 0 0 0 0 0 0 0 0 0 0 0 0 0 0 0 0 0 1 1 0 0 0 1 1 1 1 1 0 0 0 1 0 1 0 1 0 1 0 0 1 1 1 0 1 0 1 0 0 1 0 0 1 1 1 0 1 0 1 1 1 0 1 0 0 0 0 0 0 1
0 0 0 1 88 1 1 1 1 1 0 0 0 0 1 0 0 1 0 0 1 1 1 1 1 1 1 1 1 0 0 0 0 0 0 0 0 0 0 0 0 0 1 1 1 0 0 1 0 0 0 1 1 1 1 1 1 1 0 1 1 0 1 1 1 0 1 1 1 0 0 0 0 0 0 0 0 0 0 0 1 0 0 0 0 0 0 1 0 0 1 1 1 1 1 0 1 0 1 0
0 1 0 0 0 88 0 1 0 1 0 0 0 0 0 0 0 0 0 0 0 0 0 0 0 0 0 0 0 0 0 0 0 1 0 1 1 0 0 0 1 1 1 1 0 0 1 0 1 0 0 0 0 1 1 1 0 0 1 0 1 1 0 0 0 0 0 0 1 0 0 1 0 1 1 0 0 0 0 0 1 0 1 0 0 0 0 0 0 0 0 0 0 0 0 0 0 0 0 0
0 0 0 0 0 0 42 0 0 0 0 0 0 0 0 0 0 0 0 0 1 0 0 1 0 1 1 1 1 0 1 1 0 1 0 0 1 1 0 1 1 1 1 0 1 1 0 0 1 0 1 0 1 1 0 1 0 0 1 1 0 1 1 0 1 1 1 1 1 0 1 0 0 0 0 1 0 0 0 1 0 0 1 0 0 0 1 0 1 1 1 0 0 0 1 0 1 0 1 0
0 1 1 0 0 1 0 11 0 1 1 1 0 1 0 1 1 1 0 1 0 1 1 0 0 1 0 1 1 1 1 1 0 1 0 0 0 1 0 1 1 0 1 1 0 1 0 1 0 0 1 0 0 1 1 0 0 1 1 0 0 0 1 1 0 0 0 0 1 0 0 0 1 0 1 1 0 0 1 1 0 1 0 1 1 1 1 0 1 0 1 1 1 1 1 0 0 0 0 1
0 1 0 1 1 0 0 0 80 1 0 1 1 0 0 0 1 1 0 1 0 1 0 0 1 1 1 1 1 0 1 1 1 0 1 0 0 1 1 1 0 1 0 0 1 1 0 0 1 0 1 0 1 0 1 1 0 0 1 0 1 0 0 0 1 1 1 0 1 0 0 0 1 1 1 0 1 0 1 0 0 1 1 1 0 1 0 0 0 0 0 0 0 1 0 1 1 0 1 0
0 0 0 0 1 0 0 1 1 69 1 0 1 0 0 1 0 0 1 0 1 0 1 0 1 0 0 0 1 0 1 0 0 1 0 0 1 0 0 1 1 1 0 1 0 1 0 1 0 1 0 1 0 1 0 0 0 1 1 0 0 0 1 0 1 1 0 1 1 0 0 1 1 0 0 0 0 0 1 1 1 1 1 1 1 0 0 1 0 0 0 1 1 0 0 0 1 0 0 1
0 0 0 0 1 0 0 1 0 0 22 0 0 1 0 0 1 0 0 0 1 1 1 1 1 0 0 1 1 0 1 1 0 0 1 0 0 1 1 1 1 0 1 0 0 1 0 1 1 0 1 1 0 0 0 1 0 0 1 1 1 1 0 1 1 0 0 0 1 0 1 0 1 0 1 0 0 0 1 0 0 0 0 0 0 1 0 1 0 0 1 1 0 1 0 1 1 0 0 1
1 0 0 1 0 0 1 0 1 0 1 73 1 1 0 1 1 1 1 1 0 0 0 0 0 0 1 1 1 0 1 1 1 1 1 0 0 0 1 0 1 1 0 0 1 0 0 0 0 0 1 0 0 1 1 0 0 1 1 1 1 1 0 0 1 0 0 0 0 1 1 0 0 0 0 1 1 1 1 0 0 0 0 0 0 1 1 0 1 1 1 0 1 0 1 1 0 0 1 0
0 1 1 1 0 1 0 0 1 0 0 0 33 1 1 1 1 1 0 0 1 1 1 1 0 0 1 1 0 1 0 0 0 0 0 0 1 0 1 0 0 0 1 1 1 1 1 1 0 0 0 1 0 1 1 0 0 0 0 1 0 0 0 1 1 0 1 1 1 1 1 0 0 0 1 0 1 1 1 0 0 0 1 1 1 0 0 1 1 1 0 0 0 1 1 0 0 0 0 1
1 0 0 1 1 0 0 1 1 0 0 1 0 48 0 0 0 0 0 1 1 0 0 0 1 1 1 1 0 1 0 1 1 0 0 0 0 0 0 1 0 0 0 0 1 0 0 0 0 0 0 0 1 0 1 0 1 0 1 1 0 1 1 0 0 0 1 1 0 1 1 1 0 0 0 1 1 1 0 1 1 0 1 0 1 1 0 1 0 1 0 0 1 1 0 0 1 0 0 1
0 1 1 1 1 1 1 0 1 0 1 1 1 0 91 1 1 1 1 1 1 0 0 1 1 1 0 1 0 0 0 0 0 0 0 0 0 0 0 0 1 0 0 1 1 1 0 0 0 0 0 1 1 1 0 0 0 1 0 0 0 0 0 1 0 1 0 0 1 1 0 1 1 0 1 0 0 0 1 0 0 0 0 0 1 1 1 0 0 0 1 1 0 0 1 1 1 1 0 0
0 1 0 0 0 1 1 1 1 1 0 0 1 1 0 66 0 1 0 0 0 1 1 0 0 1 0 0 0 1 0 1 1 0 1 0 0 0 1 0 0 1 1 1 1 1 0 1 0 1 1 0 0 1 1 1 1 1 0 1 0 1 0 0 0 1 0 0 1 1 1 0 1 1 0 0 1 0 0 1 0 1 1 1 1 0 0 1 1 1 1 1 1 1 1 1 1 0 1 1
0 1 0 1 1 0 1 1 0 0 0 1 0 1 0 0 42 0 1 0 0 1 0 0 1 0 1 1 0 0 0 0 1 1 0 1 1 0 0 1 0 1 0 1 0 0 1 0 1 0 0 0 1 0 0 0 1 0 0 1 0 0 0 1 1 0 1 1 0 1 0 1 1 1 0 0 0 1 1 0 0 0 0 1 1 0 1 1 0 1 1 1 0 1 0 0 1 0 1 1
1 0 0 1 0 0 1 1 1 0 1 1 0 1 1 1 1 49 0 0 1 1 1 0 1 0 0 1 1 1 0 0 1 0 0 0 1 1 0 1 0 0 1 1 0 0 1 1 1 0 1 1 0 0 0 1 1 1 0 0 0 0 0 1 0 1 1 0 1 1 0 1 0 1 1 1 1 0 1 1 0 0 1 1 1 1 1 1 0 0 1 1 1 1 0 1 1 0 0 0
0 0 0 0 1 1 1 0 0 0 1 1 1 1 1 1 1 0 90 1 0 1 0 1 0 1 1 1 0 1 0 1 0 1 1 0 0 1 1 1 1 0 0 0 1 1 1 0 0 1 1 1 1 1 0 1 0 1 1 0 0 0 1 0 0 0 1 1 1 0 1 1 0 0 0 1 0 0 0 1 0 1 0 0 1 0 1 0 1 1 0 0 0 1 1 1 0 1 0 0
0 1 0 0 1 1 0 1 1 0 0 1 1 0 1 1 1 1 0 86 1 1 1 1 0 1 1 1 0 0 0 1 0 1 1 1 0 0 1 0 1 0 0 0 1 1 1 0 1 1 1 1 0 1 1 0 1 0 0 1 1 1 1 0 1 0 1 1 1 1 1 1 1 0 1 1 1 0 1 1 1 1 0 0 1 1 1 1 1 0 0 1 0 1 1 1 0 1 0 0
1 0 1 0 0 0 0 0 0 0 1 0 0 1 0 1 1 1 1 0 93 1 1 0 0 1 0 1 0 1 0 0 0 0 0 0 0 0 0 0 0 0 0 0 0 1 0 0 1 0 1 1 0 1 1 0 1 0 0 0 0 0 0 1 0 0 1 0 0 1 0 1 0 1 1 1 0 1 1 1 1 1 1 0 0 1 1 0 0 1 0 1 1 1 1 0 1 1 0 1
1 1 0 1 0 0 1 0 0 1 0 0 0 1 0 1 1 1 0 1 0 63 1 0 1 0 1 0 1 1 1 1 0 1 1 1 0 1 1 1 0 0 0 0 0 1 1 1 0 1 0 0 0 1 0 1 1 1 1 1 1 0 1 0 1 0 0 0 0 1 1 1 0 0 0 0 0 1 0 1 0 1 0 1 0 0 1 1 0 1 1 0 1 1 1 1 1 1 0 0
1 1 1 1 1 0 0 1 1 0 1 0 0 0 0 0 1 0 1 1 1 1 18 1 0 1 0 1 0 1 1 1 0 0 0 0 0 0 1 1 0 1 1 0 1 1 0 1 0 0 0 0 1 1 1 1 0 1 1 1 1 0 0 1 1 1 1 1 1 1 1 0 1 1 1 0 0 0 1 1 0 1 1 0 0 0 1 0 1 1 0 0 1 1 0 1 1 1 0 0
1 0 1 0 1 1 1 0 1 0 0 0 1 1 0 1 0 1 0 0 0 0 0 49 1 1 0 0 0 0 1 1 0 1 0 0 0 1 0 1 0 0 1 0 1 1 0 0 1 0 0 1 0 1 0 1 0 1 0 0 1 0 0 0 1 0 1 0 0 0 1 1 0 1 1 0 0 1 1 0 0 0 0 1 0 1 1 1 0 0 1 1 0 1 1 0 0 1 1 0
1 1 0 0 1 0 1 0 0 0 0 0 0 0 0 1 1 0 0 1 0 0 1 0 27 1 0 1 1 1 0 1 1 0 0 0 1 0 1 0 1 1 1 1 1 1 0 1 1 1 0 0 0 0 1 1 1 0 1 0 1 0 0 0 1 0 1 0 0 0 1 0 0 0 1 0 1 0 0 0 0 1 1 0 1 0 0 1 0 1 0 1 1 1 1 1 1 1 0 0
1 1 1 1 0 0 1 1 0 0 0 0 0 1 1 0 0 0 0 0 1 1 1 0 1 77 1 1 0 1 0 1 0 1 1 1 0 1 1 0 1 1 1 1 1 0 0 1 1 1 0 1 0 0 1 0 0 0 1 1 1 0 0 0 1 0 1 0 1 0 1 1 0 1 1 1 1 0 0 1 1 0 0 0 0 1 0 0 0 0 1 1 1 0 0 1 0 1 0 0
0 1 1 1 0 0 1 0 0 1 1 0 0 1 0 0 0 1 0 0 0 0 1 1 1 0 22 1 0 1 0 1 0 1 0 1 0 0 0 0 1 0 0 1 0 0 0 1 1 1 1 1 1 0 1 0 0 1 1 1 1 1 1 1 0 1 1 0 0 1 0 1 1 0 0 1 0 1 0 0 1 1 1 1 1 0 0 1 0 1 0 1 1 1 1 1 0 1 1 0
0 1 0 0 0 1 1 1 0 1 1 0 0 0 1 0 0 0 0 0 1 1 0 0 0 0 1 84 0 1 1 0 1 0 1 0 0 0 1 1 1 0 0 0 0 0 1 1 1 1 0 0 0 0 1 1 0 1 0 1 1 1 0 1 0 0 0 0 0 1 1 1 1 0 0 0 1 0 1 0 1 1 0 1 1 1 1 0 1 1 1 0 1 0 0 1 0 1 1 1
0 1 1 0 1 1 1 1 1 1 1 0 1 0 1 0 0 0 1 0 0 0 1 1 0 1 1 0 55 0 1 0 0 1 1 1 1 0 0 0 0 0 1 1 0 0 0 1 1 1 0 1 1 1 1 0 1 1 1 0 0 0 1 0 1 1 0 1 0 0 1 0 1 1 0 0 0 1 0 1 1 0 0 0 0 0 1 0 1 1 1 1 1 1 1 0 0 1 1 0
1 1 1 0 1 0 1 0 0 0 0 0 1 0 1 0 1 1 1 0 1 0 1 0 1 1 1 1 1 56 0 1 1 1 1 0 0 1 0 0 0 1 0 1 1 1 0 1 1 1 0 1 0 1 0 0 0 0 0 0 0 1 1 0 1 0 1 0 0 1 0 1 1 1 0 1 0 1 0 1 1 0 1 0 1 1 0 1 0 0 1 1 0 1 0 1 0 0 0 1
1 1 0 1 0 0 1 0 0 1 0 1 1 1 0 1 0 1 1 1 0 1 0 0 1 1 0 0 1 1 16 0 0 1 0 0 0 1 1 0 1 1 0 1 1 0 0 0 0 1 1 0 1 1 0 1 1 1 1 0 1 0 0 1 0 0 1 0 1 0 1 0 1 0 0 1 0 0 0 1 1 1 1 1 1 1 0 1 0 1 0 0 0 0 0 1 0 1 0 0
0 0 1 0 0 1 0 0 1 0 0 0 1 1 1 1 0 0 1 0 1 0 1 1 1 0 0 0 0 1 0 37 0 1 0 1 0 0 1 0 1 0 0 0 1 0 0 1 1 1 0 1 0 0 1 1 1 1 1 0 0 0 0 0 1 1 0 1 0 0 0 1 0 0 0 0 0 1 1 1 0 1 0 0 1 0 1 0 1 1 0 1 0 0 1 0 0 1 1 0
0 1 0 0 0 1 0 0 1 0 1 1 1 0 0 0 1 1 0 1 1 0 1 1 0 0 0 1 1 1 1 0 38 1 0 0 0 0 0 1 0 0 0 1 0 0 1 0 0 1 0 1 0 1 1 1 1 1 1 0 1 0 0 0 0 0 1 0 0 0 0 1 0 1 0 0 0 1 0 0 0 0 1 0 1 0 0 0 0 0 1 1 0 1 1 1 1 1 1 1
0 0 0 1 0 0 1 1 0 1 0 1 1 0 0 0 0 1 1 1 0 1 0 0 0 1 1 1 1 0 1 1 0 13 1 1 0 1 1 1 1 1 0 1 0 1 0 0 0 1 1 0 1 1 1 1 1 1 1 1 1 1 0 0 0 0 0 0 0 1 1 1 0 0 1 0 1 0 0 0 0 0 1 0 1 1 0 1 1 1 0 0 1 0 1 0 0 1 1 0
1 1 1 1 1 1 1 0 1 0 1 0 1 0 0 0 1 0 1 0 0 1 0 1 1 1 1 0 0 0 0 1 1 1 18 0 0 0 0 1 1 1 0 0 0 0 1 0 1 1 1 1 0 0 0 1 1 0 0 0 0 0 0 0 0 0 0 0 0 1 0 0 1 0 0 0 1 0 0 1 1 1 0 1 1 1 1 1 0 1 1 1 1 0 0 1 1 0 1 1
0 0 1 1 1 1 0 1 0 1 1 0 1 1 1 0 0 1 1 1 0 1 1 1 1 1 0 0 0 0 0 0 1 0 1 44 1 0 0 0 0 1 1 0 0 1 0 1 0 0 0 1 1 1 1 0 0 0 0 0 0 1 1 0 0 0 1 1 0 1 0 1 1 0 1 1 1 0 1 0 1 1 1 1 1 1 0 0 1 1 0 1 0 0 0 0 0 0 1 1
1 0 1 1 0 1 1 1 1 0 1 1 0 1 1 1 1 0 0 1 0 1 0 0 1 1 0 1 1 1 1 0 0 1 0 0 6 1 0 0 0 1 1 0 0 1 1 0 1 1 0 0 0 0 0 1 1 0 0 1 0 0 1 1 1 1 0 1 1 0 0 1 0 1 1 0 0 0 0 1 0 0 1 1 1 0 1 0 1 1 0 1 0 0 0 1 0 1 1 1
1 1 0 0 1 1 0 0 0 0 1 1 1 1 1 0 0 0 0 0 0 0 0 1 0 1 1 1 0 0 0 1 0 1 1 1 1 34 1 0 0 1 1 1 1 0 0 1 0 0 0 1 1 1 0 1 0 0 1 0 0 1 1 0 1 0 1 1 1 0 0 0 0 1 1 0 0 0 0 0 1 1 0 1 0 0 1 1 0 1 0 0 0 0 0 0 0 0 1 1
1 1 0 0 0 1 0 1 1 0 1 1 0 0 0 1 1 1 0 0 0 0 0 0 0 0 0 1 1 1 0 0 0 1 0 1 0 0 51 0 0 1 1 0 1 1 0 1 1 1 1 1 1 0 0 1 0 1 0 1 1 1 1 1 0 1 0 1 1 0 1 0 1 1 1 1 0 1 0 1 1 0 0 0 1 1 0 0 0 0 0 1 0 0 0 1 1 0 0 0
1 0 0 1 0 1 0 0 1 0 1 1 0 0 0 1 0 0 1 1 1 1 0 0 0 1 1 1 0 1 0 1 1 1 1 0 1 1 0 77 1 1 1 1 0 1 0 1 1 1 0 1 0 1 0 1 0 0 1 1 0 0 0 1 1 1 0 0 0 0 1 0 0 1 1 1 0 0 1 0 0 0 1 1 1 0 0 0 0 1 0 0 1 0 0 1 1 0 0 1
1 0 0 0 0 1 1 1 0 1 0 1 1 0 0 1 1 1 0 0 1 0 0 1 1 0 1 1 0 1 0 0 0 1 1 1 1 1 0 1 7 0 1 1 1 1 0 1 0 0 1 0 0 0 1 1 0 0 1 1 0 1 1 0 0 1 1 1 0 0 1 0 0 0 0 1 0 0 0 0 1 0 0 1 0 1 0 1 1 1 1 1 1 0 1 1 1 1 0 0
0 1 0 1 1 0 1 0 1 0 0 1 0 1 1 1 0 0 0 1 1 1 1 1 1 0 0 0 0 1 1 0 0 0 0 1 0 0 0 1 1 0 0 1 0 0 1 0 0 0 1 0 0 1 1 1 1 1 1 0 1 1 1 1 0 1 0 1 0 0 1 0 1 1 0 0 1 0 1 1 1 0 0 1 1 0 1 1 1 1 0 1 1 1 0 1 0 1 1 0
0 1 0 0 1 0 1 0 0 0 1 1 1 0 0 1 0 1 1 0 1 1 1 1 0 1 1 1 0 0 1 1 0 1 0 1 0 1 1 0 1 1 77 1 1 0 1 1 1 0 0 0 1 1 1 0 1 1 1 0 0 1 1 1 0 0 0 0 1 0 1 1 0 1 1 0 1 0 1 1 0 1 0 1 1 1 0 0 1 0 0 1 1 1 0 1 1 0 0 0
1 1 1 1 0 0 1 1 0 1 0 0 1 1 0 1 1 1 1 1 0 0 0 1 0 1 1 1 1 0 0 0 0 0 0 0 0 0 0 0 0 0 0 77 0 0 0 0 0 0 0 0 0 0 0 0 0 0 0 0 0 0 0 0 1 1 0 0 0 0 1 1 0 0 1 1 0 0 1 0 0 1 0 1 0 1 1 0 0 1 1 1 0 1 1 1 1 1 1 0
0 1 1 1 1 1 1 1 1 0 0 0 1 0 0 1 1 0 0 0 0 1 1 0 1 0 0 0 1 1 1 1 0 1 1 1 1 0 1 1 1 1 0 1 43 1 1 1 1 1 1 0 1 0 1 1 1 0 0 1 0 1 1 0 0 0 0 1 1 1 1 1 1 0 1 1 1 0 1 1 1 1 1 0 0 0 1 0 1 1 1 0 1 0 0 1 1 0 0 0
1 0 1 1 1 1 1 1 0 0 0 0 1 1 1 0 1 1 1 1 0 0 1 0 0 1 1 0 0 1 1 1 1 0 1 0 1 1 1 0 0 0 1 1 1 53 0 0 0 1 0 1 1 0 0 0 1 1 1 0 1 0 1 0 0 1 0 0 1 0 1 0 1 0 0 0 0 0 1 1 0 1 1 1 1 1 0 0 0 0 1 1 1 1 0 1 0 1 0 1
0 0 1 1 1 0 1 0 1 1 1 0 0 0 0 0 0 1 0 0 1 1 1 0 1 1 1 1 0 0 1 1 0 1 1 1 1 0 0 1 0 0 1 0 1 1 98 0 1 0 1 0 1 0 0 1 0 1 1 1 0 1 1 1 1 0 0 0 0 1 1 1 1 1 0 0 1 0 0 1 0 1 1 0 1 0 1 1 0 0 1 1 0 0 1 1 0 1 0 0
0 1 1 0 1 0 1 0 1 0 0 1 1 0 0 1 1 1 1 1 0 1 0 0 1 0 1 1 0 0 0 0 0 0 0 1 1 0 0 1 1 1 1 1 0 1 0 79 0 0 1 1 1 1 0 1 0 0 1 1 1 0 1 1 1 0 0 0 1 1 0 0 1 1 1 0 1 0 0 1 1 0 0 0 0 0 0 0 1 0 0 1 1 1 0 0 1 1 0 0
1 0 1 1 0 0 0 0 0 0 0 0 1 1 0 0 0 1 1 0 0 0 1 1 1 1 0 1 1 0 0 1 1 1 0 0 0 1 0 1 1 0 0 0 0 1 1 1 86 1 0 0 1 0 0 0 1 0 1 0 0 1 0 1 0 0 1 0 0 0 1 0 0 1 0 1 0 1 0 1 1 0 1 0 0 1 1 0 1 0 0 0 1 1 1 1 0 0 0 0
0 1 0 1 1 1 1 1 1 0 1 0 0 0 1 0 0 1 1 0 1 1 0 1 1 0 1 0 1 0 1 0 0 1 0 0 1 0 1 1 1 0 0 1 0 0 1 1 1 12 0 0 1 1 1 1 0 1 1 0 0 1 1 1 0 1 1 1 1 1 1 1 0 0 1 1 0 1 1 1 1 1 1 1 0 0 1 0 0 1 0 1 0 0 1 0 1 1 1 0
0 1 0 0 1 1 0 1 1 1 0 0 0 0 0 0 1 0 1 1 0 1 0 1 0 0 1 1 1 1 1 0 0 1 1 1 0 1 1 0 0 0 0 0 0 1 0 0 1 0 55 0 0 0 1 1 0 0 1 0 1 1 0 1 1 0 1 1 0 0 0 1 1 1 0 1 1 0 1 1 0 1 0 1 1 1 0 0 1 0 1 0 0 1 0 1 0 0 0 0
0 1 1 1 1 0 1 0 0 1 0 0 1 0 1 0 1 1 1 0 0 0 0 0 1 0 0 0 0 1 1 0 0 1 1 0 1 1 1 0 1 1 0 1 0 1 0 0 0 0 0 36 1 0 0 1 1 1 1 0 1 0 1 0 1 0 1 1 1 0 0 1 0 1 0 1 0 0 0 1 1 1 1 0 0 1 1 0 0 0 0 0 1 0 1 0 0 0 0 0
1 1 1 0 0 0 1 0 1 1 0 0 0 0 1 1 0 0 1 0 1 0 0 1 1 0 1 0 0 0 1 1 0 0 1 1 1 0 1 0 0 0 0 1 0 1 1 1 1 0 1 0 38 0 1 1 1 0 0 1 0 0 1 1 1 1 0 1 1 1 1 1 1 1 1 1 1 0 0 1 0 1 1 1 0 1 1 1 1 1 1 0 1 0 0 1 0 0 0 0
1 1 1 1 1 0 1 0 0 1 1 0 0 1 0 1 0 1 0 1 1 0 0 1 0 0 1 1 1 1 1 0 0 0 1 0 0 1 1 0 0 0 1 0 1 1 1 0 0 0 0 0 1 36 1 0 0 1 1 1 1 0 1 1 0 0 0 1 1 0 0 1 0 0 0 0 1 1 1 0 1 1 1 0 0 0 0 1 1 0 0 1 0 1 1 0 1 0 0 1
1 1 0 1 1 1 1 1 1 0 0 0 0 0 1 0 0 0 0 1 1 0 0 1 1 0 0 0 0 1 1 1 1 0 0 0 1 1 1 0 1 0 1 1 0 1 1 0 1 0 1 0 1 1 38 0 1 0 1 0 0 1 0 0 0 1 0 0 0 0 0 1 1 0 0 0 1 1 1 1 1 0 0 0 1 1 1 1 0 0 0 0 1 0 1 0 0 0 1 1
1 1 1 0 0 1 1 0 0 0 0 1 0 0 1 1 0 1 0 0 0 1 1 1 0 0 0 0 1 1 1 1 1 0 0 1 1 1 0 1 1 0 0 0 0 0 0 1 0 1 0 0 0 0 1 6 0 1 0 1 0 1 0 1 0 1 1 0 0 1 0 0 0 0 1 0 1 1 0 1 1 0 1 0 0 0 0 0 1 0 0 1 0 0 1 0 1 0 1 0
1 0 0 0 0 0 1 0 0 0 1 0 0 1 0 1 0 0 0 1 0 0 1 1 0 1 1 1 1 1 1 1 1 1 0 0 1 1 0 1 0 1 1 0 1 0 1 0 1 1 0 1 0 0 1 1 68 1 1 1 0 1 1 1 1 1 0 1 0 1 0 1 0 0 0 0 1 1 1 0 1 1 0 1 0 1 1 1 0 1 0 0 1 1 1 1 1 1 0 1
0 0 0 1 1 0 0 0 1 1 0 1 0 0 1 1 1 1 0 0 0 1 0 1 1 1 1 0 1 0 0 0 1 0 0 0 1 1 0 0 1 1 0 1 0 0 0 1 1 0 0 1 0 1 1 1 0 73 0 1 0 1 1 1 1 0 1 1 0 1 0 0 1 1 1 0 1 0 0 0 1 1 1 1 0 0 0 0 0 0 1 1 1 0 0 1 0 0 1 1
0 1 0 0 0 0 0 1 0 0 1 1 1 1 1 0 1 0 0 1 0 1 0 0 1 1 0 0 1 1 1 1 1 0 0 1 0 0 1 0 0 0 0 0 1 0 1 0 0 0 1 0 1 1 0 0 1 0 99 0 0 0 1 0 1 0 0 0 0 1 1 0 0 1 1 1 0 0 0 0 0 1 0 0 0 0 1 1 1 1 0 0 1 1 1 1 0 1 1 0
1 1 0 0 1 1 0 1 1 1 0 0 0 1 1 0 1 1 0 0 1 1 1 1 1 1 1 1 1 1 0 0 1 1 1 1 1 1 1 1 0 1 0 1 0 0 1 0 1 1 0 1 0 1 1 1 0 1 1 50 0 0 1 0 0 1 0 1 0 1 0 0 0 0 1 1 1 1 0 1 1 0 1 0 1 1 1 0 0 0 0 0 1 0 0 1 1 1 1 1
1 1 1 1 1 0 1 0 0 1 0 0 0 1 0 0 1 0 1 1 0 0 0 1 1 0 0 0 1 0 0 0 0 0 0 0 0 0 0 0 0 1 1 1 1 0 0 1 1 0 1 0 1 1 0 0 1 0 1 1 49 0 1 0 1 0 1 1 0 1 0 0 1 1 0 0 0 1 1 0 1 1 1 1 0 0 1 1 0 0 0 0 0 1 1 1 1 0 0 0
1 1 1 0 0 0 1 1 1 1 0 0 0 1 1 1 0 0 0 0 1 0 0 1 1 0 0 1 0 1 0 0 0 0 1 1 0 1 1 1 0 0 1 0 1 0 1 1 1 1 0 1 1 1 1 1 1 0 0 1 1 87 0 1 0 1 1 0 1 1 0 1 0 0 0 1 1 1 0 0 0 1 0 0 1 1 1 0 1 1 0 0 1 1 0 1 0 0 1 1
1 1 1 0 0 0 0 0 1 0 1 1 1 0 0 0 0 0 1 1 0 0 0 0 1 1 1 0 0 1 0 1 1 0 1 0 0 0 1 1 1 0 1 1 1 1 1 1 1 1 0 0 1 0 0 1 0 0 1 1 1 1 22 1 0 1 1 1 0 0 1 1 1 0 0 1 1 0 0 0 1 1 0 0 1 0 1 1 1 0 1 0 1 1 1 0 1 1 0 1
0 1 1 0 0 1 1 0 0 0 1 1 1 1 0 1 0 0 1 1 0 1 1 0 1 1 1 0 0 0 1 0 1 1 1 0 0 0 0 0 1 0 1 1 1 0 1 1 0 1 0 0 0 0 0 0 0 1 1 1 0 1 1 26 1 0 0 0 0 0 1 1 1 0 0 0 1 1 1 1 0 1 1 0 0 1 0 1 1 0 0 1 1 0 1 0 0 1 1 1
1 1 0 1 1 0 1 1 0 0 0 1 1 1 1 0 1 0 1 0 0 0 1 1 0 1 1 1 0 1 0 1 1 0 0 1 1 1 0 0 1 0 0 0 1 1 1 0 1 1 1 0 1 0 0 1 0 0 1 1 0 1 1 0 58 0 1 1 1 0 1 1 1 1 0 1 0 1 0 0 1 1 1 1 1 1 0 1 0 1 0 0 1 1 0 0 1 0 0 1
1 0 1 1 1 0 0 0 0 1 0 0 0 1 0 1 0 1 0 0 1 1 0 0 1 1 0 1 0 1 1 0 0 0 0 0 1 0 0 1 0 0 1 0 0 0 1 0 1 0 0 0 0 1 0 1 0 0 1 1 1 1 1 1 1 9 1 1 1 0 0 0 1 1 1 0 0 0 1 1 0 0 1 1 1 0 0 1 0 1 1 1 1 0 0 1 1 1 1 0
0 1 1 1 0 0 0 0 1 0 1 0 0 0 1 1 0 0 1 1 1 0 1 0 0 0 1 1 0 0 0 1 0 1 0 1 1 1 0 0 1 1 1 1 1 1 0 1 0 1 1 1 0 1 1 0 0 1 1 1 1 1 0 0 1 1 38 1 0 0 1 0 0 0 0 0 1 1 0 0 1 1 1 1 0 0 0 0 0 1 0 1 0 1 0 1 1 1 0 1
1 1 0 1 1 1 1 1 1 1 0 1 1 1 0 1 1 1 1 0 1 1 0 1 0 1 1 0 0 0 0 0 0 0 1 0 1 1 1 1 0 1 0 0 0 0 0 0 0 1 0 1 1 0 1 0 0 1 0 1 0 1 1 0 1 1 1 42 0 0 1 0 0 0 0 1 1 0 0 1 0 1 0 1 0 1 1 0 0 1 0 1 0 1 0 1 0 1 0 1
1 0 0 0 0 0 0 0 1 1 0 0 1 1 0 0 1 1 1 1 0 0 1 0 0 0 1 1 1 1 0 0 0 1 1 1 1 0 0 0 1 1 1 0 1 0 1 0 1 1 0 1 0 0 0 0 0 0 1 1 0 1 1 1 0 1 0 0 65 1 0 1 0 0 0 0 0 0 0 0 1 0 1 1 0 0 1 1 1 1 1 1 0 1 0 1 0 1 1 1
0 0 1 1 1 0 1 1 0 0 0 0 0 0 1 1 0 1 0 1 0 1 1 0 1 0 1 0 0 1 1 1 0 1 1 0 1 1 0 1 1 1 0 1 1 0 1 0 1 0 0 1 1 1 0 0 1 0 0 1 1 1 1 1 0 0 0 0 0 71 0 0 0 1 1 0 0 1 1 0 1 0 1 1 0 1 0 1 1 0 0 0 1 1 1 0 1 0 1 0
1 1 0 0 0 0 1 1 0 1 1 0 0 0 0 1 0 1 1 1 1 0 1 1 0 1 0 0 0 1 1 0 0 0 1 1 0 1 0 0 1 1 1 1 0 1 0 0 0 0 0 0 1 0 0 0 1 1 1 0 0 0 0 0 0 1 1 1 0 0 63 1 0 0 1 1 1 1 0 0 0 0 0 0 0 1 0 0 1 1 0 1 0 0 0 1 0 1 0 1
0 1 1 1 0 1 1 1 1 0 1 0 0 0 1 1 1 0 0 1 0 0 0 1 1 0 0 0 0 0 1 1 1 1 1 0 1 0 1 0 1 1 1 0 1 0 1 0 1 0 0 1 0 0 0 1 1 0 0 0 0 1 0 1 0 0 0 0 1 0 0 40 0 1 0 1 1 0 1 0 0 1 0 1 1 0 0 1 1 0 1 0 1 0 1 0 0 0 0 1
0 1 1 0 0 0 0 0 1 0 0 1 0 1 0 0 1 0 0 1 0 0 1 1 1 1 0 0 1 0 1 0 0 0 0 1 0 1 0 1 1 0 0 1 0 0 1 1 1 0 0 0 1 1 1 0 1 0 1 0 0 1 0 1 1 1 1 1 0 0 0 1 50 0 1 1 1 0 1 1 0 0 1 1 1 0 1 1 0 0 0 1 0 1 0 1 0 1 0 0
0 1 1 1 0 1 1 1 1 0 0 0 1 1 0 1 0 0 0 1 0 0 0 0 1 0 0 0 1 0 0 0 0 0 0 1 1 1 0 0 0 1 1 1 1 0 0 1 1 1 0 1 0 0 1 1 0 1 1 0 0 0 0 1 1 1 0 1 0 1 0 1 0 14 0 1 0 1 1 0 0 1 0 1 0 0 1 1 1 1 0 0 1 0 1 0 0 1 0 0
1 1 0 0 0 1 0 0 1 0 1 1 1 1 1 0 1 1 1 0 1 0 1 0 0 0 0 0 0 1 0 0 1 0 0 0 0 0 1 1 1 1 0 1 0 0 0 1 0 1 1 1 0 1 0 1 1 0 1 0 1 0 0 0 1 0 1 0 1 1 1 1 1 1 4 1 0 0 1 1 1 1 1 0 0 0 1 0 1 1 0 0 0 0 0 0 1 0 1 0
1 0 0 0 0 0 1 1 0 1 1 0 1 1 0 0 0 1 1 1 0 0 0 1 0 0 0 1 1 0 1 1 0 0 0 1 1 1 1 1 0 0 0 1 1 1 1 0 1 0 1 0 0 0 1 1 0 0 0 0 0 0 1 0 0 0 1 1 1 0 0 1 0 0 1 37 0 1 0 1 0 0 0 1 1 0 0 1 1 1 1 0 1 0 0 1 0 1 1 0
0 0 1 1 0 0 0 0 0 1 1 1 0 1 0 1 0 1 0 1 0 0 0 1 0 0 1 0 1 0 0 0 0 1 1 1 1 0 0 1 0 0 0 0 0 0 0 1 1 0 1 0 0 1 0 1 0 0 1 0 1 0 0 1 1 0 1 0 0 0 0 1 1 0 1 1 74 0 1 1 0 1 1 1 1 0 1 1 0 1 0 0 1 1 0 0 1 1 1 0
0 0 0 0 0 1 1 0 0 0 1 0 0 0 1 0 1 1 1 0 1 0 1 0 1 1 1 0 0 1 0 0 1 1 1 0 0 1 0 1 1 1 1 1 0 0 1 0 0 1 1 1 1 0 0 0 1 0 1 1 1 0 0 1 1 1 0 0 0 0 1 0 1 1 0 1 1 77 1 0 1 1 1 1 1 0 0 1 1 0 1 1 0 0 1 0 0 0 1 1
0 0 0 1 0 0 1 0 0 0 0 1 1 1 1 0 1 1 0 0 0 1 1 0 1 0 1 1 1 0 1 0 1 1 1 1 0 1 0 1 1 0 0 1 0 0 1 0 0 0 1 1 1 1 1 1 0 1 0 0 0 0 1 0 0 1 1 0 0 1 0 1 1 1 1 1 0 1 1 0 0 0 1 1 1 0 0 0 0 0 1 0 1 0 0 1 0 1 1 1
0 0 0 0 1 0 0 0 0 0 1 0 0 0 0 1 0 0 1 0 1 0 1 0 1 1 1 1 1 0 0 1 0 1 1 0 0 0 1 0 1 0 0 0 1 0 1 0 1 0 0 1 0 0 0 0 1 0 0 0 0 1 1 0 0 0 1 0 0 0 1 1 1 0 1 0 1 1 1 50 1 1 0 1 1 1 1 1 1 1 1 1 0 0 1 0 1 0 0 1
1 1 1 1 1 0 1 0 1 0 1 1 1 1 1 0 1 0 0 1 0 0 1 1 1 0 0 1 0 1 0 1 1 0 0 1 0 1 0 1 0 0 1 0 0 0 0 0 1 0 0 1 0 0 1 0 0 0 0 1 0 0 0 0 0 0 0 0 1 0 1 1 0 0 0 0 0 1 0 0 68 0 0 0 1 0 0 1 0 1 1 1 1 1 0 0 1 0 0 0
1 1 0 0 1 0 0 0 0 0 1 1 1 0 0 1 1 1 1 1 0 1 1 0 1 0 0 1 1 1 0 1 1 1 1 1 1 1 0 0 1 0 0 1 1 1 1 0 1 1 0 0 1 0 0 0 0 1 1 1 0 1 0 1 0 1 1 1 1 1 0 1 0 1 1 0 0 1 1 1 0 62 0 1 1 0 1 0 1 1 0 1 0 0 0 1 1 0 1 0
0 0 0 0 1 0 1 0 1 0 1 0 0 0 1 1 0 0 1 0 1 1 0 0 0 0 1 1 0 1 0 0 1 1 1 1 1 1 0 0 1 1 0 1 1 0 1 0 0 1 0 0 0 0 0 0 1 0 1 1 1 1 1 0 0 1 0 1 0 0 1 1 0 1 0 0 1 1 1 1 0 1 52 0 1 1 0 0 1 1 1 0 1 0 0 0 0 0 0 1
0 1 1 0 0 1 1 0 0 0 0 1 1 1 1 0 0 0 0 0 0 1 1 1 1 0 1 1 1 0 0 1 0 1 0 1 0 1 1 1 1 0 0 1 0 1 1 0 1 1 0 1 1 1 0 1 1 1 1 1 1 1 1 0 1 1 0 1 1 0 1 1 0 0 1 0 1 0 0 0 0 0 1 63 1 0 0 1 1 0 1 0 0 0 0 1 0 1 1 0
1 0 0 1 1 0 1 0 1 1 1 0 0 1 0 0 1 0 1 0 1 0 1 1 0 0 1 1 1 1 1 1 0 1 0 0 0 0 0 0 0 1 1 0 0 0 0 0 0 1 0 0 0 0 1 0 1 1 0 0 0 1 1 0 1 1 1 0 1 0 1 1 0 0 0 1 1 0 1 0 1 0 1 1 16 1 0 0 0 1 0 1 1 0 1 1 0 0 1 0
1 1 0 1 1 0 0 0 0 0 1 0 1 1 1 0 0 0 0 0 0 0 0 0 0 0 1 1 0 1 0 1 1 0 1 0 0 0 1 1 1 1 0 0 0 0 1 0 0 0 0 1 1 0 1 1 0 0 1 1 1 1 1 1 0 1 1 1 0 0 0 1 0 1 1 1 1 1 0 0 1 0 1 1 0 83 0 0 1 0 0 1 0 1 1 1 1 0 0 1
0 1 0 1 1 1 1 0 0 1 0 1 0 0 1 1 0 1 1 1 0 0 0 0 1 0 0 0 1 0 0 1 1 1 0 0 0 1 1 1 1 0 1 1 1 0 0 1 1 0 1 0 1 1 0 1 0 0 0 1 0 0 0 0 1 1 1 1 1 0 0 1 1 1 0 0 0 1 0 0 0 1 0 0 0 1 56 0 1 1 1 1 1 0 0 1 1 0 1 0
0 0 1 0 1 0 1 0 1 1 1 0 1 1 0 0 1 0 0 0 1 1 0 1 0 0 0 0 1 1 0 0 0 0 1 1 1 1 1 0 1 0 0 1 1 0 1 1 1 1 0 0 1 0 1 1 1 0 0 0 0 0 0 0 0 1 1 0 0 1 0 0 1 1 1 0 0 0 1 0 0 1 1 0 1 1 1 64 1 1 1 0 0 1 0 1 1 1 0 1
0 0 0 1 1 1 1 0 1 1 1 0 0 1 1 1 1 1 1 0 0 0 1 0 1 1 1 1 1 0 0 1 0 0 0 1 1 0 1 1 0 1 0 1 0 0 0 1 0 0 0 0 1 0 1 0 1 1 0 1 1 0 0 0 0 0 0 0 1 0 0 0 0 1 1 1 1 0 1 1 0 0 1 1 0 0 1 0 92 0 0 1 1 1 0 1 1 0 1 0
0 0 0 0 1 1 1 1 1 0 0 1 0 1 1 1 1 1 1 1 0 0 1 0 1 0 1 0 1 0 0 1 1 0 1 1 1 0 1 1 1 1 0 1 1 1 0 1 1 1 0 0 1 0 1 0 0 1 0 0 1 0 0 0 0 0 0 1 0 0 0 1 0 1 0 1 1 1 0 1 0 0 0 0 0 1 1 1 0 82 1 1 1 0 1 1 1 0 1 0
0 1 0 1 0 1 0 0 0 1 1 1 1 0 0 0 1 0 0 0 1 1 1 0 1 1 0 1 0 0 1 0 1 0 1 1 0 1 1 1 0 1 1 0 0 0 0 1 1 0 1 1 0 1 0 0 1 0 1 1 0 1 1 1 0 0 0 0 0 1 1 1 0 0 0 0 0 1 1 0 0 1 1 1 1 1 1 0 1 0 92 0 1 0 0 1 1 0 0 1
1 0 1 1 0 1 0 0 0 0 1 0 1 1 1 0 0 0 0 0 0 0 1 1 1 0 0 0 1 1 0 0 0 0 1 0 0 0 1 0 1 0 0 0 1 0 0 1 0 0 1 1 0 1 0 1 1 1 1 0 1 1 0 0 0 1 0 1 0 1 1 1 0 0 0 1 1 1 1 1 0 1 1 0 1 1 1 1 1 1 1 26 0 1 1 0 1 0 0 1
0 0 0 1 0 0 0 1 0 1 1 0 1 0 1 1 0 0 0 0 0 0 0 1 0 1 0 0 0 1 0 1 0 1 1 0 1 1 1 1 1 1 1 1 1 1 1 0 1 1 1 1 1 1 0 0 0 1 0 1 1 0 0 0 1 1 1 0 1 0 1 1 0 1 1 1 0 0 1 1 1 1 1 0 0 0 0 1 0 0 1 0 51 1 1 0 1 1 1 0
1 1 1 0 0 1 0 0 0 1 1 1 0 0 0 1 1 1 0 1 1 0 0 0 0 1 1 0 0 0 0 1 0 0 1 1 0 0 1 1 1 1 0 1 0 1 1 0 0 0 0 1 1 1 1 0 1 0 1 1 1 1 0 1 0 1 1 1 1 1 1 1 0 1 1 1 0 0 1 1 0 0 0 0 1 1 1 0 1 0 0 0 1 64 0 1 1 1 0 0
1 1 1 0 0 1 0 0 1 0 1 0 1 1 1 1 0 0 0 0 1 1 1 0 0 1 1 1 1 0 0 0 1 1 0 1 1 1 0 0 1 0 0 0 1 0 0 0 0 0 0 1 0 0 1 0 0 1 1 0 1 0 1 1 1 0 1 1 1 1 0 0 1 1 0 1 0 0 1 1 1 1 1 0 0 0 0 0 1 1 1 0 1 0 72 1 0 0 1 1
1 0 0 1 0 0 0 1 1 0 0 0 1 0 0 1 1 0 0 0 1 0 1 0 0 1 1 0 1 1 0 0 0 0 1 0 1 0 0 1 0 1 0 1 1 0 1 1 0 1 1 1 1 0 1 0 0 0 0 1 1 1 1 0 1 1 0 0 0 1 1 1 1 0 1 1 1 1 0 1 0 0 1 1 1 0 1 1 1 1 1 1 1 1 0 20 0 1 0 0
1 1 1 1 1 1 0 0 0 0 0 1 0 0 0 0 0 0 0 0 1 1 1 0 1 0 0 1 0 1 0 0 1 0 1 0 0 1 0 0 0 1 0 1 1 1 1 0 1 0 0 1 0 1 1 1 1 0 0 1 0 1 0 0 1 0 1 1 0 0 0 0 0 1 0 1 1 1 0 0 0 0 1 1 0 0 0 0 1 0 0 0 0 0 1 0 74 1 0 0
0 1 1 0 0 0 1 0 1 1 1 1 0 1 0 0 1 0 1 1 0 0 0 0 1 1 1 1 1 1 0 1 0 1 1 1 0 0 1 1 0 0 1 0 0 0 1 1 1 0 1 1 0 0 0 0 0 1 1 0 0 0 0 0 0 1 0 0 0 1 1 0 0 0 0 0 1 1 1 1 0 1 1 0 1 1 0 1 1 0 0 1 1 1 0 0 0 83 1 0
0 1 1 0 1 0 0 0 1 0 1 0 0 0 0 1 0 1 0 1 1 0 1 1 0 0 1 0 0 1 1 0 0 0 1 1 1 1 1 0 1 1 0 1 1 1 0 0 1 0 1 0 0 0 1 1 0 1 0 1 1 0 0 1 1 1 0 1 1 1 1 0 0 0 1 1 0 1 0 1 1 1 1 1 0 1 0 0 0 1 1 0 1 0 0 1 1 0 20 1
1 0 1 0 1 1 0 1 1 0 1 1 0 1 1 0 1 1 1 0 1 1 0 0 0 0 0 0 1 0 0 1 1 1 0 0 1 1 1 0 0 0 1 1 1 1 1 1 0 0 1 0 0 0 1 0 0 0 1 0 0 0 1 1 0 0 0 0 1 0 1 0 0 0 1 0 1 0 0 1 0 1 1 1 1 1 0 1 1 0 1 1 0 0 1 0 1 1 0 81
