208
53 1 0 0 1 0 1 1 0 1 1 1 0 0 0 1 1 1 0 0 1 0 1 1 0 0 1 1 1 1 0 1 0 1 0 0 0 0 1 1 1 0 1 1 0 1 0 0 0 0 1 0 1 0 0 0 1 1 1 0 1 0 1 1 0 1 1 0 0 1 0 1 1 0 0 0 0 0 0 1 0 0 1 0 0 0 0 1 0 0 0 1 0 1 1 0 0 1 0 0 0 1 1 1 1 1 1 0 1 0 0 1 0 0 1 1 1 0 1 0 1 0 0 0 0 1 1 1 1 0 1 0 1 0 1 1 0 0 1 0 0 1 0 1 0 1 1 1 0 0 1 0 0 1 0 0 1 1 0 0 1 0 0 1 0 0 1 1 1 0 1 0 1 1 0 1 1 1 1 1 0 1 0 1 1 0 0 0 1 0 0 1 0 0 0 0 0 1 1 1 0 0 0 0 1 1 0 1 
0 98 1 1 1 0 0 0 0 1 1 0 0 1 0 0 1 0 1 0 0 1 1 0 1 0 1 1 1 1 0 1 1 0 0 1 1 0 0 1 0 0 1 0 0 1 0 1 0 1 1 1 0 1 0 0 0 1 0 1 1 0 1 1 0 1 0 0 0 1 0 0 1 0 0 1 1 1 1 1 1 0 1 0 1 1 0 0 0 1 0 0 1 1 0 0 0 0 0 0 1 1 0 0 1 1 1 1 1 1 1 1 0 1 1 0 1 1 0 0 0 0 0 1 0 0 0 1 0 1 0 0 1 1 0 1 1 0 0 1 0 1 1 1 1 1 0 0 1 0 0 0 0 1 0 1 1 1 1 1 0 1 1 1 0 0 0 0 0 1 0 0 1 0 0 0 1 0 0 0 1 1 0 1 0 1 0 0 1 1 1 0 1 1 1 1 0 1 0 0 0 1 0 0 1 0 0 1 
0 1 50 0 1 0 1 1 0 1 0 0 1 1 1 0 1 0 0 0 1 1 1 0 1 0 1 0 1 1 1 0 0 1 0 0 1 0 0 0 1 1 0 1 0 1 1 0 0 0 1 1 0 0 1 1 0 1 1 1 1 1 1 1 0 0 1 1 0 1 0 0 1 0 1 1 0 0 0 0 0 1 1 1 0 1 0 0 0 0 0 0 1 1 0 0 1 1 1 0 0 0 1 1 0 0 0 1 0 0 1 1 1 1 1 1 0 0 1 1 0 1 1 0 1 0 0 1 0 1 0 0 1 1 0 0 1 1 0 0 1 0 1 1 0 0 0 1 1 1 1 1 0 0 1 1 1 0 1 1 1 0 1 0 1 1 0 1 1 1 1 1 0 0 1 1 0 1 1 1 0 1 1 1 0 0 0 0 1 0 1 0 1 0 0 0 0 1 0 1 1 1 1 1 1 0 1 1 
0 1 1 68 0 1 0 0 0 0 1 1 1 0 1 1 1 1 1 0 1 0 0 1 0 0 0 1 1 1 0 1 0 1 0 0 0 0 1 0 1 1 0 0 0 0 0 0 0 1 0 0 0 1 0 0 1 1 1 0 0 1 0 0 1 1 1 1 0 0 1 1 1 1 1 0 0 1 0 0 1 0 1 0 0 1 1 1 1 0 1 0 1 0 1 0 0 0 0 1 0 1 1 1 1 1 0 1 1 1 0 0 1 0 0 1 0 0 1 0 1 1 0 1 1 0 0 0 1 0 1 0 1 0 0 1 0 1 0 0 1 0 1 0 1 0 1 0 0 1 1 0 0 1 0 1 0 0 0 1 1 0 0 0 0 1 0 1 0 1 0 1 0 1 0 1 0 1 0 0 0 1 0 1 0 1 0 0 0 1 1 0 1 0 1 0 1 1 1 1 0 1 1 0 1 1 0 0 
1 1 1 0 41 1 1 0 1 1 1 1 0 0 1 0 0 1 0 0 0 0 1 1 1 1 1 0 1 0 0 0 0 0 0 0 1 1 0 1 1 0 0 0 0 0 1 1 0 1 1 0 0 0 0 1 0 1 0 0 1 0 1 0 0 0 1 1 0 0 0 0 1 0 1 1 1 0 1 1 1 1 1 0 1 1 0 0 0 0 0 0 1 0 1 0 1 1 1 1 0 0 0 1 1 1 1 0 1 1 0 1 0 0 1 1 1 1 1 1 0 1 1 0 0 1 1 0 0 1 1 1 0 0 1 0 1 0 0 1 1 1 0 1 0 0 1 0 1 1 0 0 1 0 0 0 0 0 1 1 1 1 0 0 0 0 1 0 0 1 0 1 1 1 1 0 0 1 0 1 1 1 0 1 0 0 0 0 1 0 1 1 1 0 0 0 0 0 1 0 0 1 1 0 1 1 1 1 
0 0 1 1 0 6 0 0 0 1 1 1 1 0 1 0 1 0 1 1 1 1 1 1 1 0 1 0 0 1 0 0 0 0 0 0 1 0 1 1 1 0 1 1 0 0 0 0 0 1 1 0 1 0 1 1 0 0 0 1 1 1 1 1 0 0 1 1 0 1 1 0 0 0 1 0 0 1 0 1 0 1 0 0 1 0 1 0 1 1 1 0 1 0 1 1 0 1 1 0 0 1 1 0 0 1 1 1 0 0 0 1 0 1 0 1 0 1 0 1 0 1 1 0 1 1 0 0 1 1 1 0 1 1 1 0 1 0 0 0 0 0 1 1 1 1 1 1 1 0 0 0 0 0 0 0 0 1 1 0 1 1 0 1 1 0 1 1 0 0 1 1 0 0 0 1 0 1 0 0 1 0 0 1 0 1 1 0 1 0 1 0 0 0 1 1 1 1 0 1 1 0 0 1 0 0 0 1 
0 0 0 0 0 1 41 0 0 0 1 1 1 0 0 1 1 1 0 0 0 1 0 1 1 0 1 0 1 1 0 0 0 0 1 1 1 0 0 1 0 1 1 0 0 0 0 1 0 0 1 1 1 1 1 0 0 1 1 0 0 0 1 1 1 1 0 1 1 0 0 1 0 0 1 1 0 0 0 0 0 0 0 1 0 1 0 1 0 1 0 0 1 1 0 1 1 1 1 0 1 0 0 1 1 0 1 1 1 0 0 1 0 0 0 0 0 0 1 1 0 0 1 1 1 0 0 0 0 1 1 1 0 1 1 0 1 0 0 0 1 1 0 0 0 1 1 1 1 1 1 1 0 1 1 1 1 1 1 1 1 0 1 0 0 1 1 1 1 1 1 1 0 1 1 0 1 0 0 1 0 1 0 0 1 1 0 0 0 1 0 0 1 1 0 1 1 0 1 0 0 0 0 0 0 0 0 1 
0 1 1 1 1 0 1 72 1 0 0 1 1 0 1 0 0 1 0 0 1 0 0 0 1 1 1 1 0 0 1 1 1 0 0 0 1 0 0 1 0 1 0 1 1 0 0 0 1 0 1 1 1 1 1 0 0 0 0 1 1 0 1 0 1 1 1 0 0 0 0 1 0 0 0 0 0 0 1 0 0 0 0 1 1 1 1 0 1 1 0 1 1 0 0 0 1 0 1 1 1 1 1 1 0 1 0 0 1 0 0 0 1 1 1 1 0 0 0 0 1 1 1 0 1 1 0 0 1 0 0 1 0 0 1 0 0 0 1 0 0 1 0 1 1 0 1 1 1 1 1 0 0 0 0 1 1 1 0 0 0 1 0 0 0 0 0 1 0 0 1 1 0 1 0 0 0 1 0 1 0 0 1 0 1 0 0 1 0 0 1 1 1 0 0 1 0 0 1 0 1 0 0 0 0 1 0 1 
1 0 1 1 0 0 0 0 79 0 1 1 0 0 0 1 0 1 1 0 1 0 0 0 1 1 0 0 1 0 0 1 0 0 1 1 0 0 0 0 0 1 0 1 0 0 0 1 0 1 1 0 1 1 1 0 0 1 1 1 0 0 0 1 0 0 1 1 1 1 1 0 1 0 0 1 1 0 1 1 0 1 1 0 0 0 0 0 0 1 1 0 0 1 0 1 1 1 0 1 1 0 1 0 1 0 1 0 1 0 0 0 1 1 1 1 1 1 1 1 1 1 1 0 0 0 0 0 1 1 0 0 1 0 0 1 1 0 1 0 0 1 0 1 1 1 0 0 1 1 0 0 0 0 1 1 1 1 0 1 1 1 0 1 1 0 0 1 0 0 1 0 0 1 0 0 0 1 0 1 1 0 0 0 0 1 0 0 0 0 0 1 0 0 0 1 1 0 1 0 1 0 1 1 1 1 1 1 
0 0 0 0 1 1 1 0 0 15 1 1 0 0 0 1 1 1 1 1 0 1 0 1 0 0 1 0 0 0 1 0 1 1 0 0 0 1 0 0 0 1 0 1 0 1 0 0 1 0 1 0 0 0 0 1 1 0 1 1 0 1 1 1 1 1 1 1 1 1 0 0 0 1 0 1 0 0 1 1 0 1 1 0 0 1 1 1 0 1 0 0 1 0 1 1 1 0 0 0 1 1 0 0 1 0 0 1 0 1 0 0 0 1 1 0 1 1 0 1 0 0 0 1 1 0 0 1 1 0 0 1 1 1 1 1 1 0 0 1 1 1 0 1 0 1 0 1 0 0 1 1 0 1 1 1 1 0 1 0 0 1 0 0 0 0 0 0 0 1 0 0 1 1 0 1 0 1 0 0 1 0 0 0 0 1 1 1 0 0 0 1 1 0 1 1 0 1 1 1 0 0 1 0 0 0 0 0 
1 1 1 1 0 0 1 0 0 0 70 0 0 0 1 0 0 0 0 1 0 0 0 0 1 0 0 0 0 1 0 1 0 1 0 0 0 0 1 1 0 1 0 1 1 1 1 0 0 1 0 0 1 1 0 0 0 1 1 0 1 1 1 1 0 0 0 1 1 1 0 1 0 1 1 0 0 0 0 0 1 1 0 0 1 0 0 1 1 1 0 0 0 1 1 1 1 0 0 0 1 0 1 1 0 0 0 1 0 1 0 0 1 1 0 0 0 0 0 0 1 0 0 0 0 1 0 0 1 0 1 0 0 1 0 0 1 1 1 0 1 1 0 0 0 0 1 0 0 0 1 1 1 0 1 0 1 1 1 0 1 1 0 0 0 0 1 0 1 0 0 0 1 0 0 0 0 1 0 1 1 0 0 0 1 1 1 1 1 0 1 1 0 0 1 0 0 0 0 0 0 1 1 1 0 0 1 0 
0 0 0 1 0 1 1 1 0 1 0 74 0 1 1 0 1 1 1 0 1 0 0 0 1 0 0 0 1 1 0 0 0 1 1 0 0 0 1 1 1 1 1 0 0 0 0 1 1 0 1 1 0 0 1 0 0 0 1 1 0 0 1 0 0 0 1 1 0 1 1 1 0 0 0 1 1 1 1 1 0 1 1 1 0 1 1 0 1 0 1 0 1 1 0 1 0 1 0 0 0 1 0 0 0 1 1 1 0 0 0 0 0 1 1 0 1 1 0 1 0 1 0 1 1 0 1 0 1 1 1 1 1 1 1 1 1 1 0 0 1 1 1 0 1 0 0 0 0 1 1 1 1 0 0 1 1 0 1 0 0 1 1 0 1 0 1 0 0 0 0 0 1 0 1 0 0 1 0 1 1 0 0 1 0 1 1 1 1 0 0 0 0 1 1 1 1 0 0 1 1 0 1 0 1 0 0 0 
1 0 1 0 0 1 0 1 1 1 0 1 11 1 0 1 1 1 0 0 0 1 1 0 1 1 0 1 1 0 1 1 0 0 0 0 1 0 0 0 1 0 0 1 1 1 0 1 0 1 1 0 0 0 0 0 0 1 1 1 0 1 0 1 1 0 0 1 1 0 0 0 1 1 1 0 0 0 0 0 1 0 1 1 0 0 1 0 0 1 1 1 0 0 1 1 1 0 0 0 0 0 1 1 1 1 0 1 0 1 1 0 0 0 0 0 0 0 1 0 1 1 0 0 0 0 0 1 1 0 1 1 1 1 0 1 0 1 1 1 1 0 0 1 0 0 1 0 1 0 0 1 1 0 1 0 0 1 0 1 0 1 1 1 1 1 1 1 0 0 1 1 1 1 0 1 1 1 1 1 0 1 1 1 1 1 0 1 1 0 0 1 0 0 1 0 1 1 1 1 1 0 1 0 1 0 0 1 
0 0 0 1 0 1 1 1 0 1 0 1 0 75 1 1 1 1 0 1 0 0 0 1 0 0 1 0 1 0 0 0 1 0 0 1 0 0 0 1 0 1 1 1 1 1 1 0 1 1 1 0 1 1 1 1 0 0 1 1 1 0 1 0 0 0 1 1 0 1 0 1 0 0 1 0 1 0 0 0 1 1 1 0 0 0 1 0 1 1 0 1 1 0 0 1 1 1 0 1 0 0 1 1 1 0 0 1 1 0 1 1 0 0 1 0 0 0 0 1 0 0 1 1 1 0 0 1 0 0 1 0 0 1 1 0 0 0 1 0 1 0 1 1 1 1 0 0 1 0 0 1 1 1 1 1 1 1 1 1 0 0 0 1 1 0 0 0 0 1 1 0 1 1 1 0 0 1 1 0 1 1 1 0 1 0 1 1 1 0 1 0 0 0 0 1 1 1 0 1 0 1 0 0 0 1 1 1 
1 1 0 1 1 1 0 1 1 0 1 0 1 0 67 0 1 0 1 1 0 1 0 1 1 0 1 0 0 1 1 1 1 0 0 0 0 0 1 1 1 0 0 0 1 0 1 1 0 0 0 0 0 0 1 0 0 1 0 1 0 1 1 1 1 0 1 0 1 1 0 1 1 1 0 0 1 1 1 0 0 0 0 0 0 0 0 1 0 1 0 0 1 1 1 1 0 1 1 0 1 0 1 0 1 1 0 1 0 0 1 0 1 1 0 1 0 1 1 1 0 0 0 0 0 0 0 1 0 0 1 0 1 0 1 0 1 0 0 1 0 0 0 1 1 0 0 1 1 1 0 0 1 0 0 1 0 0 0 0 1 1 0 0 0 0 1 0 1 0 1 0 1 1 1 0 0 0 0 1 0 1 0 1 1 1 0 1 0 1 1 0 1 1 0 1 0 1 1 0 1 0 1 1 1 1 1 1 
0 0 0 0 1 1 0 1 0 0 1 1 0 0 1 4 0 1 1 0 0 0 0 1 0 1 0 0 0 0 0 1 1 1 1 0 1 1 0 1 1 0 0 1 1 0 0 0 0 1 0 1 0 0 1 0 0 0 1 0 1 0 1 1 1 0 1 0 0 0 0 0 0 0 1 1 0 1 1 0 0 1 1 0 1 1 1 0 0 1 0 1 0 1 0 1 1 0 0 1 0 1 0 1 0 1 0 0 1 0 0 0 1 0 1 0 0 0 1 0 1 0 1 1 1 1 1 0 0 1 1 1 1 1 0 0 1 1 1 1 0 0 0 1 1 1 1 1 0 0 0 1 1 1 0 1 1 1 1 1 1 0 0 1 0 1 1 0 1 0 0 1 1 1 1 1 1 1 1 1 1 0 1 0 0 0 1 0 1 0 0 1 0 0 1 1 0 1 0 0 0 1 1 1 1 1 1 0 
0 0 0 0 0 1 1 0 1 1 1 1 0 1 1 1 25 1 1 1 1 0 1 0 1 1 1 0 1 0 1 0 0 1 0 0 0 0 0 1 0 1 1 1 0 1 1 0 0 1 0 1 1 0 0 0 1 1 1 0 1 1 0 1 0 0 0 0 0 1 1 1 1 1 1 1 1 1 1 1 1 1 1 0 1 0 0 0 0 1 0 0 1 1 0 1 1 1 0 1 1 0 1 0 1 1 1 1 1 1 1 1 1 0 1 1 1 0 0 0 0 0 0 1 1 1 1 1 0 0 1 1 0 0 0 0 1 0 1 1 0 1 0 0 1 1 1 1 0 1 0 1 0 0 1 1 0 0 0 0 0 1 1 1 0 1 1 0 0 0 0 0 0 0 1 1 1 1 1 0 1 1 0 1 0 0 0 1 0 1 0 1 0 0 0 0 1 0 0 0 1 1 1 0 0 0 1 1 
1 0 0 1 0 1 1 1 1 0 1 1 0 1 0 0 0 18 0 0 1 0 1 1 1 1 0 1 0 1 1 1 0 0 0 1 0 1 1 1 0 0 0 0 1 1 0 1 0 0 1 1 0 1 0 0 0 0 0 0 1 1 0 0 0 1 1 0 1 0 0 0 1 1 0 0 1 1 0 0 1 0 0 1 0 0 0 0 1 1 0 0 0 0 1 1 0 1 1 1 0 0 1 1 1 0 0 1 1 0 1 1 1 1 0 1 0 0 1 0 1 0 1 0 0 0 0 0 0 0 1 0 1 0 1 1 1 1 1 0 0 0 0 0 1 0 0 0 1 0 0 1 1 1 1 0 0 0 1 0 1 1 1 0 1 1 1 0 1 0 0 0 1 0 1 0 1 1 1 1 0 0 0 1 1 1 1 1 0 0 1 0 1 1 0 1 0 0 1 1 1 1 0 1 1 1 0 0 
0 1 1 1 0 1 1 0 1 1 0 0 1 1 0 1 1 1 71 0 0 0 0 1 0 0 0 1 1 0 0 1 0 0 0 1 1 0 0 1 1 0 1 0 1 0 0 0 1 1 0 0 0 0 0 1 1 1 1 1 0 0 1 0 0 1 0 0 0 0 0 0 1 0 0 1 1 1 0 1 0 1 1 0 0 1 1 0 1 0 1 1 0 1 0 0 1 1 0 1 1 0 1 1 1 1 0 1 1 1 0 1 1 0 1 1 0 0 0 0 1 1 1 1 0 0 0 0 0 0 0 1 1 0 1 0 0 1 0 1 1 1 0 1 0 1 1 1 1 1 1 1 1 1 0 1 1 1 0 0 0 1 1 1 0 1 0 0 0 0 1 1 0 0 0 0 0 0 1 0 0 0 0 1 1 1 1 0 1 1 0 0 1 0 1 0 1 1 0 0 1 1 0 1 1 1 1 1 
1 0 1 1 1 0 1 0 1 0 1 0 1 1 0 1 0 1 1 66 0 1 0 0 0 1 1 1 1 0 1 1 0 1 0 0 0 0 1 0 1 0 0 0 0 1 1 0 1 0 0 0 0 1 0 1 0 1 1 0 0 1 1 0 0 1 1 1 0 1 1 0 0 0 1 1 1 0 0 1 1 1 0 1 1 0 0 1 0 1 0 1 1 1 1 1 1 1 1 1 0 1 0 1 1 0 0 1 1 0 0 1 0 1 0 0 1 1 1 1 0 0 0 1 1 0 0 0 0 1 0 1 1 1 0 1 0 1 1 0 0 1 1 1 0 0 0 1 1 1 1 0 1 0 1 0 1 0 0 0 1 1 0 1 1 1 0 0 1 1 1 1 0 0 0 1 0 0 0 0 1 0 1 0 0 0 0 0 1 1 1 0 0 0 1 0 0 0 0 1 1 1 0 1 0 0 1 0 
1 1 1 1 0 0 0 0 1 1 1 1 1 1 0 1 1 1 0 0 4 0 0 0 1 1 0 1 1 1 0 0 0 1 0 1 1 1 1 1 0 0 0 0 0 1 1 1 0 0 0 1 0 0 0 0 1 0 0 1 1 0 1 0 1 0 1 0 0 0 1 0 1 1 1 1 1 0 0 1 1 0 1 0 1 1 1 1 1 0 1 1 1 0 0 1 0 0 1 0 0 0 0 1 1 0 1 0 0 1 1 1 0 1 0 0 1 1 0 1 1 0 0 0 1 1 0 1 0 1 1 1 0 1 1 0 1 1 1 0 1 0 0 0 0 0 0 1 0 1 0 0 0 1 1 1 0 0 0 0 0 1 0 1 1 0 0 1 0 1 1 1 1 0 0 0 0 1 1 0 1 1 1 0 0 1 0 1 1 1 1 1 0 0 1 1 1 0 0 0 1 0 0 1 1 1 1 1 
0 0 0 1 0 1 0 1 1 1 0 0 0 0 0 0 0 0 0 0 0 90 1 0 0 0 0 1 1 0 0 1 1 1 1 1 0 1 0 0 0 0 0 0 0 0 0 0 1 0 1 1 1 1 1 1 1 1 0 0 1 1 1 0 1 0 1 0 0 0 0 0 1 1 0 0 0 1 0 1 1 1 0 0 0 1 0 1 0 1 0 0 1 0 1 1 0 1 0 1 0 1 1 1 0 1 0 1 0 0 1 1 1 1 0 0 1 0 0 1 0 1 0 1 0 0 0 0 1 1 0 0 1 1 0 1 1 1 0 1 1 0 1 1 1 0 1 1 1 0 0 0 1 0 1 1 1 0 0 0 1 1 1 1 0 1 1 0 1 1 0 0 1 1 1 0 1 1 0 0 1 1 1 1 0 0 1 0 1 1 1 0 0 1 1 0 1 1 1 1 1 1 1 1 1 0 1 0 
0 1 1 0 0 1 1 1 1 0 1 0 0 1 0 0 0 0 1 1 1 0 92 1 1 1 0 0 1 0 1 1 1 0 1 0 1 0 1 0 1 0 1 1 0 0 1 1 1 0 1 1 0 0 1 1 0 0 1 1 0 0 1 0 1 0 0 1 0 0 0 0 0 0 0 0 1 0 0 0 1 1 0 0 0 0 0 1 0 1 0 0 1 1 0 1 1 1 1 1 1 0 1 0 0 0 1 1 0 0 0 0 1 1 1 0 1 0 0 0 0 0 1 1 0 1 0 0 1 1 1 0 0 0 0 1 0 1 0 0 0 0 1 1 1 1 1 0 1 0 0 1 0 1 1 1 0 1 1 1 1 1 0 0 1 0 0 1 1 1 0 1 0 1 0 1 0 0 0 0 1 1 1 1 0 0 1 0 1 0 1 1 0 1 1 1 1 1 0 0 1 1 0 0 0 1 1 0 
1 0 1 0 0 1 1 1 0 0 0 0 1 0 0 1 1 1 0 0 1 0 1 40 1 0 1 1 1 0 1 1 0 1 0 1 0 1 1 0 0 1 1 0 0 1 1 0 0 1 1 0 1 0 0 0 1 0 1 1 1 1 1 1 1 1 0 0 0 0 1 1 1 1 1 0 0 1 0 0 1 1 0 1 0 0 0 1 0 1 1 1 1 0 0 0 0 0 1 0 0 1 1 1 1 0 1 0 1 1 1 0 0 0 1 1 0 0 1 0 0 1 1 1 0 0 0 0 0 0 1 1 0 0 1 1 1 0 0 0 1 0 1 1 1 0 0 1 1 1 1 0 1 0 1 0 1 0 1 1 1 0 1 0 0 1 0 0 1 0 1 1 0 0 1 1 0 1 1 0 0 0 1 1 0 1 1 1 0 0 0 0 0 1 1 1 1 0 0 0 1 1 1 0 0 1 1 1 
0 0 1 0 1 1 1 0 0 0 1 0 0 0 1 1 0 0 0 1 1 0 0 0 5 1 1 0 0 0 0 1 0 1 1 0 1 0 1 0 0 1 0 0 1 1 0 1 0 1 1 1 1 0 0 0 0 0 1 1 0 0 0 0 0 1 0 0 0 0 1 1 0 1 0 0 0 1 1 0 1 0 1 1 0 1 1 1 0 1 1 1 0 0 1 1 1 1 0 1 1 0 1 1 0 1 1 1 0 0 1 1 1 0 1 1 1 0 1 0 0 0 1 0 0 1 0 0 1 1 0 1 0 1 1 1 0 0 0 1 1 0 0 0 0 1 0 0 0 0 0 1 0 0 1 1 0 1 0 1 1 1 1 0 1 0 0 0 0 1 1 1 1 1 1 0 1 0 0 0 0 0 0 0 0 0 1 1 0 0 0 1 1 0 0 0 1 1 1 1 1 0 0 0 1 1 0 0 
1 1 0 0 1 0 1 0 1 0 1 1 1 1 0 1 0 1 1 0 0 0 1 0 1 66 0 1 1 1 0 1 1 1 0 0 0 0 1 0 1 0 0 1 0 0 1 0 1 1 1 0 1 1 0 1 1 1 0 1 1 1 0 1 1 0 1 0 1 1 0 0 0 1 1 1 0 1 1 1 0 1 0 0 0 1 1 1 0 0 0 1 0 0 1 0 1 0 1 1 1 1 1 0 0 1 0 1 0 0 0 0 1 0 0 1 0 1 0 1 0 0 1 0 0 0 1 1 0 1 1 0 0 0 1 1 1 0 0 1 0 0 1 1 1 1 1 0 0 1 1 0 0 1 1 0 1 1 0 0 0 1 0 1 1 0 1 1 1 1 0 0 1 0 0 0 1 1 1 0 1 1 0 1 0 1 0 0 1 0 1 1 1 0 1 1 0 0 1 0 1 1 1 1 0 1 1 1 
1 0 1 1 1 0 0 0 1 0 0 0 0 1 1 0 1 1 1 0 1 1 0 1 0 0 50 1 0 1 0 0 1 1 0 1 0 1 0 1 0 0 0 0 0 1 0 1 0 1 1 1 1 1 1 1 0 0 0 0 0 0 0 1 0 1 0 0 0 0 0 0 1 0 1 0 0 0 0 1 1 1 1 0 0 0 0 1 0 0 1 0 0 0 0 0 1 0 0 0 1 0 1 1 0 0 1 1 0 0 0 1 0 0 1 1 1 0 1 0 1 0 0 0 0 0 1 0 1 0 0 1 1 1 0 1 1 0 0 1 1 1 0 0 0 1 1 0 1 0 0 0 1 0 1 1 1 1 1 0 1 0 1 1 0 1 0 0 0 1 1 0 1 1 0 1 0 0 0 0 1 0 0 0 0 0 1 1 1 1 0 0 0 0 1 0 0 0 1 1 1 0 0 0 0 1 1 1 
0 0 1 0 0 1 1 1 1 1 1 1 0 1 1 0 0 1 1 1 1 1 0 0 1 0 1 16 0 0 0 1 0 0 0 0 0 1 1 1 1 1 1 0 1 0 1 0 0 0 1 0 1 1 1 0 0 0 0 0 0 0 0 0 0 0 0 1 0 1 1 0 1 1 0 1 1 1 1 0 1 0 0 0 1 1 1 1 0 1 0 0 0 1 0 0 0 1 0 1 0 0 1 0 1 0 0 0 1 1 1 1 1 0 1 1 1 0 1 1 1 1 0 0 0 0 1 1 1 1 1 1 1 1 1 0 0 1 1 0 1 0 0 1 1 1 1 1 0 0 1 0 1 1 0 1 1 0 0 0 0 0 0 1 0 1 1 1 0 1 1 1 0 0 0 1 1 1 0 1 0 0 1 1 0 1 0 1 1 0 0 0 0 1 1 0 1 0 0 1 0 1 1 0 0 1 1 1 
1 1 0 1 0 0 1 0 1 1 1 0 1 0 1 0 1 0 0 1 1 0 0 0 0 1 0 1 76 1 0 0 0 0 1 1 1 0 1 1 1 0 1 1 1 1 0 1 1 1 0 1 0 1 1 1 1 0 1 1 0 1 0 0 1 0 1 1 1 1 1 1 1 1 0 0 1 0 1 1 0 1 1 0 1 0 1 1 1 0 1 0 0 1 0 0 1 1 0 0 0 1 1 0 0 0 1 1 0 1 1 0 1 1 1 1 0 1 1 0 1 0 1 1 0 0 0 0 0 0 1 0 1 0 1 0 0 1 0 0 1 0 0 1 0 1 0 0 1 0 0 0 1 1 1 0 1 0 0 1 0 1 0 0 1 1 1 0 0 0 1 1 1 0 0 0 0 1 1 1 1 1 1 0 0 0 1 0 1 0 1 0 0 1 1 1 0 0 1 1 0 0 0 1 0 0 0 1 
0 1 0 0 0 0 1 0 0 1 0 0 1 1 0 1 0 0 0 0 1 1 1 0 0 1 0 0 0 98 1 1 1 0 0 1 1 1 1 0 1 1 1 0 0 0 1 0 0 1 1 1 1 0 0 1 1 1 0 1 1 0 0 0 1 0 0 0 0 1 0 1 1 0 0 0 0 0 0 0 1 1 1 0 0 0 0 1 0 0 1 0 1 1 1 0 1 1 1 1 0 0 1 0 0 0 1 1 0 0 1 0 1 0 0 1 1 1 1 0 0 0 1 1 0 0 1 0 1 0 1 0 1 1 0 1 1 1 0 1 1 1 0 1 1 0 0 1 0 1 1 1 0 1 1 1 1 1 0 0 1 1 0 1 0 0 1 0 0 0 0 1 1 1 1 1 1 0 0 1 0 0 0 0 1 0 0 0 0 1 1 1 0 1 0 1 0 1 0 1 0 1 0 0 1 1 0 1 
0 0 0 1 1 1 1 0 1 0 1 1 1 1 0 1 0 1 1 1 0 0 0 0 0 1 1 0 1 1 33 0 0 0 1 0 0 0 1 0 0 1 1 1 0 0 1 0 0 1 1 1 0 1 1 0 0 0 0 1 1 1 1 1 1 0 0 1 1 0 0 1 0 0 0 1 0 0 0 1 1 0 1 1 1 1 1 0 0 0 0 0 1 0 0 0 0 1 0 1 0 1 0 0 0 0 0 0 0 0 1 1 0 1 1 0 0 0 1 0 1 0 1 0 1 0 1 1 0 0 1 0 0 1 1 0 0 0 1 0 0 0 1 0 0 0 1 0 0 0 0 1 1 0 0 0 0 0 1 1 0 0 0 1 1 1 1 0 0 1 0 0 0 1 1 1 0 0 0 0 1 0 1 0 0 1 1 0 1 1 0 0 1 1 1 0 0 1 1 0 1 0 1 1 1 1 0 1 
0 1 1 0 1 1 0 0 0 0 1 1 0 0 1 0 1 1 1 0 0 1 1 0 0 0 1 1 1 1 0 1 0 1 1 0 0 1 0 0 0 1 1 1 0 1 1 0 0 1 0 0 1 1 0 0 0 0 1 0 1 0 0 1 1 1 0 0 0 1 0 0 0 1 1 0 1 0 0 1 0 1 0 0 0 1 1 0 1 1 1 0 1 1 0 0 0 0 1 0 1 1 1 1 1 1 1 1 0 0 0 1 1 0 1 1 0 0 0 1 1 0 0 0 1 1 1 0 0 1 0 0 0 0 0 1 1 0 1 0 1 1 0 0 0 1 1 0 0 0 0 0 0 0 0 0 0 1 1 1 0 0 0 0 0 1 0 0 0 0 0 1 0 0 0 1 1 0 1 1 1 1 1 1 0 1 0 0 1 0 1 1 0 0 0 0 0 0 1 1 1 1 0 0 0 1 0 0 
0 0 0 0 1 1 1 0 0 0 1 1 0 0 0 1 0 1 1 0 1 1 1 0 0 0 0 1 0 0 0 1 18 1 0 0 1 0 0 1 1 0 1 1 1 1 0 1 1 1 1 1 1 0 0 0 0 0 0 0 0 0 0 1 1 0 0 1 1 1 1 1 0 1 0 1 1 0 0 1 0 0 0 1 1 0 1 1 1 0 1 0 1 1 0 0 1 0 1 1 1 0 0 0 0 1 1 0 1 1 1 1 1 0 0 1 1 0 1 1 0 0 0 0 1 1 0 0 0 1 0 1 1 0 0 1 0 1 1 1 0 1 0 0 0 0 0 0 0 0 0 1 1 1 0 1 0 1 0 1 0 0 1 1 1 0 1 1 1 1 0 1 1 1 0 1 0 0 0 1 1 0 0 0 1 1 0 0 1 1 0 1 1 0 0 0 0 0 1 1 1 1 1 1 0 0 0 1 
0 1 1 0 1 0 0 0 1 0 1 0 0 0 1 0 0 1 1 0 1 1 1 0 1 1 1 1 0 1 1 0 0 73 1 0 1 0 0 1 0 0 1 1 0 1 0 0 1 0 0 0 0 1 0 0 1 0 0 1 0 0 1 0 0 1 0 1 0 1 0 1 0 0 0 1 1 0 0 0 1 0 1 1 1 0 0 1 1 0 1 1 0 1 0 1 1 0 1 1 0 1 1 0 1 1 1 0 1 1 0 0 0 0 0 1 1 0 0 0 1 1 1 0 1 1 0 0 1 0 1 0 1 1 0 0 1 1 1 1 1 0 0 1 1 0 1 0 1 0 1 1 0 0 0 0 1 1 1 0 0 1 1 1 1 1 0 1 1 1 0 1 0 0 0 1 0 1 0 1 0 0 1 1 1 1 1 1 0 1 1 1 0 1 0 0 0 1 0 1 0 1 0 0 1 0 1 0 
1 0 1 1 1 0 0 0 1 1 0 0 0 1 1 0 0 1 0 1 0 1 0 0 1 1 0 1 0 1 1 1 0 1 25 0 1 1 1 0 1 1 1 0 0 1 1 1 1 1 0 1 0 0 0 1 0 0 1 0 1 0 1 1 0 0 1 0 0 0 1 1 0 1 1 0 0 0 0 1 1 0 1 0 0 0 1 1 1 0 0 0 0 0 1 1 1 0 1 1 0 1 0 0 0 0 0 0 0 1 0 1 1 0 1 0 1 1 1 1 0 1 1 0 1 1 0 1 1 0 0 0 0 0 0 0 0 0 1 1 1 0 1 0 0 0 1 0 0 0 0 1 0 0 1 0 0 1 1 0 1 1 1 1 1 1 1 0 0 0 1 1 1 0 1 0 0 0 0 0 1 0 0 0 1 1 0 1 1 1 0 1 0 1 1 0 1 1 1 0 1 1 1 0 1 1 0 1 
1 1 1 1 1 0 1 1 1 0 1 1 0 1 0 1 1 1 0 0 1 0 1 1 0 1 0 0 1 1 1 1 1 1 0 13 1 0 1 1 0 1 0 1 1 0 0 1 0 1 1 1 1 0 1 0 0 0 1 0 1 1 1 1 0 0 1 1 0 1 1 1 0 1 0 0 0 1 1 0 1 1 1 0 0 0 0 1 0 0 1 0 1 1 0 0 0 1 0 0 1 0 1 0 0 1 1 1 0 0 1 1 0 1 0 1 1 1 0 1 1 0 1 0 1 0 0 0 1 0 0 0 0 1 1 0 0 0 1 0 0 0 0 0 1 0 0 1 1 1 0 0 0 1 0 0 1 1 0 1 0 1 0 0 1 0 0 0 0 1 1 0 0 0 1 1 1 0 1 1 1 1 1 0 1 0 0 0 0 0 0 0 0 0 1 0 0 0 0 0 0 1 0 1 0 0 1 0 
1 0 1 1 1 0 0 1 1 0 1 1 0 0 1 1 1 1 1 0 1 1 1 0 0 0 0 0 1 0 1 0 1 0 0 0 32 1 1 0 1 1 1 0 1 1 1 1 0 1 1 0 0 1 1 0 0 1 0 0 0 0 0 1 1 1 0 0 0 1 0 1 0 0 0 0 0 0 0 1 1 1 1 1 0 1 1 0 1 0 1 1 1 1 0 1 1 1 0 0 0 1 1 0 1 1 1 0 0 0 0 1 1 1 1 1 1 0 0 1 0 1 0 0 0 0 0 0 1 0 0 1 0 1 1 0 0 0 1 1 0 1 0 1 1 0 1 1 1 1 1 0 0 1 0 0 0 1 0 0 0 1 0 1 1 0 1 1 0 0 1 1 0 1 0 1 0 0 1 0 0 1 1 1 0 0 0 0 1 0 1 1 1 0 0 0 1 1 1 0 1 1 0 1 0 1 0 0 
0 1 1 0 1 0 0 0 0 0 0 1 0 1 0 0 1 0 1 1 0 0 0 1 0 1 0 1 1 1 1 0 1 0 1 0 0 1 1 0 0 0 1 0 1 1 1 0 0 0 0 1 1 1 0 1 0 1 0 1 1 0 1 1 1 1 0 0 0 1 1 0 0 1 1 1 0 1 1 0 1 0 0 1 0 0 0 0 1 0 0 1 0 1 0 1 1 1 0 0 0 1 0 0 1 0 1 0 0 0 0 0 1 1 0 1 1 0 1 1 1 0 1 0 0 1 0 1 1 1 0 1 0 0 0 1 1 0 0 0 0 0 0 0 0 1 0 0 0 1 0 0 0 0 1 0 0 0 0 1 0 0 0 0 0 0 1 1 0 0 0 0 0 1 1 0 1 0 1 0 0 0 1 0 0 0 1 0 0 0 0 1 1 0 0 1 1 1 0 0 0 1 0 1 0 1 0 0 
1 1 0 0 1 1 0 0 1 0 0 1 1 0 1 0 1 1 1 0 1 1 1 0 1 0 0 0 0 0 1 0 1 1 1 1 1 1 74 1 1 0 1 0 1 0 0 0 0 0 1 1 0 1 0 0 1 0 1 1 0 1 1 1 1 0 1 0 1 1 0 1 1 0 0 0 0 0 1 0 1 0 0 0 0 0 1 0 0 0 1 1 1 0 1 0 0 1 0 1 1 0 1 0 0 0 1 0 0 0 1 0 1 0 0 0 0 0 0 1 0 0 0 1 1 0 0 1 0 1 1 1 0 1 1 1 1 1 1 1 1 1 0 0 1 0 0 0 1 1 0 1 1 0 0 1 1 0 0 0 1 1 0 1 0 0 0 1 1 1 1 1 0 0 1 0 1 0 0 1 1 1 1 1 1 1 0 1 1 1 0 1 0 0 0 0 0 1 1 0 1 1 0 1 0 1 0 0 
1 1 0 0 0 1 0 0 1 0 0 0 0 1 0 1 1 1 0 0 1 1 0 1 1 1 1 0 0 1 0 0 0 0 1 0 1 0 1 84 0 0 0 1 1 0 1 0 0 1 0 1 0 1 0 1 1 1 1 1 1 0 1 0 1 1 0 1 1 0 0 0 0 0 1 1 1 1 1 0 1 1 1 1 0 0 0 0 0 1 0 1 0 1 0 1 0 0 1 0 1 1 1 1 0 0 0 1 0 1 1 1 0 1 0 0 1 0 0 1 1 1 0 1 1 1 0 1 1 0 0 1 1 1 0 0 1 0 0 0 1 1 1 0 0 1 1 1 1 1 0 0 0 1 0 1 1 0 1 0 1 1 0 1 0 0 0 1 1 1 0 1 0 0 0 1 0 1 0 0 0 1 1 0 0 0 1 1 1 0 0 0 1 0 0 1 0 0 0 1 0 1 0 1 1 0 1 1 
0 1 0 1 0 0 1 1 1 0 0 1 0 1 1 0 1 1 1 1 1 1 0 0 0 1 1 1 1 1 1 0 0 1 1 0 0 1 1 1 19 1 0 1 1 1 0 1 0 0 1 1 1 0 0 1 1 1 1 0 1 1 0 0 0 0 0 1 0 1 0 0 0 1 1 0 1 0 0 1 0 1 1 0 1 1 1 1 1 1 0 0 0 0 0 0 1 0 1 0 1 0 0 0 0 1 0 0 0 0 0 0 1 1 1 0 0 1 1 0 0 0 1 0 0 1 1 0 0 0 1 0 0 0 1 1 1 0 1 0 1 1 0 1 0 0 1 0 0 1 1 1 0 1 0 0 0 1 0 1 1 0 1 1 1 1 0 0 0 1 1 0 1 1 0 1 0 0 1 0 0 0 1 1 1 0 0 0 0 1 1 0 0 1 0 1 0 0 1 1 0 0 0 1 1 0 1 0 
0 1 1 0 0 1 0 0 1 0 0 0 0 1 0 0 1 0 0 1 0 0 0 1 1 1 1 0 1 0 0 0 1 0 1 1 0 1 1 1 0 2 1 1 0 1 1 1 0 1 0 0 0 1 1 0 0 1 0 0 0 0 0 1 0 1 0 1 0 0 1 0 0 0 0 1 1 1 0 1 0 0 1 0 0 0 0 1 0 1 1 0 1 1 1 1 1 1 1 1 0 0 0 0 1 1 1 0 0 0 1 1 0 0 0 1 1 0 1 1 0 1 0 0 0 0 1 0 0 0 0 1 1 1 0 1 1 1 0 1 1 0 1 1 1 1 0 1 0 0 1 1 0 1 0 1 0 0 0 1 1 1 0 0 0 0 1 0 1 0 1 1 1 1 0 1 0 0 0 0 0 0 1 0 0 0 0 0 1 0 1 1 0 1 1 0 0 0 0 0 1 0 1 0 1 1 0 0 
0 0 1 1 0 0 0 0 0 0 1 1 1 0 0 1 0 0 1 1 1 1 0 1 1 1 0 1 0 1 0 0 0 0 0 0 1 1 1 0 0 1 99 0 1 1 0 1 0 0 0 0 1 1 1 1 0 1 0 0 0 0 0 1 1 1 0 1 1 1 1 1 1 0 0 1 1 0 1 0 0 0 1 1 0 0 1 0 1 1 0 1 1 0 0 0 1 1 1 1 0 1 0 0 1 0 0 1 0 1 1 1 0 1 0 0 1 1 0 0 0 1 1 0 0 0 0 0 1 0 1 1 1 0 0 1 0 1 0 0 1 0 0 0 1 1 0 0 0 0 0 1 1 0 0 0 1 1 0 0 0 1 0 0 0 1 1 1 0 0 0 0 0 0 0 0 0 1 0 1 1 1 1 0 1 1 0 1 1 0 0 1 1 1 1 1 1 0 0 1 1 1 1 0 1 1 0 1 
1 0 1 0 0 0 0 0 0 0 1 0 1 1 0 0 0 1 1 0 1 0 0 1 1 0 0 0 1 0 1 0 1 1 0 0 1 0 0 1 1 1 1 3 0 1 0 0 1 1 1 0 1 1 1 1 0 0 1 0 1 0 1 1 0 0 1 0 0 1 1 0 0 1 0 1 1 0 0 1 0 1 1 1 1 1 0 1 1 0 0 1 1 1 0 1 1 0 0 1 0 1 0 0 0 0 1 1 0 1 0 0 1 0 1 1 0 1 0 1 1 1 1 1 0 0 1 1 0 1 1 1 1 0 0 1 1 1 0 1 1 0 0 1 0 0 1 0 1 0 1 0 1 0 1 1 1 1 0 1 1 1 0 1 0 0 1 1 1 0 1 0 0 0 0 0 0 0 0 1 0 1 1 0 0 1 1 0 0 1 0 1 1 1 0 0 0 1 1 0 1 1 0 0 1 1 0 1 
0 0 0 1 0 0 0 0 1 0 1 1 1 0 1 0 1 1 1 0 0 0 0 1 0 1 1 0 1 0 0 0 1 0 0 1 1 0 1 0 0 1 1 1 54 0 1 0 1 0 0 1 1 0 0 0 0 1 0 1 0 1 1 1 1 1 1 1 1 1 1 1 0 0 0 1 0 1 0 0 0 0 0 1 1 1 1 1 1 1 1 0 0 1 0 0 0 1 0 1 0 1 1 0 0 1 1 0 0 1 0 0 1 0 0 0 1 0 0 1 1 0 0 0 0 0 1 1 0 1 0 1 0 0 0 0 1 1 1 0 1 0 1 0 1 1 0 1 0 1 0 1 1 0 0 0 0 0 1 0 0 0 1 0 0 1 0 1 1 1 0 0 0 0 1 1 1 0 1 0 1 1 1 0 0 0 0 0 0 1 0 1 0 0 0 0 0 1 0 1 1 1 1 1 1 1 0 1 
0 1 0 0 1 0 1 0 0 1 1 0 0 1 1 1 0 1 0 1 1 0 1 1 0 0 0 1 1 1 1 0 0 0 1 1 1 0 0 1 1 1 1 1 0 53 1 0 0 0 1 0 1 1 0 1 1 1 1 0 0 0 0 1 0 1 1 0 0 0 1 1 1 0 1 0 1 0 0 0 0 0 0 1 0 1 0 0 0 0 1 0 0 0 0 0 1 1 0 1 1 1 1 1 0 1 0 0 0 0 0 1 0 1 1 1 0 1 0 1 0 0 0 1 1 1 0 0 0 0 0 1 0 1 0 0 1 0 1 1 1 0 0 0 1 0 0 1 0 0 1 1 1 1 0 1 1 1 0 1 1 1 0 1 1 1 1 0 1 0 1 0 1 1 0 1 0 0 0 1 0 1 0 1 1 0 0 0 1 0 0 0 1 0 0 1 1 1 1 1 0 0 1 0 1 0 1 0 
1 1 0 1 1 1 0 0 0 1 0 0 1 1 1 1 1 1 0 1 0 0 0 0 0 0 0 1 0 1 0 1 0 0 0 0 0 1 1 1 1 1 1 1 1 0 98 1 0 0 0 0 0 0 0 0 0 0 0 0 0 1 1 0 1 0 0 1 1 0 1 1 1 1 0 0 1 1 0 0 1 0 0 1 0 1 1 0 0 1 1 1 1 1 0 0 0 0 1 1 1 1 1 1 1 0 1 0 0 1 0 1 1 1 0 1 1 0 1 0 0 1 1 1 0 0 0 1 0 1 1 0 0 0 1 1 0 0 1 1 1 1 1 1 0 0 1 0 1 0 1 1 1 0 0 0 1 1 1 1 0 1 0 1 1 1 1 0 1 0 0 1 0 1 1 1 1 0 0 0 1 0 1 1 0 0 1 0 0 0 0 1 0 1 0 1 1 0 0 1 1 1 0 1 1 0 1 0 
1 1 0 0 0 1 1 1 0 1 1 1 0 0 1 1 0 1 1 1 1 1 0 1 0 1 0 0 0 0 1 0 1 0 0 0 0 0 0 0 0 0 0 1 0 1 1 71 1 1 0 0 1 0 0 0 1 1 1 0 0 0 1 0 0 0 1 1 1 0 1 1 0 1 1 1 1 1 1 0 1 1 1 0 1 1 1 1 0 0 1 0 1 0 0 0 0 1 0 0 0 0 0 0 1 0 0 1 0 0 0 1 1 0 0 0 0 1 0 0 1 1 1 0 0 0 0 1 1 0 1 1 1 0 0 1 1 0 0 1 1 1 1 0 0 1 0 0 0 1 1 1 1 0 1 0 1 1 0 0 0 0 1 1 1 1 1 1 0 0 1 0 0 0 0 0 0 1 0 1 1 0 1 1 1 1 0 1 1 0 0 1 1 0 0 0 0 1 0 1 0 1 1 0 0 0 0 0 
1 1 0 1 0 1 0 1 0 0 0 1 0 0 1 0 0 0 1 0 0 1 0 0 0 0 0 1 0 1 0 0 1 0 1 0 1 0 0 1 1 0 1 1 1 1 0 0 82 0 0 1 0 0 1 1 0 0 1 1 0 0 1 0 0 1 1 1 0 1 0 1 1 1 1 1 0 1 0 1 1 0 1 0 1 0 1 1 0 0 0 0 1 0 1 1 1 1 0 0 0 0 1 0 1 1 0 1 1 0 1 1 0 0 1 0 0 1 1 0 1 1 0 0 1 1 0 0 1 1 1 1 1 0 1 0 0 1 1 0 0 0 0 1 0 0 0 0 0 1 1 1 0 0 1 0 1 1 0 0 1 1 1 0 1 1 1 1 0 1 0 0 0 1 1 1 1 0 1 1 0 1 0 0 1 0 1 0 0 1 0 0 0 0 1 1 0 0 1 0 0 1 0 1 1 0 1 1 
1 1 0 0 0 0 0 1 1 0 1 1 0 0 0 1 1 1 1 0 0 1 0 1 1 1 0 0 0 0 0 0 0 1 0 0 1 0 1 1 1 0 1 1 1 0 1 0 0 55 1 0 1 0 1 0 1 1 1 0 0 0 1 0 0 1 1 1 0 1 0 0 0 1 1 0 0 1 0 0 1 0 0 0 0 1 1 0 1 0 1 0 0 0 0 0 1 0 0 0 0 1 0 1 1 0 0 1 0 1 1 1 1 0 1 1 0 1 1 1 0 1 1 0 1 1 0 0 1 1 1 1 0 1 0 1 1 0 1 0 0 1 1 0 1 1 0 0 1 0 0 0 0 1 1 1 1 1 1 1 0 0 1 1 1 1 1 1 0 1 0 1 0 0 1 1 1 0 1 1 1 1 1 0 0 0 0 0 1 0 1 1 0 1 0 1 1 1 1 1 0 1 0 1 0 1 0 1 
1 0 1 0 0 1 0 0 0 0 0 1 0 1 1 1 0 1 1 1 1 1 0 0 1 1 0 1 0 1 0 0 0 0 1 1 1 0 0 0 1 0 0 1 1 0 1 1 1 0 22 0 0 1 0 1 1 1 0 0 0 0 1 1 1 0 0 0 1 0 1 1 0 1 1 0 1 1 0 1 1 0 1 1 0 0 1 0 0 1 0 1 0 0 1 1 0 1 0 0 1 1 0 0 0 0 1 1 0 1 1 0 0 1 0 0 1 1 0 0 0 0 0 1 1 1 0 1 1 1 0 0 1 0 1 1 0 0 0 1 1 1 0 1 1 1 1 1 0 1 0 1 1 1 1 0 1 1 1 1 0 1 1 0 1 0 0 0 1 0 0 0 1 1 1 0 1 1 0 1 1 0 1 1 0 0 1 1 1 0 1 1 1 0 0 1 1 1 1 0 1 0 1 0 1 1 0 0 
0 0 1 1 1 1 1 1 1 0 0 0 0 0 0 1 0 1 1 1 0 0 0 1 1 1 1 1 0 1 1 0 0 1 0 0 1 1 0 1 1 1 1 1 1 1 0 1 1 1 0 99 0 0 1 1 0 0 1 1 0 0 1 0 1 1 0 1 1 1 0 1 0 0 1 1 1 1 1 1 1 0 0 1 0 0 0 0 1 0 0 0 0 0 0 0 0 0 1 0 0 1 1 1 1 0 0 1 1 0 1 0 1 1 0 1 0 1 0 0 1 0 1 1 0 0 0 0 0 0 0 0 0 0 1 0 1 1 1 1 1 0 0 0 0 1 0 0 1 1 0 1 0 0 0 0 1 0 1 1 0 0 0 1 1 0 0 1 0 1 0 0 1 0 1 0 1 1 0 1 1 0 1 0 0 0 0 1 0 0 1 1 0 1 1 0 0 0 0 0 0 0 1 1 0 1 1 1 
1 0 0 1 0 1 0 0 1 0 0 1 0 1 0 0 1 1 1 1 0 0 1 0 0 0 0 1 1 1 0 1 1 0 0 0 0 0 1 1 1 0 1 1 0 1 0 1 1 0 0 1 22 0 0 1 0 0 0 1 1 1 1 1 1 0 1 0 0 1 0 1 0 0 0 0 1 1 0 0 1 1 1 0 1 0 0 0 1 1 0 0 0 1 1 0 0 0 0 1 0 1 1 0 0 0 0 0 0 1 1 1 0 0 0 1 1 0 1 1 0 0 0 1 1 1 0 1 1 1 1 1 0 1 1 1 1 1 1 0 1 0 0 0 0 0 0 0 0 0 1 0 1 0 1 0 0 1 1 0 1 1 0 0 0 0 1 0 1 1 0 0 1 0 1 0 1 1 1 1 1 0 0 1 1 1 1 0 0 1 1 1 1 0 1 0 1 1 1 1 0 0 1 0 0 1 0 1 
1 1 0 1 1 1 1 1 1 1 0 0 0 0 0 1 1 0 0 0 0 1 0 0 0 1 1 0 0 1 0 0 0 1 0 1 0 1 1 1 0 1 1 1 0 1 1 1 1 0 1 0 0 71 1 1 0 1 0 0 0 0 1 1 0 0 1 1 0 0 0 1 1 0 1 1 1 1 1 1 1 0 1 1 1 1 0 0 0 0 1 1 1 1 1 1 1 1 1 0 1 0 0 0 0 0 1 0 0 1 0 1 1 0 0 1 0 0 1 0 0 0 0 1 0 1 1 1 1 1 0 1 1 1 1 0 0 0 0 0 0 0 1 1 0 1 0 1 0 0 1 1 1 1 0 1 0 0 1 1 1 1 1 1 0 0 0 0 1 1 1 1 1 1 0 1 1 1 1 1 1 1 1 0 1 0 1 0 1 0 0 1 0 1 0 1 1 1 0 1 0 0 1 0 0 0 1 1 
0 0 0 0 1 0 1 0 1 1 1 1 1 1 1 0 1 0 1 0 0 1 1 0 0 1 0 1 1 1 0 1 0 0 0 1 0 0 0 0 1 0 1 1 1 1 0 1 1 1 1 1 1 0 93 1 1 0 0 1 1 0 1 0 1 1 0 1 0 0 0 0 1 1 0 0 1 0 1 1 0 0 1 1 1 1 1 1 1 0 0 0 1 0 1 0 0 1 1 0 0 0 0 1 1 1 1 0 1 0 1 1 1 1 1 0 1 0 0 0 0 1 1 1 1 1 1 0 1 1 0 1 1 0 1 0 1 1 1 0 0 1 1 0 0 0 0 0 1 1 0 0 0 0 1 1 1 1 0 1 1 1 1 0 0 1 1 0 0 0 0 0 1 1 0 0 0 0 1 0 1 1 1 0 1 1 0 0 1 1 0 1 0 0 0 1 1 0 1 1 1 0 0 0 0 0 0 0 
1 1 0 0 1 1 0 0 0 1 1 0 0 0 0 1 1 1 1 0 1 1 1 1 0 1 1 1 0 0 0 0 0 0 0 1 0 0 0 0 1 1 1 0 1 0 1 1 1 1 1 1 1 0 1 14 1 0 0 0 0 1 1 1 1 0 1 1 1 1 0 1 0 1 0 0 1 0 1 0 1 1 0 0 1 1 0 1 1 1 1 0 0 0 1 1 1 0 1 0 0 0 1 0 1 0 0 1 0 0 1 0 1 1 0 0 0 1 0 1 1 1 1 1 0 0 1 1 0 1 0 1 1 0 1 0 1 1 0 0 1 0 1 1 0 1 1 0 1 0 0 1 1 1 1 0 1 0 0 1 1 1 0 0 0 1 1 1 1 1 0 0 1 0 0 1 1 1 1 1 1 1 0 1 1 1 1 1 1 0 1 0 0 1 1 1 0 0 0 1 0 1 0 1 1 0 1 0 
1 1 0 0 1 0 1 1 0 1 0 1 0 0 1 1 0 0 0 0 1 1 0 0 0 0 1 0 0 0 1 1 1 0 1 0 1 0 1 1 1 1 0 1 0 0 1 0 1 0 1 1 1 1 1 0 70 1 1 0 0 0 0 1 0 1 1 1 1 0 0 1 0 0 1 1 0 0 0 1 1 1 1 0 0 1 0 0 0 1 0 1 0 1 0 1 1 1 0 1 1 0 0 0 0 1 1 1 0 1 0 1 0 0 0 1 0 1 0 1 1 1 0 0 1 0 0 0 1 0 0 0 0 1 0 0 1 0 0 0 1 1 0 0 1 1 1 0 0 1 0 0 1 1 1 1 0 1 0 1 0 1 1 0 0 0 0 0 1 1 0 0 1 0 0 1 0 0 1 1 0 1 1 0 1 0 1 0 0 1 1 0 0 0 1 1 0 1 1 0 0 0 0 1 0 0 0 0 
0 0 0 1 1 1 1 1 0 1 0 1 0 0 0 1 0 0 0 1 1 1 0 0 1 0 0 1 0 0 0 1 0 1 0 1 1 0 1 1 0 0 1 1 1 0 0 0 1 1 1 0 1 0 1 1 1 13 1 1 1 0 1 0 0 0 0 0 1 0 1 1 0 1 1 0 1 1 1 1 1 0 1 1 0 1 0 0 1 1 1 1 1 1 0 1 0 1 0 0 1 0 1 0 0 1 1 0 0 0 1 1 0 1 1 0 1 1 0 0 0 1 1 0 1 0 1 0 1 0 1 1 1 1 0 1 1 0 0 0 1 1 1 0 0 1 0 0 0 0 0 1 1 0 0 1 1 1 1 0 0 1 0 0 1 1 0 1 1 1 0 0 0 1 0 0 0 0 0 1 0 0 0 0 0 0 0 1 0 0 0 0 0 0 1 1 0 0 0 0 1 0 0 1 0 1 1 0 
0 1 1 0 1 0 0 1 1 0 1 1 1 0 1 0 1 1 0 1 1 0 1 1 0 1 1 1 1 1 1 0 0 0 1 1 0 1 1 0 0 1 0 1 0 0 0 0 0 1 0 1 1 1 1 1 1 1 24 1 1 1 1 0 0 1 0 0 0 0 0 0 0 0 0 1 0 0 0 1 1 0 0 0 1 1 0 1 0 0 1 0 1 0 1 0 0 0 1 0 1 1 0 0 0 1 1 1 1 0 0 0 0 0 1 0 0 0 0 1 0 0 0 1 0 1 1 0 0 1 1 0 1 1 1 0 0 0 0 0 0 0 0 0 0 1 1 1 1 0 1 1 0 0 0 1 1 1 0 1 1 0 0 1 0 0 0 0 0 0 0 1 0 0 1 1 1 0 1 0 1 1 1 1 0 1 0 1 0 0 1 0 1 1 1 1 0 1 0 1 0 1 1 1 1 1 0 0 
0 0 1 1 0 1 0 0 0 1 1 0 0 0 0 1 1 0 0 1 0 1 1 0 0 1 1 0 0 0 0 0 1 1 0 0 1 0 1 0 1 0 0 0 0 1 1 0 0 1 1 1 1 0 0 0 0 0 1 92 1 0 0 0 0 1 1 0 1 1 0 1 0 1 0 0 1 1 0 1 1 0 1 1 1 1 1 1 0 1 0 0 0 0 1 0 1 0 0 0 0 1 1 0 1 0 1 0 1 1 1 1 0 1 1 1 1 1 0 0 1 1 1 1 0 0 0 1 1 1 1 0 0 0 0 0 1 1 1 1 1 0 1 1 0 1 0 0 0 0 1 1 0 1 0 1 1 1 1 0 0 0 1 1 1 1 1 0 1 1 0 1 0 0 0 0 0 0 1 1 1 0 0 0 0 0 1 1 1 1 1 1 1 0 0 0 0 0 1 0 1 1 1 0 1 0 0 0 
0 1 1 0 0 1 1 0 0 0 1 0 0 1 0 1 1 1 0 1 0 0 1 1 0 0 1 1 0 1 1 0 0 1 1 0 1 0 0 1 1 1 1 1 1 1 1 1 0 1 1 1 1 0 0 0 1 0 0 1 30 0 0 1 1 1 0 0 1 1 1 1 0 0 0 1 0 1 1 0 1 1 1 1 1 0 0 1 1 1 0 1 1 0 1 1 1 1 1 1 0 0 1 0 1 0 1 0 0 0 0 0 0 0 1 1 0 1 1 0 1 0 0 1 0 0 0 1 0 0 0 1 0 0 1 1 0 0 0 1 1 0 1 1 0 0 1 1 0 0 1 1 0 0 0 0 1 0 1 0 1 0 0 0 0 1 0 0 1 1 0 1 1 0 0 0 1 1 1 0 1 1 0 1 0 1 0 0 1 0 0 1 1 1 0 1 1 1 1 1 0 1 1 0 1 0 0 0 
0 1 0 1 1 1 0 0 0 1 0 1 1 1 1 0 1 1 0 1 0 0 0 1 1 0 1 0 0 0 1 0 1 1 1 0 0 0 1 0 0 1 1 0 0 1 0 0 0 1 1 0 1 1 0 0 1 1 0 0 1 73 1 0 1 1 1 1 0 1 0 0 0 1 0 1 1 0 1 1 0 1 0 1 0 1 0 0 0 1 0 1 0 0 0 1 1 0 0 0 1 0 1 0 1 0 0 1 0 1 1 0 0 0 0 1 1 1 0 0 0 1 0 1 1 1 0 0 1 1 1 0 1 0 1 0 0 1 0 1 1 1 0 1 1 0 1 0 0 0 0 1 0 1 1 1 1 0 1 0 1 1 1 1 1 1 0 1 0 0 1 0 1 1 1 0 1 0 0 1 1 0 0 0 0 0 1 0 1 0 1 1 0 0 1 0 1 1 1 0 1 1 1 0 1 0 0 1 
0 0 1 1 1 0 1 1 1 1 1 1 0 1 0 0 0 0 0 1 1 0 1 0 0 0 1 1 0 0 1 0 1 1 1 1 1 0 1 0 1 1 1 0 0 1 1 0 1 1 1 1 0 1 0 1 0 1 0 0 0 0 12 1 1 0 0 1 1 1 0 0 0 0 1 1 0 1 0 1 0 1 0 1 0 0 1 0 1 0 1 1 0 0 0 0 0 1 1 0 0 1 0 1 1 0 0 0 0 0 0 0 0 0 0 0 0 1 1 0 0 0 0 0 1 0 0 1 0 1 0 0 1 0 1 0 0 0 0 0 1 0 1 0 0 1 1 1 1 0 1 1 1 0 0 1 0 1 0 0 1 0 1 0 1 1 0 1 1 0 0 1 0 0 1 0 0 0 0 0 0 1 0 0 1 0 0 1 0 0 1 1 1 0 0 0 1 1 0 0 0 1 0 0 1 1 1 1 
0 0 1 1 1 1 0 0 0 1 0 1 1 1 1 1 0 0 0 0 0 0 1 0 0 0 1 0 1 0 1 1 0 0 1 0 0 0 0 0 0 1 1 1 1 0 1 0 0 0 0 1 0 0 0 0 0 1 0 1 1 0 0 70 0 0 1 0 0 1 1 1 0 0 0 0 1 0 1 0 1 1 1 0 0 0 1 1 1 0 0 1 0 0 0 0 0 1 0 1 1 0 0 1 0 0 0 0 0 1 1 0 1 1 0 0 0 1 1 0 0 1 0 0 1 0 0 1 1 1 0 1 0 0 1 0 0 0 1 0 0 1 0 0 1 1 0 1 0 1 1 1 0 1 1 0 1 0 0 0 0 0 0 1 0 0 0 0 0 1 1 1 0 0 1 0 1 0 0 1 1 0 1 0 1 0 1 0 0 0 0 0 0 1 1 1 1 1 0 1 0 0 0 1 0 0 0 0 
1 1 0 1 0 1 1 0 0 1 0 1 0 1 0 0 1 1 0 0 0 1 0 1 0 1 1 1 0 1 0 1 1 1 1 0 1 1 0 1 1 0 1 0 1 1 0 0 0 0 0 0 1 1 1 1 1 1 1 1 0 1 0 0 37 0 0 0 1 1 1 0 0 1 1 1 0 0 1 1 0 0 0 1 1 0 0 0 0 1 0 1 0 0 1 1 1 0 1 1 0 1 0 0 1 0 0 0 1 0 0 1 0 0 0 0 1 1 1 1 1 0 1 1 0 0 0 0 1 1 0 1 0 1 1 0 1 0 0 0 1 1 1 1 1 0 1 0 0 1 1 1 1 1 1 1 0 0 1 1 0 0 1 1 1 0 0 0 1 1 1 1 1 1 0 0 1 0 1 0 1 1 0 0 0 0 0 1 1 0 1 1 0 1 0 0 0 1 1 0 0 1 0 0 1 1 1 1 
0 1 0 1 0 1 1 0 0 0 1 1 1 1 1 1 1 0 0 1 0 1 0 0 0 1 1 0 1 1 0 1 1 1 1 1 0 1 1 0 0 0 0 1 0 1 1 0 0 0 1 0 0 1 1 0 0 0 0 0 0 1 0 0 1 83 0 1 1 0 1 0 1 1 0 1 1 1 0 1 1 0 0 1 0 0 1 0 1 1 1 1 1 0 1 1 1 1 0 1 1 0 0 0 1 1 1 1 1 0 1 1 0 1 1 1 1 0 0 1 0 0 1 0 1 1 0 1 0 0 1 1 0 1 1 0 0 1 0 1 0 1 1 0 0 0 0 1 1 0 0 1 0 1 0 1 1 1 0 1 1 1 1 1 0 1 0 0 1 1 0 1 1 0 1 0 1 0 1 1 1 1 0 0 1 1 1 1 0 1 0 1 1 0 1 1 1 1 1 1 1 1 1 0 0 0 1 1 
1 0 0 0 0 1 1 0 1 0 1 0 1 0 1 1 1 1 1 1 0 0 0 1 0 1 0 0 1 0 1 0 0 1 1 0 1 1 0 0 0 0 1 0 0 0 1 0 0 0 1 1 0 0 0 1 0 0 1 1 0 0 1 1 0 1 34 1 0 1 1 0 1 1 0 0 0 0 0 0 1 1 1 0 1 0 1 0 1 1 1 0 1 1 1 0 0 0 1 1 1 0 1 0 1 0 0 0 0 1 0 0 0 1 1 1 0 0 0 1 0 1 1 0 1 1 0 0 1 0 1 1 0 1 1 0 1 0 0 0 1 1 0 1 1 0 0 0 1 1 1 0 1 1 1 0 0 0 0 1 0 1 1 1 1 1 0 1 0 1 0 0 0 1 0 0 1 1 1 1 1 1 1 1 1 1 0 0 0 1 0 0 0 1 0 1 1 1 1 1 1 1 1 0 0 0 1 1 
1 0 1 0 0 0 1 0 1 0 0 1 1 0 0 0 0 0 1 1 1 1 0 1 1 0 0 1 0 0 1 0 0 0 1 1 1 0 0 1 0 0 1 0 0 0 0 1 0 0 1 1 1 0 0 0 0 0 1 0 0 0 1 0 0 1 1 61 1 1 0 0 0 0 1 0 1 1 1 1 1 0 0 1 1 1 0 0 1 0 1 0 0 1 1 0 1 0 0 0 1 1 1 1 1 0 1 1 0 0 0 0 1 0 1 0 1 1 0 1 1 0 0 0 0 1 1 0 0 1 0 0 1 0 1 1 1 1 1 0 1 0 0 0 1 0 0 0 1 0 1 0 0 0 1 1 0 0 0 1 0 1 1 0 0 1 0 0 1 1 1 1 0 0 0 1 0 0 0 0 1 0 1 0 1 0 1 0 0 1 1 1 0 0 1 1 1 0 1 1 0 1 1 1 1 1 1 1 
1 1 1 1 1 0 1 0 1 0 0 1 1 0 1 1 0 0 1 0 0 0 1 1 0 1 1 1 1 0 0 0 1 0 1 1 0 1 1 0 1 0 0 1 0 0 1 1 0 1 1 0 1 0 0 0 0 0 1 0 1 0 0 0 1 1 1 0 78 0 1 0 0 0 1 0 0 1 0 1 1 0 1 0 0 0 0 1 0 0 1 0 0 0 0 1 0 1 0 0 1 0 1 0 1 1 0 0 1 1 0 0 0 0 0 1 0 0 1 1 1 0 0 0 0 1 1 1 0 0 0 0 1 0 0 1 1 0 1 0 1 0 1 1 1 0 1 1 0 1 0 1 0 1 0 1 0 1 0 0 0 1 1 1 0 0 0 0 1 0 1 1 0 1 0 1 0 0 0 1 0 0 0 1 0 0 0 0 1 1 1 0 1 0 0 1 1 1 1 0 1 0 1 1 1 0 0 1 
1 1 0 1 1 0 0 1 1 1 0 0 1 1 0 1 0 0 1 0 0 1 0 0 0 0 1 0 1 0 1 1 0 0 0 0 0 1 0 0 1 1 0 0 1 1 0 0 1 0 1 1 0 1 1 0 0 1 0 1 1 1 1 1 0 0 1 0 1 57 0 0 0 0 0 0 0 1 1 0 1 0 0 1 1 1 0 0 0 0 1 0 1 1 0 0 1 1 0 0 0 0 1 1 1 1 1 1 0 0 0 0 0 1 1 0 0 0 0 1 1 1 0 1 1 1 1 0 0 0 0 0 0 0 0 1 0 1 1 1 0 1 0 1 1 1 1 1 1 1 1 0 1 1 0 0 1 1 0 1 0 0 1 0 1 1 1 0 0 1 0 1 0 1 1 0 1 1 1 1 1 0 0 1 0 1 0 0 1 1 1 1 1 1 0 1 1 1 1 0 0 0 0 0 0 1 0 1 
0 1 1 0 1 0 1 0 1 0 1 1 0 0 1 1 1 1 0 1 0 1 0 0 1 0 0 1 1 0 1 1 1 1 0 1 0 1 1 1 0 0 1 0 1 0 1 0 1 0 0 0 0 0 0 0 0 0 1 0 1 0 0 1 1 0 1 1 1 1 39 0 0 0 1 0 0 1 0 0 0 1 1 0 1 0 1 1 1 0 0 1 0 1 1 0 0 0 0 0 1 1 1 0 0 0 1 1 0 1 0 0 0 0 0 0 0 1 0 1 1 0 0 0 0 0 1 0 0 0 0 1 0 0 0 0 1 1 1 0 0 1 1 0 1 0 1 0 1 1 0 0 1 0 0 1 0 1 1 1 0 1 1 0 0 0 0 1 0 1 0 1 1 1 0 0 0 1 0 1 0 1 0 1 0 1 1 0 0 0 1 0 1 1 0 0 1 0 0 0 0 0 1 1 1 1 0 1 
1 1 1 0 1 0 1 0 1 0 0 1 0 1 1 1 0 0 1 1 1 1 1 0 1 0 1 1 0 1 1 1 1 0 0 1 0 0 0 1 1 1 0 0 1 0 0 0 1 0 0 0 1 0 0 0 1 1 1 0 1 0 0 1 1 0 0 0 0 1 0 66 1 0 1 0 0 0 1 1 0 1 1 1 1 1 1 1 0 1 0 0 0 1 0 1 0 0 0 1 1 0 0 1 1 0 1 1 0 0 1 1 1 1 0 0 1 0 1 1 1 0 1 0 1 0 0 0 1 1 0 0 1 1 1 0 0 0 0 1 0 1 1 0 1 1 1 1 0 1 1 1 1 1 0 1 1 1 0 0 1 0 0 0 0 1 1 0 0 1 1 1 1 0 1 1 1 1 1 1 1 1 0 1 1 0 1 1 0 0 0 1 0 0 0 0 0 1 1 1 0 0 1 0 1 0 0 1 
0 0 0 1 0 1 0 0 0 1 0 0 1 0 1 1 0 1 1 0 1 1 0 1 0 0 0 1 1 0 1 1 1 0 1 1 1 1 1 0 0 1 1 1 1 1 1 1 0 0 1 0 1 1 1 0 1 0 1 0 0 1 0 1 1 1 1 1 1 0 1 0 78 0 0 0 1 0 1 0 0 0 0 1 0 1 0 0 1 0 1 0 0 1 1 0 0 0 1 1 1 1 1 1 0 0 1 0 0 0 1 1 1 0 1 1 1 0 1 0 1 0 0 1 1 0 0 0 1 1 1 1 1 0 1 0 1 1 1 1 0 1 1 1 0 0 0 1 0 1 1 0 1 1 0 0 1 0 1 1 0 1 1 0 1 0 0 1 0 0 1 1 1 0 1 1 0 0 1 0 1 0 1 0 0 0 0 1 1 1 1 0 0 1 0 1 0 1 1 0 0 0 0 1 1 0 1 0 
1 1 1 0 1 1 0 0 1 1 1 1 0 1 0 1 0 1 0 0 0 1 1 1 0 0 0 1 1 1 1 1 1 1 0 0 1 0 1 1 1 1 0 1 1 0 1 1 1 1 1 1 0 1 1 0 0 1 1 0 0 0 0 0 0 0 0 0 0 0 0 0 0 93 0 0 0 1 1 1 0 1 1 1 0 1 1 0 0 1 0 0 1 1 0 0 1 1 1 1 0 1 0 0 1 1 0 0 0 0 0 1 1 1 0 1 1 1 0 1 0 0 0 1 1 0 1 1 1 1 1 0 1 0 0 1 1 1 0 0 1 1 1 0 0 1 0 1 1 1 0 0 0 1 0 1 1 0 0 1 0 0 1 1 0 0 0 1 0 0 1 1 0 0 1 0 0 1 0 1 1 1 0 1 0 1 0 1 1 1 0 0 1 0 0 0 1 1 0 0 1 0 1 0 1 0 0 1 
0 0 1 1 0 0 0 0 1 1 0 0 0 1 1 0 1 1 1 1 0 0 0 1 0 1 1 0 1 1 1 0 0 0 0 1 1 1 1 0 0 0 0 1 1 1 1 0 1 1 0 1 1 0 1 1 1 0 0 1 1 0 1 1 0 0 1 1 0 0 0 0 1 1 37 0 1 0 0 0 0 1 0 1 0 0 1 1 0 1 0 0 0 0 1 0 0 0 1 1 1 0 0 1 0 0 0 0 0 1 0 0 0 1 1 1 1 0 1 0 1 0 1 1 1 1 0 1 0 0 1 1 1 1 0 1 1 1 0 1 0 1 0 1 0 1 0 0 0 0 0 1 0 0 1 0 1 1 1 0 0 1 0 0 1 0 0 1 0 1 1 1 0 1 1 1 1 0 1 1 1 0 0 1 0 0 1 0 1 0 0 0 0 1 0 1 1 1 1 0 0 0 1 1 0 0 0 1 
1 0 1 1 1 0 1 1 0 1 1 0 0 1 0 0 1 1 0 1 0 0 0 1 0 1 1 0 0 0 0 1 0 1 1 1 0 0 0 0 0 0 1 1 0 1 1 1 1 0 0 0 1 1 1 0 0 1 0 0 0 1 1 0 1 1 0 0 1 1 1 0 1 0 0 85 0 0 1 1 1 0 1 1 0 0 1 0 0 1 0 1 0 0 1 1 1 1 1 0 0 1 0 0 1 0 1 1 1 1 0 0 1 1 0 1 0 0 1 1 0 1 0 0 1 1 1 1 1 0 0 1 1 0 1 1 1 1 0 1 0 1 0 1 0 0 0 1 0 1 1 1 1 0 0 1 1 0 1 0 0 1 0 0 1 0 0 1 1 0 1 1 0 1 0 1 1 1 1 1 0 0 1 1 0 0 0 0 0 0 0 0 1 1 0 0 1 1 0 0 0 0 1 0 0 1 0 1 
0 0 1 0 0 0 1 0 1 0 0 0 0 1 0 0 1 1 1 1 1 1 0 1 1 0 1 1 1 1 0 1 1 0 1 1 0 1 1 1 0 0 0 1 1 1 1 0 1 1 1 0 0 1 1 1 1 0 0 1 1 0 0 1 1 0 0 1 1 1 1 0 0 1 1 1 99 0 0 0 1 1 0 1 1 0 1 1 1 1 1 1 1 1 0 1 0 1 1 1 1 1 1 1 0 1 0 1 1 1 1 0 0 1 0 0 0 1 1 0 1 0 1 0 1 1 1 0 0 0 1 1 0 0 0 1 1 0 0 1 1 0 1 1 1 1 0 1 1 0 0 0 0 0 1 1 1 1 0 0 1 1 1 1 1 1 0 0 0 1 1 1 0 0 1 0 0 0 0 0 1 1 0 0 1 0 1 0 1 0 1 0 1 1 0 1 1 1 0 0 1 1 1 0 0 1 1 0 
0 0 0 1 0 0 1 1 1 1 1 1 1 0 1 1 1 0 0 0 1 1 0 1 1 1 0 0 1 1 1 0 1 1 1 0 1 0 0 1 0 0 1 0 1 0 0 1 0 1 0 0 0 0 1 0 0 0 0 1 1 0 0 1 0 1 0 0 0 1 1 0 1 1 1 1 1 81 1 0 1 1 1 0 1 0 1 0 0 0 1 0 1 1 0 1 0 1 1 0 0 1 0 0 1 0 1 1 0 0 1 1 1 0 1 0 1 0 0 1 1 1 1 1 0 1 0 0 0 0 1 1 1 1 0 1 1 1 0 0 1 0 1 0 1 0 1 1 0 0 0 0 0 1 1 0 0 0 0 1 0 0 1 1 1 1 1 1 1 0 0 0 1 1 1 1 1 0 1 1 1 0 1 1 0 1 1 1 1 0 1 1 0 0 1 1 0 0 1 0 1 0 1 1 0 0 0 0 
1 1 1 0 0 0 1 1 0 0 1 0 0 1 0 0 0 1 0 1 1 0 0 0 0 0 0 0 1 1 1 1 0 1 1 0 1 0 1 0 0 0 0 1 1 1 0 0 1 1 1 1 1 1 1 1 0 0 1 0 1 0 0 1 1 0 1 0 1 0 1 0 1 0 1 1 1 0 34 0 1 1 1 1 1 1 1 1 1 1 1 1 1 1 0 1 1 0 0 1 1 1 0 0 1 0 1 1 1 1 0 0 1 0 1 1 1 1 0 1 1 1 0 1 1 0 0 0 1 1 0 0 1 0 1 1 1 0 1 0 0 1 0 0 0 0 0 0 1 0 0 0 0 0 0 1 0 1 1 1 0 0 1 0 1 0 0 1 0 0 0 0 0 1 0 1 0 1 1 1 1 1 0 1 1 1 1 0 1 1 0 0 0 0 0 1 1 1 1 1 0 0 0 1 0 1 0 1 
1 1 1 0 0 1 0 0 0 1 1 1 0 1 1 0 0 1 0 0 0 1 0 1 1 1 1 1 0 1 0 0 1 0 1 1 1 1 0 1 1 0 1 0 1 0 1 1 1 0 0 1 0 1 0 0 0 0 0 0 0 1 1 1 1 0 0 0 0 0 0 1 0 1 1 1 0 1 1 13 0 1 1 1 1 0 1 1 1 1 0 1 0 0 0 1 1 0 0 1 0 0 0 0 0 1 1 1 1 1 0 0 0 1 0 0 0 0 0 0 1 0 1 0 0 0 1 1 1 0 0 1 0 1 0 0 1 1 0 0 0 0 0 1 1 0 0 1 0 0 0 0 0 0 1 0 1 0 0 0 1 1 0 0 1 1 1 0 0 1 1 1 0 0 1 0 0 1 1 1 0 0 0 1 1 1 1 1 1 1 0 1 1 0 0 0 0 0 1 0 1 0 0 1 0 1 0 1 
1 1 1 0 0 0 1 1 0 0 1 0 0 0 0 1 1 1 0 1 1 1 1 0 1 1 1 1 0 1 1 0 1 0 1 1 0 1 0 0 1 0 0 1 1 0 0 0 1 1 0 1 0 0 0 0 1 1 0 0 0 1 0 1 1 0 1 0 1 1 1 0 0 0 1 0 0 0 0 0 34 0 0 1 0 1 1 1 0 0 0 1 1 0 1 0 1 0 1 0 1 1 1 0 0 0 0 1 0 0 0 1 0 0 0 1 1 1 0 0 1 1 0 1 1 0 1 0 1 1 0 0 1 0 1 1 1 1 0 1 1 0 0 0 1 1 0 0 1 1 0 1 0 1 1 1 1 0 0 0 1 0 0 0 0 1 0 0 0 0 1 1 0 0 0 1 0 1 0 1 1 1 1 1 0 0 1 0 0 0 0 1 1 0 0 0 0 0 1 1 0 1 0 0 1 0 1 0 
1 1 1 0 1 1 0 1 1 0 0 1 1 1 1 1 1 1 1 1 0 0 1 0 1 1 1 1 1 1 1 1 1 0 0 1 1 0 0 0 0 0 1 0 1 0 0 1 0 0 1 1 1 1 0 1 1 0 0 1 0 1 0 1 1 1 0 1 0 0 1 1 0 0 1 1 0 0 0 1 0 36 1 0 1 0 1 1 1 1 0 1 0 1 0 1 0 1 0 0 0 1 0 0 0 0 1 0 1 1 1 0 0 1 0 0 0 0 0 1 0 1 1 0 1 1 0 1 0 1 1 0 0 1 0 0 1 1 0 1 1 0 1 0 1 0 1 0 0 1 1 0 0 1 0 0 1 0 1 0 1 0 0 1 0 1 1 0 0 0 0 1 0 1 0 0 1 1 1 0 1 1 1 1 1 1 1 0 1 0 1 0 1 0 0 1 0 1 0 1 1 0 1 0 0 1 0 0 
1 1 1 1 0 0 1 0 0 1 1 0 1 0 1 1 0 0 1 0 1 1 0 0 1 1 1 1 0 0 1 0 1 1 1 0 1 1 1 1 1 0 1 1 0 1 1 0 1 1 0 0 0 0 1 1 0 1 1 0 0 0 0 1 1 1 0 0 0 0 0 0 0 0 0 0 1 0 1 0 0 0 12 1 1 0 0 1 0 1 0 1 1 1 0 1 0 1 1 0 0 1 0 0 0 1 0 1 1 0 0 0 1 1 0 0 1 0 0 0 0 1 1 1 1 0 1 1 0 0 0 0 0 0 0 1 1 1 0 1 0 0 0 1 1 0 1 1 1 1 0 1 0 0 0 1 1 0 0 0 1 0 1 1 1 0 1 0 0 1 1 0 1 0 0 0 0 0 1 1 1 0 1 1 0 1 0 1 1 0 1 0 0 1 1 1 1 0 1 1 1 1 1 1 1 0 0 0 
1 0 1 0 0 0 1 1 0 1 1 1 0 0 0 0 1 1 0 0 1 1 0 0 0 1 1 1 1 1 1 1 0 1 1 1 1 0 1 1 1 0 1 1 0 0 1 0 0 1 1 1 1 1 0 0 1 1 0 1 0 1 1 1 1 1 1 0 0 1 1 1 0 0 1 0 1 0 0 1 0 0 0 77 0 0 0 1 1 1 1 0 0 1 0 0 1 1 1 0 1 0 0 0 1 1 1 1 0 0 0 0 1 0 0 1 1 1 1 0 0 0 1 0 1 1 0 1 0 0 1 1 0 1 0 1 1 0 1 0 0 0 1 0 0 1 1 0 1 0 0 0 0 0 1 1 0 0 0 1 1 0 0 0 0 0 0 0 1 1 1 0 1 0 0 0 0 1 1 0 0 0 1 1 0 0 1 1 0 0 1 0 1 0 1 1 0 1 0 1 0 0 0 1 0 0 0 1 
1 0 0 0 1 1 1 1 0 1 1 0 0 0 1 1 0 0 0 1 0 0 1 0 1 1 0 0 0 0 1 0 0 1 0 0 0 1 1 0 0 0 1 0 1 0 0 0 1 0 0 1 1 0 0 1 1 1 0 1 0 1 0 0 1 1 0 0 1 0 0 0 1 0 1 0 0 0 1 1 1 0 0 0 4 1 0 1 0 0 1 0 1 0 1 0 1 1 1 1 1 0 0 1 0 0 0 1 0 1 0 1 0 1 1 1 0 0 0 1 1 0 1 1 1 0 1 1 0 0 1 1 0 0 0 1 0 0 1 0 0 1 1 0 1 1 0 0 1 0 0 0 0 1 0 0 1 1 1 0 0 0 0 0 0 0 0 1 1 0 1 0 0 0 1 1 0 1 1 0 0 1 1 1 0 0 0 1 1 1 0 0 1 1 0 0 1 0 1 0 1 1 1 0 0 1 0 0 
1 0 0 1 0 1 1 1 1 0 1 1 0 1 0 0 1 0 0 1 0 1 1 1 1 1 0 1 0 1 0 0 0 1 1 1 0 1 1 1 1 1 0 1 1 1 0 0 1 1 0 0 1 1 0 1 1 0 0 1 1 1 0 0 0 0 0 0 0 1 0 1 1 0 0 1 1 1 1 0 1 1 0 0 0 38 1 1 1 1 1 0 0 1 1 0 1 1 1 0 1 1 1 1 1 0 1 0 0 1 0 0 0 0 0 0 1 0 1 1 1 1 0 1 1 0 0 0 0 0 0 1 1 0 0 1 0 1 1 0 1 0 0 1 0 0 1 0 0 1 0 0 0 0 1 1 0 1 0 1 1 1 1 0 0 1 1 0 1 0 1 1 1 1 1 1 0 0 1 1 0 0 1 1 1 0 0 1 0 0 1 0 1 1 0 0 1 1 1 0 1 1 1 0 1 1 1 1 
0 0 1 1 1 1 0 1 1 1 0 0 0 0 0 0 1 0 1 1 1 0 1 1 0 0 0 0 0 0 0 0 0 1 1 1 0 0 1 1 0 1 0 0 1 1 1 0 1 1 0 0 1 0 0 0 1 0 0 1 1 1 0 0 0 1 0 1 1 1 1 0 1 1 1 1 1 0 1 1 0 1 1 0 0 0 72 0 1 0 1 0 1 0 0 0 0 0 0 1 1 0 1 1 0 0 0 0 0 1 0 1 0 1 1 1 0 0 1 0 1 0 1 1 1 0 1 1 1 1 1 1 0 1 0 0 0 0 0 0 1 0 0 1 0 1 1 0 0 0 1 1 1 0 1 0 0 0 1 0 1 0 1 1 0 1 0 1 0 1 1 0 0 0 1 1 0 1 1 0 1 1 0 0 1 1 1 0 1 1 0 1 0 1 1 0 1 0 0 0 1 0 0 0 1 0 1 0 
0 1 0 1 0 1 0 1 1 1 1 0 0 0 0 0 1 1 0 0 0 1 1 1 1 1 1 1 0 1 0 0 1 0 1 1 0 0 0 0 0 1 0 0 1 1 1 1 1 1 1 0 1 0 1 1 0 0 1 1 0 1 0 0 0 1 0 1 1 0 1 0 0 0 0 1 1 1 0 1 1 0 0 0 0 0 0 12 1 1 1 0 0 1 0 0 1 1 0 0 0 1 1 1 1 0 1 0 1 0 0 1 0 0 1 0 0 0 0 0 0 1 0 1 1 1 1 0 0 1 1 0 1 1 1 0 1 0 1 1 0 0 0 0 0 0 1 0 0 1 0 1 1 1 1 1 1 1 0 0 0 1 0 1 1 1 1 1 0 0 0 1 1 1 1 1 1 0 1 1 0 1 0 1 0 0 1 1 1 1 1 0 0 1 1 0 0 1 0 1 1 1 0 1 0 1 0 1 
1 0 1 0 0 0 0 1 0 0 1 1 0 0 1 1 0 1 1 0 0 0 1 0 1 1 1 1 1 0 1 0 1 0 0 0 1 0 1 1 1 0 1 0 0 0 0 0 1 0 0 0 1 0 0 1 1 1 0 1 1 1 0 1 1 0 1 1 0 0 1 1 1 1 1 1 1 0 0 0 0 1 0 0 1 0 1 0 77 0 1 1 0 1 1 0 0 0 0 1 0 1 0 0 1 0 0 1 0 1 1 1 0 1 0 0 0 0 0 1 0 1 0 0 1 1 1 1 0 0 1 1 1 1 0 0 0 1 1 0 1 1 0 1 0 1 1 0 0 0 0 0 0 0 0 1 0 0 1 0 1 1 1 0 1 1 0 1 1 1 0 1 0 0 1 1 0 1 1 1 0 1 0 0 0 1 0 0 1 1 1 0 0 1 0 0 0 1 1 1 1 1 0 0 1 1 1 0 
0 0 1 1 1 0 1 1 1 1 0 1 1 0 0 1 1 0 1 0 1 0 0 0 0 0 0 1 1 0 1 0 1 0 1 0 1 0 1 1 1 0 1 1 1 1 1 1 1 1 0 1 0 1 1 0 1 1 1 1 1 0 0 1 1 1 0 0 0 0 0 0 0 0 1 0 1 1 0 0 1 0 1 1 1 1 0 1 0 96 0 0 1 0 1 0 0 0 0 1 1 0 1 1 1 0 1 0 1 1 1 1 0 0 1 1 1 1 0 1 0 0 0 1 0 0 1 0 0 1 0 0 1 1 0 0 1 0 1 0 0 0 1 1 1 0 0 1 0 0 1 1 1 0 0 0 1 1 0 0 1 1 1 0 1 0 1 1 1 1 0 1 0 1 0 1 0 1 1 1 1 0 1 1 1 1 0 0 0 0 1 0 0 0 1 1 1 0 0 1 0 0 1 0 0 0 0 1 
1 1 0 0 1 0 0 1 0 0 0 0 0 1 1 0 1 1 1 0 1 0 0 0 0 0 1 0 1 1 0 0 1 1 0 1 1 0 0 0 0 0 0 1 1 1 0 1 0 1 0 0 1 0 1 1 1 1 0 1 1 1 0 0 1 1 1 1 1 1 1 1 1 0 1 0 1 1 1 1 0 0 1 1 1 1 0 1 1 0 47 1 1 1 1 1 0 1 1 1 0 0 0 0 1 1 0 0 0 1 0 0 0 0 1 0 1 1 0 0 0 0 0 0 0 1 1 1 1 0 1 0 1 0 0 0 1 0 1 0 1 0 1 0 0 0 1 1 1 0 0 1 0 1 1 1 0 1 1 0 1 1 0 1 0 1 0 1 0 0 1 0 1 0 0 0 0 0 0 0 0 1 0 0 0 0 1 1 0 1 0 0 0 1 1 0 1 1 1 0 1 1 1 1 1 0 1 0 
1 1 1 1 0 1 1 0 0 0 0 0 1 1 0 1 1 1 1 0 0 0 1 1 0 1 0 0 1 0 1 1 1 1 0 0 1 1 1 1 0 0 1 1 0 0 1 0 0 0 1 1 1 1 1 0 1 1 0 0 0 0 0 1 1 1 0 0 0 1 0 1 0 0 1 0 0 1 1 1 0 1 0 0 1 1 1 1 0 0 1 54 0 1 1 0 1 0 0 0 1 1 0 0 1 0 0 0 1 0 0 1 0 0 1 1 0 1 1 0 0 0 1 1 1 0 0 1 0 0 0 1 1 1 0 0 0 0 1 0 0 0 0 1 1 0 0 0 0 1 0 1 0 1 0 1 1 1 1 0 1 0 0 0 1 1 1 1 1 1 1 0 1 1 1 1 0 0 0 0 1 1 1 1 1 1 1 1 1 1 1 0 1 0 1 0 1 1 1 1 0 1 1 1 1 1 1 1 
0 0 1 0 1 0 0 0 1 1 1 1 1 0 1 0 1 1 1 0 0 0 1 1 1 0 0 1 0 0 1 1 0 1 0 0 0 0 1 1 1 0 0 0 0 1 1 1 0 1 1 0 0 1 0 0 0 0 1 0 1 0 0 1 0 1 1 1 0 0 1 0 0 1 0 0 1 0 1 0 0 1 0 1 0 0 1 1 0 0 0 0 8 1 0 1 0 1 0 1 1 1 0 0 1 0 1 1 0 1 1 0 0 0 0 0 0 0 1 0 0 1 1 1 0 1 1 0 0 1 0 1 0 1 1 0 1 0 1 1 0 0 1 1 1 1 1 1 1 0 1 0 0 1 1 0 1 1 1 1 0 1 0 1 0 0 1 0 1 1 0 1 0 0 1 0 1 0 0 1 1 1 0 0 0 0 1 1 0 1 0 1 1 1 0 1 1 1 1 0 1 1 1 0 1 0 1 1 
1 0 1 0 1 0 1 1 0 1 0 1 0 0 1 0 0 1 0 1 0 0 1 1 1 1 0 0 1 1 1 1 0 0 0 0 1 0 1 1 1 1 0 1 0 1 0 1 0 1 0 1 0 1 1 0 1 1 0 0 1 1 1 0 1 1 0 0 0 1 1 0 0 0 1 0 1 0 1 0 0 1 0 1 0 0 0 0 1 1 1 1 1 29 0 1 0 0 0 0 0 1 0 0 1 1 0 1 0 0 0 1 1 1 1 1 0 1 1 0 0 0 1 0 0 1 0 0 0 1 1 0 1 1 0 1 1 1 0 1 1 1 0 0 1 0 1 0 0 1 0 0 0 1 1 0 0 0 1 1 0 1 0 1 0 0 1 1 1 1 1 0 1 0 0 1 1 1 1 1 1 1 0 1 1 0 0 0 1 1 0 1 1 1 1 1 1 1 1 0 1 1 0 0 0 1 0 1 
0 1 1 1 0 1 0 1 1 0 0 0 1 1 0 0 1 0 0 1 1 0 0 1 1 0 1 1 1 1 1 0 1 0 0 1 0 0 1 0 0 0 1 1 1 1 1 1 0 0 1 0 0 0 1 0 0 1 0 1 1 1 1 0 1 1 0 1 0 1 1 0 0 1 1 1 0 0 1 1 1 1 0 0 1 1 0 0 1 0 0 1 1 1 91 1 0 0 1 1 0 0 1 0 0 0 1 0 0 0 0 1 1 1 0 0 0 0 0 1 1 0 0 0 0 0 0 0 0 1 1 0 0 0 0 0 0 0 1 0 0 0 1 0 1 0 1 1 1 1 0 0 0 1 1 1 0 1 0 1 0 1 1 1 0 0 1 1 0 0 1 1 0 1 0 0 0 0 0 0 1 0 0 0 1 1 1 0 0 1 0 0 1 1 1 1 0 0 0 0 0 0 1 0 1 0 1 0 
1 0 0 0 1 0 1 1 0 0 0 0 0 1 0 1 0 0 1 0 1 0 1 0 0 1 0 0 1 0 1 0 1 0 0 1 0 0 0 1 1 0 1 1 0 1 0 0 1 1 1 0 0 1 0 0 0 0 1 0 0 0 1 1 1 1 0 1 1 1 0 0 1 0 0 1 1 0 1 1 1 0 0 0 1 1 0 1 1 0 0 1 0 0 0 6 0 0 1 1 1 1 0 1 1 1 1 1 0 0 1 0 1 0 0 0 1 0 0 0 1 0 0 0 1 0 1 1 0 1 0 0 1 0 0 1 1 1 1 0 1 1 1 1 1 0 1 0 1 0 0 0 1 0 1 0 1 0 0 0 0 1 1 1 1 0 0 1 1 1 0 1 1 0 1 1 1 0 1 0 1 0 0 0 1 0 0 1 0 1 0 1 0 0 0 1 0 1 0 0 1 1 1 1 1 1 1 0 
1 1 1 1 1 1 1 0 1 0 1 1 1 0 1 1 1 1 1 1 0 0 1 0 1 1 0 0 0 0 0 0 0 1 0 0 1 1 0 0 0 1 0 1 0 0 1 1 0 0 1 1 1 0 1 1 0 0 1 0 1 1 1 0 0 1 0 1 1 1 1 1 0 1 1 0 0 1 0 0 0 0 0 1 0 0 0 1 1 0 0 0 0 0 1 1 24 1 1 0 1 1 1 0 0 0 1 1 0 1 1 0 1 1 0 0 1 0 0 1 1 1 0 0 0 1 0 0 1 0 0 0 1 1 0 0 0 1 1 0 1 0 1 0 0 1 1 1 0 1 1 0 0 1 0 0 1 1 0 1 0 1 1 0 0 1 0 0 1 1 1 0 0 0 0 0 0 1 0 0 1 0 0 1 0 0 0 0 0 1 0 1 1 1 1 1 0 1 0 0 0 1 0 1 1 0 1 1 
1 0 1 0 1 1 1 0 0 1 0 1 0 1 0 0 1 1 0 1 0 0 1 1 0 0 0 0 0 0 1 1 0 1 0 0 1 1 0 0 0 0 0 0 0 0 1 1 0 1 1 1 0 1 0 0 0 0 1 0 1 1 0 0 0 1 1 0 0 1 0 1 1 1 1 0 1 1 0 1 0 0 0 1 0 1 0 0 1 0 1 1 0 0 0 1 0 18 0 1 0 1 0 1 0 0 0 0 1 1 0 1 1 0 1 0 0 1 1 0 0 1 0 0 1 1 1 1 0 1 1 1 0 1 1 1 0 0 0 1 0 1 1 0 0 0 1 1 0 1 0 1 1 0 1 1 1 1 1 0 0 1 0 0 0 1 1 0 1 1 0 1 1 0 0 0 1 1 0 1 1 1 0 0 1 0 0 1 1 1 1 1 0 1 0 0 1 1 1 1 1 0 0 1 0 0 0 0 
0 0 0 1 0 1 1 1 0 0 0 0 1 0 1 1 0 1 1 0 1 0 1 1 1 1 0 1 1 1 1 1 0 0 1 1 1 0 0 0 1 0 0 0 0 1 0 1 1 1 1 1 1 0 1 0 0 0 0 0 0 1 0 0 0 0 1 1 0 1 0 1 1 0 1 1 0 0 0 1 0 0 1 0 1 0 1 1 1 1 1 0 0 1 1 0 0 1 70 1 1 1 0 1 0 1 0 1 1 1 1 1 1 1 0 1 0 0 1 0 1 0 1 0 0 0 1 0 0 1 0 1 1 0 1 1 1 1 1 0 1 0 0 1 1 1 1 0 0 0 0 1 0 1 1 0 1 1 0 0 1 0 1 0 1 0 1 0 1 1 0 0 1 1 1 1 0 1 0 1 1 1 1 1 0 0 0 1 1 0 0 0 1 1 0 1 0 0 1 0 0 0 1 1 0 1 1 0 
0 0 1 1 0 0 1 0 0 0 1 0 1 1 1 0 0 0 0 0 1 0 1 0 1 0 1 1 1 1 0 1 1 0 1 1 0 0 0 1 0 1 1 1 1 1 0 1 1 0 0 0 1 1 1 1 0 0 0 1 1 0 0 0 0 0 0 1 0 1 1 1 0 0 1 0 1 1 1 0 1 1 1 1 1 1 0 1 1 1 1 0 1 1 1 0 1 1 1 12 0 1 0 0 0 1 1 1 0 0 1 0 0 0 1 0 0 0 1 0 0 0 1 0 0 1 0 0 0 0 1 1 1 1 1 1 0 1 0 1 1 1 0 1 0 1 0 0 1 0 0 1 0 1 1 0 1 0 0 0 1 1 0 0 1 0 0 1 1 1 0 0 0 1 0 1 1 0 1 0 1 1 0 1 1 0 1 1 0 1 1 0 0 1 0 0 0 0 0 1 1 1 1 1 1 1 0 1 
0 0 1 1 1 1 0 1 0 0 0 1 1 0 0 1 0 0 0 1 1 1 0 1 1 0 0 1 0 0 0 1 1 1 1 0 1 0 1 0 1 0 0 0 0 0 1 1 1 0 0 1 0 0 1 1 1 0 0 1 0 0 0 0 0 0 0 1 0 0 0 0 1 1 0 1 0 1 1 1 1 0 1 1 1 1 0 1 1 0 0 1 1 1 0 0 1 1 0 1 42 1 0 1 0 1 0 1 1 0 1 0 1 0 1 0 0 0 0 0 1 0 0 1 1 1 0 1 0 0 1 0 0 0 0 1 0 0 1 1 1 1 0 0 1 1 1 0 0 1 0 0 0 1 0 0 0 1 0 1 1 1 0 1 0 1 0 0 0 0 0 0 1 0 1 0 0 1 0 0 0 1 1 1 0 0 0 1 0 1 1 0 0 0 0 0 1 1 0 1 0 1 0 0 1 0 1 0 
1 0 1 0 0 0 0 0 0 0 1 0 0 1 0 0 0 0 1 0 1 1 0 0 0 1 0 0 0 0 1 0 0 1 0 0 1 0 1 1 0 0 0 0 1 0 1 1 1 1 0 1 0 0 1 1 1 1 0 0 0 0 1 0 1 0 0 1 0 0 1 1 0 0 1 0 0 0 1 1 1 0 0 0 0 1 0 1 1 1 1 0 1 0 0 0 0 0 1 0 1 44 0 1 1 0 1 1 1 1 0 1 1 1 1 1 1 1 1 1 1 0 0 0 1 1 1 0 0 0 0 0 1 0 1 1 0 1 0 0 1 1 1 1 0 0 1 0 1 1 0 0 0 1 0 1 1 1 0 0 0 1 0 0 1 0 1 0 0 0 1 0 0 1 0 1 1 1 0 1 1 0 0 1 0 0 0 1 1 1 0 1 0 0 0 0 0 0 1 0 0 1 1 1 0 1 0 1 
1 1 0 1 0 0 1 1 1 1 1 1 0 1 0 1 0 1 0 0 1 0 0 0 0 0 0 0 0 1 0 0 0 1 1 0 0 1 0 0 0 0 1 0 0 0 1 1 0 0 0 0 1 0 0 1 0 0 0 0 0 0 1 1 0 0 1 1 0 0 0 0 0 1 1 1 0 0 0 0 0 1 1 1 0 0 0 1 1 0 1 0 0 0 0 1 0 1 0 1 0 1 38 0 1 0 1 1 1 0 1 0 1 1 0 1 0 0 0 0 1 1 1 0 0 1 0 1 1 1 1 1 0 1 0 0 1 1 0 0 0 1 1 1 0 1 1 1 1 0 1 1 1 0 1 1 1 0 1 0 0 1 0 0 0 1 0 0 0 0 1 1 1 1 1 0 1 1 0 1 1 0 1 0 1 1 0 1 0 0 0 1 0 1 0 1 1 0 0 1 1 0 0 0 0 0 1 1 
0 1 0 1 1 1 0 0 0 0 1 1 1 1 1 0 1 1 1 0 1 0 0 0 0 1 1 1 0 0 0 0 1 1 0 0 1 1 0 1 0 0 1 1 1 1 1 0 0 1 0 0 1 0 1 0 1 1 0 1 1 0 1 1 1 1 0 1 0 1 0 0 1 1 0 1 0 1 1 1 0 1 1 1 0 0 1 0 0 0 0 1 0 1 1 1 0 0 0 1 1 1 1 34 0 0 0 0 1 0 1 0 0 0 0 0 0 1 1 1 0 0 1 1 1 0 1 0 0 0 0 1 1 0 0 1 0 0 1 1 1 0 0 1 1 1 1 0 0 1 0 0 1 0 1 1 1 1 1 0 1 0 1 1 1 1 1 1 0 0 0 0 0 0 0 0 1 0 1 1 1 0 1 1 1 1 0 0 0 1 1 1 0 1 1 1 1 1 0 1 0 1 1 1 1 1 1 1 
1 1 1 1 0 1 1 1 0 0 1 0 1 0 0 0 1 1 0 1 1 1 1 1 0 0 1 0 1 0 1 1 1 0 0 1 1 1 1 1 1 1 1 0 1 0 0 1 1 1 0 0 1 1 0 1 0 1 0 0 0 0 1 0 0 1 1 0 1 0 0 1 0 0 0 1 0 0 0 0 0 1 0 0 0 0 0 0 0 0 1 1 1 1 1 0 0 1 1 1 0 0 0 0 11 1 1 0 0 0 0 0 1 1 0 0 0 1 0 0 0 1 1 0 1 1 1 0 0 0 0 0 1 1 0 1 0 1 0 1 1 0 1 1 0 0 0 0 1 0 1 0 1 1 1 1 1 1 0 0 1 0 1 0 0 1 0 1 0 0 1 1 1 1 0 1 0 0 1 0 1 0 1 0 1 1 0 1 0 1 1 0 1 1 1 0 0 0 1 1 1 0 0 0 1 1 1 1 
0 1 1 1 0 0 0 0 1 1 0 1 0 1 1 1 1 1 0 1 0 1 1 0 0 0 1 0 0 1 0 1 1 1 1 1 1 1 1 0 1 1 1 1 1 1 1 0 1 1 1 0 0 0 1 0 0 1 1 0 0 1 1 0 1 1 1 0 1 1 0 0 1 0 0 1 0 1 0 0 0 1 1 0 0 0 0 1 0 1 0 0 0 1 1 0 1 0 1 1 1 1 0 0 1 23 0 0 1 1 0 0 0 0 0 0 0 0 0 1 0 0 1 1 0 1 1 0 0 1 1 0 1 1 1 1 0 1 0 0 0 0 0 1 1 0 0 0 1 0 0 1 0 0 1 0 0 1 0 1 0 0 0 1 1 1 0 0 1 0 1 0 0 1 1 1 0 1 0 1 0 0 1 0 0 0 1 0 0 1 1 1 0 1 1 0 0 0 0 1 1 1 0 0 0 0 0 1 
0 1 1 1 1 1 1 0 1 1 0 0 1 0 1 1 1 0 0 1 0 1 1 0 0 1 1 0 0 0 1 1 1 0 0 0 0 1 1 1 0 1 0 0 0 1 1 0 1 0 1 0 0 0 1 1 0 0 1 1 1 0 0 1 0 1 1 1 1 1 0 1 1 0 1 1 1 1 0 1 1 0 0 1 0 0 1 1 1 0 1 0 0 0 0 1 1 0 1 1 0 1 0 1 1 1 36 1 1 0 1 0 1 0 1 1 0 1 0 1 1 1 1 1 0 0 1 0 1 0 0 1 0 0 1 1 1 1 0 1 1 0 1 0 1 0 0 0 1 0 0 1 1 1 0 0 0 1 1 0 0 1 0 0 0 1 0 1 1 1 0 1 1 1 1 0 1 1 0 1 1 1 1 0 0 1 0 0 0 1 0 1 1 1 1 1 0 1 0 1 0 1 1 0 0 0 1 1 
1 1 1 1 0 1 1 0 0 0 1 1 1 1 1 1 0 0 0 1 1 1 1 1 0 1 1 1 0 0 0 0 0 0 0 1 0 0 1 0 1 1 0 1 0 1 0 0 1 1 1 1 0 1 0 0 0 1 0 1 1 0 1 0 0 1 1 0 1 0 1 1 1 0 1 1 0 0 0 0 0 1 0 0 1 1 1 1 1 0 0 1 0 0 1 1 0 0 0 1 1 1 0 1 1 1 1 54 0 0 0 1 1 0 1 1 1 0 1 0 1 0 0 1 1 1 0 1 1 0 1 0 1 1 0 0 1 1 0 0 1 1 1 1 0 1 1 1 1 1 0 1 1 1 0 0 1 0 1 1 1 0 0 0 0 0 1 1 1 0 0 1 0 0 1 0 1 1 0 0 1 0 1 1 0 1 0 1 0 0 0 0 1 0 0 1 1 0 1 1 1 0 0 0 0 1 1 0 
1 1 1 0 0 1 1 0 0 1 0 1 0 0 0 0 1 0 1 0 1 0 1 0 1 0 1 1 0 1 1 1 0 0 0 1 0 0 0 1 0 1 1 1 1 0 0 0 1 1 1 1 1 1 0 0 1 1 1 1 1 1 0 0 1 1 0 1 0 1 0 0 0 0 0 1 0 1 0 1 1 1 0 0 1 0 1 1 1 0 0 1 0 0 0 1 1 1 1 1 0 1 0 0 0 0 0 1 22 0 1 0 1 0 1 1 1 1 0 1 0 1 1 1 1 1 0 0 0 1 0 1 1 1 0 1 0 0 0 1 1 1 0 1 1 1 0 1 0 0 0 1 0 1 1 0 0 1 1 0 1 0 1 1 0 1 1 1 0 1 1 0 1 0 0 1 0 1 0 1 0 1 1 1 1 1 0 0 0 1 0 0 0 0 0 0 1 0 0 0 0 0 0 0 1 0 0 0 
1 0 1 0 1 1 1 0 1 0 0 0 1 0 1 1 0 0 1 0 1 0 1 0 1 0 1 0 1 1 1 0 1 1 0 0 1 1 1 1 0 0 0 0 0 1 0 1 0 1 1 0 0 1 1 0 1 0 0 0 1 0 1 0 0 0 1 0 1 0 1 1 0 0 1 1 1 0 1 0 1 1 0 0 0 1 0 1 0 0 1 1 1 1 0 0 1 0 1 0 1 1 1 0 1 0 1 0 1 51 1 1 0 0 1 0 1 0 1 1 1 0 0 0 1 1 1 1 1 0 0 1 1 0 1 0 1 0 0 0 1 1 0 1 1 1 0 0 0 1 0 1 1 0 1 0 0 1 0 1 1 0 1 0 1 1 0 1 0 1 0 1 0 0 1 0 0 0 1 1 1 0 1 1 0 1 0 1 1 0 1 0 0 0 0 0 1 1 0 0 0 1 1 1 1 0 0 1 
1 0 1 0 0 0 0 1 0 0 1 0 0 0 0 0 1 0 0 1 1 0 1 0 1 0 1 1 1 1 1 0 0 0 0 0 0 0 1 1 0 1 0 1 1 1 1 0 1 0 0 0 1 1 0 1 0 0 0 1 0 0 0 1 0 1 1 1 0 1 0 1 1 1 0 1 1 1 1 1 1 0 1 0 0 1 1 1 0 1 0 1 0 0 1 1 0 1 0 1 1 0 1 0 0 1 0 1 1 1 16 0 1 1 0 0 1 1 0 0 0 1 1 1 0 0 0 1 0 1 1 1 0 1 0 0 0 0 1 1 1 0 0 0 1 1 1 0 1 0 1 1 1 0 1 0 0 0 1 0 0 0 0 0 1 0 1 1 0 1 1 1 1 0 0 1 0 0 0 0 0 0 1 1 1 0 0 0 1 0 1 0 1 1 0 1 0 0 0 1 1 0 1 0 1 0 0 1 
1 0 0 0 1 1 0 0 1 0 1 1 0 0 1 1 0 0 1 0 1 0 1 0 0 0 0 0 0 1 0 0 1 1 1 1 1 1 1 1 1 0 0 1 1 1 1 1 1 0 0 0 1 0 1 1 0 0 0 0 0 0 1 1 1 1 0 1 0 0 1 1 1 1 1 0 0 0 0 0 0 0 0 0 1 1 0 0 0 0 1 1 0 1 0 1 1 1 0 0 1 1 0 1 0 0 0 1 1 1 0 30 0 0 0 1 1 0 1 0 0 1 1 1 0 0 1 1 0 0 1 0 1 0 0 0 0 1 1 1 1 0 0 0 1 0 0 0 0 0 0 0 1 0 1 1 1 0 1 1 0 1 0 0 1 0 1 1 0 1 1 1 0 0 0 0 1 1 0 0 0 1 1 1 1 1 0 1 1 1 0 0 1 0 0 0 1 1 0 1 1 1 1 0 1 1 1 1 
1 1 1 1 0 0 1 1 0 0 0 0 0 0 1 0 1 1 1 0 0 0 1 0 1 0 0 0 1 1 0 1 0 1 0 1 1 1 0 0 1 0 1 0 1 0 0 1 1 1 0 1 0 1 1 0 1 0 1 0 1 0 1 0 1 1 0 1 0 1 0 1 1 0 1 1 0 0 0 0 0 0 1 0 0 0 1 1 0 0 1 0 1 0 0 1 0 1 1 1 0 0 0 1 0 1 1 1 1 0 1 0 60 0 0 1 1 0 0 1 1 1 0 0 1 0 1 1 0 1 0 0 0 1 1 0 0 1 0 1 0 0 1 0 0 1 0 1 0 1 1 1 0 0 0 0 1 0 0 1 0 0 0 1 1 0 1 0 0 1 0 0 1 0 1 1 0 1 1 1 0 1 0 1 0 0 1 1 0 1 1 0 0 0 0 0 0 1 0 0 1 1 1 1 1 0 1 0 
1 0 1 1 1 1 1 1 1 0 1 0 1 1 0 1 0 1 0 0 0 1 1 1 0 1 0 1 1 0 0 0 0 1 0 0 1 0 1 1 1 1 1 1 0 0 1 1 1 0 0 0 0 1 1 1 1 1 1 1 1 0 0 0 0 1 0 1 1 1 0 0 0 1 0 1 1 1 1 1 1 1 1 0 1 0 1 1 1 0 0 0 0 0 1 0 1 0 1 1 1 1 0 1 1 0 1 1 0 0 1 0 0 58 1 1 0 1 0 0 1 0 1 0 1 1 0 1 0 1 1 0 0 1 0 0 0 1 0 1 0 1 0 1 1 1 1 0 1 1 0 1 0 1 1 0 0 0 0 0 0 0 1 1 1 0 1 1 0 1 1 1 0 1 0 0 1 0 0 1 1 0 0 0 0 1 1 0 0 0 0 1 1 0 0 0 0 1 1 1 0 1 0 1 1 0 1 0 
1 0 1 1 0 0 0 1 1 1 0 1 1 1 1 1 0 0 1 0 1 1 0 1 1 1 1 1 1 0 0 0 0 1 0 1 1 1 0 0 1 1 1 1 0 1 1 0 0 0 1 1 0 0 1 0 0 1 0 0 1 0 1 1 0 1 0 1 1 0 1 1 0 0 1 1 1 0 1 0 1 1 1 0 1 0 0 0 0 1 0 0 1 0 0 1 0 0 1 1 0 0 0 0 0 1 1 0 0 1 0 1 1 1 0 1 0 1 0 0 1 0 1 1 0 0 1 0 0 0 0 0 0 0 1 0 1 0 1 0 0 0 1 1 0 0 1 1 0 1 0 0 0 0 1 0 0 1 0 0 1 1 1 0 0 0 0 0 0 0 1 0 1 0 0 1 0 0 0 0 1 0 1 1 0 1 0 1 0 0 0 0 1 1 1 0 0 0 0 0 1 0 0 0 0 0 1 0 
1 0 1 1 0 1 0 1 0 0 1 0 0 1 0 1 0 0 0 1 1 0 0 0 0 0 1 1 0 1 0 0 0 0 1 0 1 0 0 1 1 1 0 1 0 0 0 1 1 1 1 1 0 1 0 0 0 0 0 1 0 0 0 1 1 1 1 1 1 0 1 0 1 0 1 1 0 1 0 1 0 1 1 1 1 1 1 0 0 0 0 0 1 0 1 1 1 1 1 0 0 1 1 0 1 0 0 1 1 1 0 1 0 0 0 8 1 1 0 0 0 1 0 0 1 1 0 1 1 0 0 0 0 1 1 0 1 0 1 0 1 1 1 1 1 0 1 1 0 1 0 1 1 0 0 0 0 1 0 1 1 0 0 1 1 1 1 0 0 1 1 0 1 0 0 0 1 1 0 1 0 1 1 1 1 0 1 0 1 0 0 0 0 0 0 0 0 1 0 1 0 1 0 1 0 0 1 1 
1 0 1 1 1 0 1 1 1 0 1 0 0 1 0 0 0 0 0 1 0 0 1 1 1 1 0 0 0 0 0 1 1 0 1 1 1 0 1 0 1 1 0 1 0 0 0 1 1 0 0 0 1 0 1 0 0 1 0 1 0 1 0 0 1 0 1 0 0 0 0 0 1 0 1 1 1 0 0 1 1 0 1 0 0 1 1 0 0 1 0 0 1 1 0 1 0 1 1 1 1 0 1 1 0 0 1 1 1 1 1 0 1 1 1 0 90 1 0 1 1 0 1 0 0 1 0 1 0 1 0 0 1 1 1 1 0 1 0 0 0 1 1 1 0 1 1 1 0 0 1 1 1 1 0 1 1 0 1 1 0 0 1 1 0 0 1 0 1 0 0 0 0 1 0 0 0 0 0 1 0 0 0 1 1 0 0 0 0 0 1 0 0 1 1 1 0 0 1 1 1 1 1 0 1 1 1 0 
0 0 1 0 1 0 0 1 0 1 1 1 0 0 1 0 1 0 1 0 1 1 1 1 1 0 1 1 0 0 0 1 1 1 0 0 1 1 0 0 0 1 0 0 0 1 1 0 0 0 1 1 1 0 1 1 1 1 1 1 0 0 1 0 0 0 0 1 1 1 1 0 1 1 0 1 0 0 1 1 1 1 0 1 1 0 1 1 0 0 0 0 0 0 1 0 0 1 0 0 1 1 0 0 1 1 0 1 0 1 0 1 1 1 0 1 0 31 1 0 1 0 0 1 1 1 0 1 1 1 1 1 0 0 0 0 1 0 1 1 1 0 1 1 0 1 0 0 1 1 0 0 0 0 0 1 0 1 0 1 1 0 0 1 0 0 1 1 0 1 0 0 1 1 1 0 0 0 1 0 1 0 0 1 0 0 0 0 0 1 0 0 0 1 0 0 0 0 1 0 1 1 0 0 0 0 0 1 
1 0 0 0 1 1 0 1 0 1 0 1 0 1 0 1 1 0 0 0 0 1 0 1 1 1 0 1 0 0 0 1 0 1 0 0 1 1 0 1 0 0 0 0 0 1 0 1 1 1 0 0 0 1 1 1 1 1 1 1 1 1 1 0 0 1 0 1 0 1 0 1 1 0 0 0 0 0 0 1 0 1 1 0 0 0 1 1 1 0 0 0 1 1 0 1 0 0 1 1 0 1 0 1 1 1 1 0 1 1 0 0 1 1 1 1 1 1 21 0 1 0 0 1 0 1 0 0 0 1 1 0 0 1 0 1 0 1 0 0 0 0 0 1 1 1 1 1 1 0 0 0 0 1 1 1 0 0 0 1 0 0 1 0 1 1 1 1 1 0 1 0 1 0 0 0 0 0 0 0 0 0 1 0 1 0 0 1 1 1 1 0 1 1 1 1 1 0 0 0 0 0 1 1 0 1 0 0 
1 1 1 0 0 1 1 0 1 1 1 1 0 1 0 1 0 0 0 1 1 1 0 0 1 1 1 0 0 1 1 1 1 1 1 0 0 1 1 1 1 1 1 1 0 0 1 1 0 0 0 0 0 1 0 1 1 1 1 0 1 1 1 0 0 0 1 0 0 0 1 1 0 1 0 0 0 1 0 1 0 1 1 1 1 0 1 0 0 0 1 0 1 0 0 0 0 0 1 1 1 1 0 0 1 0 1 1 1 1 1 1 1 1 0 0 0 1 1 75 0 0 0 1 0 0 0 0 1 1 1 0 0 1 0 1 1 1 1 1 1 0 1 1 0 1 0 0 1 0 1 0 0 1 1 0 1 1 0 0 1 1 1 1 1 1 1 1 1 1 0 0 0 1 0 1 0 0 1 0 1 1 1 1 1 0 1 0 0 1 0 1 0 1 0 1 1 0 1 0 1 1 0 1 0 1 1 0 
1 0 1 0 1 1 0 0 1 1 0 0 1 1 1 0 1 1 0 0 0 1 0 1 0 1 1 0 0 1 0 1 1 0 1 0 0 0 1 0 1 0 1 1 1 0 1 1 1 1 1 0 1 1 1 0 1 1 0 1 1 1 0 1 1 0 1 0 0 0 0 0 0 0 1 0 0 1 0 1 1 0 1 1 0 1 1 0 0 1 1 0 1 1 1 1 0 1 1 1 0 0 0 0 0 0 0 0 0 0 0 0 1 0 1 1 1 1 0 0 77 1 1 1 1 0 1 0 0 1 0 0 1 1 1 0 0 1 0 0 1 0 0 0 0 1 0 1 0 0 0 0 0 1 0 0 1 0 0 0 0 0 1 0 0 0 0 1 0 1 1 1 0 1 1 0 0 1 1 0 0 0 1 1 1 1 0 1 0 0 1 1 1 0 1 0 0 1 1 0 0 1 0 0 1 1 1 1 
0 0 1 1 0 1 1 1 1 0 1 1 0 0 0 1 0 1 0 0 1 1 1 1 1 1 0 0 1 1 1 1 1 1 0 1 1 0 1 1 1 1 1 0 1 1 0 1 0 1 1 1 0 1 0 1 0 0 1 0 0 1 1 0 0 1 0 0 0 1 1 0 0 0 0 0 0 0 0 0 1 1 1 1 0 0 1 0 0 0 1 1 0 1 1 0 1 1 0 0 1 0 0 1 0 0 1 1 1 1 0 0 1 0 0 1 1 1 1 0 1 72 0 1 1 0 1 1 1 1 1 1 0 0 0 1 1 1 0 1 0 1 1 0 0 1 1 0 1 0 1 1 1 1 0 0 1 1 0 1 0 0 1 1 1 0 0 1 0 1 1 1 1 1 1 1 0 1 1 0 1 0 0 1 1 0 0 1 1 1 0 1 0 1 1 0 1 1 1 0 1 0 0 0 1 0 0 1 
0 1 0 0 0 0 1 0 1 0 1 0 1 0 1 1 1 1 0 1 1 1 1 1 1 1 1 1 0 1 0 1 0 0 0 0 0 0 1 0 1 0 0 1 0 0 0 0 1 1 1 0 0 0 0 1 1 0 1 1 0 0 1 0 0 0 0 1 1 1 0 1 1 0 1 1 0 0 1 0 0 1 1 1 0 1 0 1 0 0 1 0 1 0 1 0 0 0 1 0 1 1 0 0 1 0 1 0 1 0 0 0 0 0 0 1 1 1 0 0 1 1 0 0 0 0 0 0 0 0 0 0 0 0 0 0 0 1 0 1 1 1 1 0 1 1 1 0 0 1 1 1 0 0 1 0 0 1 1 1 1 1 1 1 0 1 0 1 1 0 0 0 0 0 0 0 0 0 0 1 0 1 0 0 1 0 0 0 0 0 1 0 1 1 1 0 1 1 0 1 0 0 0 0 1 1 1 1 
1 0 0 0 1 1 0 0 0 1 0 0 1 1 0 0 1 0 1 1 1 1 1 1 0 0 0 1 0 1 0 1 1 0 0 1 0 1 1 1 1 1 1 0 1 0 0 1 1 0 1 0 0 0 0 1 1 1 0 1 0 0 0 1 0 1 0 1 0 0 1 0 0 1 1 0 0 1 1 1 1 0 1 0 1 0 0 1 0 1 1 1 0 0 0 0 0 1 0 1 0 0 1 0 1 0 1 1 1 0 1 1 0 0 0 0 0 0 1 0 0 1 0 49 1 0 0 0 1 1 0 1 0 1 0 0 0 0 1 1 0 1 0 0 1 1 1 0 1 1 1 0 0 1 0 1 1 0 1 0 1 1 0 1 0 1 1 1 1 0 1 0 1 1 0 0 1 0 1 1 1 1 1 1 1 1 1 0 0 1 0 1 0 0 1 1 1 1 1 0 1 1 1 1 1 0 1 0 
0 0 1 1 0 1 0 1 1 0 1 0 1 0 0 0 1 0 0 0 0 1 1 0 1 1 1 0 1 1 1 0 1 1 1 0 1 0 1 0 0 0 0 1 0 1 0 1 1 1 0 0 1 1 1 1 0 1 0 1 1 0 0 0 0 0 0 1 0 1 1 0 0 0 0 0 1 0 1 0 1 0 0 1 1 0 1 0 0 0 1 1 1 0 1 1 0 1 1 0 1 0 0 1 1 0 0 0 1 0 1 0 0 0 0 1 1 0 0 1 1 0 0 1 14 1 1 1 0 0 0 0 1 1 1 1 1 0 1 0 0 1 0 1 1 1 0 1 1 1 0 0 1 1 0 0 1 1 1 1 0 1 1 1 0 1 1 1 1 0 0 0 1 1 1 0 0 0 1 0 0 0 1 1 0 0 0 0 0 0 1 1 0 0 0 1 0 1 1 1 0 0 0 1 1 0 1 1 
0 0 1 1 1 0 0 1 1 1 0 1 1 1 1 0 0 1 0 1 0 1 0 0 0 1 0 0 0 1 1 1 1 0 1 0 0 1 0 1 1 1 1 1 0 0 0 0 0 0 1 1 0 0 1 1 0 1 1 1 1 1 0 0 0 1 1 0 0 0 1 1 0 0 0 1 1 0 1 0 0 0 0 1 0 0 0 0 1 0 0 0 0 1 0 1 1 1 0 1 1 0 0 1 1 1 0 0 1 0 0 1 1 1 0 1 0 0 1 1 0 0 0 0 0 23 0 1 1 1 0 0 1 1 1 1 1 0 0 1 1 1 0 1 0 1 0 0 0 0 0 0 1 1 0 1 1 1 1 1 0 0 0 1 1 0 1 0 0 1 1 1 0 1 0 1 0 1 0 0 0 1 0 1 0 0 0 0 0 0 1 0 1 1 0 0 0 0 0 0 0 1 0 0 0 1 1 1 
0 0 1 1 0 1 0 0 0 1 1 1 1 1 1 0 0 0 1 0 1 0 0 1 1 0 1 0 1 0 1 0 0 0 1 1 0 0 0 1 0 1 0 1 0 1 0 0 0 1 0 1 1 0 1 0 0 1 1 1 0 0 1 0 0 0 1 0 0 1 1 1 0 0 1 1 1 0 1 0 1 0 0 0 0 1 1 1 1 0 1 1 1 1 0 1 1 0 1 1 0 0 1 1 1 1 0 1 1 0 1 1 0 1 1 1 1 0 0 0 0 1 1 1 1 0 35 0 0 1 0 1 0 0 1 1 1 0 0 1 0 0 1 0 1 1 0 0 0 1 0 0 1 0 0 0 0 1 1 1 0 1 0 1 0 1 1 0 0 1 0 1 0 0 1 0 0 1 1 0 0 1 0 1 0 0 0 1 1 0 0 1 1 1 1 1 1 0 0 0 0 1 1 0 0 1 0 1 
0 1 1 1 1 0 1 1 1 0 1 1 1 0 1 0 0 0 0 1 0 1 1 0 0 0 0 0 1 1 1 1 1 1 0 0 0 1 0 0 0 0 0 1 1 1 1 0 1 0 0 1 0 0 1 1 1 0 1 1 0 0 1 1 0 0 0 1 0 1 0 1 1 1 0 1 0 0 1 0 0 1 1 0 1 1 0 1 0 1 0 0 0 0 1 1 1 0 1 1 0 0 1 1 1 1 0 0 1 0 1 1 0 0 0 0 0 1 0 1 0 1 0 0 0 1 1 8 1 1 0 0 0 0 0 1 1 0 1 1 0 1 1 1 0 0 1 0 0 1 0 1 0 1 0 1 1 0 0 0 0 0 0 0 1 1 0 0 1 1 0 0 1 0 1 0 1 1 0 1 0 1 1 0 0 0 1 0 1 0 0 1 1 0 1 0 0 0 1 0 0 0 0 1 1 1 1 1 
1 0 1 0 0 0 0 1 0 1 1 1 1 0 0 1 1 0 1 1 0 0 1 1 0 0 1 1 0 0 1 0 0 0 0 1 0 1 0 0 1 0 1 0 1 1 0 0 0 1 0 1 1 1 0 1 0 1 1 0 0 1 0 1 0 0 1 0 1 1 1 1 0 0 1 1 0 0 1 0 1 1 1 0 0 0 0 0 1 0 1 0 1 1 0 0 1 1 0 1 1 1 0 0 0 0 0 1 0 0 0 0 1 0 1 0 1 0 0 1 1 1 1 0 1 0 1 0 77 1 1 0 0 1 0 1 0 0 0 0 1 1 1 1 1 0 0 0 0 0 0 1 1 0 0 1 0 0 0 1 0 0 1 1 0 0 1 0 1 0 1 1 0 1 0 0 0 1 1 0 0 1 0 1 0 1 1 0 1 0 1 0 1 1 1 0 1 0 1 0 1 0 0 0 0 1 0 1 
0 0 0 1 1 1 0 0 0 0 1 0 0 1 1 0 0 0 1 0 1 0 1 0 0 0 0 1 1 1 1 0 1 0 1 0 1 0 1 1 0 0 0 0 1 0 1 0 1 1 0 1 0 0 1 1 1 1 0 0 0 1 1 0 1 0 0 0 0 1 1 1 1 0 0 0 1 1 0 1 0 1 0 0 1 1 1 0 0 1 0 1 0 0 0 1 1 0 0 0 1 0 1 0 1 0 0 1 1 0 1 1 0 1 0 0 1 1 1 0 0 0 0 1 0 0 1 0 0 28 1 0 0 1 0 0 1 1 0 0 1 0 1 1 1 0 0 0 1 1 1 0 0 1 0 1 1 1 1 0 0 0 0 0 1 1 0 1 0 1 0 0 1 1 0 1 0 0 1 0 0 1 1 1 0 0 0 0 1 1 1 0 0 0 0 1 1 1 0 0 0 1 1 1 1 1 1 1 
0 0 0 0 0 0 1 0 0 0 1 0 1 0 0 0 1 0 1 1 1 0 0 1 0 1 1 0 0 0 0 0 1 1 0 0 0 1 0 0 1 0 1 0 0 0 0 0 1 1 1 1 0 1 1 0 1 1 0 1 0 1 1 1 0 1 0 0 0 0 0 1 0 0 0 1 0 0 1 0 1 1 1 1 1 1 1 0 0 0 1 1 1 1 1 1 1 0 1 1 0 1 1 0 1 0 0 1 1 0 0 0 1 0 1 0 0 1 0 0 1 1 0 0 0 0 0 1 1 0 41 0 1 0 1 1 0 0 1 1 1 1 0 1 0 0 1 1 0 0 0 1 1 0 0 1 1 1 1 1 1 0 1 0 1 0 1 0 1 0 0 1 1 1 1 1 0 1 1 1 1 1 0 1 0 1 0 0 0 0 0 1 1 0 0 0 0 0 0 0 0 1 0 1 1 1 1 1 
1 1 1 0 1 0 1 0 1 1 0 0 1 0 1 1 0 0 0 0 0 0 0 1 0 0 0 0 0 1 1 1 0 0 0 0 0 0 1 0 0 1 0 0 1 1 1 1 1 0 0 1 0 1 0 1 1 1 1 1 1 0 1 0 1 1 0 0 0 0 1 0 1 1 0 0 0 1 0 1 1 1 0 0 0 1 0 1 1 1 0 0 0 0 0 0 0 0 1 0 0 1 1 0 1 0 0 0 1 0 1 1 1 0 0 1 0 1 0 1 0 0 1 1 0 1 1 1 1 1 0 72 1 0 0 1 1 0 1 0 1 0 0 0 1 0 0 1 1 0 0 0 0 0 0 0 0 1 0 0 0 0 1 0 0 1 1 1 0 0 1 1 1 1 0 0 1 1 1 0 1 0 0 1 0 0 1 1 1 0 0 1 0 1 0 1 0 1 1 1 1 0 1 0 1 1 1 1 
1 0 0 1 1 0 1 1 0 0 1 1 1 1 1 1 0 1 1 0 0 1 1 1 0 1 1 0 0 1 1 1 0 1 0 0 0 0 0 0 1 1 0 0 1 0 0 0 1 1 0 0 0 1 1 0 1 1 0 1 0 0 1 0 1 1 1 1 0 1 1 1 0 1 1 0 0 1 1 1 0 0 0 1 0 0 0 1 0 1 1 1 0 1 0 0 0 1 1 0 1 1 0 1 0 0 1 1 1 1 0 0 0 1 0 1 1 0 1 1 0 1 0 1 1 1 1 0 1 1 1 0 22 1 0 1 1 0 0 1 1 1 1 0 1 0 1 0 1 1 0 1 1 0 0 1 1 0 0 1 1 1 0 1 1 1 0 0 1 1 0 1 1 1 0 0 0 1 0 0 1 0 1 1 0 0 1 1 1 1 1 0 1 1 1 0 0 1 1 0 0 1 0 1 1 1 1 1 
1 1 1 0 1 0 0 0 0 0 0 1 1 0 0 1 1 0 1 1 0 1 1 1 1 0 1 1 0 0 0 1 1 1 1 1 1 1 0 0 0 1 1 0 0 1 0 0 0 0 1 0 0 0 1 0 0 1 0 0 1 0 1 1 1 1 1 0 1 0 0 0 1 0 0 1 0 0 0 0 0 1 1 0 0 1 1 0 1 0 0 1 1 1 1 0 1 1 1 0 1 0 1 0 1 1 1 1 1 1 0 0 0 0 1 1 1 0 1 1 0 0 1 0 0 1 0 0 1 1 1 0 0 57 1 1 1 0 1 1 1 0 0 0 0 0 0 1 0 1 1 0 1 1 0 1 1 1 0 0 0 1 1 0 0 0 1 0 0 1 0 0 1 0 1 1 1 1 0 0 1 1 0 0 0 1 1 1 0 1 0 0 1 0 1 0 1 1 0 0 0 1 0 1 1 0 0 1 
1 0 1 1 1 0 0 0 0 0 1 1 1 1 0 1 1 1 1 1 1 0 1 1 1 1 0 1 0 1 1 0 0 0 1 0 1 0 0 1 0 0 0 0 0 1 1 1 0 0 1 1 0 1 1 1 1 1 0 0 1 0 1 1 0 1 1 0 0 1 0 1 0 0 1 0 0 1 1 0 0 0 1 1 0 1 1 0 0 0 1 1 0 0 0 1 1 1 0 1 0 1 0 1 1 1 0 1 1 1 1 1 0 1 1 1 0 1 0 1 0 1 0 0 1 1 1 1 1 1 0 0 0 0 50 1 1 0 1 1 0 1 0 0 1 1 1 1 1 1 1 1 1 0 0 0 0 1 1 1 1 1 0 1 1 0 1 0 1 0 0 1 0 1 1 0 1 0 0 1 0 1 0 1 1 1 0 1 1 0 1 1 1 1 0 1 1 0 0 0 1 0 0 0 1 1 1 0 
0 0 0 1 1 0 1 1 1 1 1 1 1 0 1 1 1 0 1 1 0 0 0 0 0 1 0 1 1 0 0 1 0 0 0 0 0 1 1 0 0 0 1 0 0 0 1 1 1 1 0 1 1 1 1 0 1 1 1 1 1 1 0 1 1 0 1 1 1 0 1 1 0 1 0 0 0 1 0 1 1 0 0 1 1 1 1 0 0 1 1 1 1 0 1 1 1 0 1 1 1 0 0 1 1 0 1 0 1 1 0 1 1 1 0 1 0 1 0 0 1 1 0 1 0 1 0 0 1 1 0 0 1 1 1 77 1 1 0 1 0 1 0 0 0 1 0 1 0 0 1 0 1 0 0 1 1 0 0 0 0 0 0 1 0 1 1 1 0 1 0 1 1 0 0 1 1 0 0 1 1 1 0 1 1 0 1 0 0 0 0 1 1 1 1 1 1 0 0 0 0 1 1 1 1 0 0 1 
1 0 0 0 1 0 0 1 1 1 1 1 0 1 0 0 1 1 0 1 0 1 1 0 0 1 0 0 1 1 0 0 1 0 0 0 0 1 0 0 1 0 0 0 1 1 0 1 0 0 1 1 1 0 0 0 1 1 0 1 1 0 0 1 1 1 0 1 0 0 1 1 0 0 1 0 1 1 1 0 1 1 1 1 0 1 1 1 1 1 1 0 1 0 1 0 1 0 1 0 1 1 1 1 1 0 0 1 1 1 0 1 1 1 1 1 1 1 0 0 0 0 0 0 1 1 0 0 0 1 1 1 1 0 1 0 39 1 0 1 1 1 1 0 0 1 0 0 0 1 0 1 1 0 0 0 0 0 1 0 1 1 0 0 0 0 0 0 0 1 0 0 1 0 1 0 1 1 0 0 0 1 0 1 1 0 1 1 1 0 0 1 1 1 1 0 0 1 1 0 1 0 0 0 0 0 0 1 
0 0 1 1 0 1 1 1 0 1 0 0 0 1 0 0 1 1 1 1 0 1 0 0 1 0 1 0 0 0 0 0 1 0 0 1 0 1 1 1 0 1 0 1 1 1 1 0 1 0 0 0 0 1 1 1 1 1 0 1 0 1 0 0 0 1 0 0 0 1 1 0 0 1 1 1 1 0 1 0 1 1 0 0 0 1 0 0 1 1 1 0 1 0 0 0 0 1 1 1 1 1 1 0 1 1 0 1 0 1 1 0 0 0 0 1 1 1 0 0 0 1 1 1 1 1 0 1 0 0 1 1 1 1 1 0 0 84 1 0 1 1 0 1 0 0 0 0 0 1 1 1 1 0 1 0 0 0 0 0 1 0 1 1 1 1 0 0 0 1 1 0 0 1 0 1 1 1 1 0 0 1 1 0 1 0 0 1 0 1 1 1 1 0 1 0 0 1 1 0 0 0 0 1 0 1 1 1 
1 1 1 1 0 1 0 0 1 0 0 0 0 0 1 1 1 0 1 1 1 0 1 0 1 0 1 0 1 0 0 1 1 1 0 1 0 1 1 1 0 0 1 0 0 1 0 0 0 1 0 0 0 1 0 0 1 1 0 1 1 1 0 0 1 1 0 1 1 0 1 1 0 0 1 1 1 1 0 0 1 0 1 1 0 1 1 0 1 0 0 0 1 1 1 1 1 1 0 0 0 1 1 0 1 0 0 1 0 0 1 0 0 1 0 0 1 1 0 1 1 1 1 1 0 0 1 1 0 0 0 1 1 1 1 0 1 0 6 1 0 0 0 0 0 0 1 1 0 0 1 1 0 1 0 1 0 0 1 0 1 1 1 0 1 0 1 1 0 0 1 0 0 0 0 1 1 0 0 0 1 0 1 0 0 0 0 0 1 0 0 1 1 0 1 0 1 1 1 1 0 1 0 1 1 1 0 1 
0 0 1 0 0 0 0 0 0 0 0 1 1 0 0 0 0 1 1 0 1 0 1 1 0 0 0 0 0 1 1 1 0 1 0 0 1 1 0 1 1 0 1 0 1 1 1 0 0 1 1 0 1 0 0 1 1 1 0 1 1 0 0 0 0 0 0 0 1 1 0 1 1 1 0 0 0 1 0 0 1 1 1 0 0 1 0 0 1 0 1 0 1 1 1 0 0 1 0 0 1 1 0 0 0 0 0 0 1 1 0 1 0 1 0 0 1 1 1 1 0 1 1 1 1 0 1 0 1 1 0 1 0 1 0 1 0 0 0 6 0 1 0 0 0 1 1 0 1 1 0 0 0 1 1 1 0 0 1 1 1 0 1 0 0 0 1 0 1 0 1 0 0 1 0 1 1 1 0 0 0 1 1 1 1 0 0 1 1 0 1 1 1 0 0 1 0 0 1 0 1 0 1 1 0 1 1 1 
1 1 0 0 1 1 0 1 0 0 1 0 0 1 0 0 1 0 0 1 1 0 0 0 1 1 1 0 0 1 1 0 0 0 0 0 0 0 0 1 0 0 0 1 1 1 1 1 1 1 0 0 1 1 0 0 1 0 1 1 1 0 1 0 1 1 1 0 1 0 0 0 0 1 1 0 1 0 0 1 1 0 0 1 0 1 1 0 0 1 1 0 1 1 1 1 1 0 0 0 0 0 0 0 0 1 1 1 0 0 0 0 0 0 1 0 1 0 0 1 0 1 1 0 0 1 0 1 0 1 0 0 0 1 0 1 1 1 0 0 35 0 0 0 1 1 0 1 0 0 1 1 0 1 1 1 0 0 0 1 0 1 0 0 0 1 1 1 1 0 0 0 1 0 0 0 0 1 0 1 0 0 0 1 1 0 0 0 1 1 1 1 0 1 1 0 1 0 1 0 1 0 1 1 0 0 1 0 
1 1 1 0 1 1 1 0 0 0 0 1 0 1 1 1 1 0 1 0 0 1 1 0 1 1 0 1 1 0 0 1 0 0 0 0 1 0 0 0 0 1 0 1 0 0 0 1 0 1 0 1 1 0 1 1 0 0 0 1 1 1 0 0 1 1 1 0 1 1 1 1 1 0 1 0 0 1 1 1 1 0 1 0 0 1 1 1 1 0 0 1 0 0 0 1 1 0 0 0 1 1 0 1 0 0 1 0 0 1 0 1 1 0 1 1 1 0 1 0 1 1 0 0 0 0 0 0 1 0 1 1 0 1 1 1 1 0 0 0 0 62 1 1 1 1 0 1 0 1 0 1 1 0 0 0 1 0 0 1 1 0 0 0 0 1 1 0 1 1 0 1 1 0 0 0 0 1 1 0 0 1 0 0 0 0 1 0 0 1 1 1 1 0 0 1 0 0 0 1 1 0 0 1 0 1 0 0 
1 0 0 0 0 0 0 0 1 1 0 1 0 1 1 1 0 0 0 0 0 1 1 1 0 0 0 0 0 1 1 1 1 0 0 1 1 0 1 1 0 1 0 1 0 0 1 1 0 0 0 0 1 1 1 0 1 0 1 0 1 1 1 1 1 0 1 0 0 1 0 0 0 1 0 1 0 0 1 0 1 1 1 0 0 0 0 0 0 1 1 0 1 0 1 0 0 0 1 1 0 0 0 1 1 1 0 0 0 1 0 1 1 0 0 0 1 1 1 0 1 0 0 0 1 1 1 0 0 1 1 0 1 1 0 1 1 1 1 1 0 1 31 1 0 1 0 1 1 0 1 1 0 0 0 0 1 1 0 1 0 0 1 0 0 0 0 0 0 0 1 0 1 0 1 0 0 1 0 1 0 0 1 0 1 0 1 0 0 1 1 0 0 0 1 1 0 1 0 0 0 1 1 1 1 0 0 1 
1 0 1 1 1 0 1 0 1 1 1 0 0 1 0 0 1 0 1 0 1 0 1 0 0 0 1 1 1 0 1 0 1 0 1 1 1 1 0 1 0 1 1 1 1 1 0 1 1 0 0 0 0 0 0 0 1 0 1 1 0 0 0 1 0 0 1 1 0 0 1 1 1 1 1 0 1 1 1 0 1 1 1 0 0 0 0 1 1 1 0 0 1 0 0 1 1 1 0 1 1 0 0 1 0 0 1 1 1 0 0 1 1 0 1 1 1 0 1 0 1 0 1 0 1 1 0 1 0 1 1 0 0 0 0 0 1 1 0 0 1 0 1 37 1 0 1 0 0 1 0 0 1 0 0 1 0 1 0 0 1 0 0 1 0 1 0 0 0 1 0 1 1 1 0 1 0 1 1 0 0 1 1 1 1 0 0 1 0 1 0 0 0 0 0 0 0 0 0 1 0 1 0 0 0 1 1 1 
1 1 0 1 0 1 0 0 0 1 1 0 1 1 0 0 1 1 1 0 0 1 1 1 0 1 0 0 0 1 0 1 0 1 1 0 0 0 1 1 1 1 0 1 1 0 1 1 0 0 1 0 0 0 0 1 1 1 0 0 1 1 0 1 1 1 0 1 0 1 1 1 0 0 1 0 1 0 1 0 1 1 0 1 1 0 0 1 1 1 0 1 0 1 1 1 1 1 0 0 0 1 0 1 0 0 1 0 1 0 1 0 0 0 0 1 0 1 0 1 1 0 1 0 0 0 1 0 1 0 1 1 1 1 1 1 1 1 0 0 0 0 1 1 25 0 0 1 0 0 0 1 0 1 0 1 0 0 0 1 1 1 0 1 1 0 0 1 0 1 1 0 0 1 0 0 0 1 1 0 1 1 0 0 0 1 0 1 0 1 0 1 1 1 1 1 1 0 1 1 0 0 1 1 1 0 0 1 
0 0 0 1 0 0 0 1 1 1 0 0 0 1 1 0 1 1 1 0 1 1 1 0 1 0 1 0 1 1 0 0 1 0 0 0 0 1 0 0 0 1 0 0 0 0 1 0 1 0 0 1 1 1 0 0 1 0 0 1 0 0 1 1 1 1 0 0 0 0 0 1 1 0 0 1 1 0 1 0 1 0 1 0 0 0 1 1 1 1 1 0 0 0 1 0 0 1 1 1 0 0 0 0 0 1 0 0 0 1 1 1 1 1 0 1 1 0 0 0 1 1 1 1 0 1 1 1 0 1 0 1 0 1 1 0 1 0 1 0 0 1 0 1 1 7 1 1 1 1 0 1 0 0 0 1 1 1 1 0 0 0 1 0 0 1 1 1 0 1 1 1 1 1 1 1 0 0 1 1 1 1 1 0 1 0 0 0 1 1 1 1 1 0 1 1 1 0 0 1 0 0 1 0 1 1 1 0 
0 0 1 1 1 0 1 0 0 0 0 1 0 1 0 1 1 0 0 0 1 1 0 1 0 1 0 0 0 1 1 1 1 0 0 0 1 0 1 0 0 1 1 1 1 0 1 0 0 0 1 1 0 1 0 0 1 0 1 0 0 0 0 1 0 0 0 1 1 1 1 1 1 0 0 0 0 0 0 1 1 0 1 0 0 0 1 0 0 0 0 0 1 1 0 0 0 0 0 1 0 0 0 1 1 1 1 1 0 1 0 0 0 1 1 0 0 0 0 0 1 1 1 0 0 1 0 1 0 0 1 0 1 0 1 0 1 0 1 1 0 0 1 1 1 0 12 1 1 0 0 0 0 0 0 0 0 0 0 1 1 1 0 0 1 1 1 0 1 0 0 0 0 0 1 0 1 0 0 1 1 1 0 0 1 1 1 0 1 0 1 1 0 0 0 1 0 1 1 0 0 1 1 0 0 1 0 0 
1 0 0 0 0 1 1 0 1 0 0 0 1 0 0 1 0 0 1 0 0 0 1 0 0 0 1 1 1 0 1 1 1 0 1 0 1 0 1 1 1 1 0 0 1 0 1 1 0 0 1 0 1 0 1 0 0 1 0 0 0 1 1 0 1 1 0 1 1 0 0 1 1 0 1 1 0 0 1 0 0 1 1 0 0 0 0 0 1 1 1 1 1 1 1 0 0 0 1 0 0 0 1 0 0 0 1 1 0 1 0 1 1 0 0 0 0 1 0 1 0 0 1 1 1 0 0 1 1 1 1 0 1 1 0 1 1 0 1 1 1 1 0 1 1 1 0 91 0 0 0 1 1 1 0 0 1 1 1 1 0 0 1 0 1 1 1 1 1 1 0 0 0 1 1 1 0 1 1 0 1 0 0 1 0 0 1 0 1 1 0 0 0 0 0 1 1 0 1 0 1 0 1 0 0 1 1 0 
1 0 0 0 0 1 0 1 1 0 1 0 1 0 0 1 0 1 0 1 0 1 0 0 0 1 0 1 0 0 1 1 0 1 0 0 0 0 1 1 0 0 1 0 1 1 1 1 1 1 1 1 0 0 0 1 1 0 0 0 1 1 1 0 1 1 1 0 1 0 1 0 1 0 1 0 1 1 1 1 1 0 0 1 1 1 0 0 0 1 0 1 1 0 0 0 0 0 1 1 1 1 1 1 0 1 1 1 0 1 1 0 1 1 0 0 1 1 1 0 0 0 1 1 0 0 0 0 1 0 1 0 1 1 0 0 0 1 0 1 0 0 0 1 0 0 1 1 71 1 0 1 1 0 0 0 0 0 0 1 1 0 1 1 1 1 1 0 0 1 1 0 0 0 1 0 1 0 1 1 1 0 1 1 0 1 0 1 1 0 0 0 1 1 1 1 0 0 1 1 0 0 1 0 1 0 1 0 
0 0 0 1 0 1 1 1 1 1 0 0 1 0 1 1 1 0 1 0 1 0 0 1 1 1 0 1 1 0 0 0 0 1 0 0 1 0 0 1 1 1 0 0 0 1 0 0 0 0 1 0 1 1 1 1 0 1 0 0 1 0 0 0 0 1 0 0 1 1 1 1 1 0 1 0 0 1 0 0 1 0 1 1 1 0 0 0 0 1 0 1 0 0 0 0 1 1 0 1 0 0 0 1 0 1 0 0 0 1 0 1 0 0 1 0 1 0 1 0 1 0 1 0 1 0 1 1 0 0 1 0 1 1 1 0 0 0 1 1 1 0 1 0 1 0 1 0 1 90 0 0 1 1 0 0 1 0 1 1 1 0 0 0 0 1 0 1 0 1 1 0 0 1 0 1 1 1 0 0 0 1 1 1 0 1 0 1 0 1 0 1 0 0 1 0 1 0 0 0 0 0 0 0 1 1 0 0 
1 0 1 1 1 0 1 1 1 0 1 0 1 1 0 0 1 1 0 1 0 0 0 0 0 1 1 1 0 1 0 0 0 1 1 1 1 1 1 0 1 1 0 1 0 0 1 1 1 1 1 0 0 0 0 0 1 0 0 0 0 0 1 0 0 0 0 0 0 0 0 1 0 0 0 0 0 0 0 0 0 0 1 1 0 0 0 1 1 1 0 0 0 1 0 0 1 0 1 0 0 1 1 1 0 0 0 1 0 1 1 1 1 0 1 1 1 0 0 0 1 0 0 1 1 1 1 1 0 0 0 1 1 1 1 0 1 1 1 1 1 0 1 0 0 0 1 0 0 1 46 1 1 1 0 1 1 0 0 1 1 0 1 1 1 1 1 0 0 0 0 0 0 1 1 0 0 0 1 1 1 1 0 0 0 0 0 0 0 0 1 1 1 0 0 1 0 0 1 1 1 1 0 1 0 1 0 0 
0 0 1 1 1 0 0 0 0 1 0 1 0 0 0 0 1 1 0 1 0 1 0 1 1 1 1 0 1 0 1 0 0 1 1 0 1 1 0 1 1 1 0 1 1 0 1 1 0 1 1 0 0 1 0 1 0 1 1 0 1 1 0 0 1 0 0 1 1 0 1 1 0 0 0 0 0 1 0 1 1 1 0 1 1 0 1 1 1 1 0 0 0 0 0 0 1 0 1 0 0 1 0 1 0 1 1 0 0 0 1 1 1 1 1 1 0 1 0 1 0 0 0 1 1 0 0 1 0 1 1 1 1 1 0 0 0 0 0 0 1 1 0 0 0 1 0 0 0 1 0 40 0 1 1 1 1 1 0 1 0 0 0 0 1 1 0 1 1 0 0 1 0 0 0 0 1 1 1 0 1 1 0 0 0 0 0 0 0 1 1 0 0 0 1 0 1 1 1 0 0 1 1 0 1 1 1 1 
0 1 1 1 1 1 1 0 0 0 0 1 1 0 1 1 1 1 1 0 0 0 1 0 0 0 1 1 0 1 1 0 0 0 0 1 1 0 1 1 1 0 0 1 1 0 1 0 0 1 0 1 0 0 0 1 1 1 0 0 1 1 0 1 0 1 0 0 1 0 0 1 0 0 1 0 1 1 1 0 0 0 0 0 0 0 1 0 0 0 1 0 1 1 1 1 0 0 1 0 0 1 1 0 1 0 0 0 1 0 0 1 1 1 0 0 0 0 1 0 0 1 0 1 0 1 1 1 0 0 0 0 1 0 1 1 0 1 0 0 0 1 0 1 1 1 0 1 0 0 0 0 56 0 1 0 1 1 1 1 1 0 0 1 1 1 0 1 0 0 0 0 0 1 1 0 0 0 1 1 0 1 0 0 0 1 1 0 1 0 1 0 1 0 0 1 1 1 1 0 1 0 0 1 0 1 1 0 
0 0 1 0 1 0 0 1 0 0 1 1 0 1 1 0 0 0 1 0 1 1 1 0 0 1 0 1 1 1 1 0 0 1 1 1 0 0 0 1 1 1 1 1 1 1 0 1 0 0 1 0 1 1 1 1 0 0 0 1 1 1 1 1 0 0 0 1 1 1 1 0 0 0 1 0 0 1 0 1 0 0 0 1 1 0 1 1 0 1 1 0 0 1 1 1 0 1 0 0 0 1 1 1 1 1 1 0 0 0 0 1 1 1 1 0 1 1 1 0 0 0 1 0 1 0 0 0 1 1 1 0 1 0 0 0 0 1 0 0 1 1 0 0 1 0 1 1 0 0 1 1 1 10 1 0 1 0 0 0 0 0 1 1 1 0 0 0 1 0 0 1 1 0 1 1 1 1 1 1 1 1 0 0 1 0 1 0 0 0 1 0 0 0 1 1 1 1 1 1 0 1 0 1 1 0 1 0 
1 0 0 0 0 0 0 1 1 0 0 1 1 1 1 1 1 1 0 1 1 1 1 1 0 0 0 1 1 0 1 1 1 1 0 1 1 1 0 0 0 1 0 1 1 0 1 0 0 0 0 1 1 1 0 1 1 1 1 1 0 0 1 1 0 1 0 1 0 0 1 1 1 0 1 0 0 0 0 0 0 1 1 1 1 0 1 0 1 0 0 0 0 1 0 0 0 1 0 1 0 0 1 1 0 1 0 1 0 1 0 0 0 1 1 1 1 0 0 0 0 0 1 0 1 1 1 1 0 0 1 1 1 1 0 0 0 1 1 1 1 1 1 1 1 0 1 0 1 0 0 1 1 1 69 1 0 0 1 1 0 0 1 1 1 1 1 0 0 0 1 0 0 0 0 0 1 0 0 1 0 1 1 1 1 0 0 0 1 1 0 1 0 1 1 1 0 1 0 0 0 1 0 0 0 1 0 1 
0 0 1 0 1 1 0 1 1 0 0 1 0 1 0 0 1 0 1 1 0 0 1 0 0 0 0 1 1 1 0 1 1 0 0 0 1 0 0 1 1 0 1 0 0 1 1 1 0 1 0 0 0 1 0 0 1 1 0 0 0 0 0 1 0 1 0 1 1 1 0 1 0 1 0 0 1 1 0 1 1 1 1 1 1 1 0 1 1 1 1 1 1 1 1 1 1 0 1 0 1 1 1 0 1 0 1 1 0 0 1 1 1 1 0 0 0 1 0 0 0 1 0 0 1 0 0 1 1 1 0 1 0 1 1 0 1 1 0 1 1 1 0 0 1 0 1 0 1 1 1 1 1 0 1 9 1 1 1 1 1 1 1 1 0 1 1 1 0 0 0 0 0 0 1 1 1 0 0 0 1 1 0 1 0 1 1 0 1 0 1 1 0 1 1 0 1 1 1 0 0 0 1 1 1 1 1 1 
1 1 0 1 0 1 1 0 0 0 1 0 1 0 0 1 0 1 0 1 1 1 0 1 0 1 1 0 1 1 0 0 1 0 0 0 0 0 1 0 0 1 1 1 1 0 0 1 0 1 0 1 1 1 0 1 0 1 1 1 0 0 1 0 0 0 1 1 0 0 0 0 1 0 1 1 1 0 1 0 1 0 0 0 0 0 1 1 0 0 0 0 0 0 0 1 0 0 1 1 0 0 0 0 0 0 1 1 0 0 0 0 1 1 1 0 1 0 1 0 0 0 1 1 1 1 1 1 1 1 1 0 1 0 0 0 0 0 0 1 0 0 1 0 0 0 1 1 0 0 1 0 1 1 1 0 44 0 1 1 1 0 0 1 1 0 1 1 1 1 0 1 1 1 0 1 1 0 1 1 1 0 1 0 0 1 0 1 0 0 1 1 1 1 1 0 0 0 0 1 1 0 0 1 1 0 1 1 
1 1 0 1 1 1 1 1 1 0 1 0 1 0 1 0 0 1 0 1 0 0 1 1 0 1 0 0 1 1 1 1 1 1 0 0 0 1 1 0 0 0 0 0 0 0 0 1 1 1 0 0 1 1 0 1 1 1 0 0 1 0 1 0 0 0 0 0 1 1 1 0 0 1 0 0 1 1 0 1 1 0 0 1 1 1 1 1 1 0 0 0 1 0 0 1 1 0 1 1 0 0 0 0 0 1 1 1 0 0 1 0 1 1 1 0 0 0 0 1 1 0 1 0 0 0 1 0 1 0 1 1 1 1 0 1 0 0 0 0 1 0 1 0 0 1 1 1 1 1 1 0 1 0 0 1 0 64 1 1 1 1 0 0 1 1 1 0 0 0 1 0 0 0 1 1 0 1 1 1 1 1 1 1 0 0 0 0 0 0 0 0 0 0 0 1 0 0 0 0 0 0 1 0 0 1 1 1 
0 1 0 0 0 1 0 1 1 1 1 0 0 0 1 0 0 1 1 0 0 1 1 1 0 1 1 1 0 1 1 0 1 0 1 0 0 1 0 1 0 1 0 1 1 1 1 1 1 1 1 0 0 0 1 0 1 1 1 0 0 1 0 0 0 1 0 0 0 1 1 1 1 1 0 1 0 0 0 1 1 0 1 1 1 0 0 1 0 0 1 1 1 0 1 0 1 0 0 0 1 1 0 0 1 0 1 0 0 0 0 1 1 1 1 0 0 1 1 1 0 0 0 1 0 1 1 0 1 0 1 1 0 0 1 0 0 1 0 1 1 0 0 0 1 0 1 1 1 0 1 0 1 0 0 0 0 1 91 0 1 1 1 0 0 1 1 1 1 0 1 0 1 0 1 0 1 0 1 1 1 0 0 0 0 0 0 1 1 0 0 1 0 0 0 1 0 1 1 0 1 1 1 1 1 1 0 0 
0 0 0 0 1 0 1 0 1 1 1 0 0 0 0 1 1 1 1 1 1 0 1 0 1 0 1 0 0 0 0 1 0 1 0 1 1 1 0 0 0 0 1 1 1 1 0 0 1 0 0 0 0 1 1 0 1 0 0 1 0 1 0 0 0 0 1 0 0 0 1 1 1 0 1 0 0 1 1 0 1 0 0 1 0 1 0 1 0 0 1 1 0 0 1 0 0 0 1 0 0 0 1 1 0 1 0 0 1 0 0 0 1 1 1 1 0 1 1 0 1 1 1 1 0 1 0 0 1 1 0 0 1 0 1 1 0 1 1 1 1 1 0 1 0 1 1 0 1 0 1 1 1 1 1 1 0 1 1 17 1 0 1 0 0 1 1 1 0 1 0 0 0 0 1 1 0 1 0 1 0 1 1 1 0 0 1 1 0 0 1 1 1 0 0 1 1 0 0 0 0 0 1 1 0 0 1 0 
1 1 0 1 0 1 1 0 0 1 1 0 1 0 0 1 1 0 0 1 0 0 1 1 0 1 1 1 0 1 0 0 0 0 0 0 1 0 0 0 0 1 1 0 1 1 0 1 1 1 1 0 0 0 1 1 0 0 1 0 0 0 1 1 0 1 0 0 0 0 0 1 0 1 0 1 1 1 1 1 0 1 0 1 0 0 1 1 1 1 1 1 1 1 0 1 0 0 0 1 1 0 1 0 0 1 1 1 0 0 0 0 0 0 1 1 1 1 0 0 0 0 0 1 1 1 0 0 0 0 1 1 1 1 1 0 1 0 1 0 1 1 1 0 1 0 0 0 0 1 1 1 1 0 1 0 1 0 1 0 33 1 0 1 1 1 1 0 0 1 0 1 1 1 0 0 0 1 0 0 1 1 1 1 0 0 0 0 1 1 0 1 0 1 1 1 0 0 0 1 0 0 0 0 1 0 1 0 
1 1 1 1 0 0 1 0 1 1 1 0 1 0 1 1 1 0 1 1 1 0 1 1 1 0 1 0 1 1 0 0 0 1 0 0 0 0 1 1 0 0 0 0 0 1 1 0 1 0 1 1 1 1 1 0 1 0 0 0 0 1 1 0 1 0 0 1 0 1 1 1 1 0 0 0 0 0 0 1 0 1 0 1 1 0 0 1 1 1 1 0 1 0 0 1 0 1 0 1 1 1 1 1 1 1 0 0 0 1 1 1 1 0 1 0 1 1 1 1 1 0 1 1 1 1 0 0 1 0 1 0 1 1 1 1 1 0 1 1 1 0 1 1 0 0 1 0 1 1 1 0 1 1 1 1 0 0 1 0 0 87 1 1 1 0 0 1 0 0 0 0 1 1 1 1 0 0 1 1 0 0 1 0 0 1 1 0 0 1 1 0 1 0 0 1 0 1 0 1 0 1 1 0 0 0 1 0 
0 0 1 1 0 1 0 0 1 1 0 0 0 0 1 1 0 0 0 0 1 1 0 0 1 0 0 0 0 0 0 1 0 0 1 1 1 1 1 1 0 1 0 1 0 0 0 1 1 1 1 1 1 0 0 1 0 0 0 0 1 1 0 1 0 0 1 1 0 1 1 1 0 0 1 1 1 0 0 1 0 0 0 0 1 1 0 0 0 1 0 1 0 0 1 0 1 1 0 0 0 1 0 0 1 0 0 0 0 1 1 0 0 0 0 0 0 0 0 1 1 1 0 0 0 1 0 0 0 0 1 1 0 0 0 0 0 1 1 1 1 0 0 0 1 0 1 1 0 0 0 0 0 0 0 0 0 0 0 0 0 0 36 1 1 0 0 0 1 1 1 0 0 1 1 0 0 0 0 1 1 1 0 0 0 0 1 0 1 1 1 1 1 0 0 0 0 0 1 1 1 1 0 1 1 1 0 1 
0 1 1 0 0 1 1 0 0 1 0 1 0 1 1 1 0 0 0 1 1 1 0 1 1 1 1 1 0 0 0 0 1 0 0 0 1 0 0 1 0 1 0 0 1 1 0 1 0 0 1 1 0 0 0 1 0 0 0 0 1 0 1 1 0 1 0 1 1 0 0 1 0 1 0 0 1 0 1 1 1 1 0 1 1 1 0 0 0 1 0 0 0 1 0 1 0 1 0 0 1 1 0 0 1 1 1 0 0 0 1 1 1 0 1 0 1 0 0 0 0 1 1 0 0 1 0 0 0 1 0 0 1 1 0 1 1 1 1 0 0 1 1 1 1 1 1 0 1 0 1 1 1 1 0 0 0 1 1 0 1 1 1 74 1 0 0 0 0 0 0 0 0 0 1 0 0 1 0 0 1 1 1 0 0 0 1 0 1 1 0 1 0 1 0 1 0 0 1 0 1 0 1 0 0 0 1 1 
0 1 1 1 1 0 1 1 1 1 1 1 0 1 0 1 1 0 1 0 1 0 1 1 1 1 0 1 1 0 0 0 0 1 1 0 0 1 0 1 1 0 1 0 0 0 0 1 1 0 1 0 1 1 1 0 0 1 0 1 0 0 0 1 0 0 0 1 0 0 0 1 1 1 0 0 1 1 1 0 1 0 0 1 1 1 1 0 0 1 1 1 1 1 0 1 1 1 0 1 1 1 0 0 1 0 1 0 1 1 1 0 1 0 1 1 0 1 0 0 0 1 0 0 1 0 0 0 0 1 1 1 1 0 0 1 1 0 0 0 1 1 1 0 1 1 1 1 1 1 1 1 0 0 1 0 1 1 1 1 0 1 1 1 33 1 1 1 0 0 0 0 1 1 0 1 0 1 1 1 0 1 0 0 1 1 1 1 1 0 1 1 0 1 1 0 1 0 1 1 1 0 1 1 0 0 1 0 
0 0 1 1 0 1 0 1 0 0 1 0 1 0 0 0 1 1 1 0 0 1 1 1 1 1 0 1 0 1 0 1 1 0 1 1 1 1 1 0 0 1 1 0 0 1 1 0 1 1 0 1 0 1 1 0 1 1 1 0 1 0 0 1 1 0 1 1 0 0 1 0 1 0 0 1 1 0 1 0 0 1 0 0 0 1 0 0 1 1 1 0 0 0 0 1 1 1 0 0 0 0 1 1 0 0 1 1 0 0 1 0 0 0 1 1 1 1 0 0 0 1 0 0 1 0 0 1 0 1 0 0 0 1 1 0 1 0 1 1 0 0 0 1 1 1 1 1 1 1 0 1 0 1 1 0 0 0 1 1 0 1 0 0 0 78 1 1 1 1 1 1 0 0 0 1 0 0 0 0 0 1 1 0 1 1 0 1 1 1 0 1 0 1 0 0 0 1 0 1 1 1 1 1 0 0 0 1 
0 0 0 0 0 1 1 0 1 1 0 0 1 0 1 1 0 1 0 1 0 0 1 1 1 1 0 0 1 0 1 0 0 1 1 0 1 0 0 0 0 0 0 1 0 1 1 0 1 0 1 1 0 1 1 1 0 1 0 0 1 0 1 1 0 0 1 0 0 1 0 0 1 1 1 0 1 0 0 1 0 1 0 1 0 0 1 0 0 0 0 0 1 0 0 1 0 1 0 1 1 0 0 1 0 1 0 1 1 0 1 0 0 1 1 1 1 0 0 0 1 1 0 1 0 0 1 1 1 1 0 1 1 0 0 0 0 1 1 1 1 1 0 0 0 1 1 0 1 0 0 1 1 1 1 1 0 1 1 0 0 0 0 1 0 1 21 1 1 0 0 0 0 0 1 0 1 0 1 0 0 0 1 0 1 0 1 0 0 1 0 1 0 1 1 0 1 0 0 1 1 1 0 1 1 0 0 0 
0 0 1 1 1 0 0 1 1 0 0 1 1 1 1 0 0 0 0 1 1 0 1 1 1 1 1 1 1 1 0 0 1 0 0 1 1 0 0 1 1 1 1 1 1 0 1 0 1 0 1 1 0 0 1 1 1 0 0 1 1 1 1 1 1 1 1 0 0 1 0 1 0 0 1 1 1 1 1 1 0 0 1 0 0 0 0 0 0 0 1 0 0 1 0 0 1 1 0 1 1 1 0 1 0 1 0 0 1 1 0 1 0 1 1 1 1 0 0 0 1 0 1 0 0 0 0 0 1 0 0 0 0 1 0 1 0 1 0 1 0 1 0 0 0 0 0 0 0 1 0 1 0 0 0 1 1 1 1 1 1 1 1 1 1 0 0 45 1 0 0 1 0 0 1 1 0 0 1 1 1 0 1 1 0 0 0 0 1 0 0 1 1 0 0 0 0 1 1 0 0 1 1 0 1 1 1 1 
1 1 0 0 1 1 0 1 0 1 0 1 1 1 0 0 1 0 1 1 1 1 1 1 0 1 1 1 0 0 0 1 1 1 0 1 1 1 1 1 0 1 0 0 1 1 1 1 1 1 1 0 0 0 0 0 1 1 1 1 0 1 1 0 1 0 0 1 0 0 0 0 1 0 0 0 1 1 1 1 0 0 1 1 0 1 0 0 1 0 0 1 1 0 0 1 0 1 0 1 1 1 0 1 1 1 1 0 1 1 1 1 0 1 1 1 0 0 1 0 1 1 0 1 0 0 0 0 1 1 0 0 0 0 0 1 1 0 0 1 0 0 1 1 1 1 0 0 1 0 1 1 1 1 0 1 0 0 0 0 0 0 1 0 0 0 0 0 2 1 0 1 0 1 0 1 0 0 1 1 0 1 0 0 0 0 0 1 0 0 0 0 0 1 1 1 0 1 0 0 0 1 1 1 1 1 1 1 
1 1 1 0 1 0 1 1 0 1 1 1 0 0 0 1 0 1 0 1 1 1 0 0 0 0 1 1 0 1 0 0 1 0 0 1 0 0 0 0 0 0 1 1 0 1 0 1 1 0 1 1 0 1 1 0 0 1 1 0 1 1 1 1 1 0 1 1 0 0 0 0 1 1 1 1 1 0 1 0 1 1 1 0 0 0 1 0 1 1 1 0 1 0 0 0 0 1 0 0 0 0 1 1 0 1 1 1 1 1 0 0 0 1 0 0 1 0 1 0 0 0 0 1 1 0 0 1 1 1 1 0 0 1 1 0 0 1 1 1 1 0 0 1 1 0 1 1 0 1 1 1 0 1 1 1 0 1 1 1 0 0 1 0 1 0 0 1 1 69 1 1 1 0 1 1 0 0 1 1 0 0 1 1 0 1 1 0 1 1 0 0 1 0 1 0 0 0 1 0 1 0 0 1 0 1 1 1 
0 0 0 0 1 1 1 1 0 0 1 1 0 0 0 1 1 0 1 0 0 0 1 1 1 1 1 1 1 1 0 0 0 0 1 1 0 1 0 1 0 0 1 1 0 1 0 1 0 1 0 1 1 0 1 0 1 0 0 0 1 0 1 1 1 1 0 0 0 1 1 0 1 1 0 0 1 0 0 1 1 1 1 0 1 0 1 0 1 1 1 1 1 1 1 1 1 1 0 0 1 0 0 0 0 0 1 0 0 0 0 0 1 0 1 0 1 0 0 0 1 0 1 0 1 1 0 1 1 0 0 0 1 1 1 1 1 1 0 1 0 0 1 0 0 0 1 0 0 1 0 0 1 1 1 1 0 1 0 1 1 0 1 1 1 1 0 0 0 0 40 1 1 0 1 1 1 1 0 0 0 0 1 1 1 1 0 0 0 1 1 1 0 0 0 1 0 1 1 1 0 0 0 0 0 0 0 1 
1 1 1 0 1 0 1 0 0 1 0 1 1 0 1 0 1 0 1 1 1 0 1 1 1 0 0 1 0 0 0 1 1 1 0 1 0 1 1 0 0 1 0 1 0 0 1 0 1 0 1 1 0 1 0 1 0 0 0 0 1 0 0 0 0 0 0 0 1 1 1 0 1 1 1 0 0 0 0 1 1 0 1 0 1 1 0 1 1 1 0 0 1 0 1 0 1 0 1 0 0 1 1 1 1 1 1 0 1 1 0 0 0 1 1 0 0 0 0 1 0 0 1 1 0 0 0 0 0 0 0 0 1 0 1 0 1 0 0 1 1 0 1 0 1 1 0 1 1 0 0 1 1 1 1 0 0 0 1 0 1 0 1 1 0 0 1 0 1 1 0 3 0 0 1 0 1 1 0 0 1 1 0 0 0 0 1 1 1 1 0 1 0 0 1 0 1 0 1 0 0 1 0 0 1 1 0 0 
0 0 0 1 1 0 1 1 1 1 1 0 0 0 0 1 0 0 0 0 0 1 0 1 0 0 0 1 0 0 0 1 1 1 1 1 0 0 1 0 1 1 1 1 1 0 1 0 1 0 1 0 0 1 1 1 1 1 0 1 1 0 1 1 1 1 0 1 0 0 1 0 0 0 1 1 1 1 0 1 1 0 0 0 0 1 0 1 1 0 0 1 0 0 0 1 1 0 0 1 1 1 0 1 0 1 1 0 0 1 0 0 1 1 1 1 1 1 0 0 1 1 1 1 0 1 1 1 0 1 1 0 1 0 0 1 1 0 0 1 1 0 0 1 0 0 1 0 0 0 0 0 1 1 0 0 0 1 1 0 0 1 1 1 0 1 0 0 0 1 1 0 66 1 1 0 1 0 1 0 1 0 1 1 1 1 1 0 0 0 1 1 1 0 0 0 0 0 0 1 0 0 0 1 1 1 0 0 
1 1 1 1 0 0 1 1 0 1 0 1 0 0 0 1 0 1 0 0 1 1 1 0 0 1 1 1 0 1 1 0 0 1 1 0 1 1 0 1 1 1 1 0 0 0 0 0 1 0 1 1 0 1 0 1 1 1 0 1 0 0 1 0 1 0 1 1 1 0 1 0 1 1 0 1 0 0 1 0 0 1 0 0 0 1 0 0 0 1 0 1 0 0 0 0 0 0 1 0 1 1 1 0 1 1 0 0 0 1 1 0 0 0 1 0 0 1 1 1 1 0 1 0 1 0 0 0 0 0 0 1 1 1 1 0 0 0 1 0 0 1 0 1 1 1 0 0 1 0 1 0 0 1 1 0 1 1 0 0 1 0 0 0 1 0 1 0 1 1 1 0 1 67 1 1 1 1 0 1 0 0 0 0 0 1 1 1 0 1 1 0 1 1 1 0 1 1 1 1 0 1 0 0 1 1 0 1 
1 1 1 0 1 1 0 1 0 1 1 1 1 0 1 0 0 0 1 0 1 0 1 1 0 1 1 0 1 0 1 0 0 1 0 0 0 1 0 0 1 0 0 0 0 1 0 0 1 0 0 1 0 1 0 0 0 1 1 0 1 0 1 0 0 0 1 1 1 0 1 1 0 1 1 0 1 1 1 0 0 1 1 1 0 0 1 0 1 1 1 0 0 1 0 1 0 0 0 0 1 1 1 1 1 0 0 0 0 1 1 0 1 1 0 1 1 0 0 1 1 1 0 1 1 1 0 1 1 0 1 1 1 0 0 0 0 1 0 1 1 1 1 0 0 0 1 1 1 0 1 1 0 1 1 1 1 1 1 0 0 0 1 0 0 1 0 1 1 0 0 0 1 0 56 0 1 0 0 0 1 1 1 1 0 0 1 0 1 1 1 1 1 1 1 1 0 0 0 1 0 1 0 1 1 0 0 1 
0 1 1 1 1 1 1 0 0 0 0 1 1 1 0 1 0 1 0 1 1 1 0 1 1 1 0 1 1 1 1 1 1 1 0 0 0 1 1 0 1 0 0 0 1 1 0 0 0 1 1 0 1 0 0 0 0 1 1 1 0 0 0 0 1 1 1 1 1 0 1 0 1 0 1 0 1 1 1 0 1 1 1 0 1 0 1 1 1 0 0 1 1 0 1 0 1 1 0 0 0 1 0 0 0 0 0 1 1 1 0 0 1 0 1 0 1 0 1 1 1 0 1 0 0 0 1 0 0 1 1 0 0 0 1 0 0 1 1 0 1 0 1 1 1 0 1 0 1 1 0 0 1 0 1 1 1 1 1 1 1 1 1 0 1 1 0 0 1 1 0 0 1 1 0 37 1 0 0 1 0 1 1 0 1 1 0 0 1 1 1 0 0 1 1 1 1 0 1 0 0 0 0 1 0 0 1 0 
1 1 0 1 0 0 1 1 1 1 1 1 1 1 1 1 1 1 0 0 0 1 1 0 1 0 1 0 0 1 0 0 1 1 0 1 0 1 1 0 0 0 1 1 0 0 1 1 1 1 0 0 1 1 1 0 0 0 1 0 0 0 0 0 0 0 1 1 0 0 0 0 0 1 0 0 0 0 1 1 1 0 0 1 0 1 0 1 1 1 0 1 1 1 1 1 0 0 0 0 0 0 0 0 0 1 1 0 0 0 1 1 0 0 0 0 1 1 0 0 1 0 1 1 1 1 0 1 0 1 0 1 0 1 0 0 1 0 1 0 1 1 1 1 1 0 0 1 1 0 1 1 0 1 1 0 1 0 1 0 1 1 1 0 0 1 1 0 0 1 1 1 0 0 1 0 96 0 1 1 0 0 0 0 0 0 1 0 0 1 1 0 0 1 0 1 0 1 0 1 1 1 0 1 1 1 1 1 
0 0 1 0 1 0 1 1 0 0 1 1 0 0 1 0 0 0 1 1 0 1 1 0 0 1 0 1 1 0 0 1 0 1 1 0 0 0 1 1 1 1 1 1 0 0 1 1 0 1 1 1 0 0 1 1 1 0 1 0 1 1 0 0 1 0 0 1 1 0 0 1 0 1 0 1 1 0 0 1 1 0 0 0 0 0 1 1 1 0 0 0 0 0 1 0 0 1 1 0 0 0 1 1 0 0 1 0 0 1 0 1 1 1 0 0 0 1 0 0 0 1 1 1 0 1 1 0 1 1 1 0 0 0 0 0 1 0 0 1 0 1 1 1 1 0 0 0 1 0 1 1 1 1 0 1 1 1 0 0 1 0 1 0 0 0 1 1 0 0 0 0 1 1 0 1 0 21 1 1 0 0 1 1 1 1 1 1 1 0 0 0 0 1 0 1 1 0 1 0 1 0 0 0 1 1 1 1 
1 1 0 1 0 0 0 0 1 0 1 0 1 1 1 0 1 0 0 0 0 0 1 0 0 0 1 0 1 1 1 0 0 1 1 1 0 1 0 1 1 1 0 0 0 1 1 1 1 0 0 1 1 1 0 1 1 0 0 0 1 1 0 0 0 1 0 1 1 0 1 0 0 0 1 0 1 0 1 1 1 1 0 0 0 1 1 1 0 1 0 0 1 0 0 0 1 0 1 1 0 0 1 1 1 0 1 1 0 0 0 0 1 0 1 0 1 0 0 0 1 0 0 1 0 0 0 0 1 1 0 1 1 0 1 1 0 1 0 0 0 1 0 1 1 1 0 0 1 0 0 1 0 0 1 1 1 0 0 1 1 0 0 0 1 0 0 0 0 1 1 1 0 0 0 1 0 1 11 0 0 1 1 0 1 1 0 0 0 0 0 0 0 0 1 1 0 0 0 0 1 1 1 1 0 0 0 1 
0 1 0 1 1 1 0 0 0 0 0 0 1 0 1 0 0 1 1 1 0 0 0 1 1 0 1 1 0 1 0 0 0 1 0 0 0 1 0 0 0 0 1 1 1 1 0 1 1 1 1 0 1 0 1 0 0 0 1 1 1 0 0 1 1 0 1 1 0 0 1 1 0 0 1 1 0 1 1 1 0 1 0 0 1 0 1 0 0 0 0 0 1 0 1 1 1 1 0 1 0 1 1 0 1 0 0 0 0 1 1 0 0 1 1 0 0 1 1 0 1 0 1 0 0 0 0 0 0 1 1 1 0 0 0 1 1 0 1 0 1 1 1 1 0 0 1 1 0 1 0 1 0 0 1 1 1 0 0 1 0 1 1 0 1 0 1 0 1 0 0 0 1 0 0 0 1 1 1 49 1 0 0 0 0 0 0 1 0 1 0 1 1 0 0 0 1 1 1 1 0 1 1 1 0 1 1 1 
0 0 1 1 1 0 1 0 0 1 1 0 0 1 1 1 1 1 0 0 1 1 1 1 0 1 1 1 1 1 0 1 1 1 1 0 1 1 1 0 1 0 1 0 0 0 0 0 0 1 1 1 1 1 1 1 0 0 1 1 0 0 1 1 1 0 0 0 0 0 1 1 0 1 0 1 1 0 1 1 0 1 0 1 0 0 1 1 0 1 1 0 0 0 0 0 0 1 1 0 1 1 0 0 1 0 1 0 1 1 1 0 0 0 1 1 1 1 1 0 0 0 0 1 1 1 0 1 1 1 0 0 1 0 0 1 1 1 0 1 0 1 1 0 1 1 0 1 0 1 1 0 1 1 1 1 1 0 0 1 1 0 0 1 0 1 1 1 0 1 1 1 0 0 1 1 0 0 0 0 13 0 1 0 0 1 0 1 0 1 1 1 1 1 1 1 1 0 0 0 0 1 1 0 0 0 0 1 
0 1 1 0 0 0 1 1 0 0 1 0 1 0 0 0 0 1 1 0 0 1 0 0 0 1 1 0 1 0 1 0 1 0 0 0 1 0 1 0 1 1 0 0 1 0 0 0 1 0 0 0 0 0 0 0 0 0 1 0 1 1 0 0 0 0 1 0 1 1 1 0 1 0 0 1 0 1 1 0 1 0 0 1 1 0 0 0 0 1 0 0 1 1 1 1 0 1 1 1 1 0 1 0 1 0 0 1 1 0 0 1 1 0 1 1 1 1 1 1 0 1 0 0 0 0 1 0 1 0 0 1 0 1 1 1 0 1 1 0 0 0 1 1 1 1 1 0 0 1 1 1 0 0 0 0 1 1 0 0 1 0 0 1 0 1 0 1 0 1 0 0 0 1 1 1 1 1 0 0 1 3 1 1 1 1 1 1 1 0 1 1 0 0 0 0 0 1 0 0 0 1 1 0 1 0 1 1 
1 1 1 0 0 0 1 0 1 0 0 0 1 0 1 0 1 0 0 1 0 1 0 1 0 0 1 0 1 1 1 0 0 0 1 0 0 1 1 1 0 1 0 0 0 0 1 0 1 0 0 0 1 0 0 1 0 0 0 1 1 0 1 1 1 1 0 0 0 0 1 1 1 1 0 0 0 1 0 0 1 0 1 1 1 1 0 0 0 0 0 1 0 0 1 0 1 0 0 0 0 1 0 0 0 0 1 1 0 0 0 0 1 0 1 0 0 0 0 0 0 1 0 1 1 1 1 1 0 1 0 0 1 1 1 1 0 1 0 0 0 1 1 0 0 0 1 1 0 0 0 1 1 0 1 1 0 0 1 0 1 0 1 0 0 0 0 1 1 0 0 0 1 0 0 1 0 1 0 0 0 1 91 0 0 1 0 0 0 0 0 1 0 0 1 0 0 1 0 1 0 1 1 0 1 0 0 0 
0 1 0 0 1 0 1 1 1 0 1 0 0 0 1 0 1 1 1 0 1 1 0 0 1 1 0 0 0 1 0 1 1 0 0 1 1 1 1 1 1 1 0 0 0 1 0 1 0 1 1 0 1 1 1 1 1 1 0 1 1 0 1 0 0 0 0 0 0 1 1 1 0 1 1 1 1 0 1 0 1 1 0 0 1 0 0 0 1 0 0 1 1 1 1 0 0 0 1 1 0 1 0 0 0 0 1 1 0 1 1 1 0 0 1 0 1 1 1 1 1 0 0 1 1 0 0 0 1 0 0 1 0 0 1 1 0 0 1 1 1 0 0 0 1 1 1 0 0 1 0 0 0 0 0 1 0 1 1 0 1 0 1 1 0 1 0 0 0 1 1 0 1 1 1 1 0 1 0 1 1 0 0 17 1 1 0 0 1 1 0 0 1 1 0 1 0 1 1 1 0 0 1 0 0 0 0 0 
0 1 0 0 0 0 0 1 0 0 1 0 0 0 0 1 1 0 1 1 1 0 1 1 0 1 0 0 0 0 1 0 0 0 0 1 0 0 0 1 0 0 1 0 1 1 1 0 1 1 0 0 0 0 0 1 0 1 0 1 1 1 0 1 0 0 1 0 0 1 1 1 1 0 0 1 1 1 0 1 0 1 0 0 1 1 1 1 0 1 0 0 1 1 1 1 0 0 0 1 1 0 0 0 1 0 1 0 0 1 1 0 0 1 0 1 0 0 1 0 1 1 0 1 0 0 0 1 0 1 1 1 0 1 1 0 0 1 1 1 1 1 0 0 1 0 0 1 0 1 1 1 0 1 0 1 0 0 1 1 1 1 1 0 0 0 0 1 1 0 0 0 0 0 1 1 0 1 1 0 0 0 1 1 40 0 0 1 0 1 0 0 1 0 0 0 1 0 1 1 1 1 1 0 0 1 1 0 
1 1 0 1 0 0 0 0 1 1 1 0 0 1 1 1 1 0 0 1 0 0 1 1 1 1 0 1 0 1 1 1 1 1 1 1 0 1 0 0 1 0 1 0 0 1 1 1 1 1 1 1 1 0 0 0 1 1 0 0 0 0 0 0 1 0 0 0 0 1 0 1 0 0 0 1 0 1 1 0 0 0 1 0 0 0 1 0 0 0 0 0 1 1 0 1 0 0 1 1 1 0 0 1 1 1 0 1 1 0 0 1 1 0 1 1 0 1 0 0 0 1 1 0 1 0 0 0 0 1 0 1 0 1 0 0 1 0 1 1 0 0 0 1 0 0 1 0 0 0 0 1 1 1 1 1 1 1 0 0 1 0 0 1 0 1 1 1 1 0 0 1 0 1 0 0 0 1 1 1 1 1 0 1 1 85 1 0 1 1 0 0 0 1 1 0 1 0 1 1 0 1 0 1 1 1 0 0 
0 0 0 1 0 1 1 1 0 0 0 0 0 1 1 0 0 1 1 0 0 0 0 1 0 0 1 1 1 1 1 1 0 0 1 0 0 1 0 0 1 0 1 0 1 0 1 0 0 0 0 1 1 1 0 0 0 0 1 0 0 0 1 0 0 1 0 1 1 1 0 1 0 1 1 0 0 0 1 0 0 1 0 1 0 0 0 0 0 0 0 0 1 1 1 1 0 0 1 0 0 0 1 1 0 1 1 1 0 1 0 0 0 0 1 1 0 0 1 0 0 1 0 1 1 0 0 1 0 1 1 1 0 0 0 0 1 0 0 1 1 0 1 0 0 0 1 1 1 1 1 1 1 0 0 0 0 1 0 1 0 1 1 1 0 1 0 1 1 1 0 1 1 0 0 0 0 1 0 1 0 0 0 1 0 1 36 0 0 0 1 1 0 1 0 0 1 1 1 1 1 0 1 0 1 1 1 1 
0 1 0 1 0 0 1 1 1 0 1 1 0 0 0 0 0 1 0 0 0 0 0 1 1 0 1 0 1 1 0 1 0 0 1 0 0 0 1 0 0 0 1 1 1 0 1 0 0 1 0 1 1 0 1 1 1 0 0 1 0 1 1 1 1 0 0 1 0 1 1 1 0 0 0 0 0 0 1 1 0 0 0 1 0 0 0 1 1 0 0 0 1 0 0 0 0 0 1 1 0 1 0 1 0 1 0 0 0 0 1 1 0 1 0 0 1 1 1 1 0 0 1 1 1 0 1 0 0 1 1 1 1 1 1 0 1 0 1 1 1 0 1 0 1 0 0 0 0 1 1 1 0 0 1 1 1 1 1 0 1 0 0 0 1 1 0 0 1 1 1 1 1 0 0 0 1 1 1 1 0 1 1 1 0 0 1 95 1 1 1 0 0 1 0 1 0 0 1 1 0 1 0 1 0 1 0 0 
0 1 1 0 1 1 1 1 1 1 1 1 1 0 1 1 0 1 1 1 1 1 0 1 1 0 1 1 0 0 0 1 1 1 1 1 0 0 1 0 0 1 0 0 1 1 1 0 1 1 0 1 1 1 0 1 1 1 1 0 1 1 1 0 0 0 0 1 1 0 0 0 1 0 1 1 0 1 0 0 1 0 0 0 0 1 0 1 0 0 0 1 1 0 1 1 0 1 0 0 0 0 1 0 1 1 1 1 1 0 1 1 0 0 1 0 0 1 0 0 0 0 0 1 1 0 1 1 0 0 1 1 0 0 1 1 0 1 1 1 0 1 0 0 1 1 1 1 1 1 0 0 1 1 1 0 0 1 0 1 0 1 1 0 0 1 1 1 1 1 0 1 0 0 0 0 1 1 0 0 1 0 1 1 1 0 1 0 89 0 1 1 1 0 1 1 0 1 1 1 0 1 1 0 1 0 0 0 
1 0 0 1 0 1 0 0 1 1 0 0 0 0 0 0 1 1 0 0 0 1 1 1 1 0 0 0 0 0 0 1 1 0 1 0 1 0 0 1 1 1 1 0 0 1 0 0 1 1 1 0 1 0 1 0 1 0 1 1 1 0 0 0 0 0 1 1 1 1 1 0 1 1 1 1 0 0 0 1 1 1 0 1 0 0 0 0 1 1 1 1 0 0 1 1 1 1 1 0 1 1 0 0 1 1 1 0 1 0 1 0 0 1 0 0 0 0 1 1 1 1 1 0 1 1 1 0 0 0 0 1 1 0 1 1 1 1 1 0 1 1 1 0 1 0 1 1 1 1 1 0 1 1 1 1 0 1 0 1 0 1 1 1 1 1 1 1 0 0 1 0 0 0 0 0 1 0 1 1 0 0 0 1 0 1 1 0 1 5 1 0 0 0 0 0 1 1 1 0 0 1 1 0 1 0 1 0 
0 0 1 0 1 0 0 1 0 1 0 1 1 1 1 1 1 1 0 0 1 1 0 1 1 0 0 1 0 1 1 0 1 0 0 0 0 0 0 0 1 0 0 0 0 1 1 0 1 0 1 0 1 1 0 1 1 1 1 1 1 1 0 1 0 1 0 0 0 0 1 0 1 0 0 0 1 0 0 1 0 1 1 0 0 1 0 1 1 0 1 0 0 1 1 1 0 0 1 1 0 0 0 1 1 0 1 0 0 1 1 0 0 0 0 0 1 1 0 0 1 1 0 0 0 0 1 0 0 1 0 1 0 1 0 0 0 1 0 1 0 0 0 1 0 1 1 0 0 0 0 1 0 0 1 0 0 1 1 1 0 0 1 1 1 0 1 1 1 1 0 0 0 0 1 0 0 1 0 0 0 0 0 0 1 1 1 0 0 1 86 0 0 1 0 0 1 1 1 1 1 0 1 0 0 0 1 0 
0 0 0 0 1 1 0 0 1 1 0 1 0 1 1 1 1 0 1 1 1 0 0 1 1 1 0 0 0 0 1 0 1 0 0 0 0 1 1 1 1 1 0 1 0 1 0 1 0 1 0 0 0 1 1 0 1 0 0 0 1 1 1 1 0 0 0 0 1 0 1 0 1 1 1 1 0 1 0 1 0 0 0 1 0 1 1 1 0 0 0 1 1 0 0 1 1 1 0 1 1 0 1 0 1 1 0 1 0 1 0 0 1 0 1 1 1 1 1 1 1 1 0 1 0 1 1 1 1 0 1 0 0 1 1 1 0 0 0 0 0 0 0 0 1 1 0 0 0 0 1 1 0 1 1 0 0 0 1 0 1 0 1 1 0 1 0 0 0 1 0 0 1 0 0 1 0 1 1 0 1 1 1 1 0 1 0 0 0 1 1 45 0 0 1 1 1 0 1 0 0 1 1 0 1 1 1 1 
0 1 0 1 1 0 0 1 0 1 1 1 0 0 1 1 0 0 1 1 1 1 1 0 1 0 1 0 1 1 1 1 1 1 0 0 0 0 0 0 1 0 0 1 1 0 0 0 1 0 1 1 1 0 1 0 0 1 0 1 0 1 0 0 0 1 1 1 1 0 0 1 1 0 1 0 1 0 1 0 0 1 0 0 0 1 1 1 1 0 0 1 1 1 0 0 1 0 1 1 1 1 0 0 0 0 0 1 1 0 1 0 0 0 1 0 1 0 0 0 1 1 1 0 0 0 1 1 0 0 0 1 0 0 0 0 1 1 1 1 0 0 0 0 0 1 0 1 0 1 1 1 1 0 1 1 0 0 1 0 1 0 1 0 0 1 0 0 1 0 1 1 0 0 1 1 1 1 1 1 1 1 1 0 0 1 0 1 0 1 0 0 77 0 0 0 0 0 0 0 1 0 1 1 0 0 1 0 
1 0 0 0 0 0 0 0 0 0 1 1 0 1 0 0 1 0 0 1 1 0 1 1 1 1 0 0 0 0 0 1 0 0 0 1 0 1 0 0 0 0 1 0 1 0 1 1 1 1 1 0 1 1 1 1 1 1 0 0 0 0 1 1 0 0 1 1 0 0 0 0 1 0 1 1 1 0 1 0 0 0 1 0 0 1 1 0 1 0 1 1 1 1 0 0 0 1 1 1 1 1 1 1 1 0 1 1 0 1 1 0 0 1 1 1 0 1 0 1 0 0 0 1 0 1 0 0 0 0 0 0 0 0 1 0 1 0 1 0 0 1 1 1 1 0 1 1 1 0 0 1 0 0 1 1 0 1 0 1 0 0 1 0 1 1 0 1 1 1 1 1 0 1 1 0 0 1 1 0 1 0 1 1 1 0 1 0 0 1 1 0 0 1 0 1 1 1 0 1 1 0 1 1 1 1 0 0 
0 0 1 0 1 1 0 1 1 0 0 0 1 1 0 0 1 0 1 0 0 1 1 1 0 0 1 1 1 0 0 1 0 1 1 1 1 1 0 0 1 1 0 0 1 1 0 1 1 1 1 0 0 0 0 1 1 0 1 1 1 0 0 1 0 1 0 0 0 1 0 1 0 0 1 1 0 0 1 1 0 1 1 0 0 0 0 1 0 1 0 0 0 0 1 0 0 1 0 0 1 0 0 0 1 1 0 1 0 1 0 0 1 0 0 0 0 0 0 1 0 0 1 0 0 0 0 1 1 1 1 0 1 0 1 1 1 1 0 0 0 1 0 1 0 0 0 0 1 0 1 0 1 0 1 1 1 1 1 1 0 0 1 0 1 0 0 0 1 1 1 1 1 0 0 0 1 0 1 1 1 0 1 0 0 1 1 1 0 1 1 0 0 0 31 1 0 0 1 1 0 1 0 0 1 1 1 1 
1 0 1 0 1 1 1 0 1 0 1 1 0 1 0 0 0 1 0 1 0 1 0 1 0 0 1 0 1 1 0 1 1 1 1 0 1 0 1 1 0 1 0 1 1 0 0 0 0 1 1 1 1 1 1 0 1 0 1 0 1 1 1 1 1 1 0 0 0 0 1 1 1 1 1 1 0 0 1 0 0 0 0 0 1 1 0 1 1 1 1 1 1 0 0 0 1 1 1 1 1 0 1 0 1 0 0 0 0 0 0 1 0 1 0 1 0 1 1 0 1 1 1 1 1 1 1 0 0 0 0 1 0 1 0 1 1 0 0 1 1 1 0 0 1 0 0 0 0 0 0 0 1 1 1 1 1 1 1 1 0 0 0 0 0 1 1 0 1 0 0 0 1 0 0 1 1 0 0 0 0 1 0 0 0 0 0 1 1 0 1 0 0 1 0 60 1 0 1 1 0 0 0 1 0 0 0 1 
1 1 1 0 0 0 0 0 0 1 1 1 1 0 1 1 1 0 1 0 0 0 0 1 0 0 0 1 0 0 0 0 1 0 1 1 0 1 1 1 1 0 0 1 1 0 0 1 0 1 0 0 0 0 1 0 1 0 0 0 1 1 0 1 1 1 0 0 0 0 1 1 1 0 1 1 1 0 1 0 1 0 1 0 1 1 0 1 1 0 1 1 1 0 1 1 1 1 0 0 1 1 1 0 0 0 1 1 0 0 1 1 0 1 1 0 1 0 0 1 1 0 1 1 0 1 0 0 0 0 0 1 1 1 0 1 0 0 0 0 1 1 0 0 0 0 1 1 1 0 1 1 0 1 1 1 0 1 0 0 0 1 1 1 1 1 0 1 0 1 0 0 0 0 0 0 1 0 0 0 0 0 0 1 0 0 1 0 0 0 1 0 0 0 1 1 11 1 0 1 1 0 0 1 0 0 0 1 
0 0 1 0 1 1 1 1 0 1 0 1 0 1 1 0 1 0 1 0 0 0 1 0 0 0 0 1 1 1 0 0 1 1 0 1 0 0 0 1 1 0 0 1 0 0 0 0 1 0 0 0 1 1 1 0 0 0 1 0 0 0 0 1 1 0 1 1 0 0 0 0 1 1 0 0 0 0 1 1 0 1 1 0 1 0 1 1 0 1 0 0 1 1 1 0 0 1 1 1 1 0 1 1 0 0 0 0 1 1 0 1 0 1 1 0 1 0 0 0 0 1 0 1 1 0 1 1 0 0 1 0 1 1 0 0 0 0 1 1 1 1 1 1 1 0 0 1 0 0 0 0 0 0 1 0 1 1 0 0 0 0 0 1 1 1 0 0 0 1 0 0 1 1 0 0 0 1 1 0 1 0 0 1 0 0 1 0 1 0 0 0 0 1 0 0 0 51 0 1 1 1 1 0 0 1 0 0 
1 1 0 1 1 0 0 1 1 1 1 1 1 1 0 1 0 1 1 0 0 0 0 0 0 1 1 1 0 0 1 1 1 1 1 1 1 0 0 1 0 0 1 0 1 0 1 1 1 0 1 1 0 0 1 1 0 1 1 1 1 0 1 1 0 1 1 1 0 0 1 1 0 1 0 1 0 0 0 1 0 0 1 1 0 1 0 0 0 0 0 1 0 1 1 0 1 1 1 1 0 0 1 0 0 1 1 1 1 1 1 1 0 0 0 0 0 0 1 1 0 0 1 1 0 1 0 0 1 1 0 1 1 1 1 0 0 1 0 0 0 1 1 1 1 0 0 1 0 0 0 1 0 0 1 0 1 1 1 1 1 1 1 0 0 0 1 0 1 0 1 0 1 0 0 1 0 1 0 1 1 1 1 0 0 1 1 0 0 0 1 0 1 0 1 0 0 1 5 1 0 0 1 1 1 0 0 0 
1 0 1 1 0 0 0 0 1 1 1 0 0 0 0 0 1 1 1 1 0 0 0 0 1 1 1 0 0 0 0 1 1 0 0 1 1 1 0 0 1 0 0 1 1 0 1 1 0 0 1 0 1 0 1 0 1 1 0 0 1 1 0 1 0 0 1 0 0 0 0 1 0 0 0 1 0 0 0 0 1 0 0 1 0 0 0 0 1 0 0 0 0 1 1 0 1 0 1 1 0 0 1 1 0 0 0 1 1 1 1 1 1 1 0 0 1 0 0 1 0 0 0 1 0 1 1 0 1 0 1 1 1 0 0 0 0 1 1 0 0 1 0 0 0 0 1 1 0 1 1 1 0 0 0 1 1 0 0 1 0 0 1 0 0 1 1 0 1 1 0 0 0 1 0 0 0 0 1 0 1 1 1 0 0 1 0 0 0 0 1 0 0 0 0 0 1 0 1 49 0 0 0 1 0 1 0 0 
0 1 0 0 0 0 0 1 0 1 0 0 1 0 1 0 0 0 0 1 1 1 0 0 0 1 0 1 1 1 1 0 0 1 1 0 1 0 1 0 1 1 0 1 0 0 0 1 1 0 0 1 1 1 0 1 1 0 1 0 0 0 1 0 0 1 1 0 1 0 1 1 1 1 1 0 0 1 0 0 1 0 1 0 1 1 1 1 0 0 1 1 0 1 0 0 0 1 1 1 1 0 1 1 1 1 0 0 1 1 0 0 0 0 0 0 0 1 1 1 0 0 1 1 1 0 1 1 1 0 0 0 0 0 0 0 1 0 1 1 0 0 0 1 0 1 0 0 1 0 1 1 1 0 1 1 1 1 1 1 0 1 1 1 1 0 1 0 1 0 0 0 1 1 1 1 0 0 0 1 0 0 1 1 1 0 1 0 1 1 1 1 0 0 1 1 0 1 1 1 24 1 0 1 1 0 1 0 
0 0 0 0 0 1 0 1 0 0 1 0 0 1 1 0 1 0 0 0 1 0 1 0 1 0 0 0 0 0 0 1 0 0 1 0 1 1 1 1 0 1 1 0 1 0 0 0 0 1 1 0 1 0 0 0 0 0 0 1 1 1 0 0 1 0 0 1 0 0 0 0 0 1 1 0 1 1 0 0 0 1 0 1 1 1 0 1 0 0 1 0 0 0 1 1 0 0 1 1 1 1 1 1 0 1 0 0 0 1 1 1 1 1 1 1 0 0 1 1 0 0 1 0 0 1 0 1 0 0 0 0 1 1 0 0 1 1 0 1 0 0 0 0 0 0 1 0 0 0 0 0 0 1 1 1 1 0 0 1 0 0 0 1 0 0 1 1 0 0 1 1 1 0 1 1 0 0 1 0 1 0 1 1 1 0 1 1 1 0 0 1 1 1 0 1 1 0 0 0 0 99 0 0 0 0 1 1 
1 1 1 0 1 0 0 1 0 1 0 0 0 0 1 0 1 1 0 1 0 1 1 1 0 0 1 0 1 0 1 0 1 0 1 0 1 0 1 1 0 1 0 0 1 0 0 0 0 1 0 0 0 0 0 1 1 0 1 0 0 0 1 1 1 1 0 1 0 0 1 0 0 1 1 0 0 1 0 0 1 0 1 0 1 1 1 1 1 1 1 0 1 0 1 1 0 0 0 1 0 0 0 0 0 1 0 1 1 1 1 0 1 1 0 1 1 0 0 0 1 1 1 1 1 1 1 1 1 0 1 1 1 1 1 0 1 1 0 1 0 1 0 0 0 1 0 1 1 1 0 0 1 1 0 1 1 1 1 1 0 1 0 1 1 0 0 0 0 1 1 1 1 1 0 0 0 0 0 0 0 0 1 0 0 1 1 1 0 0 0 1 1 0 0 1 0 0 1 0 0 0 23 1 0 1 0 1 
0 0 0 1 1 0 1 1 1 0 0 0 0 1 1 1 1 0 1 1 1 1 1 1 0 0 0 1 1 0 0 1 1 0 1 1 1 0 0 0 1 1 1 1 0 0 1 1 0 1 0 0 0 0 0 0 1 0 0 0 0 1 1 0 1 0 1 1 1 0 0 0 0 1 0 1 1 1 1 0 1 0 1 0 1 0 1 1 1 0 0 0 0 1 0 1 0 1 1 1 0 0 1 1 0 1 1 0 0 0 1 0 0 0 1 1 1 1 0 0 0 0 0 0 1 0 0 0 1 1 0 0 0 0 1 1 0 0 0 1 0 0 0 0 1 0 0 0 0 0 0 1 1 0 0 0 1 1 0 0 0 0 1 0 0 1 1 0 1 1 1 1 0 1 0 1 1 0 1 0 0 1 0 1 1 1 0 1 0 0 0 0 1 1 0 0 1 1 0 0 0 0 1 83 0 0 1 1 
0 0 1 0 1 0 0 0 1 0 1 0 1 0 0 1 1 0 0 1 1 1 0 0 1 0 1 1 1 0 0 0 1 1 0 0 0 0 1 0 1 0 0 0 1 0 0 0 1 1 1 0 1 1 1 1 0 0 1 1 1 1 0 0 0 1 0 1 1 0 0 0 1 0 0 1 0 0 1 0 0 1 0 1 1 1 1 1 1 0 0 1 1 1 0 1 1 1 1 1 0 0 0 1 0 1 0 1 1 0 1 1 1 0 1 0 0 0 0 1 1 1 1 0 1 1 1 1 0 0 1 1 0 1 0 0 0 1 0 1 0 1 0 0 0 0 0 0 0 1 0 1 1 0 0 0 0 0 0 0 1 0 0 0 0 1 0 0 1 0 1 1 0 0 0 1 0 0 1 0 0 0 0 0 1 0 1 1 0 0 1 0 0 0 1 0 1 1 0 1 1 1 1 1 24 1 0 1 
0 1 1 0 0 0 1 1 1 0 1 1 1 0 0 0 1 1 0 0 1 0 1 1 0 0 1 1 1 1 0 1 0 0 0 1 0 1 0 1 1 1 0 1 1 1 1 0 0 1 0 1 0 0 0 1 1 1 1 0 0 0 1 1 0 1 1 0 0 0 0 0 1 1 1 1 1 1 1 1 0 0 1 1 0 1 1 1 0 1 1 0 1 1 0 1 1 0 0 0 1 1 0 1 1 1 1 0 1 0 1 1 0 0 1 0 1 0 0 0 0 1 1 1 0 0 1 0 0 1 0 1 0 1 0 0 0 1 0 1 1 1 1 1 1 0 0 0 1 0 0 1 0 1 0 0 1 1 0 0 0 0 1 1 0 0 0 1 1 1 0 0 0 0 0 0 0 1 1 0 1 1 1 0 0 0 0 1 1 1 1 0 1 0 1 1 0 0 0 0 1 1 0 1 1 66 0 0 
0 0 1 0 0 1 1 0 1 0 1 0 0 0 0 1 0 1 0 0 0 1 1 1 0 1 0 0 1 1 1 1 1 1 1 1 1 0 1 1 0 1 1 1 1 1 0 1 0 0 0 0 0 0 0 0 0 0 1 0 0 1 1 1 0 1 0 0 0 0 0 1 1 1 0 0 0 1 1 0 1 0 0 1 0 1 0 1 0 0 0 0 1 0 0 0 0 0 1 0 1 0 0 1 0 0 1 1 1 0 0 1 0 1 1 1 0 0 0 1 0 0 0 1 0 1 0 0 1 1 0 0 1 1 1 1 1 0 0 0 1 1 1 1 1 0 1 1 0 1 1 1 0 0 1 0 0 1 0 1 1 1 1 0 0 1 1 1 1 0 1 1 1 1 0 0 0 0 1 1 0 1 0 0 0 0 1 0 0 0 1 1 1 1 1 0 0 0 1 0 1 0 1 1 0 0 7 0 
1 1 1 1 0 0 1 0 0 0 0 0 0 0 0 1 0 0 1 0 1 1 0 1 0 1 1 1 1 0 1 1 1 1 0 0 0 0 1 1 1 0 1 0 1 0 0 0 1 1 1 1 1 0 0 1 0 0 0 1 1 1 0 0 0 1 0 0 0 1 0 0 1 0 0 0 0 1 0 1 1 1 1 1 1 0 0 1 1 1 0 1 1 1 0 0 0 1 1 1 1 0 1 1 0 1 0 1 1 1 1 1 1 0 1 1 0 0 1 0 0 0 0 0 0 0 0 0 1 1 0 0 1 1 0 0 1 0 1 1 1 0 1 0 0 0 0 0 1 1 1 1 1 0 0 0 1 1 1 1 0 0 0 0 1 0 1 0 0 0 0 1 0 0 0 0 1 0 1 1 1 0 1 1 0 1 1 1 1 1 1 0 0 1 0 1 0 1 0 0 1 0 0 1 1 0 1 30 
