66
33 0 1 0 0 0 0 1 0 0 0 0 0 0 1 0 0 0 0 1 1 0 1 1 1 0 1 1 0 1 0 1 1 0 0 0 1 1 1 0 1 0 1 0 1 0 1 0 0 1 1 1 1 1 0 1 1 0 1 1 0 0 0 1 1 1 
0 38 1 0 1 1 0 1 1 0 0 0 1 1 1 1 0 0 0 1 1 0 0 1 1 0 0 1 0 1 0 0 0 0 0 0 0 1 1 0 0 0 0 0 1 0 1 0 1 1 0 1 0 1 1 0 1 0 1 0 0 0 0 1 0 0 
0 1 50 1 1 0 0 1 1 1 1 1 1 0 0 0 1 0 0 1 1 1 0 0 1 1 1 1 1 0 0 0 0 0 0 0 0 0 1 0 1 1 1 0 1 0 0 1 0 0 0 0 1 0 1 0 1 1 1 0 0 0 1 1 0 0 
1 1 0 16 0 0 0 1 1 1 0 1 0 1 0 0 0 0 1 0 0 0 1 0 1 0 1 1 0 1 1 1 0 0 0 0 0 0 0 0 1 1 1 1 0 0 1 1 1 0 1 1 1 1 1 1 1 1 1 0 1 0 1 1 0 1 
1 0 0 0 35 0 0 1 1 0 0 1 1 0 1 1 0 0 1 0 1 0 1 1 1 1 1 0 1 1 1 0 1 0 1 1 1 0 0 1 0 1 0 0 1 0 0 0 0 1 1 0 1 1 0 1 0 0 1 0 1 1 0 0 1 0 
1 0 1 0 1 32 1 1 0 0 0 0 1 0 0 0 0 0 0 0 1 1 1 1 0 0 0 1 1 1 0 1 0 1 0 0 0 0 0 0 0 0 1 1 1 1 0 1 1 0 0 1 0 0 1 1 0 0 1 1 0 0 0 0 1 1 
0 0 1 0 1 0 43 0 1 0 1 1 0 1 0 1 0 0 1 1 1 0 1 0 1 1 1 0 1 1 0 1 1 1 1 1 0 0 1 0 0 0 0 0 1 0 0 1 0 0 1 0 1 1 0 0 0 1 1 0 0 1 1 1 0 1 
0 1 0 0 1 1 0 19 1 0 0 1 0 0 1 0 1 1 0 0 0 1 0 1 0 1 0 0 0 0 0 0 0 0 0 0 0 0 0 0 1 1 0 0 1 0 1 1 0 0 0 0 0 1 0 0 0 1 0 0 1 0 0 0 1 0 
0 0 1 1 1 0 0 1 54 1 1 0 0 0 0 1 1 0 1 1 1 0 1 0 1 0 1 0 1 0 1 1 0 0 1 1 1 0 1 1 1 0 1 1 1 0 0 0 0 1 0 0 1 1 0 0 0 0 1 1 1 0 0 0 0 0 
1 1 1 1 1 1 0 0 0 95 0 1 0 0 0 0 1 0 0 0 1 1 1 0 0 1 1 0 1 1 1 0 0 0 0 1 0 1 0 1 0 0 0 0 1 0 1 0 0 1 1 0 1 1 0 1 1 0 1 0 1 0 1 1 0 1 
1 1 1 1 1 0 0 0 0 1 47 1 1 0 1 0 0 1 0 1 1 1 1 0 1 0 0 0 0 0 0 0 1 0 0 0 0 1 1 0 1 0 0 0 0 1 1 1 1 0 1 1 1 1 0 1 0 1 1 0 0 0 0 0 0 1 
1 1 0 0 0 1 0 0 1 0 1 81 0 0 1 1 0 1 1 0 1 0 1 0 0 1 1 1 1 0 0 1 1 1 0 0 1 0 1 1 1 1 1 1 0 0 0 0 0 0 0 1 1 0 0 0 1 1 0 0 1 0 0 1 1 1 
1 0 0 1 1 1 0 1 1 0 0 0 12 0 0 1 1 1 1 1 0 1 1 1 0 1 0 1 0 1 0 1 1 1 1 0 0 0 0 1 1 0 0 0 0 0 0 0 0 1 1 0 0 1 1 0 1 0 0 1 0 0 1 1 1 1 
0 0 1 1 0 1 1 1 1 1 1 0 0 47 0 0 1 0 0 0 0 1 0 1 0 1 1 0 0 0 0 1 1 1 1 0 0 0 1 0 0 0 0 0 1 0 0 0 0 1 1 0 0 0 1 0 0 1 0 1 0 1 1 0 0 1 
1 0 1 0 0 0 1 1 0 0 0 1 1 0 22 1 0 0 0 1 0 0 0 0 0 1 0 1 0 0 0 1 0 0 0 0 0 0 0 0 0 1 0 0 0 1 0 0 0 0 0 0 0 0 1 0 0 0 0 0 0 1 1 1 0 1 
0 1 1 0 1 1 0 1 0 1 0 0 0 0 1 71 0 1 0 1 1 1 0 0 0 0 0 1 1 0 0 1 0 0 0 0 0 0 0 1 1 0 0 1 1 1 0 0 0 0 0 0 0 1 0 1 1 1 1 1 0 1 0 1 1 1 
1 1 1 1 0 1 0 0 1 1 1 0 1 0 1 1 20 0 1 1 1 1 1 1 1 0 0 0 0 1 1 0 1 0 0 1 0 1 0 0 1 1 1 1 0 0 1 1 1 1 0 0 1 1 1 1 1 1 1 0 0 0 0 0 1 0 
1 1 0 0 0 0 1 1 1 0 0 0 0 1 1 0 1 86 1 1 0 1 1 0 0 0 1 1 1 0 1 0 0 0 0 1 0 1 1 0 1 1 0 1 1 1 1 0 1 0 1 0 0 0 1 0 0 1 0 0 1 0 0 1 0 0 
1 1 1 1 1 0 0 0 1 1 0 0 1 0 0 1 1 1 31 0 0 0 0 1 0 0 0 0 1 1 1 1 1 1 0 0 0 0 0 1 0 1 1 1 1 0 1 0 0 0 0 0 0 0 1 1 1 0 1 1 1 0 1 1 1 1 
0 1 0 0 0 1 1 0 0 0 0 0 0 1 0 0 1 0 0 82 1 0 1 0 0 0 0 1 1 0 1 0 1 1 0 1 0 1 0 0 1 0 1 1 1 1 0 0 1 1 0 0 1 0 1 0 1 1 0 1 1 1 1 0 0 1 
0 0 0 0 1 0 0 1 1 0 0 0 0 1 0 1 1 0 0 0 92 0 1 1 1 0 0 0 1 0 1 1 1 0 0 0 1 1 1 1 0 1 0 0 1 1 1 1 0 1 0 1 1 0 1 0 0 1 1 1 0 1 1 0 1 1 
1 1 1 1 0 0 1 1 0 0 0 0 0 1 1 0 1 1 1 1 1 59 0 1 1 1 0 1 1 1 0 0 1 1 1 1 1 0 1 0 0 1 0 1 0 0 1 1 1 0 1 0 1 0 1 0 1 0 0 1 1 0 0 1 1 0 
1 0 0 0 0 1 0 0 0 0 1 1 0 1 0 1 0 0 1 1 1 1 81 0 0 1 1 0 1 0 1 0 0 1 1 0 1 1 0 1 1 1 1 1 0 1 1 1 0 1 1 1 0 1 0 1 0 0 0 0 0 0 1 1 0 0 
1 0 1 1 0 1 0 1 1 0 0 0 0 0 0 1 1 0 1 1 0 0 0 31 1 0 1 0 0 1 0 1 1 1 0 0 1 1 1 1 1 1 0 0 1 0 1 0 1 0 0 1 0 1 1 1 1 1 0 0 1 1 0 0 0 0 
1 1 0 0 1 1 0 0 0 0 1 0 0 1 1 0 1 0 0 1 1 0 1 1 33 1 0 0 1 0 1 0 1 0 1 0 0 0 1 0 1 1 1 0 0 0 1 1 1 1 0 1 0 0 0 0 0 1 0 1 1 0 0 1 0 1 
1 0 1 0 0 0 1 1 0 0 1 0 1 1 0 0 1 0 1 1 0 1 0 1 0 75 1 1 0 0 0 0 0 1 1 0 0 1 0 1 1 1 1 0 1 0 1 0 1 1 1 1 0 1 1 0 0 0 1 0 0 1 1 0 0 0 
1 1 0 0 0 1 0 1 1 1 1 0 1 1 0 0 1 0 1 1 1 0 1 1 1 1 27 1 1 0 1 1 1 1 1 0 0 1 1 0 1 0 0 1 0 1 0 1 1 0 1 1 1 1 0 0 0 1 1 0 1 0 0 0 0 0 
1 0 1 1 1 1 0 0 0 0 0 1 0 1 0 1 1 0 0 1 0 0 1 1 0 0 0 98 1 1 0 1 0 1 1 0 0 1 0 0 0 0 1 0 0 0 0 0 0 1 0 1 0 1 1 1 0 1 0 1 1 0 0 0 0 1 
1 0 1 1 1 1 0 0 1 0 1 1 1 1 0 0 0 1 0 1 0 1 0 1 0 0 1 1 22 1 0 0 1 1 0 0 1 0 1 0 1 1 1 0 0 0 0 0 0 1 0 0 0 0 0 0 1 1 1 1 0 0 0 1 1 1 
0 0 0 0 1 0 0 0 0 0 0 1 1 1 1 0 0 0 1 1 0 1 1 1 0 0 0 0 1 38 0 0 1 1 0 0 0 0 1 1 1 0 0 0 1 1 1 1 0 1 1 0 1 1 0 0 0 0 0 0 1 0 0 1 0 0 
1 0 1 0 1 0 0 0 1 1 0 1 0 1 1 0 1 0 0 0 1 0 1 0 0 0 0 1 1 0 10 1 0 0 0 0 0 1 1 0 1 0 1 0 0 1 1 1 1 1 0 1 0 0 1 1 1 1 0 1 1 0 0 1 0 1 
0 1 0 1 1 0 0 0 1 1 0 1 1 1 0 1 0 1 0 0 0 1 1 1 1 0 1 1 0 1 1 78 1 1 1 1 1 0 0 1 0 0 1 1 1 1 1 0 1 0 0 1 0 0 1 0 1 1 0 0 0 0 1 0 1 0 
0 0 1 0 0 0 0 0 0 1 0 0 1 1 0 1 0 0 0 0 1 1 1 0 0 0 1 1 0 1 1 1 15 1 1 0 0 1 0 1 0 0 1 0 1 1 0 0 1 0 1 1 0 0 0 1 1 1 1 0 1 0 0 1 0 0 
0 0 1 1 1 1 1 1 0 0 0 0 1 0 1 1 1 0 0 0 0 0 0 0 1 0 0 1 1 0 1 1 1 22 1 1 1 1 1 1 0 1 1 0 0 0 1 1 1 0 1 0 1 0 0 1 0 0 0 1 1 0 1 0 0 1 
0 0 1 1 1 0 1 1 1 0 1 0 0 1 0 0 0 1 1 0 0 1 0 0 0 1 1 0 1 0 1 0 1 0 86 0 0 1 1 0 1 0 0 0 1 1 1 0 1 1 0 0 0 1 0 0 0 1 1 0 1 1 0 1 0 0 
0 1 1 0 1 1 0 1 1 1 0 1 1 0 1 1 1 0 1 1 0 0 1 1 0 0 1 0 0 1 1 1 0 1 0 25 1 0 0 0 1 0 0 1 1 0 0 1 0 0 0 1 1 1 1 0 0 0 0 0 1 0 0 1 0 0 
0 1 0 1 1 1 1 0 1 1 1 0 0 0 0 1 1 1 1 1 0 1 0 0 0 1 0 1 0 0 0 0 0 1 1 0 60 0 1 1 0 1 1 0 0 0 0 1 0 0 0 0 0 1 0 0 0 0 0 1 1 1 1 1 0 0 
0 1 0 0 1 1 1 0 1 1 1 1 1 0 0 1 0 0 0 0 1 1 1 1 1 0 0 0 1 1 0 1 0 1 1 0 1 41 0 1 1 0 1 1 0 1 1 0 0 1 0 1 0 1 1 1 1 0 1 1 1 1 1 0 0 1 
1 0 1 0 0 1 1 1 1 1 1 1 0 1 1 1 0 0 0 1 1 1 0 1 1 0 1 0 0 0 1 1 0 1 0 1 1 0 51 0 1 1 1 0 1 0 1 0 0 1 0 0 1 1 0 0 0 0 0 1 1 0 0 0 0 0 
1 0 0 1 0 0 0 1 0 1 1 0 0 1 1 0 0 1 1 1 1 0 1 0 0 1 0 1 1 0 1 0 1 0 1 0 1 1 1 63 1 1 0 1 0 0 1 1 1 1 1 0 1 0 0 0 1 1 0 1 0 1 0 1 1 1 
0 1 1 0 0 0 1 0 0 1 1 1 0 0 1 1 0 1 1 0 0 0 1 1 1 0 1 1 0 1 1 0 1 0 1 0 1 0 0 0 73 1 0 0 0 1 1 0 1 0 1 1 1 0 0 1 1 0 1 0 0 1 1 0 0 1 
0 1 1 0 1 1 1 0 1 1 0 0 1 0 1 0 0 0 0 0 1 0 0 1 1 1 1 1 0 0 1 1 1 0 0 0 1 1 1 0 0 93 1 0 0 0 1 0 1 1 1 1 1 1 1 0 1 0 0 0 0 1 1 0 0 0 
1 0 0 0 0 0 0 0 0 1 0 0 0 0 0 1 0 1 0 0 1 0 0 0 1 1 1 0 0 0 1 0 0 1 1 0 1 1 1 0 1 1 25 0 1 1 1 0 1 0 1 1 1 1 1 1 1 0 0 0 0 0 1 0 1 1 
0 0 0 1 1 0 0 0 0 0 0 0 0 0 1 1 0 0 0 1 0 0 1 1 1 0 0 0 1 0 0 1 1 1 0 1 1 0 1 0 0 0 0 6 1 1 0 1 0 1 0 0 0 0 0 0 1 0 0 0 1 1 1 1 0 0 
1 1 1 1 0 1 0 1 0 0 1 0 1 1 0 1 1 1 0 1 1 0 1 1 0 1 1 0 1 0 0 1 1 1 1 1 0 0 0 0 1 1 0 0 99 0 1 1 0 0 0 1 0 0 0 1 0 1 1 0 0 1 0 0 1 0 
1 1 1 0 1 1 1 1 0 1 1 1 0 1 1 1 0 0 1 1 0 1 0 1 0 1 1 1 0 1 1 0 0 0 0 1 0 0 0 1 0 1 0 0 1 68 0 1 0 1 0 1 0 0 0 0 1 1 1 0 1 0 1 1 1 0 
0 1 1 1 1 0 1 1 0 1 0 0 1 1 1 1 1 1 1 0 1 0 0 0 0 1 1 1 0 1 1 0 0 0 1 1 1 0 1 1 0 1 1 1 1 0 65 0 1 1 1 0 0 1 0 0 1 0 1 1 1 0 1 0 0 1 
1 1 1 1 0 0 0 1 1 0 1 1 1 1 1 1 1 1 1 0 0 1 1 1 1 0 0 1 1 1 1 0 0 1 0 1 0 1 0 0 1 1 1 0 1 1 0 37 1 1 1 1 1 0 1 1 1 0 1 0 0 0 0 0 0 0 
0 0 1 1 1 0 1 0 0 1 0 1 1 1 0 1 1 0 0 1 1 0 0 0 0 1 0 0 1 1 1 1 0 0 1 0 1 0 0 0 0 0 0 1 1 0 0 1 73 0 0 0 1 1 0 1 1 1 1 0 1 0 0 0 0 1 
1 1 1 1 1 1 1 1 1 0 0 1 0 0 1 0 0 1 0 0 1 1 1 1 1 1 1 0 0 1 0 0 1 0 0 1 1 1 1 0 0 1 1 1 1 0 0 1 0 62 0 1 1 1 1 1 0 1 0 0 0 0 1 1 0 0 
1 0 1 1 0 0 1 0 1 1 1 1 1 1 1 1 1 1 0 0 1 0 0 0 1 1 0 0 1 1 0 1 0 0 0 0 1 0 0 1 0 1 0 1 1 1 1 0 1 1 60 0 1 0 1 1 0 1 1 0 1 1 1 0 0 1 
0 1 1 0 1 1 0 1 1 1 1 0 1 1 1 0 1 1 1 0 0 1 1 1 0 1 1 1 0 1 1 0 1 1 1 0 0 0 1 1 1 0 0 0 0 0 0 1 0 1 0 25 1 1 0 0 0 0 1 1 1 1 0 0 0 1 
1 1 0 0 1 1 1 1 0 0 1 0 1 0 1 0 1 0 1 0 1 1 0 0 1 0 1 0 1 0 0 1 0 1 0 0 0 0 0 0 1 0 1 0 1 1 1 1 0 0 0 1 71 0 1 1 1 1 1 1 0 1 0 1 0 0 
1 1 1 1 1 1 0 0 0 1 0 0 0 1 1 0 0 1 1 1 0 0 0 0 0 0 0 0 0 1 1 0 1 1 0 0 0 1 1 0 1 0 0 1 1 0 1 0 1 0 1 0 1 79 1 0 0 0 0 1 0 0 0 1 1 0 
1 0 0 0 0 0 1 1 1 0 0 0 0 0 0 1 0 1 0 0 1 1 0 1 0 0 0 1 1 0 0 0 1 1 1 1 1 0 1 0 0 1 0 1 0 0 0 1 0 1 1 0 0 1 90 1 0 1 1 1 1 1 0 1 1 1 
0 0 0 0 0 0 0 0 0 0 0 0 1 0 1 1 0 0 1 1 1 1 0 1 0 0 1 0 0 1 1 0 0 1 0 1 1 0 0 1 0 1 0 1 0 1 1 1 0 0 1 1 0 1 0 0 1 0 0 0 1 0 0 0 0 1 
0 1 1 1 1 1 0 0 1 0 1 1 0 1 0 0 0 0 0 0 1 0 0 0 0 0 0 0 0 1 0 1 1 0 0 1 0 1 0 1 0 0 1 0 0 1 1 1 1 0 1 0 1 0 0 0 28 0 1 1 1 1 0 0 1 0 
0 0 0 1 0 1 1 0 1 0 1 1 0 0 1 1 0 0 1 1 0 1 0 1 1 0 1 1 1 1 0 1 1 0 1 1 1 1 0 0 0 1 0 0 1 1 0 1 1 1 1 0 0 1 0 1 0 59 0 1 1 0 1 1 0 0 
0 1 0 1 1 1 0 0 0 0 0 1 0 1 0 1 1 1 0 0 0 0 0 1 1 0 0 0 1 1 0 0 0 1 1 1 1 0 1 1 1 1 0 0 1 1 1 0 1 1 1 0 0 0 0 0 1 1 71 0 1 1 1 1 0 1 
0 1 1 1 0 0 0 0 1 1 1 1 0 1 0 0 1 1 1 0 1 0 0 0 0 0 1 0 0 1 0 0 0 0 1 1 0 0 1 1 1 0 1 0 0 0 1 0 0 0 0 0 0 1 0 1 1 0 1 35 0 0 1 1 1 0 
1 0 1 1 1 1 0 0 1 0 0 0 1 0 1 1 1 0 1 0 0 1 0 0 0 1 1 1 0 0 1 0 1 0 0 0 0 0 0 1 0 0 0 0 0 1 0 0 1 0 1 1 1 1 0 1 0 1 1 1 57 0 0 0 1 0 
1 1 1 0 1 1 1 0 0 1 0 1 0 0 1 1 1 0 0 0 1 0 1 1 1 0 0 1 1 1 0 0 0 1 0 0 1 0 0 0 0 1 0 1 0 1 0 0 0 0 0 1 1 0 1 1 0 1 1 1 0 18 0 0 0 1 
1 0 1 0 0 1 1 1 1 0 1 0 1 1 1 0 0 1 0 1 1 1 1 1 0 0 0 0 0 0 1 0 0 0 0 1 0 1 1 0 1 0 0 0 1 0 1 0 0 1 0 0 1 0 0 0 1 0 0 0 1 0 65 1 1 0 
0 1 1 1 1 0 0 0 1 1 0 0 1 0 0 0 0 1 1 1 0 1 0 1 0 0 0 1 1 0 1 1 0 1 1 1 1 0 0 1 0 1 0 1 0 0 0 0 0 0 1 1 1 1 0 0 0 0 1 1 0 1 1 74 0 1 
1 1 1 0 1 1 1 0 1 0 1 0 0 1 1 1 0 1 0 0 0 1 0 1 1 0 1 1 0 0 0 1 0 1 1 1 0 0 0 1 0 1 1 0 1 0 1 0 0 0 0 0 0 1 0 0 0 0 1 1 1 1 1 0 94 1 
0 1 0 0 1 0 1 1 1 0 0 1 0 0 1 1 0 0 0 0 0 1 0 0 0 0 0 0 0 0 1 0 1 1 1 0 0 1 0 1 1 1 1 1 1 0 0 1 1 1 1 1 0 1 1 0 0 1 0 1 1 1 0 0 1 19 
