31
1 0 0 0 1 1 0 0 1 1 0 1 0 1 1 0 1 0 1 1 0 0 0 1 1 1 0 1 0 1 0
0 63 1 0 0 1 1 1 1 0 0 0 0 0 0 0 1 0 0 1 1 0 1 0 0 0 1 0 1 0 1
0 0 40 0 1 0 1 1 0 1 0 0 1 0 1 1 0 0 1 1 0 1 0 1 0 1 0 0 0 0 1
0 0 0 50 0 1 1 1 0 1 1 0 0 1 1 1 0 1 1 0 0 0 1 0 1 0 1 0 1 0 1
0 1 1 0 14 0 1 0 1 1 0 0 1 0 1 0 0 1 1 1 1 0 0 1 0 1 0 0 1 0 1
0 1 1 1 1 4 1 0 0 1 1 1 1 1 0 0 0 1 0 1 1 0 0 0 0 0 0 1 0 1 1
1 0 1 0 0 1 37 0 1 0 1 0 0 0 1 1 0 0 1 1 1 1 0 1 0 0 1 0 1 1 0
0 0 1 1 0 1 1 74 0 1 1 0 1 1 1 1 0 1 1 0 1 0 0 1 1 0 0 1 1 1 1
0 0 1 1 1 0 1 1 77 1 0 1 1 1 1 1 0 0 1 1 0 1 1 0 0 1 0 0 0 1 0
0 0 1 0 1 1 1 1 1 11 1 1 0 0 0 1 1 1 0 0 0 0 0 1 0 1 0 0 1 0 1
0 0 0 0 1 0 0 0 0 0 1 0 0 0 0 1 0 0 1 0 1 0 1 0 1 1 1 1 1 0 0
1 1 1 1 1 0 1 0 1 0 1 1 1 1 1 0 1 0 0 1 0 0 1 1 1 0 0 1 0 1 0
1 1 0 0 1 0 0 0 0 0 1 1 1 0 0 1 1 1 1 1 0 1 1 0 1 0 0 1 1 1 0
0 0 0 0 1 0 1 0 1 0 1 0 0 8 1 1 0 0 1 0 1 1 0 0 0 0 1 1 0 1 0
0 1 1 0 0 1 1 0 0 0 0 1 1 1 11 0 0 0 0 0 0 1 1 1 1 0 1 1 1 0 0
1 0 0 1 1 0 1 0 1 1 1 0 0 1 0 8 1 0 1 0 1 0 1 1 0 0 1 1 1 1 1
1 1 0 1 1 0 0 0 0 0 1 0 1 1 1 0 0 0 0 0 0 0 0 0 0 0 1 1 0 1 0
0 1 0 1 1 1 1 0 0 1 0 1 0 0 0 0 0 88 1 1 0 0 0 0 1 0 0 0 1 0 0
0 0 1 0 1 0 1 0 1 1 1 0 1 1 0 0 1 0 0 0 1 1 0 1 0 0 0 0 1 1 0
0 0 0 1 1 1 1 0 1 1 1 0 0 1 1 1 1 1 1 7 0 0 1 0 1 1 1 1 1 0 0
0 0 0 0 1 1 1 1 1 0 0 1 0 1 1 1 1 1 1 1 0 0 1 0 1 0 1 0 1 0 0
0 1 0 1 0 1 0 0 0 1 1 1 1 0 0 0 1 0 0 0 1 8 1 0 1 1 0 1 0 0 1
1 0 1 1 0 1 0 0 0 0 1 0 1 1 1 0 0 0 0 0 0 0 11 1 1 0 0 0 1 1 0
0 0 0 1 0 0 0 1 0 1 1 0 1 0 1 1 0 0 0 0 0 0 0 8 0 1 0 0 0 1 0
1 1 1 0 0 1 0 0 0 1 1 1 0 0 0 1 1 1 0 1 1 0 0 0 0 1 1 0 0 0 0
1 1 1 0 0 1 0 0 1 0 1 0 1 1 1 1 0 0 0 0 1 1 1 0 0 11 1 1 1 0 0
1 0 0 1 0 0 0 1 1 0 0 0 1 0 0 1 1 0 0 0 1 0 1 0 0 1 11 0 1 1 0
1 1 1 1 1 1 0 0 0 0 0 1 0 0 0 0 0 0 0 0 1 1 1 0 1 0 0 1 0 1 0
0 1 1 0 0 0 1 0 1 1 1 1 0 1 0 0 1 0 1 1 0 0 0 0 1 1 1 1 8 1 0
0 1 1 0 1 0 0 0 1 0 1 0 0 0 0 1 0 1 0 1 1 0 1 1 0 0 1 0 0 1 1
1 0 1 0 1 1 0 1 1 0 1 1 0 1 1 0 1 1 1 0 1 1 0 0 0 0 0 0 1 0 8
