20
4 1 1 0 1 0 1 1 0 0 0 1 0 1 1 0 0 1 1 1
1 4 0 1 1 1 0 0 0 0 1 1 1 0 0 0 1 0 1 1
1 0 18 1 0 0 1 1 0 1 0 0 0 0 1 1 1 0 1 0
1 1 1 59 1 0 0 0 0 1 0 1 0 1 1 1 0 1 1 1
0 0 0 1 88 1 1 1 1 1 0 0 0 0 1 0 0 1 0 1
0 1 0 0 0 88 0 1 0 1 1 1 0 0 1 0 0 0 0 0
1 0 0 1 1 1 42 0 1 1 0 1 1 0 0 1 1 1 1 1
0 1 1 0 0 1 0 80 0 1 1 1 0 1 0 1 1 1 0 1
0 1 0 1 1 1 0 0 80 1 0 1 1 0 0 0 1 1 0 0
0 0 0 0 1 0 0 1 1 42 1 0 1 0 0 1 0 0 1 1
0 0 0 0 1 0 0 1 0 0 93 0 0 1 0 0 1 0 0 1
1 0 0 1 0 0 1 0 1 0 1 73 1 1 0 1 1 1 1 0
0 1 0 1 0 1 0 0 1 0 0 0 9 1 1 1 1 1 0 1
1 0 0 1 1 0 0 1 1 0 0 1 0 48 0 0 0 0 0 0
0 1 1 1 0 1 1 0 1 0 1 1 1 0 91 1 1 1 1 1
0 1 0 0 0 1 1 1 1 1 0 0 1 1 0 0 0 1 0 0
0 1 0 1 1 0 1 0 0 0 0 1 0 1 0 0 42 0 1 1
1 0 0 1 0 0 0 1 1 0 1 1 0 1 1 1 1 49 0 1
0 0 0 0 1 1 1 0 0 0 1 1 1 1 1 1 1 0 0 0
0 1 0 0 1 1 0 1 1 0 0 1 1 0 1 1 1 1 0 86
