135
67 0 1 0 0 0 1 0 0 1 1 1 1 0 1 1 1 0 0 0 0 1 0 0 0 1 1 1 1 1 0 1 1 1 0 1 0 0 1 1 1 0 0 0 1 0 0 1 0 0 0 0 1 1 1 1 1 1 0 0 1 0 1 1 1 0 1 1 0 1 0 0 0 0 1 0 1 1 1 1 0 0 0 1 1 0 1 0 0 0 1 0 0 0 0 1 1 0 0 0 1 0 0 0 1 0 0 0 0 0 1 1 1 1 0 1 1 1 1 0 0 0 0 1 1 0 1 0 0 1 0 0 0 1 1 
1 50 1 0 1 0 0 1 1 0 1 1 1 0 1 1 1 0 1 0 0 0 0 0 0 1 1 1 1 1 1 0 0 0 1 1 1 1 1 0 1 0 0 0 1 1 0 0 1 1 0 0 1 0 1 1 1 1 0 1 0 0 0 0 1 0 1 1 1 1 1 1 0 1 1 0 1 1 0 0 1 0 0 1 1 1 0 0 1 0 0 0 0 0 1 1 1 1 0 1 1 0 0 0 1 0 1 0 0 1 1 0 0 0 0 1 1 0 1 1 0 0 0 0 1 0 1 1 0 1 0 0 0 1 1 
1 1 67 0 0 1 1 0 1 0 0 0 1 1 1 1 1 0 1 0 1 1 0 0 0 0 1 1 0 1 1 0 0 1 1 0 0 1 0 0 1 1 1 1 1 1 0 1 1 0 0 1 1 0 1 0 0 0 1 0 1 0 1 0 1 1 0 0 1 0 0 1 0 0 1 0 0 0 0 0 0 0 0 0 1 0 1 0 0 1 1 1 0 0 1 1 1 0 1 0 0 0 1 1 0 0 1 1 1 1 1 0 1 1 1 1 0 0 0 0 0 1 0 0 1 0 1 1 1 1 0 1 1 0 1 
0 0 0 94 1 0 1 1 1 1 0 0 1 1 0 1 1 0 0 0 1 0 1 0 1 1 1 0 1 1 0 0 0 1 0 1 1 0 0 1 1 1 1 0 1 1 0 0 0 0 1 0 1 1 1 0 1 0 1 0 0 1 1 0 1 1 1 0 0 0 1 0 1 1 0 1 0 1 1 0 1 0 0 0 1 1 1 1 0 0 0 1 1 0 1 1 0 1 0 0 1 1 1 0 1 0 0 1 1 0 0 1 1 0 0 1 0 1 1 1 0 1 1 1 1 0 1 0 1 1 1 0 1 0 0 
1 1 1 0 61 0 0 1 1 0 1 1 1 1 0 1 1 1 1 0 1 0 1 0 0 1 0 0 0 1 0 1 1 1 1 1 1 0 1 0 0 0 0 1 0 0 1 0 1 0 1 1 0 1 0 1 0 0 1 1 0 1 1 1 0 0 1 0 1 0 1 1 0 1 1 1 0 0 0 0 1 0 0 0 1 0 1 0 1 0 1 1 0 1 0 0 1 0 0 1 1 1 0 1 0 0 0 1 0 1 0 0 0 1 0 0 1 1 1 0 0 0 1 1 1 0 1 0 0 0 1 0 0 0 1 
0 0 1 0 1 5 0 1 0 0 1 0 1 1 0 1 1 0 1 0 1 1 0 1 1 1 0 0 1 1 0 0 1 0 1 0 1 0 0 1 1 0 0 0 1 1 1 0 1 1 0 1 0 0 1 1 0 0 0 0 1 1 0 1 0 0 0 1 0 0 1 1 0 0 1 1 1 0 1 1 1 0 0 0 1 0 0 0 1 0 1 1 0 1 0 1 1 0 1 1 0 0 1 1 1 0 0 0 0 1 0 0 0 0 0 0 0 0 1 1 1 0 1 0 1 1 1 1 0 0 1 0 1 1 1 
0 1 0 1 1 0 35 0 1 0 1 1 0 1 1 1 1 1 1 1 0 1 0 0 0 0 0 0 0 1 1 0 0 0 1 0 1 1 0 1 0 1 0 0 0 0 0 1 1 0 1 0 1 0 0 1 0 1 1 1 0 0 0 0 1 0 1 1 1 0 0 0 0 0 1 0 0 0 1 1 1 1 0 1 0 1 0 1 1 0 0 1 1 0 1 1 0 0 0 0 0 0 1 0 1 1 1 0 1 1 0 1 0 1 0 1 1 1 1 0 0 0 1 1 1 0 0 1 1 0 0 0 0 0 0 
1 0 1 1 1 0 0 68 1 1 0 1 0 1 1 0 1 1 0 0 0 0 1 1 0 1 0 0 1 1 0 0 0 1 1 1 1 1 1 1 0 1 1 0 0 1 0 1 1 0 1 1 1 1 1 0 0 0 1 0 1 0 0 0 1 1 0 1 1 0 1 1 1 0 0 1 1 1 0 0 1 1 0 1 0 1 0 0 1 0 0 1 0 0 1 1 0 0 0 0 1 1 0 1 1 1 1 0 1 1 1 0 1 0 0 1 0 0 1 0 0 0 1 0 0 1 1 0 1 0 1 1 0 1 1 
1 0 0 0 0 0 0 0 86 1 1 0 0 0 1 0 1 1 0 0 0 0 0 0 0 0 1 1 1 1 0 0 1 1 0 0 0 1 1 0 0 1 0 0 0 0 1 1 0 0 1 1 1 1 1 1 1 1 0 1 1 1 1 0 1 1 0 1 0 0 0 0 1 1 0 1 1 1 0 0 1 0 1 1 0 0 0 0 1 0 0 0 0 0 0 1 0 0 1 1 0 0 0 0 1 1 1 0 1 0 1 1 0 0 0 1 0 1 1 1 0 1 1 0 1 1 1 1 1 1 1 0 1 0 0 
0 0 0 0 1 1 0 1 0 24 0 0 1 0 0 0 1 1 0 0 1 0 0 1 1 0 0 1 1 1 1 0 0 0 0 0 1 1 1 0 0 0 1 1 0 0 0 0 1 0 0 0 1 1 0 1 1 0 1 1 1 1 1 0 1 0 0 1 1 0 0 1 0 0 1 0 0 0 1 1 0 1 1 0 1 1 1 1 1 0 0 1 1 1 0 1 0 0 1 1 1 0 1 1 0 1 0 1 0 1 1 0 0 0 0 1 1 1 0 0 0 0 1 0 1 0 1 0 0 0 1 1 0 0 1 
0 1 0 0 1 0 0 1 1 0 5 0 1 1 0 1 1 1 0 1 1 1 0 1 0 1 0 1 1 1 0 0 1 1 0 1 0 1 0 1 1 1 1 1 1 0 1 0 1 0 1 0 0 0 0 0 1 1 0 0 1 0 0 0 1 0 1 0 0 0 0 0 1 1 0 0 0 1 1 1 1 1 0 1 1 0 1 1 1 1 1 0 0 1 0 0 1 0 0 0 1 0 0 0 0 0 0 0 0 0 1 1 1 1 1 0 0 0 0 1 1 0 1 0 1 0 0 0 1 0 0 0 1 0 0 
1 0 0 1 0 0 1 1 0 1 0 37 0 0 0 1 0 0 1 0 0 0 1 0 1 1 0 1 1 1 0 0 0 0 1 1 1 1 1 1 0 1 0 1 1 1 1 1 0 0 0 1 0 0 0 1 0 1 1 0 0 1 0 1 0 1 1 0 1 1 1 1 0 0 1 1 0 0 0 0 1 1 0 1 0 1 1 1 0 0 0 1 0 1 1 0 1 0 0 0 1 1 1 0 1 0 1 0 0 1 0 1 0 0 0 0 0 0 1 0 1 0 0 1 1 1 0 0 0 1 1 1 1 1 0 
0 0 1 0 1 1 0 1 1 1 0 0 21 1 1 0 1 0 0 1 0 0 1 0 1 1 0 1 1 1 0 1 1 1 0 1 0 0 1 0 1 0 0 1 1 0 1 1 0 0 1 1 1 0 1 1 0 0 1 0 1 1 0 0 0 1 0 0 1 1 1 1 0 0 1 1 1 1 1 1 1 1 1 0 1 0 0 0 0 0 1 1 1 0 0 0 0 1 1 0 0 0 0 0 1 0 0 0 1 1 0 1 0 1 0 1 1 0 0 0 0 0 1 0 0 0 1 1 1 0 1 0 1 0 0 
0 1 1 1 1 0 0 1 0 1 0 0 0 7 1 1 0 0 0 1 0 0 0 0 0 0 1 0 0 1 1 1 0 1 0 0 0 0 1 0 0 1 0 1 1 1 1 1 0 0 1 0 1 0 0 1 1 0 0 0 0 1 0 0 1 0 1 0 1 0 0 1 1 1 0 0 0 0 1 1 1 0 1 1 1 1 0 0 0 0 0 1 0 0 0 0 0 0 0 1 1 0 0 0 0 0 1 1 1 0 1 0 0 0 1 1 0 1 0 0 1 1 0 0 0 0 1 0 1 1 0 0 1 1 1 
0 1 1 1 1 0 0 1 1 0 0 0 1 1 95 1 1 0 1 0 1 1 0 0 1 0 1 0 1 0 0 0 1 1 1 0 1 1 0 1 1 0 0 0 1 0 1 1 0 1 0 1 1 0 0 1 1 1 0 0 0 0 1 0 1 0 1 0 1 1 1 0 1 1 1 1 1 1 0 1 0 0 1 0 1 0 0 1 0 0 1 1 1 0 0 0 1 1 0 0 1 0 1 1 0 0 0 1 0 0 0 1 0 0 1 0 1 1 0 0 0 1 0 1 0 0 0 0 0 0 1 0 0 0 1 
0 0 0 1 1 1 1 0 0 0 0 0 0 1 0 43 1 1 0 1 0 1 1 0 1 1 0 0 1 1 0 1 0 1 0 1 1 1 1 1 1 0 0 1 1 0 1 1 0 0 1 0 1 1 0 0 1 0 1 0 0 1 1 0 0 1 0 0 1 1 1 1 0 0 0 1 0 0 0 1 1 1 1 0 0 1 1 1 0 1 0 1 1 1 0 0 0 0 0 0 1 1 1 1 1 1 1 1 0 1 1 0 0 1 1 1 0 0 0 1 0 1 0 0 1 0 1 0 1 0 1 1 1 0 1 
1 1 1 1 1 0 1 0 1 1 0 0 0 0 0 1 67 0 0 1 1 0 0 1 1 0 0 0 0 1 0 0 0 1 0 0 1 1 0 1 0 0 0 1 1 1 0 0 1 1 0 1 0 0 0 1 1 0 0 0 1 0 0 0 1 1 0 0 1 0 1 0 1 1 0 0 0 1 0 0 1 1 0 0 1 1 1 1 1 1 1 0 1 1 0 1 0 0 0 1 1 1 1 0 1 1 1 0 1 0 0 0 1 0 0 0 0 1 0 1 0 1 1 1 0 0 1 1 0 1 0 0 0 0 0 
1 0 0 0 1 0 1 1 1 1 0 1 1 1 0 1 0 49 1 1 1 1 1 1 0 1 0 0 1 0 0 1 0 0 0 1 1 0 1 0 1 0 0 1 0 0 0 1 1 0 0 1 0 1 0 1 0 1 1 1 0 1 1 0 0 0 1 0 0 1 1 0 1 1 1 0 0 0 1 0 0 1 0 1 0 0 0 1 1 0 1 1 0 1 0 1 1 1 1 1 1 0 0 0 0 1 1 1 0 0 1 0 1 0 0 1 1 0 1 1 1 1 0 0 0 0 1 1 0 1 0 0 0 1 0 
0 0 1 0 1 1 0 1 1 0 0 1 0 1 1 0 1 1 90 0 0 1 0 1 1 1 1 1 1 1 0 1 0 0 1 0 1 1 0 0 1 0 0 0 0 0 1 1 1 1 0 0 1 1 1 1 0 0 1 1 1 1 1 1 1 0 0 1 0 1 1 0 0 1 0 0 1 0 0 1 0 0 0 0 1 0 1 1 0 0 0 0 1 0 1 1 0 0 1 1 1 1 0 0 0 0 0 1 0 1 0 1 0 1 1 1 1 1 1 0 0 1 0 0 0 0 1 1 1 0 0 0 0 1 0 
1 1 1 0 0 0 0 0 0 1 1 0 1 0 0 0 1 0 0 19 1 0 0 0 0 0 1 0 1 1 0 0 0 1 1 0 1 0 1 1 1 1 1 0 0 0 0 0 0 0 1 0 1 1 0 1 1 1 0 0 0 0 1 0 0 0 1 0 1 1 1 0 0 0 0 1 1 1 1 1 0 1 0 0 1 1 1 0 1 0 0 1 0 0 1 1 1 0 0 1 0 1 0 1 0 0 0 1 1 0 0 0 1 1 0 0 0 1 1 0 1 0 0 0 1 0 0 1 0 1 1 0 0 0 1 
0 0 0 1 0 0 0 1 0 1 1 0 0 1 0 0 1 0 0 1 92 1 0 0 0 1 0 1 1 0 0 1 0 0 0 0 1 0 0 1 1 1 1 1 1 1 1 1 0 1 0 0 0 0 1 0 0 1 0 0 0 1 1 1 0 0 0 1 0 1 1 1 0 1 1 1 0 1 0 0 0 1 0 1 1 1 1 0 1 1 0 0 1 1 1 1 1 0 0 0 1 1 0 0 1 0 0 1 0 1 0 1 0 0 0 0 0 1 0 1 0 1 1 0 1 0 0 0 1 0 0 0 0 1 1 
1 1 0 0 0 0 0 0 1 0 1 0 1 1 0 1 1 0 0 0 0 12 1 1 1 1 1 0 1 0 0 0 1 0 1 1 1 0 1 0 1 1 1 0 1 1 1 1 0 0 1 0 0 1 1 0 1 1 1 1 0 0 0 1 1 0 1 1 1 0 1 0 0 0 1 1 0 1 1 1 1 1 1 0 1 1 0 1 1 0 0 1 0 1 0 1 1 0 1 1 1 0 1 0 0 1 1 1 0 0 1 1 1 1 0 1 0 1 0 1 1 0 0 1 1 0 0 1 0 1 1 1 1 1 0 
0 0 0 1 0 0 0 1 1 1 0 0 0 0 1 0 1 0 1 0 0 0 46 1 0 0 0 0 1 0 1 1 1 1 0 0 0 0 1 0 1 0 1 0 0 1 1 1 1 1 1 0 1 0 0 1 1 0 1 1 0 1 0 0 0 1 0 0 1 0 0 0 0 1 0 1 1 0 0 1 0 1 0 0 1 1 1 1 1 1 1 1 1 1 1 1 0 0 1 0 1 0 0 0 0 1 1 0 0 1 1 0 0 1 0 0 0 1 1 1 1 1 1 0 1 0 1 1 1 0 0 1 0 0 1 
1 0 0 0 0 0 1 1 0 1 1 1 1 0 1 1 0 1 1 1 1 1 1 92 1 1 0 0 1 0 0 1 0 0 1 1 0 1 1 0 1 0 1 0 0 1 0 1 1 0 1 0 1 0 1 0 1 1 1 0 0 1 0 0 0 1 1 0 0 0 0 1 0 1 1 1 1 0 1 0 1 0 0 1 1 0 0 1 1 1 0 1 1 0 1 0 1 1 1 1 0 0 1 0 0 0 0 0 0 1 0 1 1 1 0 1 1 0 0 0 0 1 1 1 1 0 1 0 0 1 1 0 0 1 1 
1 1 0 0 0 1 1 0 1 1 0 1 1 0 0 0 1 1 1 1 1 1 1 0 80 0 1 0 1 0 1 1 0 0 0 0 0 0 0 1 0 0 1 1 0 0 1 1 1 0 0 0 0 1 0 1 1 1 0 0 0 0 0 0 0 0 1 0 1 1 0 0 0 0 1 1 0 1 0 1 1 1 1 0 0 1 0 1 1 1 1 0 1 0 0 0 1 1 0 0 0 0 1 1 1 1 1 1 0 1 0 1 0 0 0 1 0 0 1 0 1 1 1 1 0 1 1 1 1 0 0 1 1 0 1 
1 0 0 1 1 0 1 1 0 0 0 1 1 0 0 0 0 1 1 0 1 0 0 1 1 30 0 0 0 1 1 0 0 1 1 1 0 1 1 0 0 0 0 1 1 1 1 1 0 1 0 1 1 0 1 1 1 0 0 0 1 1 0 1 1 0 0 0 1 1 1 0 0 1 1 1 0 0 0 0 1 0 0 1 1 1 0 1 1 1 0 0 1 1 1 0 1 0 0 1 1 0 1 0 1 0 1 0 1 1 0 1 1 0 1 1 1 1 0 1 1 0 0 0 1 1 1 1 1 1 1 0 0 1 1 
1 0 0 1 1 1 1 0 0 0 0 1 0 0 1 1 1 1 1 0 1 1 0 0 0 0 83 0 0 1 0 1 1 1 0 0 0 0 0 1 1 0 1 1 0 1 1 1 0 0 1 0 1 0 1 1 1 0 1 1 0 0 0 0 0 0 0 0 0 1 0 0 1 0 0 1 1 1 1 1 0 0 0 1 0 0 0 0 0 0 1 1 1 0 1 0 0 0 1 1 1 0 1 0 1 0 0 0 1 0 0 0 1 1 0 0 1 1 1 0 0 1 1 0 1 1 1 0 0 0 0 0 1 0 0 
0 1 0 0 0 0 1 1 0 1 1 1 0 0 1 0 0 0 0 0 1 1 0 1 1 1 1 32 0 1 0 1 0 1 0 1 1 1 1 1 1 0 1 1 0 1 1 0 1 1 1 1 1 0 1 1 0 0 0 1 0 1 1 1 1 0 1 1 0 1 0 1 0 1 1 1 1 1 0 0 0 0 0 1 1 0 1 1 1 1 0 0 0 0 1 0 1 0 1 1 0 0 1 0 0 0 1 0 0 1 1 0 0 0 0 1 0 0 0 1 0 1 1 1 1 0 1 0 0 0 1 1 1 0 1 
0 0 1 0 1 1 1 1 1 1 1 0 0 1 1 0 0 1 0 1 1 0 0 0 0 0 1 1 11 0 1 1 0 1 1 1 0 1 0 0 1 1 0 1 0 1 1 0 1 0 1 1 1 1 1 0 0 1 0 0 0 1 0 1 1 1 1 1 0 1 1 1 1 1 0 0 0 0 0 1 1 0 1 0 1 0 1 1 0 1 1 0 0 1 1 1 0 1 1 1 0 0 0 1 1 0 0 1 0 0 1 0 0 1 0 1 1 1 1 0 1 0 1 1 1 0 1 1 0 1 1 0 1 1 0 
0 1 0 1 0 0 1 1 1 1 0 1 0 1 1 0 1 0 0 1 1 0 1 0 1 0 1 1 0 88 0 1 0 1 1 1 0 0 1 0 1 1 1 1 1 1 0 0 1 0 0 1 1 1 1 0 1 0 1 1 0 1 1 1 1 1 0 0 0 1 1 1 1 1 1 0 1 0 0 0 1 0 1 1 0 0 1 0 0 1 0 0 0 1 1 1 0 0 0 0 0 1 1 1 0 0 1 0 0 1 1 0 0 0 0 0 1 1 1 1 0 1 0 0 1 0 0 1 0 1 1 1 1 1 0 
1 1 1 1 0 1 1 0 1 0 1 0 1 0 1 0 0 1 0 0 0 1 1 0 0 1 1 0 1 1 68 1 1 0 0 1 1 1 1 1 1 0 1 1 0 1 1 0 1 0 1 0 0 0 1 1 1 0 0 1 1 0 1 1 1 0 1 0 0 0 1 0 1 0 0 0 1 0 1 0 0 1 0 1 0 0 0 1 0 1 0 0 0 0 1 0 1 0 0 1 0 0 1 0 1 1 1 1 1 1 1 1 0 1 0 0 0 1 1 0 1 1 1 0 0 1 0 1 1 1 1 1 1 0 0 
1 0 1 1 0 0 0 0 1 1 1 1 1 1 1 1 0 0 1 1 1 1 0 0 1 0 0 0 1 1 0 33 0 1 0 0 0 0 0 0 1 0 1 1 1 0 1 1 1 1 1 1 0 0 0 0 0 1 0 1 0 1 0 0 1 0 1 1 0 0 0 1 1 0 1 0 1 0 0 0 0 0 1 0 1 1 0 1 0 1 0 1 1 0 0 1 0 0 0 1 0 0 0 1 0 0 1 1 0 1 0 0 0 1 1 1 1 0 1 1 1 1 0 1 1 1 1 0 0 0 0 1 1 0 0 
0 0 1 1 1 0 0 0 0 0 0 1 0 0 1 1 0 1 0 1 0 0 0 1 0 0 1 0 1 1 0 0 0 0 1 0 1 1 1 1 0 0 0 1 1 1 1 0 1 0 1 0 1 0 1 1 1 1 1 1 0 0 0 0 0 0 1 1 0 1 1 0 1 0 0 0 0 0 1 1 1 1 1 1 1 0 1 1 0 1 0 1 0 0 1 1 0 1 0 1 1 0 0 1 1 1 0 0 1 1 0 1 1 1 1 0 0 0 1 0 1 1 0 0 1 1 0 1 0 0 1 1 1 0 0 
1 0 0 1 1 1 0 0 1 0 0 1 1 0 0 0 1 0 0 0 0 0 1 1 1 1 1 1 0 0 1 0 1 37 1 1 0 0 1 0 0 1 0 0 0 0 0 0 0 0 1 1 0 0 0 0 0 1 0 1 0 0 1 1 1 1 1 1 1 1 0 0 0 0 1 0 0 1 0 0 1 1 1 1 1 0 0 1 0 1 0 1 1 0 1 1 1 0 0 1 1 0 0 1 1 1 1 1 1 1 1 1 1 1 1 0 0 1 1 0 0 0 1 0 1 1 0 0 1 1 1 1 1 0 0 
1 0 0 0 1 0 0 1 1 0 1 0 0 1 0 0 1 0 1 1 1 1 1 0 1 1 1 0 1 1 0 1 1 1 59 0 1 0 0 1 0 0 1 1 1 1 0 1 1 1 0 0 1 1 0 0 1 0 1 1 0 0 1 0 1 0 1 1 1 1 1 1 1 0 1 0 1 1 0 1 1 1 1 0 1 1 0 1 1 0 1 1 0 1 1 1 0 1 1 1 0 1 1 1 0 0 0 1 1 0 1 1 0 1 0 1 1 1 0 0 1 0 1 1 0 0 0 0 1 0 0 1 1 0 1 
0 1 0 1 0 0 1 1 0 0 1 1 1 0 1 1 1 0 1 0 0 1 1 1 1 0 0 1 1 0 0 0 1 1 0 32 0 0 0 0 1 1 1 1 1 0 1 1 0 1 1 0 1 1 0 1 1 1 1 1 0 0 1 0 1 0 0 0 1 1 1 1 0 0 1 0 1 0 0 1 0 1 0 1 1 0 0 1 0 1 0 0 1 1 0 0 1 0 1 1 1 1 0 1 1 1 1 1 0 0 1 0 0 0 0 0 1 1 0 1 1 0 0 1 0 1 0 0 1 1 0 0 0 1 1 
1 1 1 0 0 0 0 1 0 1 1 0 0 1 1 1 1 0 0 1 0 0 1 0 0 0 1 0 0 1 1 0 1 0 1 1 68 0 1 0 0 0 1 1 0 1 1 1 1 1 0 0 1 1 1 1 1 1 0 1 1 0 0 1 1 0 1 0 0 0 1 1 0 1 1 1 0 0 0 1 1 1 0 1 1 1 1 0 0 1 0 0 0 1 1 0 0 0 0 1 1 1 1 1 0 0 0 1 0 1 0 1 1 0 1 0 1 0 0 0 0 0 1 0 1 1 1 1 1 1 1 0 0 1 1 
0 1 0 1 1 0 1 1 1 0 0 1 1 1 0 0 1 0 1 0 1 1 0 0 0 1 0 1 0 1 1 0 1 0 0 0 0 11 0 1 1 1 1 1 1 1 1 0 1 1 1 0 0 1 1 1 1 0 1 1 1 0 1 1 1 0 1 0 1 0 1 0 1 1 1 0 1 1 1 1 1 1 0 0 0 1 1 1 0 1 1 1 0 1 0 0 0 0 0 1 0 1 0 0 1 0 0 0 0 0 1 0 0 1 0 0 1 1 1 1 0 1 0 1 1 0 0 1 0 0 1 1 1 0 1 
1 0 1 1 1 0 1 0 0 0 1 1 1 1 1 0 1 1 0 1 0 0 1 0 0 0 1 1 1 0 0 1 1 0 0 1 1 1 58 0 1 1 0 1 0 0 0 1 0 0 1 1 0 0 1 1 1 1 0 0 1 0 1 0 0 1 0 0 0 0 1 0 0 1 1 0 0 1 0 1 0 0 0 1 1 1 1 0 0 0 1 1 1 1 0 0 1 1 1 0 1 1 0 1 1 0 1 0 0 1 0 0 0 1 1 1 1 1 0 1 0 1 0 0 0 0 0 1 0 0 1 1 0 1 1 
1 0 0 1 1 0 0 1 1 1 0 0 1 1 1 1 0 0 0 0 1 0 0 0 0 1 0 0 0 1 1 1 0 1 0 1 1 0 1 25 1 1 0 1 1 1 0 0 0 1 1 1 1 1 1 1 1 0 1 0 1 0 0 0 0 1 1 0 1 1 0 1 1 0 1 0 0 1 0 0 1 0 1 1 1 0 0 1 1 0 0 1 0 1 0 0 0 0 0 1 1 1 0 1 1 1 0 0 1 0 1 1 1 1 0 1 1 1 0 1 1 0 0 0 1 0 0 0 0 1 1 0 1 0 1 
0 0 0 0 0 1 0 1 0 1 0 1 1 0 1 1 1 0 1 1 0 1 1 0 0 0 0 1 0 1 1 1 0 1 0 0 1 1 1 1 11 0 0 1 1 0 1 0 0 1 1 1 1 0 1 1 0 1 0 0 1 1 0 1 1 0 1 1 0 0 0 0 0 1 1 0 1 1 1 0 1 1 1 1 1 0 1 1 0 1 1 1 0 1 0 0 1 1 0 0 0 1 0 1 0 0 0 1 0 0 0 0 1 1 0 0 0 1 0 1 1 0 0 0 0 1 1 0 1 1 1 1 0 0 1 
1 1 0 1 0 1 0 0 1 0 1 0 1 0 0 1 0 0 1 1 0 0 1 0 1 0 1 0 1 1 0 1 1 0 1 1 1 1 1 1 0 92 0 1 1 0 1 1 1 0 1 1 1 0 1 1 0 1 0 0 1 0 0 1 0 0 0 0 0 0 0 1 0 0 0 1 0 0 0 1 1 1 1 0 1 0 0 1 0 0 1 0 0 1 1 1 1 1 1 0 0 1 1 0 1 1 0 1 1 0 0 1 1 0 0 1 0 1 0 0 1 1 0 0 1 0 1 1 0 0 1 0 0 1 0 
0 1 0 0 1 1 0 1 0 0 0 0 1 1 1 1 1 0 1 0 0 1 1 1 0 0 1 1 0 1 0 0 0 0 0 0 1 1 1 1 1 1 13 1 1 0 0 1 0 1 0 1 1 1 0 1 0 0 1 1 0 0 0 1 1 0 0 0 0 1 0 1 0 0 1 0 0 0 0 0 1 1 0 0 0 1 1 0 0 0 0 1 1 1 0 0 1 0 1 1 0 1 0 0 0 1 1 0 1 0 1 0 1 0 0 0 1 0 0 1 1 0 1 0 1 1 0 0 0 0 0 1 0 1 1 
1 1 1 1 1 0 0 0 1 1 1 0 1 1 0 1 0 0 0 1 0 1 1 0 0 0 0 0 1 0 1 0 1 1 1 0 1 0 0 1 0 1 1 60 1 0 0 1 0 0 1 0 1 1 0 0 0 0 1 1 1 0 0 0 1 1 0 0 0 0 0 0 1 0 0 0 0 1 0 1 1 0 0 0 0 1 0 1 0 0 0 0 1 0 1 0 1 0 0 0 0 0 0 0 1 0 1 1 1 0 0 0 1 1 1 1 0 0 0 1 0 1 0 0 0 0 0 0 1 0 0 1 1 1 1 
0 1 0 1 1 0 1 0 1 1 1 1 0 0 0 1 0 1 0 1 1 1 0 1 1 1 1 0 1 1 0 1 0 0 0 0 1 0 1 1 0 1 1 1 65 0 0 0 1 0 0 0 0 0 1 0 1 0 1 0 1 0 1 0 0 0 1 0 1 1 1 0 1 0 0 1 0 0 0 0 1 1 0 1 0 0 0 1 0 0 1 1 0 0 0 1 0 0 1 1 1 0 1 0 0 1 1 1 0 0 1 0 1 1 1 1 1 0 1 1 0 1 1 1 1 0 0 0 1 0 1 0 0 0 1 
0 0 0 0 1 0 0 0 0 1 0 0 0 0 1 0 0 0 1 1 0 1 1 1 0 0 0 0 1 0 1 0 0 1 0 0 1 1 0 1 0 1 0 1 1 85 1 1 1 0 0 1 0 1 1 1 0 0 0 1 1 1 1 1 1 0 1 0 1 0 0 0 1 0 1 1 1 0 1 0 1 0 1 0 0 1 1 1 0 0 1 1 0 0 0 0 0 0 1 1 0 0 0 0 1 1 0 0 0 1 0 0 1 0 0 0 1 1 1 1 1 1 0 1 1 0 0 0 0 1 1 1 1 1 0 
0 0 1 1 1 1 0 0 0 0 0 0 1 1 0 1 1 0 1 1 1 0 1 0 0 1 0 0 0 1 0 1 0 1 0 1 0 0 1 1 1 1 1 1 1 1 86 1 0 1 1 0 1 0 0 1 0 0 1 1 1 1 0 0 1 1 1 0 1 1 1 0 0 0 0 0 0 1 1 0 1 1 1 0 1 1 1 1 1 1 0 1 1 1 1 1 1 0 0 1 1 1 0 1 0 1 0 0 1 1 0 0 1 1 0 1 1 0 0 0 0 0 0 1 0 1 0 0 0 0 1 1 1 0 1 
1 1 0 0 0 0 1 0 0 1 1 1 1 0 0 0 0 0 0 1 1 1 1 1 1 0 0 1 0 0 0 0 0 0 0 1 1 1 1 1 1 1 0 0 1 0 0 68 0 0 1 0 1 0 0 0 0 1 0 1 1 0 1 0 1 1 0 1 0 0 0 0 0 1 1 0 1 1 0 1 1 1 0 1 0 1 0 1 1 0 1 0 0 0 1 1 1 0 0 0 0 0 1 1 0 0 1 0 0 0 0 1 1 1 0 0 0 1 0 0 0 1 0 1 0 1 0 0 1 0 1 1 0 1 1 
1 1 0 1 1 1 0 0 1 0 0 1 0 0 1 1 0 1 1 0 1 1 1 1 1 0 0 0 1 0 1 0 0 0 1 1 1 1 0 0 1 0 1 1 1 1 0 1 61 0 0 0 0 1 0 1 1 0 1 1 1 0 1 1 0 1 0 0 0 0 1 1 0 0 0 0 1 0 0 1 1 0 1 1 1 0 1 1 0 0 1 0 1 0 0 1 0 0 1 1 0 0 1 1 0 0 0 0 1 0 1 1 0 0 0 0 0 0 0 0 0 1 1 0 1 1 0 1 1 0 0 0 0 1 1 
0 1 0 0 1 0 1 0 0 0 1 1 1 1 0 1 0 0 0 1 0 0 0 1 1 0 0 1 0 1 1 1 0 0 1 1 0 0 1 0 1 0 0 1 1 0 1 0 1 38 0 0 0 1 0 1 1 1 0 0 0 1 0 0 1 0 0 1 1 0 1 1 0 1 0 1 1 0 0 1 1 0 1 0 1 1 1 0 1 0 1 0 0 1 1 1 1 0 0 0 0 0 0 0 0 0 1 1 0 1 0 1 1 0 1 0 1 0 0 1 0 1 0 0 0 1 1 0 1 1 1 1 0 0 0 
1 0 1 1 0 1 1 1 0 0 1 0 1 0 1 1 0 0 1 1 0 0 0 1 0 0 0 0 0 1 1 0 1 0 1 1 0 0 0 0 0 1 1 0 0 0 0 0 0 0 75 0 1 0 0 1 1 0 0 0 1 0 1 1 0 0 1 1 0 0 0 1 1 0 1 0 0 1 1 0 1 1 0 0 0 1 0 1 1 1 1 1 0 0 1 0 1 1 0 0 1 1 1 1 0 1 0 0 1 1 0 1 0 1 1 1 1 0 1 0 1 1 0 1 1 1 0 1 1 0 0 1 0 1 0 
0 1 1 0 1 0 0 0 1 0 1 1 0 0 0 1 1 1 1 0 0 0 0 0 1 0 0 1 1 1 1 0 0 0 1 0 1 1 1 0 0 0 0 0 0 0 0 1 0 0 1 38 1 0 0 0 0 0 0 1 0 1 0 0 1 0 0 1 0 1 0 1 0 0 0 0 1 0 0 1 0 1 1 1 0 0 0 1 0 1 0 1 1 0 1 0 0 1 1 0 1 0 1 0 1 1 0 0 1 0 0 1 0 0 0 1 0 1 0 1 1 1 1 0 0 0 0 0 0 1 0 0 1 1 0 
0 0 1 1 1 0 0 0 1 0 0 0 1 0 0 0 0 0 1 0 1 0 0 0 1 1 0 1 0 1 1 0 1 1 1 0 1 0 1 1 1 0 1 1 1 1 0 0 1 1 1 0 29 0 1 0 0 0 0 1 1 1 0 0 1 1 0 1 1 1 0 0 1 1 0 0 0 0 0 1 0 0 0 1 0 1 0 0 1 0 1 0 1 0 1 1 0 1 0 1 0 0 0 1 0 1 0 1 1 1 0 1 1 0 1 1 1 0 0 0 1 1 1 1 0 1 0 1 0 0 0 0 0 0 0 
0 0 0 1 0 1 1 0 1 1 1 0 1 0 1 1 0 0 1 1 1 1 1 1 0 1 0 0 0 0 1 1 0 0 0 1 0 0 1 1 0 1 1 0 1 1 1 0 1 1 0 1 1 2 0 1 0 1 0 1 0 1 1 1 0 0 0 0 1 1 0 1 0 0 1 1 0 0 0 1 0 0 1 1 0 1 1 1 1 1 0 1 0 0 0 0 1 1 0 1 0 0 1 1 0 0 1 0 1 1 0 1 1 1 1 1 0 1 0 1 0 0 0 0 1 1 0 1 0 1 1 0 0 1 0 
1 0 0 0 1 0 1 0 1 0 0 0 1 0 1 1 0 1 0 1 0 0 1 1 0 1 0 0 0 0 0 1 0 1 1 0 0 1 1 1 0 1 0 1 0 1 0 1 0 0 0 1 0 1 78 0 0 1 1 1 1 1 0 1 0 0 1 1 0 1 1 1 1 0 1 1 1 0 1 0 0 0 0 0 1 0 0 1 1 1 1 1 0 0 1 1 1 1 0 0 0 1 1 1 1 1 1 1 0 1 1 1 0 1 0 0 1 0 0 0 1 1 1 0 1 0 0 0 0 1 1 0 0 0 1 
0 0 1 0 0 0 1 1 1 1 0 0 1 1 1 1 1 0 0 0 0 1 1 0 0 0 1 1 1 1 1 1 1 0 1 0 1 0 0 1 1 1 0 1 1 1 0 0 1 1 0 1 0 1 0 34 1 0 1 0 1 0 0 1 1 1 1 1 1 1 0 0 0 1 1 1 0 0 0 0 1 0 1 0 0 0 1 1 1 1 1 1 1 1 0 1 0 0 0 0 0 1 0 1 1 0 1 1 1 1 1 0 1 0 0 1 1 0 0 1 0 1 0 1 0 1 1 1 0 1 0 1 0 0 0 
1 0 1 1 0 0 1 1 1 1 0 1 0 0 1 0 0 0 0 1 1 0 0 0 1 0 0 1 1 1 1 1 1 0 0 0 0 1 1 0 1 0 0 1 1 0 0 1 1 1 0 1 1 0 1 1 91 0 0 1 1 0 1 1 0 1 0 1 0 0 1 0 0 0 0 1 1 0 0 0 0 1 0 0 0 1 1 1 0 0 1 1 0 1 0 0 0 1 0 0 0 0 0 0 0 0 0 1 1 1 1 0 1 0 1 1 1 1 1 0 1 1 1 0 1 0 1 0 0 1 0 1 1 1 1 
1 1 0 0 0 0 1 0 1 0 0 1 0 1 0 1 1 0 0 1 1 1 0 1 0 1 0 0 1 1 0 1 1 1 0 0 0 1 1 0 0 0 1 1 1 1 1 0 0 0 0 0 1 0 0 0 0 63 0 1 1 1 1 0 1 0 0 0 0 0 1 1 0 0 1 1 1 1 1 1 1 0 1 0 1 0 0 0 1 0 0 0 0 0 1 0 0 0 1 1 1 1 1 0 0 1 1 1 1 0 0 0 0 1 0 1 0 1 0 1 1 0 0 0 1 0 0 1 1 0 1 0 0 0 1 
0 0 0 1 1 0 0 1 1 0 0 1 1 1 1 1 0 1 1 1 0 1 0 1 1 1 1 0 1 1 1 0 1 1 1 0 0 0 0 0 0 1 1 1 1 0 1 0 1 0 0 0 0 1 1 0 0 0 88 1 1 1 0 1 1 0 0 0 1 1 1 1 0 0 1 0 0 0 0 1 0 0 0 1 0 1 1 0 1 1 1 1 0 1 1 1 1 1 1 1 1 0 0 0 1 1 1 0 1 1 1 0 1 1 1 1 0 0 1 1 0 0 0 1 1 1 0 1 0 1 1 0 0 0 1 
0 0 1 0 1 1 1 0 0 1 1 0 1 0 1 1 0 1 1 1 0 0 1 0 1 0 0 1 0 1 1 1 1 0 0 0 0 1 1 0 0 1 0 1 0 0 0 1 1 1 0 0 0 1 0 1 1 0 1 28 0 1 0 0 1 0 0 1 0 1 0 0 0 1 0 1 0 1 1 1 0 1 1 0 1 0 0 1 1 0 0 1 1 0 0 0 0 1 1 1 0 0 1 0 0 1 1 1 0 0 1 1 1 1 1 1 0 0 1 0 1 0 0 1 1 0 0 0 1 0 1 0 1 0 0 
0 1 1 0 0 1 1 0 0 0 1 0 0 0 1 1 0 0 0 1 0 0 1 1 0 0 1 1 1 0 0 0 0 0 0 0 1 0 0 0 1 0 1 1 1 1 0 1 1 0 1 0 0 0 0 1 0 0 1 0 47 0 0 0 1 1 0 0 0 0 1 1 0 1 1 0 0 0 0 1 1 0 0 0 1 1 1 0 1 1 0 0 0 1 0 1 1 0 0 1 0 1 0 1 1 0 0 1 0 1 0 0 0 0 1 0 1 0 1 1 1 1 1 1 1 1 0 1 1 0 1 0 1 0 0 
0 0 0 1 1 1 0 0 0 0 1 1 1 1 0 0 0 0 0 0 0 0 0 1 0 1 1 0 0 1 1 0 0 0 1 0 0 0 1 0 0 1 1 0 1 0 1 0 1 0 1 0 1 1 0 1 0 0 1 0 0 91 1 0 1 0 1 0 1 0 0 0 1 0 1 1 0 1 1 0 1 1 0 0 1 0 0 1 0 1 1 0 0 0 0 1 0 0 0 1 0 0 1 0 0 0 1 0 1 0 0 1 1 1 0 1 0 1 0 1 0 1 0 0 1 1 1 1 1 0 0 0 0 1 1 
1 1 1 0 1 1 0 1 0 1 1 0 0 0 1 0 0 0 0 0 1 0 0 0 1 1 1 0 1 0 0 1 1 0 0 1 1 0 1 0 1 0 1 1 0 0 0 0 1 0 0 1 1 0 0 0 0 0 1 1 1 0 28 1 1 1 1 1 1 1 0 1 1 0 1 1 0 0 0 1 1 0 1 0 0 0 0 1 0 1 0 0 1 1 1 1 0 0 1 1 0 0 0 0 1 1 0 0 0 0 1 0 0 0 1 0 0 1 0 0 0 1 0 0 0 0 1 0 0 0 1 0 1 1 0 
0 1 1 1 1 0 1 0 0 1 1 1 1 0 1 0 0 0 0 1 0 1 1 0 1 1 0 0 1 1 0 1 1 1 0 1 0 0 0 0 1 0 0 1 0 0 0 0 0 1 0 1 0 0 0 0 0 1 1 1 0 0 0 96 1 1 0 0 1 1 1 0 1 1 1 1 0 0 1 0 1 0 1 0 0 0 0 1 1 1 1 1 1 0 0 1 1 0 0 1 0 0 1 1 0 0 1 1 0 0 1 0 0 0 0 0 1 1 1 1 1 0 0 1 1 0 1 1 0 0 0 0 1 0 1 
1 0 1 0 1 0 0 1 1 1 1 0 0 1 1 0 1 0 0 0 0 1 1 0 0 1 0 0 1 0 1 1 1 0 0 0 1 1 0 0 0 1 0 1 0 0 0 0 0 1 0 1 1 0 1 1 1 0 1 1 1 1 0 0 19 1 0 1 0 0 1 1 1 1 0 0 0 1 0 1 0 0 1 1 0 0 0 0 0 0 0 0 0 0 0 0 0 0 0 1 1 0 1 1 1 0 1 1 0 0 0 1 0 0 1 0 0 1 1 1 1 0 1 0 0 0 0 1 1 0 1 1 0 1 1 
0 0 0 1 1 1 0 1 0 0 1 1 1 0 1 1 1 0 1 1 0 1 1 1 1 1 1 0 0 0 0 1 1 0 0 0 1 1 0 1 1 1 1 0 0 1 1 1 1 1 1 0 1 0 0 1 0 0 0 1 1 1 1 0 0 87 1 0 1 0 1 0 1 0 0 0 0 0 0 0 1 0 0 0 0 1 1 0 1 0 0 0 0 1 1 1 0 0 1 1 0 1 1 0 0 1 1 1 0 0 0 1 0 1 0 0 0 0 1 0 0 1 0 1 0 0 0 1 0 1 0 0 1 1 0 
0 1 1 0 1 1 0 1 0 0 1 0 0 0 0 0 1 0 0 1 0 1 0 1 1 1 1 1 1 0 1 0 0 1 0 0 1 0 0 0 1 0 0 1 1 0 1 1 1 1 1 1 1 0 0 0 1 1 0 1 0 0 1 1 1 1 97 1 1 0 1 1 1 1 1 1 1 0 0 0 0 1 1 0 0 0 1 1 1 1 1 1 0 1 1 1 1 0 0 0 0 0 0 1 0 1 1 0 1 0 0 1 1 0 0 1 1 1 0 0 0 0 1 0 1 0 0 1 1 0 0 1 0 0 1 
1 0 0 0 1 1 1 0 1 0 1 1 0 1 1 0 0 1 0 1 0 0 1 0 1 1 0 1 0 1 0 1 0 1 1 0 1 0 1 1 0 0 1 1 0 1 0 1 0 1 0 0 0 0 1 0 0 0 1 1 0 1 0 1 1 0 0 37 1 1 0 0 1 1 0 1 1 0 0 0 1 1 0 1 1 0 0 0 1 1 0 0 0 1 0 1 0 0 1 0 1 0 1 1 0 1 0 0 1 0 1 0 1 0 0 0 1 1 1 0 1 1 1 1 0 1 0 0 1 1 1 0 1 0 0 
1 0 1 0 1 1 0 0 1 1 1 0 1 0 0 1 1 1 1 0 0 0 1 1 1 1 1 1 0 1 1 0 0 0 1 0 0 1 0 1 1 0 1 0 1 1 0 1 0 0 0 0 1 0 0 0 0 0 0 1 0 0 0 0 0 0 1 0 9 1 0 1 0 0 0 0 0 0 1 0 1 1 1 0 0 1 0 0 1 0 0 0 0 0 1 1 0 1 0 1 1 1 1 0 0 0 1 1 1 0 1 0 0 0 0 1 0 0 1 0 1 0 0 1 1 0 0 0 0 0 1 0 1 0 0 
0 0 0 1 0 1 0 0 1 0 1 1 1 0 1 1 1 0 1 1 1 0 0 0 0 0 0 1 0 1 1 1 1 0 1 0 0 1 1 1 1 1 0 1 0 1 0 1 1 0 1 1 1 0 1 0 0 0 0 0 0 0 1 1 0 0 1 1 1 30 1 0 0 0 1 1 1 0 1 0 1 1 0 1 1 0 1 1 1 1 1 1 0 0 1 0 0 1 0 1 1 1 0 0 1 1 1 1 0 0 0 1 0 0 0 1 0 1 0 0 0 0 0 1 1 0 1 0 0 0 1 0 0 1 0 
1 1 1 0 0 0 0 1 1 0 0 0 1 1 1 0 0 1 0 1 1 1 1 1 0 0 0 1 1 1 0 0 1 1 1 1 0 1 0 1 0 0 1 0 0 0 0 0 0 0 0 0 1 0 1 0 0 0 0 0 1 1 0 1 1 0 1 1 0 1 14 0 1 1 1 1 0 1 1 1 0 1 1 0 1 0 0 1 1 1 0 1 0 1 1 0 0 0 1 1 1 0 0 1 0 0 1 1 0 1 1 1 0 0 1 0 0 0 1 1 0 1 0 0 0 0 0 0 1 1 0 1 1 0 0 
0 1 1 1 0 1 0 1 1 0 0 1 0 0 0 0 0 1 0 0 1 1 0 1 0 1 0 0 0 1 0 0 1 1 0 0 0 0 0 0 0 1 0 0 0 1 1 0 0 1 1 0 0 0 0 0 1 0 1 1 0 0 1 1 0 0 0 1 1 0 0 84 1 1 1 1 1 0 1 0 0 0 0 1 0 1 1 0 0 1 0 0 1 1 1 1 1 0 0 1 1 1 0 1 0 0 0 0 1 1 0 0 0 1 0 1 1 1 0 1 0 1 1 1 0 1 1 1 0 1 1 0 0 0 1 
0 1 0 0 0 0 1 1 0 1 0 0 1 1 0 1 1 1 0 0 1 0 0 0 1 1 1 1 1 1 0 0 1 0 0 1 0 1 1 0 1 0 0 0 0 1 1 0 1 0 0 1 0 1 0 1 0 1 0 1 0 1 1 0 1 1 0 0 0 0 1 1 91 1 1 0 0 1 1 1 1 0 0 1 0 0 0 1 1 1 0 1 1 1 0 0 0 0 1 0 0 0 0 1 0 0 0 1 1 0 0 1 0 1 1 1 0 1 0 0 0 0 0 1 1 1 1 1 0 1 1 0 0 1 0 
1 1 1 1 1 0 1 1 1 1 1 1 1 0 0 1 0 1 1 0 0 0 0 1 1 1 1 1 0 0 0 0 0 1 1 0 0 1 1 1 1 1 1 0 1 1 0 1 0 1 1 1 0 1 0 1 0 1 0 1 1 0 1 0 0 1 0 1 1 1 0 1 1 62 0 1 1 1 1 0 0 0 1 0 0 0 0 0 1 1 1 1 1 0 0 1 0 0 0 1 0 0 1 0 1 0 0 1 1 0 1 1 1 1 1 0 1 0 1 1 0 1 0 1 1 0 0 1 0 1 0 1 1 0 1 
0 1 0 0 1 1 1 0 0 1 0 1 1 1 0 0 1 0 1 1 1 1 1 0 0 0 0 1 1 0 0 1 1 0 0 0 0 1 0 1 1 1 1 1 1 1 1 0 0 1 1 1 0 1 0 1 1 1 1 0 1 0 1 0 1 1 0 1 1 0 1 1 0 0 44 1 0 1 0 0 1 1 0 0 0 0 0 1 1 0 0 1 0 0 0 0 1 1 1 1 0 1 0 0 1 1 0 1 0 0 0 1 0 1 0 1 1 0 1 1 0 1 1 0 1 1 1 0 1 1 0 1 1 1 0 
0 1 0 1 0 0 0 0 0 1 0 1 0 0 0 0 0 1 0 0 1 1 1 0 1 1 1 0 0 1 0 0 1 0 0 1 1 1 1 1 1 0 1 1 0 1 1 1 1 1 0 0 1 0 0 1 0 1 0 0 1 1 1 1 1 0 1 1 0 1 1 0 0 0 1 1 1 0 1 1 1 0 0 1 1 0 0 1 0 1 1 1 1 1 0 1 1 1 1 1 1 0 0 0 1 0 0 1 1 0 0 1 0 0 0 0 0 0 0 0 0 1 1 1 0 0 1 1 0 0 1 0 1 1 1 
0 1 1 1 1 0 0 0 1 0 0 0 1 0 1 1 0 0 0 1 0 0 1 0 1 0 1 0 1 1 0 1 1 1 0 0 1 0 1 0 0 0 1 0 0 0 1 0 1 1 0 0 1 1 0 0 0 1 0 1 1 1 0 1 0 0 1 0 0 1 0 0 1 0 1 1 55 1 1 0 1 1 1 1 1 1 1 0 1 0 1 0 1 0 1 0 0 1 0 0 0 0 1 0 1 0 0 1 1 1 0 0 1 0 1 0 1 0 1 0 0 0 0 1 0 1 0 0 0 1 1 0 0 0 1 
1 0 1 1 1 0 1 1 1 0 1 1 0 0 1 1 1 0 1 0 1 1 1 0 1 0 1 1 1 0 0 0 0 0 1 1 0 1 0 0 0 0 0 1 1 1 0 1 0 1 0 1 1 0 1 1 0 1 0 0 0 0 1 0 0 1 1 1 0 0 0 0 1 1 0 1 1 45 1 1 0 0 0 1 0 0 1 0 0 1 0 1 1 1 1 0 0 0 1 1 0 0 1 1 0 0 0 0 0 0 0 1 1 1 0 1 1 0 1 1 0 1 0 1 1 0 1 0 1 0 1 0 0 1 1 
0 1 1 1 1 0 0 0 0 1 0 0 1 0 0 1 0 0 1 0 0 0 0 0 1 0 1 1 0 0 1 1 0 0 1 1 1 1 1 0 1 0 0 1 0 0 0 1 0 0 0 0 1 0 0 0 1 1 1 0 0 1 1 0 1 0 0 1 1 0 0 0 1 1 1 0 1 0 43 1 1 1 1 0 0 1 1 1 0 1 0 1 1 1 1 1 0 0 0 0 0 0 1 0 1 1 1 1 0 0 1 0 0 1 1 0 1 1 0 0 0 1 1 0 0 0 1 1 1 1 0 0 1 0 1 
1 1 0 0 1 1 1 1 0 0 0 1 1 0 1 0 0 0 0 0 1 1 0 0 0 1 0 0 1 0 1 0 1 1 0 0 1 0 0 0 1 1 1 0 0 0 0 0 0 0 1 1 1 1 0 0 0 0 1 0 1 0 0 0 0 0 0 1 1 1 0 0 1 0 0 1 0 1 0 76 0 0 0 0 0 0 0 0 1 1 1 1 0 0 0 0 0 0 0 1 0 1 0 0 1 1 1 1 1 1 0 1 1 0 1 0 1 1 1 0 1 1 0 0 0 1 0 1 1 0 0 1 1 0 0 
0 0 1 0 0 0 0 0 0 0 0 1 0 1 0 1 0 1 0 0 1 0 1 1 0 0 1 0 0 0 1 1 1 1 0 1 0 0 1 1 0 0 0 1 0 0 0 1 1 1 0 1 1 1 0 0 1 0 0 1 1 1 1 0 1 1 1 0 1 1 1 1 0 0 0 0 0 0 1 0 85 1 0 0 1 0 0 0 1 0 1 1 1 0 0 0 1 1 0 0 1 1 0 0 1 0 0 0 1 0 0 0 1 0 0 0 1 0 0 1 0 0 1 1 1 1 0 0 1 0 1 0 0 1 1 
1 1 1 0 0 1 1 0 0 1 0 1 0 1 0 0 1 0 1 0 1 0 0 0 1 0 1 0 1 0 1 1 0 0 0 0 0 0 1 0 0 1 1 1 0 1 0 1 0 1 1 1 0 0 1 1 1 1 0 0 1 0 1 1 1 1 0 0 1 1 1 1 1 1 1 0 0 0 0 1 1 96 0 1 1 1 0 0 0 1 1 1 0 0 1 0 1 0 0 1 0 1 0 0 1 0 0 0 0 0 1 1 0 1 0 0 1 1 1 1 1 0 1 1 0 1 1 0 0 0 1 0 0 1 1 
0 0 1 0 0 0 0 1 0 0 0 1 1 1 1 1 0 1 1 0 1 1 0 1 0 1 0 1 1 0 1 0 1 0 1 0 1 1 0 1 0 0 0 1 0 1 1 1 0 1 0 0 0 0 1 0 1 1 1 0 0 1 0 1 1 0 1 1 1 0 1 0 1 1 0 0 0 0 1 1 0 1 94 1 1 0 1 1 1 1 0 1 0 0 0 1 1 0 1 1 0 0 0 1 1 1 0 1 0 0 0 0 1 1 0 0 1 0 1 1 1 1 1 1 0 1 1 0 1 0 1 1 0 0 0 
1 0 0 1 0 1 1 0 0 1 1 1 1 0 0 1 1 1 0 1 0 1 1 0 0 1 1 1 0 1 0 1 0 1 0 1 1 0 0 0 0 0 1 0 0 1 1 1 1 1 0 0 0 0 0 0 1 0 1 0 1 0 1 0 0 0 0 0 1 0 0 0 0 0 0 1 0 1 1 1 0 1 0 32 0 1 1 0 0 1 1 1 1 0 0 0 0 1 0 1 1 0 0 0 0 0 0 1 1 1 1 0 0 1 1 1 1 0 1 1 0 0 1 1 0 0 1 1 0 1 0 1 1 1 0 
0 0 1 0 1 1 1 0 0 0 0 0 1 0 1 1 0 1 1 1 1 1 0 1 0 1 0 0 1 1 0 1 1 1 0 1 1 0 1 1 1 1 0 0 1 0 0 0 0 0 1 0 1 1 0 1 0 1 1 0 0 1 0 1 1 1 1 0 1 1 1 1 0 1 0 0 0 1 0 1 0 0 1 0 99 1 1 0 1 1 1 1 0 1 1 1 1 1 0 0 1 1 1 0 1 0 1 1 1 1 0 1 0 1 1 1 1 1 0 0 0 1 1 1 0 1 0 1 0 1 1 0 1 1 1 
0 1 0 1 1 1 1 1 0 0 1 1 0 1 0 0 1 0 1 1 1 0 1 1 1 0 0 1 1 0 1 0 0 0 1 1 1 1 1 1 1 0 1 0 0 1 1 1 1 0 0 0 1 0 1 0 0 1 1 0 0 1 0 0 0 0 0 1 1 0 1 1 1 1 0 1 0 1 0 0 0 1 0 0 0 39 1 0 1 1 0 0 1 1 0 0 0 0 1 0 0 1 1 1 1 0 1 0 0 1 0 0 0 1 0 0 0 0 0 0 0 1 0 1 1 0 0 0 0 0 1 0 1 1 0 
1 0 0 1 1 0 0 0 0 1 0 0 1 1 1 0 0 1 1 0 0 1 1 0 0 1 0 0 0 1 1 0 0 1 0 1 1 1 0 0 1 1 0 0 1 0 0 0 0 0 1 0 0 0 1 0 1 0 0 1 0 1 0 1 1 1 1 1 1 1 0 1 1 1 0 1 1 0 1 0 0 0 0 1 1 0 27 0 0 1 1 1 1 1 1 0 1 0 0 1 0 1 0 1 1 0 0 1 1 0 0 0 1 0 0 1 1 0 1 0 0 1 1 0 0 1 0 1 1 1 1 0 0 1 1 
1 1 0 1 0 0 0 0 1 0 1 0 1 1 0 0 1 0 1 0 0 1 0 0 0 1 1 0 0 0 0 1 1 1 0 1 1 1 0 1 0 0 1 1 0 0 1 1 0 0 0 0 0 1 1 0 0 0 0 1 0 0 0 0 1 0 0 0 0 0 0 1 1 1 1 0 0 1 1 0 0 1 0 1 0 1 0 50 1 1 0 1 1 1 1 0 1 1 1 1 1 1 0 0 0 1 1 1 0 1 1 1 1 1 1 1 0 1 1 0 1 1 1 0 1 1 0 0 0 0 1 1 1 1 0 
0 1 1 1 0 0 1 0 0 1 1 1 1 0 0 0 0 1 1 0 1 1 1 1 0 0 0 1 1 0 1 1 0 0 1 1 0 1 1 0 1 0 1 0 1 1 0 1 0 1 0 1 1 1 1 0 0 0 0 0 1 1 0 1 0 0 0 0 0 0 1 1 1 0 1 0 0 0 0 1 0 1 1 0 0 1 1 0 99 0 0 0 0 0 1 0 1 0 0 0 1 0 0 1 0 1 0 0 1 0 0 0 1 0 1 1 1 1 0 0 1 1 0 0 1 1 1 0 1 1 0 0 1 0 0 
0 1 0 1 0 1 0 1 0 0 0 1 1 0 0 1 0 0 1 0 1 0 0 0 1 1 0 0 0 1 1 0 1 1 1 0 1 1 0 0 1 1 0 1 1 0 0 1 1 1 1 1 1 1 0 0 0 1 0 1 0 0 0 0 0 1 0 1 0 0 1 1 0 0 1 1 1 0 0 1 0 0 0 0 0 1 0 0 0 50 0 1 1 1 1 1 0 0 1 0 0 0 0 1 0 1 0 1 0 0 0 1 0 0 0 1 1 0 0 1 1 0 0 0 1 0 1 1 0 0 1 1 1 0 0 
0 1 1 0 0 0 0 1 0 0 0 0 0 1 0 0 0 0 1 1 1 0 1 0 1 1 0 1 1 0 1 0 1 1 0 0 0 0 1 1 0 0 1 0 0 1 1 0 0 0 0 1 0 0 0 0 0 1 0 1 0 1 0 1 1 1 0 1 0 1 0 1 0 0 0 1 1 1 1 0 1 1 0 0 1 0 0 1 0 0 56 1 0 1 1 0 0 0 1 0 0 0 0 1 0 1 1 0 1 1 1 0 1 1 1 0 0 0 1 0 0 1 1 0 0 1 1 1 1 0 1 0 1 1 0 
1 0 0 0 1 0 0 0 1 1 1 1 1 0 1 0 1 0 1 0 0 1 1 0 1 0 1 0 0 1 0 1 1 1 0 0 1 0 0 0 1 0 0 0 1 0 1 0 0 0 0 0 0 1 0 1 0 1 1 1 1 1 1 0 1 1 1 0 1 0 0 1 1 0 0 0 0 1 1 0 0 1 0 0 1 1 0 1 1 0 1 10 1 1 1 0 0 1 0 0 1 1 0 1 0 1 0 1 0 0 1 0 0 0 0 1 1 1 0 1 0 0 1 1 1 1 1 1 1 1 0 1 0 1 0 
1 1 0 0 0 1 1 0 0 0 1 1 1 1 0 0 1 0 1 0 0 1 1 1 1 1 0 1 1 1 1 1 0 0 1 0 0 0 1 0 1 1 0 1 1 1 0 1 0 0 1 1 1 0 0 0 0 0 1 0 1 0 1 1 1 1 0 0 0 1 0 1 1 1 0 0 0 1 0 1 0 1 0 0 1 1 0 1 1 1 0 0 62 1 0 0 0 0 1 1 1 0 0 0 0 1 1 0 0 1 1 1 0 0 0 1 1 1 0 0 1 1 1 1 0 0 1 0 1 1 1 0 1 0 1 
1 1 1 0 1 0 1 1 1 0 0 0 0 0 1 0 0 0 0 0 1 1 1 1 0 1 0 0 0 0 0 0 1 1 1 1 1 0 1 0 1 1 1 1 0 0 0 1 1 1 0 0 1 1 1 0 0 0 1 1 1 1 0 1 1 1 0 1 1 1 0 1 1 0 1 0 0 1 1 1 1 0 1 1 0 1 0 1 1 0 0 1 1 4 1 0 1 0 1 0 1 0 1 0 1 0 0 0 1 1 0 0 0 0 0 1 1 1 0 1 0 0 1 0 1 0 1 0 0 1 0 1 0 0 1 
1 0 0 1 1 1 1 0 0 1 1 1 0 0 0 0 1 0 0 0 0 1 0 0 1 1 1 1 1 0 0 1 1 1 0 0 1 0 0 1 1 0 1 1 1 0 0 0 0 0 0 1 0 1 0 1 1 1 0 1 1 1 1 1 0 0 0 0 0 0 0 1 1 0 1 0 1 0 0 1 0 0 0 1 1 1 1 1 0 1 0 0 0 0 18 1 0 0 1 0 0 0 0 1 0 0 1 1 1 0 1 0 1 1 1 1 0 1 0 1 1 0 1 0 0 0 0 1 1 1 1 1 1 0 0 
0 0 1 0 0 1 1 1 1 1 1 1 1 1 1 1 0 1 0 0 1 0 0 1 0 0 0 0 0 1 0 0 1 1 1 1 0 1 0 1 0 0 1 0 1 1 1 0 1 1 1 1 1 1 0 1 1 0 0 0 1 1 0 1 0 1 0 1 1 1 0 1 1 0 0 0 0 0 1 1 1 1 1 0 1 1 0 1 0 0 1 1 0 0 1 36 0 1 0 0 0 0 0 1 0 1 0 1 1 1 1 1 0 1 1 1 1 0 0 0 1 0 1 1 0 1 1 1 0 1 1 0 1 0 1 
0 1 0 1 0 0 1 0 1 1 1 1 0 1 0 0 1 0 1 1 1 1 1 1 1 1 1 1 1 1 0 0 1 0 0 0 0 1 0 0 1 1 0 1 1 1 1 1 0 1 1 1 1 1 0 1 1 0 0 0 0 0 0 1 1 0 0 1 0 0 1 1 0 0 0 0 0 1 1 1 0 1 0 0 0 0 1 1 1 0 0 1 0 1 1 1 24 1 0 1 1 1 0 1 1 1 1 0 0 1 0 1 0 1 0 0 0 1 1 1 0 0 1 0 0 0 1 1 1 0 1 1 0 1 1 
1 0 1 1 1 1 1 0 1 0 1 0 0 0 1 1 1 0 0 0 0 1 1 1 1 1 1 1 1 0 1 0 0 0 1 1 1 1 1 0 1 1 1 0 1 0 1 1 0 0 0 1 1 0 1 0 0 1 1 0 1 1 0 0 0 0 0 1 1 0 0 0 0 0 1 0 1 1 1 1 0 1 1 1 0 1 1 1 1 1 0 0 0 0 0 0 1 66 1 1 1 0 1 1 0 1 1 0 0 0 0 1 1 0 1 0 0 1 1 1 0 1 0 0 1 0 1 1 1 0 1 0 1 0 1 
1 0 0 1 0 0 1 1 0 1 1 1 1 0 1 0 0 1 0 0 0 0 0 1 0 0 1 0 0 1 1 1 0 1 1 0 1 0 0 1 0 1 1 1 0 0 1 1 0 0 1 1 0 1 1 1 0 0 0 0 0 1 0 1 1 0 1 1 0 0 0 0 1 0 1 1 1 1 0 1 1 1 1 1 0 1 0 0 1 0 0 0 0 0 1 0 0 0 73 0 1 1 0 0 0 1 0 1 1 0 1 1 1 0 1 1 1 1 1 1 0 1 0 0 1 1 0 1 1 0 1 0 0 1 0 
1 1 1 1 1 0 1 0 1 1 0 1 1 1 1 0 0 1 0 1 1 1 0 0 0 0 0 1 1 1 1 1 0 0 1 0 0 0 0 0 0 0 0 0 0 0 0 0 1 0 1 1 0 1 1 0 0 1 1 1 0 1 1 1 0 1 1 1 0 1 1 1 1 0 1 0 1 1 0 0 0 0 0 1 0 0 0 1 0 1 0 0 0 0 1 1 1 1 0 8 0 1 0 0 1 1 0 1 1 0 0 1 0 0 0 1 1 0 0 1 0 0 0 0 1 0 1 0 0 1 0 0 1 1 0 
1 1 0 0 0 1 1 1 1 0 0 1 1 1 1 0 0 1 0 0 1 0 1 1 1 1 0 1 0 1 0 1 0 1 1 0 0 1 1 0 1 1 1 0 1 0 1 1 0 1 0 1 0 0 0 0 1 1 1 1 1 0 1 0 1 1 0 0 1 1 0 1 1 0 1 1 0 1 1 0 1 0 0 0 1 0 0 1 0 1 1 0 0 0 1 0 0 0 0 1 57 1 0 0 1 0 1 0 0 0 0 1 1 1 0 1 0 0 1 0 0 0 1 1 0 1 1 1 0 0 0 1 1 0 1 
0 0 1 1 0 0 0 1 1 1 0 1 0 1 1 1 1 0 1 1 1 1 0 0 1 0 0 1 1 1 0 0 1 1 1 1 0 0 0 1 1 1 0 0 1 1 1 0 0 0 0 1 0 1 0 0 0 1 1 0 0 0 0 0 0 0 1 1 1 0 0 1 1 0 0 1 0 1 1 1 1 0 1 0 0 0 0 0 0 1 0 0 1 1 1 1 0 0 0 0 1 44 1 1 1 0 0 1 1 0 1 0 1 0 1 0 1 0 1 1 0 0 1 1 1 0 1 0 0 1 1 0 0 1 1 
1 0 1 1 1 0 1 0 1 0 1 1 0 0 1 0 0 0 1 1 0 0 1 0 0 0 0 1 1 0 1 0 0 0 1 0 0 1 1 0 0 0 1 0 1 1 1 1 1 1 1 0 0 1 0 1 0 0 0 0 0 0 0 1 1 0 1 1 0 1 0 1 0 0 1 0 1 1 0 1 0 1 0 0 1 1 1 1 1 0 1 1 1 1 1 1 0 1 1 1 1 1 0 0 1 1 0 0 0 0 0 0 0 1 1 1 1 1 0 0 1 0 0 0 1 1 0 1 1 1 0 1 1 0 1 
1 0 1 0 0 1 1 0 0 1 0 1 1 1 0 0 1 1 1 0 0 1 1 1 1 0 0 0 1 1 0 1 0 1 0 0 0 1 0 1 1 1 0 0 1 1 1 1 0 1 1 1 0 0 1 1 1 1 1 0 0 0 0 0 0 1 0 0 0 0 1 1 0 1 0 0 0 1 0 0 1 0 0 0 1 1 1 1 0 0 1 0 1 1 1 1 1 1 1 1 0 0 0 89 0 1 0 0 1 0 0 0 1 0 0 1 0 0 1 1 1 0 0 1 1 1 1 1 1 1 1 0 1 0 0 
1 1 1 0 0 1 0 0 0 0 1 1 0 1 0 0 1 1 0 1 0 1 1 1 0 1 0 1 1 0 1 1 1 1 1 0 1 1 1 1 0 1 0 1 0 0 1 0 1 0 0 0 1 0 0 1 1 0 1 0 0 1 0 0 0 0 0 1 0 0 0 0 1 1 0 1 0 0 1 0 1 1 1 1 1 1 0 1 0 1 0 0 1 1 1 1 0 0 1 0 1 0 0 0 96 0 0 0 0 1 1 1 0 0 0 1 0 1 1 1 0 0 1 0 1 1 0 1 1 0 1 0 1 1 0 
0 1 1 0 0 1 1 0 0 0 1 1 1 0 1 1 1 1 0 0 0 0 1 0 0 0 0 1 1 0 0 1 1 0 0 1 1 0 1 1 1 0 1 1 0 1 0 1 0 0 0 1 0 0 0 0 0 1 1 0 0 0 1 0 0 0 1 1 1 0 1 1 0 0 0 0 0 1 0 1 0 0 1 1 1 0 1 0 0 0 0 0 0 1 0 1 1 0 1 0 1 1 1 1 1 26 1 0 0 1 1 1 1 1 0 1 0 1 0 1 0 1 0 1 1 1 0 0 0 0 0 1 0 0 1 
0 0 1 0 1 1 0 1 0 1 1 1 1 0 1 1 1 0 0 1 1 0 0 0 0 0 1 0 0 0 1 0 0 0 0 0 1 1 0 0 0 0 1 0 1 1 0 1 0 1 0 0 1 0 1 1 1 1 0 0 0 1 0 1 0 1 1 0 1 0 1 1 0 1 0 1 1 1 0 0 1 0 0 1 0 0 0 1 0 0 1 0 1 1 1 1 0 0 0 0 1 0 0 1 0 1 69 0 0 1 0 0 0 1 1 1 0 0 0 1 0 1 0 0 1 0 1 0 0 1 1 1 0 1 0 
1 0 1 1 1 1 0 0 1 1 1 1 1 0 1 0 1 0 1 0 0 1 0 0 1 1 0 0 1 0 1 1 0 0 0 1 1 0 0 0 0 0 0 1 1 0 1 1 0 0 0 1 0 0 1 0 0 0 1 1 0 1 0 0 0 1 0 1 0 1 0 1 0 1 1 1 0 0 1 0 1 0 0 1 1 0 0 1 1 1 1 0 1 0 1 0 1 1 0 0 0 1 0 1 1 1 1 64 0 0 0 0 1 1 0 1 0 0 1 1 0 0 0 0 0 0 0 1 0 0 0 1 0 0 0 
1 0 1 0 1 0 0 0 1 0 0 1 0 1 0 1 1 0 1 0 1 0 1 1 0 1 1 0 0 0 0 1 0 1 0 1 0 1 0 0 0 0 1 1 0 1 0 1 1 0 0 0 0 0 1 1 1 1 0 0 1 1 1 1 1 1 0 1 1 1 0 1 0 1 0 0 0 1 1 0 1 0 1 1 0 0 0 1 1 1 0 0 1 1 0 1 1 0 1 0 0 1 1 0 1 0 0 1 50 0 0 0 1 0 1 0 1 0 0 0 1 1 1 1 0 1 1 0 0 1 0 0 1 0 1 
1 0 0 1 0 1 1 0 1 0 0 0 1 1 0 1 0 0 1 1 0 0 1 1 1 0 1 0 0 0 1 0 0 0 0 1 1 1 1 0 1 1 1 1 1 1 1 1 0 0 1 0 1 0 1 1 1 0 1 1 0 0 1 1 1 0 0 1 1 1 0 1 1 0 1 1 1 1 1 0 0 1 0 0 1 0 1 1 0 1 1 1 0 0 1 1 1 1 0 0 0 1 0 1 0 0 0 1 1 95 0 1 1 0 1 1 0 1 0 1 1 1 0 0 1 0 0 0 1 1 1 0 1 1 0 
1 0 0 1 0 1 0 1 0 1 1 0 1 0 0 1 1 1 0 0 1 0 0 0 0 1 1 1 0 1 0 1 1 0 1 0 0 0 1 0 1 1 0 0 0 0 1 0 1 0 1 0 1 1 1 0 1 1 1 1 0 0 0 0 0 1 1 1 0 1 0 1 0 1 0 0 1 0 1 0 1 1 1 1 1 1 0 0 1 0 0 1 0 0 0 1 0 0 1 0 1 1 0 1 0 0 1 1 1 0 98 0 0 1 1 0 0 1 0 0 1 1 0 1 0 0 1 1 0 1 1 1 0 1 0 
0 1 0 1 1 1 0 0 0 1 1 0 1 1 0 1 0 1 0 0 0 0 1 0 0 0 0 0 1 1 1 1 0 1 0 0 1 1 1 0 0 1 1 1 0 1 0 1 0 1 0 1 0 1 1 1 1 0 1 0 0 0 0 0 0 0 0 1 1 0 0 1 0 1 1 1 1 1 1 0 1 1 1 0 1 0 0 0 1 0 0 1 1 0 1 0 1 1 1 0 0 0 1 1 0 1 0 1 1 1 0 33 0 0 1 0 0 0 1 1 0 1 0 1 1 1 1 0 1 1 1 0 0 0 1 
0 0 0 0 0 0 1 0 0 0 0 1 1 0 0 1 0 1 0 1 1 1 1 1 0 0 0 1 1 0 0 1 1 1 1 0 0 0 1 1 0 0 0 1 1 1 0 0 1 1 0 1 1 0 1 1 0 0 1 0 1 0 0 0 0 0 1 0 1 0 1 0 1 0 1 0 0 0 1 0 1 1 1 1 1 1 0 1 0 0 1 1 0 0 1 0 0 0 0 1 1 1 0 0 1 0 0 1 0 1 0 1 15 1 1 0 1 1 0 0 1 1 0 0 1 0 1 0 0 1 1 1 0 1 1 
1 0 0 1 0 1 1 0 0 1 1 0 0 0 0 0 1 1 1 0 0 1 1 0 0 0 1 0 0 0 1 0 0 1 1 0 1 1 0 1 0 1 0 0 0 0 1 0 1 1 1 1 0 0 0 0 1 0 0 0 1 0 0 0 0 0 1 0 0 1 0 1 1 0 0 1 1 1 0 1 1 1 0 1 1 1 1 0 0 1 0 0 1 0 0 1 0 0 1 1 1 1 1 0 1 0 1 1 0 1 0 1 0 5 0 1 1 0 0 0 1 0 0 0 0 0 0 0 0 0 0 1 1 1 1 
1 1 1 0 1 0 1 1 0 1 1 1 1 1 0 0 0 1 0 1 1 0 1 1 1 0 1 1 1 0 1 0 0 1 0 0 0 1 1 1 1 1 1 1 0 1 0 0 1 1 1 0 1 0 1 1 0 0 0 0 1 0 1 0 0 0 0 0 0 0 1 1 0 1 0 1 0 0 1 1 1 0 1 0 0 0 1 0 0 0 0 1 1 1 1 0 0 0 0 1 1 0 0 1 0 1 0 0 1 0 0 1 0 0 28 1 0 1 1 0 0 0 0 1 0 1 0 0 0 1 1 0 0 0 1 
1 0 0 0 0 0 0 0 1 1 1 0 0 0 0 0 0 0 1 1 1 1 0 0 0 1 1 1 1 1 0 1 1 1 1 0 0 1 0 1 1 1 0 0 0 1 0 0 1 0 1 0 0 1 0 0 1 0 0 0 0 1 0 0 1 0 1 0 1 0 0 1 0 0 0 0 1 0 1 0 0 1 1 0 0 0 1 0 0 1 0 0 1 1 1 0 0 0 1 1 1 1 1 1 1 1 0 1 1 0 0 0 1 1 0 32 0 1 0 0 0 0 1 0 0 1 1 0 0 0 0 0 0 1 1 
1 1 1 1 1 0 0 1 1 0 0 1 0 0 1 0 1 0 0 1 1 0 1 1 0 0 1 1 1 0 1 0 1 0 0 1 1 1 0 0 0 0 1 1 1 1 1 1 1 1 0 1 0 1 0 1 0 1 1 0 0 0 0 1 1 0 0 0 0 0 1 1 0 0 1 0 0 0 1 0 0 1 1 0 1 1 0 0 1 1 0 0 1 1 0 0 1 0 1 1 1 1 0 0 0 1 1 0 1 0 1 1 1 1 0 1 75 1 1 1 1 1 1 1 1 0 0 0 1 0 0 1 1 0 0 
0 0 0 1 1 1 1 1 1 1 1 0 1 1 0 1 1 1 0 0 0 0 0 0 0 1 1 0 1 1 1 0 1 0 0 1 1 0 0 0 0 0 0 0 1 1 1 0 0 0 1 0 1 1 1 0 0 0 1 1 0 0 1 0 1 0 0 0 1 1 1 0 1 0 0 1 0 0 0 0 1 1 1 1 0 1 1 0 1 1 1 1 1 0 0 1 1 0 1 1 0 0 1 0 0 1 1 0 1 1 1 1 0 1 0 0 0 90 0 1 0 0 0 0 0 1 1 0 0 0 1 1 0 0 0 
1 0 0 0 0 0 0 0 0 0 0 1 1 1 0 1 0 0 1 0 1 0 1 0 1 1 0 0 1 1 1 1 1 0 1 0 1 1 1 0 0 1 0 0 0 0 1 0 0 0 0 1 0 0 0 1 0 1 0 0 0 0 1 0 1 1 0 1 1 1 1 1 0 0 1 0 1 1 0 1 1 0 1 1 0 1 1 0 0 1 0 1 0 1 0 1 0 1 1 1 1 1 0 1 1 1 0 1 1 1 0 1 1 0 0 1 1 1 50 1 0 1 1 1 1 0 0 1 1 0 0 1 1 0 1 
0 1 1 1 0 0 1 1 0 0 0 0 1 1 1 0 0 1 1 0 0 0 0 0 1 0 1 1 1 1 0 0 0 1 0 1 1 1 1 0 0 0 1 1 1 0 0 0 1 1 1 1 1 1 1 1 1 1 1 1 0 1 0 0 0 1 0 0 1 0 1 1 1 0 1 0 0 1 0 0 1 1 0 0 1 1 0 1 0 1 1 0 1 0 1 0 0 0 0 0 0 0 0 1 1 1 0 0 0 0 1 1 0 1 1 1 1 1 0 48 1 0 0 1 0 1 0 0 0 1 0 0 0 1 0 
0 0 0 1 0 1 1 1 1 0 0 0 0 1 1 0 1 1 1 1 1 0 1 1 0 1 0 0 1 0 1 0 0 1 0 0 1 0 1 0 1 0 1 1 1 0 1 0 0 0 0 0 0 1 0 1 1 0 0 1 0 1 1 1 1 0 0 1 0 0 0 0 0 0 0 0 0 0 0 0 0 0 0 1 0 1 1 0 0 1 0 0 0 0 1 0 1 1 1 0 1 1 1 1 1 1 0 1 0 0 0 0 0 0 1 1 0 1 0 0 58 1 1 1 1 0 1 0 0 1 0 0 1 1 1 
0 1 0 0 1 0 1 1 0 1 0 1 1 0 0 0 0 0 1 1 1 1 0 0 1 1 1 1 1 1 0 1 0 0 0 0 0 1 0 1 0 0 0 0 1 1 1 0 1 1 1 0 1 1 0 1 1 0 1 1 1 1 0 1 0 0 1 1 0 0 1 1 0 0 1 0 1 1 0 1 0 0 0 0 0 1 0 1 0 1 1 0 1 0 0 1 1 1 0 1 0 1 1 1 0 1 1 1 0 1 1 1 0 1 0 1 0 1 0 0 1 55 0 0 0 0 1 1 0 0 1 0 1 1 1 
1 0 1 0 1 1 1 1 0 0 0 1 0 1 0 1 0 1 1 0 1 0 0 1 0 1 0 1 1 1 0 1 0 0 0 1 1 1 1 1 1 0 1 0 1 0 0 1 1 1 1 0 1 0 1 0 0 1 1 1 0 1 1 1 1 0 1 0 0 1 1 1 0 0 0 0 1 0 0 1 0 1 0 0 1 0 0 0 1 1 0 1 0 0 0 0 0 1 0 0 1 0 0 0 0 1 1 1 1 0 0 0 1 0 1 0 1 1 1 0 1 0 2 0 1 0 1 0 0 1 1 0 1 1 0 
1 0 1 0 1 0 0 0 0 1 0 1 0 0 0 0 1 0 1 1 1 0 0 1 1 0 1 0 1 1 1 0 0 1 1 0 1 1 1 0 1 0 1 0 0 0 0 0 0 1 1 0 1 0 0 0 0 1 0 1 1 0 0 0 0 1 1 0 0 1 1 0 0 1 1 1 0 0 1 0 1 0 1 1 1 0 0 0 1 1 1 0 0 0 0 0 0 0 1 0 1 1 0 0 1 0 1 0 1 1 0 0 1 1 1 0 0 0 0 1 1 0 1 70 0 1 1 1 0 0 0 1 0 1 1 
0 1 1 0 1 1 1 0 1 1 0 1 1 1 0 0 1 1 1 0 1 1 1 1 0 0 1 1 1 0 1 0 0 0 1 0 0 1 1 0 0 0 0 1 1 0 1 0 1 0 1 1 0 1 1 1 0 0 1 1 0 1 0 0 1 0 0 0 0 0 0 1 0 1 0 1 1 1 1 0 0 1 0 1 1 0 0 0 1 1 0 1 1 1 0 1 1 0 1 1 0 0 1 0 1 1 1 1 1 1 1 1 1 1 0 1 0 1 0 0 0 0 0 1 15 0 0 0 1 0 0 0 1 0 1 
1 0 0 1 0 1 0 0 1 1 1 1 0 1 1 1 0 1 0 1 1 1 0 0 1 0 1 0 1 0 0 1 1 0 0 0 1 0 0 0 1 0 0 1 0 0 1 1 1 1 0 0 1 0 0 1 1 0 1 0 1 0 1 0 0 0 0 1 0 0 0 0 1 0 1 0 1 1 0 1 1 1 0 1 1 1 0 0 0 1 0 0 1 0 1 1 0 1 0 1 1 0 0 1 0 1 0 1 1 0 0 0 1 0 0 1 0 0 1 1 1 0 1 1 1 39 1 1 0 0 0 0 1 0 1 
1 1 1 1 1 1 0 1 0 0 0 0 0 1 1 1 0 0 1 1 1 1 1 0 1 0 0 1 1 1 0 1 1 0 0 0 1 0 0 1 1 1 1 1 1 1 0 0 0 0 0 0 0 0 1 0 1 1 0 0 0 0 0 0 0 1 0 1 0 1 0 1 1 0 1 1 1 1 1 1 1 1 0 0 1 0 1 0 0 0 1 1 0 0 0 0 0 1 1 1 1 1 0 0 1 0 0 0 1 0 1 0 0 1 1 1 0 0 1 0 1 0 1 1 0 1 42 0 0 0 1 1 1 0 1 
1 0 0 1 1 1 0 0 0 0 0 0 0 1 0 1 0 0 0 1 0 1 0 1 1 0 0 1 0 1 0 1 0 1 1 0 1 1 1 0 0 0 0 1 1 0 1 1 0 0 1 0 1 0 1 0 1 0 0 1 0 1 1 1 1 1 1 0 0 1 0 1 1 0 1 1 0 1 0 0 1 1 0 0 0 1 0 0 1 1 0 0 0 0 1 1 1 1 0 0 0 1 0 1 0 0 1 1 1 1 1 1 1 1 0 0 1 0 1 0 0 0 0 0 1 1 1 30 1 1 0 0 0 1 0 
1 1 1 0 1 1 0 1 0 0 1 0 1 0 1 0 1 1 1 1 1 0 0 0 1 1 1 0 1 0 1 0 0 0 1 0 0 0 0 0 0 0 0 1 0 1 1 0 1 0 1 0 0 0 1 0 1 0 0 0 0 1 0 1 1 1 1 1 0 1 0 0 0 1 0 1 1 0 0 1 0 1 0 1 1 0 1 1 1 1 1 1 1 0 1 0 1 0 0 1 0 0 1 1 1 1 1 1 0 0 0 0 0 0 0 0 0 0 1 0 0 1 1 0 1 0 0 0 71 0 1 1 1 1 0 
0 1 0 1 1 0 0 0 1 1 1 1 1 1 0 1 1 1 1 0 1 1 1 1 0 1 1 0 1 1 1 0 1 1 1 1 0 0 0 0 0 0 1 1 0 1 1 0 1 1 0 0 0 0 1 0 0 1 0 1 0 1 0 1 0 1 1 1 1 0 1 0 0 1 1 0 0 0 1 1 0 1 1 0 1 0 0 0 1 1 0 1 0 0 1 1 0 1 1 0 1 0 0 1 0 1 0 0 0 1 1 0 1 1 0 1 0 1 1 0 0 0 1 0 0 0 0 1 0 36 0 0 0 0 0 
1 0 1 0 1 0 0 0 1 1 1 0 0 1 0 1 1 1 1 0 1 0 1 0 0 0 1 1 1 1 1 1 0 1 1 1 1 1 1 0 0 0 0 0 0 0 1 1 0 0 0 0 1 0 0 0 1 1 1 1 1 1 0 1 1 1 0 1 0 0 0 0 1 0 0 0 0 0 1 0 0 0 0 1 1 0 0 1 0 0 1 1 0 0 0 1 0 0 0 0 1 1 0 0 1 0 1 1 1 0 0 0 1 0 1 0 1 1 0 1 1 1 0 0 1 1 1 1 0 0 15 1 1 0 0 
0 0 1 1 0 1 1 1 0 0 1 1 1 1 0 1 1 0 1 1 1 1 0 1 1 1 1 0 1 1 0 0 1 0 0 1 1 0 0 0 1 1 0 1 0 1 0 1 0 1 1 1 1 0 1 1 1 0 1 1 0 1 1 1 0 1 0 0 1 1 1 1 1 1 1 0 1 0 0 0 1 1 0 1 0 0 1 1 0 1 0 0 1 0 1 1 0 0 1 1 0 1 1 1 0 0 0 1 0 0 1 0 1 1 0 0 0 1 1 0 1 0 0 1 1 1 0 1 1 1 0 72 0 1 1 
1 0 1 0 0 0 0 1 0 0 0 0 0 1 1 0 1 1 0 1 1 0 1 0 0 0 1 0 0 1 0 0 1 0 1 0 1 1 0 1 0 1 0 0 1 0 0 1 1 1 1 1 1 0 0 1 1 1 0 0 1 1 1 1 0 1 0 1 0 0 0 0 0 1 0 0 1 0 1 1 0 1 1 1 1 1 0 1 1 1 1 0 1 1 1 0 0 0 1 0 0 1 1 0 1 1 0 1 0 1 1 0 1 0 0 1 0 0 0 0 0 1 1 0 1 0 1 0 0 0 0 1 42 0 1 
1 1 1 0 1 1 1 0 1 1 0 0 0 0 0 0 0 1 0 0 1 0 1 1 1 1 0 1 0 1 1 0 0 0 1 0 0 1 0 1 0 0 0 0 0 0 0 1 1 1 0 1 0 1 0 0 0 0 1 0 0 0 0 1 1 0 0 1 1 1 1 0 0 0 1 1 1 1 1 0 1 1 1 1 0 1 0 0 0 0 0 1 0 1 0 1 0 1 0 0 1 0 0 0 1 1 0 1 0 0 0 0 0 0 0 0 0 0 1 1 1 0 0 0 1 0 0 0 0 0 1 0 1 72 1 
0 0 1 1 0 0 1 0 1 1 0 0 0 1 0 1 1 1 1 0 0 0 1 0 1 1 1 0 1 0 0 0 1 1 1 1 0 0 1 1 0 0 1 0 0 1 0 1 0 0 1 1 0 0 0 0 1 1 1 0 1 0 1 0 1 0 0 1 0 1 0 0 0 1 0 1 0 0 0 0 1 1 0 0 1 0 1 1 1 1 0 0 0 1 0 1 0 1 1 0 0 1 0 1 1 1 0 0 0 0 1 1 1 0 0 0 1 1 0 1 0 1 0 0 1 0 1 1 0 0 0 0 0 0 97 
