16
11 0 0 0 0 0 0 0 1 0 0 0 0 0 1 0 
0 11 0 0 0 1 0 0 0 0 1 0 0 0 0 1 
1 0 45 1 0 1 0 0 0 0 1 0 0 0 0 1 
0 0 0 15 0 1 0 0 0 1 0 0 0 0 1 1 
1 0 1 1 97 0 1 1 1 0 1 0 1 1 0 1 
1 1 0 0 0 91 0 1 0 0 0 1 1 1 0 0 
0 1 1 0 0 0 0 0 0 0 1 0 1 0 1 0 
0 0 0 0 1 1 1 73 0 0 0 1 1 1 0 0 
1 1 1 0 1 0 1 0 52 0 0 1 1 1 0 1 
1 0 0 1 0 1 0 0 0 13 0 0 1 0 1 0 
0 0 0 1 0 1 0 0 1 0 89 1 0 0 0 1 
0 0 0 0 0 1 1 1 1 1 1 14 1 0 1 1 
0 0 1 0 0 0 0 0 0 0 0 1 92 0 0 0 
1 0 1 1 1 0 1 1 0 1 1 1 1 79 0 0 
0 1 0 0 0 0 1 0 1 1 0 0 0 0 98 0 
0 0 1 0 0 0 0 0 0 0 0 0 0 1 0 73 
