20
4 0 1 1 0 0 0 1 1 1 0 0 1 1 1 0 0 1 1 0 
0 35 0 1 1 1 0 0 0 0 0 0 1 1 0 0 1 1 0 1 
1 1 21 0 0 1 1 1 1 0 0 0 0 0 0 0 0 0 0 0 
1 0 0 54 0 0 0 0 0 0 0 0 0 0 0 0 0 0 0 1 
0 0 0 0 8 1 0 0 1 1 1 0 0 1 1 0 1 1 0 1 
1 1 1 0 0 13 0 0 1 1 0 0 1 1 0 1 0 0 1 0 
0 0 1 1 0 0 42 1 0 1 1 1 0 1 1 0 1 0 1 0 
0 0 1 1 1 0 1 4 0 0 0 0 0 0 0 0 0 0 0 0 
1 1 1 1 1 1 1 1 1 1 1 1 1 1 1 1 1 1 1 1 
1 0 0 1 1 0 0 1 1 87 1 1 0 0 0 0 1 1 0 0 
0 0 0 0 1 1 0 0 1 1 10 0 0 1 1 0 1 0 0 1 
1 1 0 0 1 1 0 0 1 1 0 14 1 1 0 0 1 1 0 1 
0 0 0 0 1 1 0 0 1 0 1 1 67 0 0 0 0 1 1 0 
1 0 1 1 0 1 1 0 0 1 0 0 0 3 0 0 1 1 0 1 
0 1 1 0 0 1 1 0 1 1 0 0 1 1 36 0 0 1 1 0 
0 0 0 0 1 1 0 0 0 0 0 0 0 0 0 99 0 0 0 0 
1 1 0 0 1 1 0 0 1 1 1 1 1 1 1 1 29 0 1 1 
0 0 1 1 0 0 0 1 1 0 0 0 1 1 0 1 0 63 0 1 
0 1 1 1 0 0 1 1 1 1 1 0 0 0 0 0 0 1 73 1 
0 0 0 1 1 1 1 1 0 0 0 0 0 1 1 0 0 1 1 50