100
43 0 0 1 0 0 1 1 1 0 1 0 1 1 0 0 1 1 1 1 1 1 0 1 0 1 1 0 0 1 1 1 1 0 0 1 1 1 0 0 0 1 0 1 1 0 0 0 1 1 1 1 1 1 0 1 0 0 1 1 0 1 0 1 0 1 1 0 1 0 0 1 0 1 0 1 1 0 0 1 1 0 1 1 1 1 1 0 1 1 0 0 0 1 0 1 1 1 0 0 
1 97 0 1 0 1 0 0 1 0 0 0 0 0 1 1 1 0 1 1 1 0 0 1 0 0 1 0 1 0 0 1 0 0 1 0 0 1 0 1 1 0 1 1 0 0 1 0 1 1 0 0 0 1 0 1 0 1 0 0 0 0 0 0 1 0 0 1 1 0 0 1 0 0 0 0 1 1 0 0 0 1 1 1 0 1 1 1 1 1 0 1 0 1 0 0 1 0 0 1 
0 0 30 0 1 1 1 0 0 1 1 1 1 1 1 0 1 0 0 1 1 0 0 1 0 0 1 0 0 1 0 0 0 1 0 0 0 0 1 1 1 1 1 0 1 0 0 1 0 1 0 0 0 0 0 1 1 0 1 0 1 1 0 1 1 0 1 0 0 0 1 0 0 0 1 0 1 0 1 0 0 1 1 0 0 0 1 0 1 1 1 1 0 0 1 0 1 1 0 0 
0 1 1 45 0 1 0 0 1 1 1 1 0 1 0 1 1 0 1 0 0 0 0 0 1 0 1 0 0 0 0 1 0 0 0 1 1 0 0 1 1 0 1 1 1 1 1 0 0 1 0 1 0 1 1 0 0 0 0 1 0 0 0 1 0 1 0 0 0 1 0 1 0 1 1 1 0 0 0 0 1 0 0 1 0 0 0 1 1 0 1 0 1 1 0 0 1 1 0 1 
1 1 0 0 6 1 1 0 0 0 0 0 1 0 0 0 0 0 0 0 1 0 0 0 0 1 1 1 1 0 1 0 0 1 1 0 1 1 0 1 0 1 1 1 1 0 0 0 0 1 0 1 1 1 1 0 1 1 0 0 1 1 0 0 0 0 0 0 0 0 0 0 1 1 0 1 1 1 0 1 1 0 1 1 1 1 1 1 0 1 1 1 1 1 0 0 1 1 0 0 
1 0 1 0 0 44 0 1 1 1 1 1 1 0 1 1 1 1 0 0 1 1 0 0 1 0 1 1 0 0 1 0 1 1 0 0 1 1 0 1 0 1 1 0 0 0 0 0 1 1 1 0 1 0 0 0 1 1 0 0 0 1 1 1 0 0 0 0 0 1 1 1 1 1 1 0 0 0 1 0 0 0 1 0 0 0 0 1 1 0 0 0 0 1 1 1 0 1 0 1 
0 0 1 0 1 1 83 0 0 0 0 1 1 0 1 1 1 1 1 1 1 1 0 0 1 1 1 1 0 1 1 0 0 1 0 0 0 0 0 1 0 1 0 0 0 0 0 1 0 1 0 1 0 0 1 1 0 0 0 0 0 0 1 0 0 1 1 0 0 1 1 1 0 0 1 0 0 0 0 1 0 0 0 0 0 1 1 1 0 0 0 0 1 0 1 0 1 0 0 0 
0 1 0 1 0 1 1 57 0 1 0 1 0 0 1 1 1 0 1 0 1 1 0 0 1 0 1 1 0 1 1 0 1 1 1 1 0 1 0 0 0 1 1 1 1 1 1 1 0 1 1 0 1 0 1 1 0 1 1 0 1 1 0 1 0 1 1 0 0 1 1 1 1 1 0 0 0 1 0 0 1 1 1 1 0 0 0 0 0 0 0 0 1 0 1 0 1 0 1 0 
1 1 1 1 0 0 1 1 8 1 0 0 0 0 0 1 1 0 0 1 1 1 0 1 1 1 0 0 1 1 1 1 1 1 0 0 1 0 1 1 1 0 0 1 0 0 1 1 0 1 0 1 1 1 0 1 1 0 0 0 1 0 0 1 1 0 1 0 0 1 0 0 1 0 1 1 0 1 1 0 1 0 0 0 0 1 1 0 1 0 1 1 1 0 0 0 1 0 0 0 
0 1 1 1 1 1 0 0 1 87 0 0 0 1 0 1 0 1 1 0 1 0 0 0 0 0 1 1 1 0 1 1 0 1 0 0 0 1 0 1 0 1 1 0 0 0 0 1 1 1 1 1 1 0 0 1 0 1 0 0 1 1 1 0 1 1 0 1 1 1 1 0 1 1 1 0 1 1 0 1 0 1 1 0 1 1 1 0 0 1 1 1 1 0 1 0 1 0 1 0 
1 0 0 0 1 1 1 0 0 1 99 1 0 1 0 1 1 0 0 1 1 1 1 0 1 0 1 1 1 1 0 1 1 1 1 0 0 1 0 0 0 1 1 1 0 0 1 0 1 1 0 0 0 0 0 0 1 0 1 1 1 1 0 0 0 0 1 0 0 1 1 1 0 0 1 0 0 0 1 0 0 0 0 1 0 1 0 1 1 1 1 1 0 1 0 1 1 0 0 1 
1 1 0 1 1 0 1 1 0 1 0 37 0 1 0 0 1 0 1 0 0 1 1 1 1 1 0 1 1 1 1 0 1 0 1 0 1 1 0 0 0 0 0 1 1 1 0 1 1 0 1 0 0 1 1 0 0 0 0 1 1 0 0 1 0 1 1 1 0 0 1 0 0 1 0 1 0 0 1 1 1 0 0 1 0 0 0 0 1 0 1 0 0 1 1 0 1 0 0 0 
1 1 0 0 1 1 1 1 1 0 0 0 51 0 0 1 0 0 0 1 1 0 0 0 0 0 0 1 1 0 1 1 0 0 1 0 0 1 0 1 1 0 0 1 1 0 1 0 0 1 0 1 1 0 1 0 0 0 0 0 1 1 0 1 0 0 0 1 1 1 1 1 0 0 1 0 0 1 0 0 1 0 1 1 0 1 0 1 1 0 1 1 1 0 0 1 1 0 0 1 
0 1 1 1 0 0 0 1 0 1 1 0 1 58 1 0 1 1 1 0 1 0 0 0 0 1 0 1 1 0 1 1 0 0 1 1 0 1 1 1 0 0 0 0 0 0 0 0 0 1 1 0 0 1 0 0 0 0 1 1 1 0 0 1 1 0 1 1 0 1 0 0 1 1 0 1 1 0 0 0 0 1 1 1 1 1 1 1 0 0 0 1 1 1 1 0 0 0 0 1 
1 0 0 0 1 0 1 1 0 1 0 1 0 0 56 1 1 0 0 1 1 1 1 0 0 1 1 0 0 1 1 0 0 0 1 0 1 1 1 0 1 1 0 0 0 0 0 1 1 0 1 0 1 0 1 0 0 0 0 0 1 0 0 1 1 0 1 1 1 0 1 1 0 1 1 0 0 0 0 1 1 1 0 1 1 1 0 1 0 0 1 0 1 1 0 0 0 0 0 0 
0 0 0 1 0 0 1 1 0 0 1 1 0 1 0 15 1 0 0 1 1 1 0 1 0 0 0 0 0 0 0 1 1 0 0 0 0 0 0 0 1 1 1 1 0 1 1 1 0 0 0 1 1 1 1 0 1 1 1 1 0 1 1 0 1 0 1 0 0 0 0 1 1 1 1 0 0 0 0 1 0 0 1 1 1 1 0 1 1 1 0 1 0 0 1 0 1 0 1 0 
1 0 1 0 0 1 0 1 1 0 1 0 1 1 0 0 49 1 1 1 1 0 0 0 1 0 0 1 1 0 1 1 0 1 1 0 0 0 1 1 1 0 1 0 0 1 0 1 1 1 1 1 0 1 0 0 1 1 1 0 0 1 0 0 1 1 0 0 0 0 1 1 0 0 1 0 0 1 1 1 0 1 0 0 0 1 1 0 1 1 0 0 0 0 0 1 0 1 0 1 
0 0 0 1 0 1 0 1 0 1 1 1 1 0 1 0 0 20 1 1 1 0 0 0 1 0 1 0 1 0 0 1 0 0 1 1 1 1 0 1 0 0 0 1 0 1 1 1 1 1 0 0 0 1 0 0 1 1 1 1 0 1 0 1 1 1 1 0 0 0 0 0 1 1 1 0 1 0 0 0 1 1 0 0 0 0 1 1 1 0 1 1 0 0 1 1 1 1 0 1 
1 1 0 0 1 0 0 1 1 1 0 0 1 0 0 1 1 0 48 1 0 0 1 0 0 0 1 0 0 0 1 1 0 1 0 1 1 1 0 0 0 0 1 0 1 0 0 1 0 1 1 0 0 0 0 1 1 0 0 0 1 1 0 1 0 1 0 0 1 1 1 1 1 0 0 1 1 0 0 0 0 1 1 0 1 0 0 1 0 0 0 0 1 0 0 1 0 1 1 0 
0 0 1 0 1 0 0 1 1 1 1 1 0 1 0 1 1 1 0 49 1 0 0 1 1 0 1 1 0 1 0 0 0 1 0 1 1 0 1 1 0 1 0 1 0 1 0 0 0 0 1 1 1 1 0 0 0 1 0 1 0 1 1 0 0 1 1 1 0 0 1 0 1 1 1 1 0 0 0 0 1 0 0 0 1 1 1 0 1 0 1 1 0 1 1 0 0 0 1 1 
0 0 0 1 1 0 0 1 1 0 1 1 1 0 1 0 0 0 1 1 59 0 0 1 1 0 0 1 0 0 0 1 0 1 1 1 1 0 0 1 0 1 1 1 1 1 0 1 0 0 0 1 1 1 0 0 1 0 0 1 1 0 0 0 0 1 0 0 0 1 1 0 1 0 0 1 1 0 1 1 0 1 0 0 0 0 0 0 1 1 0 1 0 0 1 0 0 1 1 1 
0 1 1 1 1 1 0 0 1 0 0 0 1 0 0 1 0 1 0 1 0 79 1 0 0 1 1 0 0 1 0 0 0 0 0 1 1 0 1 0 1 0 0 0 1 1 1 1 1 0 0 1 1 1 1 0 0 1 1 0 0 1 0 1 0 1 0 0 1 0 1 0 0 1 0 1 0 0 1 1 0 1 1 0 0 1 1 1 1 1 1 0 0 0 0 1 1 0 1 1 
1 1 1 0 1 0 1 0 0 0 0 1 0 1 0 0 0 1 1 0 1 1 98 1 0 1 0 0 0 0 1 0 0 1 1 1 1 0 0 0 0 0 0 0 1 0 0 1 1 0 0 0 1 1 1 1 0 0 0 0 1 1 1 0 1 0 1 1 0 1 1 0 1 0 1 1 1 1 0 0 0 0 1 1 1 1 0 0 1 0 0 1 0 0 1 1 0 0 0 0 
1 1 0 0 0 0 0 1 0 0 1 1 1 1 1 0 1 1 1 1 1 0 1 7 1 1 0 1 0 0 1 0 1 0 0 0 1 1 0 0 1 1 1 0 0 0 1 0 0 0 0 1 1 0 0 0 0 0 1 1 0 0 0 1 1 0 0 0 0 0 0 0 0 1 0 1 1 1 1 1 0 1 0 1 0 1 0 0 0 0 1 1 0 1 1 0 1 0 0 1 
0 0 1 1 0 1 0 0 0 0 0 1 0 0 1 0 0 0 0 0 1 1 0 1 52 1 1 0 1 1 0 0 0 0 1 0 0 0 0 1 1 1 1 0 0 0 0 0 0 0 1 1 1 1 0 1 1 0 1 0 1 0 0 0 1 0 1 1 0 0 0 1 0 1 0 1 1 0 1 0 1 1 1 0 0 0 1 0 1 1 0 1 0 1 1 0 0 0 0 1 
1 1 1 1 0 1 1 0 1 1 1 0 1 0 1 1 1 0 1 0 0 1 0 1 0 51 1 1 0 0 1 0 1 0 1 1 0 0 0 1 0 1 1 0 1 1 1 1 1 0 0 0 1 0 1 0 0 1 0 0 1 0 1 0 1 0 0 1 0 0 0 1 0 0 1 0 1 1 0 1 1 1 0 1 1 1 0 0 1 0 0 1 1 1 1 1 0 0 1 1 
1 1 0 0 1 1 1 1 0 1 1 0 1 0 0 1 1 1 0 0 0 0 1 1 1 0 23 1 0 1 1 1 1 0 1 0 1 1 1 1 1 1 0 0 1 0 0 1 0 1 0 0 1 0 0 0 0 0 1 1 1 1 1 0 0 1 0 0 1 1 1 1 0 0 0 1 1 1 1 1 1 0 0 0 1 0 1 0 1 0 1 0 0 1 1 0 1 0 1 0 
1 0 1 0 1 1 1 0 1 1 0 0 0 1 1 0 1 1 1 1 0 0 1 0 0 1 1 9 1 0 0 1 1 0 1 1 1 0 1 0 1 1 0 0 0 0 0 0 1 0 0 0 1 0 0 1 0 0 1 1 0 1 0 0 1 0 0 0 1 0 0 0 1 1 0 1 0 0 1 1 1 0 0 1 0 1 0 1 0 1 1 0 1 1 0 0 1 0 0 1 
1 0 1 0 0 1 0 1 1 1 1 0 0 0 0 1 1 1 1 0 1 0 0 1 0 0 1 0 94 1 0 1 0 1 1 1 0 1 0 1 1 0 0 1 0 1 1 1 1 0 0 0 1 1 1 1 1 0 1 1 1 0 0 0 0 1 0 0 1 1 0 1 1 1 0 1 0 1 0 1 0 0 0 0 1 0 0 1 1 1 0 0 1 0 0 0 0 0 0 1 
0 1 1 0 0 1 1 0 1 1 1 0 0 0 1 1 0 0 1 0 1 1 0 1 0 1 1 0 1 30 0 0 0 1 0 0 1 1 0 0 0 0 0 0 0 1 1 1 1 1 1 1 1 1 1 0 0 0 1 0 1 1 0 1 0 1 1 0 1 0 1 0 0 0 0 1 1 0 0 0 0 0 1 1 0 1 0 0 1 0 0 0 1 0 1 1 0 1 1 0 
1 0 1 0 1 0 0 1 0 1 1 1 1 1 0 1 1 1 1 0 0 0 1 0 0 1 1 0 1 0 8 0 0 1 1 1 0 1 0 0 0 0 1 1 1 0 1 1 1 1 1 0 0 1 1 0 1 1 0 0 0 1 0 0 1 1 0 1 1 1 1 0 0 1 1 1 0 0 0 0 1 1 1 1 1 0 1 1 0 1 0 0 1 0 1 0 1 1 1 1 
0 0 0 1 0 1 0 0 0 1 1 0 1 1 1 1 0 1 0 0 0 1 1 1 0 0 0 1 1 1 1 81 1 1 1 1 1 0 0 0 0 1 1 1 1 1 1 0 0 0 0 0 0 0 1 0 1 0 1 0 1 1 1 1 0 0 0 0 1 0 1 1 0 0 0 1 1 0 0 0 0 1 0 1 1 1 1 0 1 0 0 1 0 1 0 0 0 0 1 0 
1 1 1 1 1 1 1 1 1 1 0 0 0 1 0 1 0 1 0 0 1 0 0 1 0 0 0 1 1 0 1 1 35 1 0 1 1 0 0 1 0 0 1 0 0 0 1 1 1 0 1 1 1 0 1 1 0 1 0 0 0 1 0 0 1 0 0 1 0 1 0 0 1 1 1 0 0 1 0 0 0 0 0 1 0 0 0 1 0 0 1 1 1 0 0 0 0 1 0 1 
1 1 1 1 1 1 1 0 1 1 0 1 1 1 1 1 0 1 0 0 0 1 0 1 0 0 0 0 1 0 0 1 0 49 0 0 1 0 0 1 1 1 0 1 1 0 1 1 0 1 1 1 1 1 1 1 1 0 0 0 0 0 0 0 1 0 1 1 0 0 0 0 1 0 1 0 1 0 1 0 1 0 1 1 0 1 0 1 0 1 0 1 0 0 0 1 0 1 0 0 
1 1 0 0 1 0 1 1 0 0 0 1 0 1 1 1 1 1 1 0 0 1 0 0 0 1 1 0 1 0 1 0 1 1 85 0 1 1 1 1 1 1 1 0 1 0 1 1 0 0 0 0 0 1 0 0 1 0 0 0 0 1 0 1 0 1 1 0 1 1 1 0 0 0 1 0 1 1 1 0 0 1 0 1 0 1 1 1 0 1 1 0 1 1 1 1 0 1 1 1 
0 0 0 0 0 0 0 1 1 0 1 0 0 0 1 1 0 1 1 1 1 1 0 1 0 0 0 1 0 1 0 0 0 0 0 61 0 1 0 0 0 1 0 1 0 1 0 1 0 1 0 1 0 1 0 0 1 1 1 1 1 1 1 0 1 0 0 1 1 1 1 1 1 0 0 0 1 0 1 0 0 0 0 0 1 1 1 1 0 0 1 0 1 0 0 0 0 1 0 0 
1 1 1 1 0 0 0 1 0 0 1 1 1 0 1 1 1 1 1 1 1 1 0 1 0 0 1 0 0 0 0 1 1 0 1 0 1 0 0 1 0 0 1 0 1 0 1 0 0 1 1 0 1 0 0 1 1 0 0 0 0 0 0 0 0 0 0 0 1 0 0 0 1 1 1 1 0 0 1 0 1 0 1 0 1 0 1 1 0 1 0 0 1 1 0 1 0 0 1 1 
0 1 0 0 1 1 0 0 1 1 1 0 1 0 1 1 0 1 1 0 0 0 1 0 0 1 1 1 1 1 1 0 1 1 0 1 0 45 0 0 1 1 1 0 1 0 1 1 1 1 1 0 0 1 0 0 0 0 1 0 1 0 1 1 0 0 1 0 1 0 0 1 1 0 0 1 1 1 0 0 0 0 0 0 0 1 0 0 1 0 1 1 1 0 0 0 1 0 0 1 
0 0 1 0 1 0 1 1 1 0 1 0 0 0 0 0 1 0 0 1 0 0 1 0 1 1 1 1 0 1 1 0 0 0 1 0 0 1 33 1 1 0 1 0 0 1 0 0 1 1 1 1 1 0 1 0 0 1 1 0 1 0 0 1 1 1 1 1 1 0 1 0 0 0 1 1 0 0 1 0 1 1 1 0 1 0 1 1 0 1 1 0 1 1 0 0 1 0 0 1 
0 0 0 0 1 0 0 1 0 1 0 0 0 0 0 1 0 1 1 1 0 1 0 1 0 1 0 0 0 0 1 1 0 1 1 1 0 1 1 34 0 0 1 1 1 0 1 1 1 1 1 0 1 0 1 1 0 1 0 0 0 0 1 0 0 1 1 0 0 0 0 0 1 0 0 1 0 0 0 1 1 0 0 0 1 0 1 0 0 0 1 0 0 1 1 1 1 0 1 1 
0 0 0 0 1 0 1 0 1 1 0 1 0 1 0 1 0 0 1 0 1 1 0 1 1 0 0 0 1 0 0 1 1 0 1 0 0 1 1 1 52 0 1 0 0 1 0 1 0 0 0 1 1 0 0 1 0 0 0 0 0 0 1 0 1 0 1 0 0 1 0 0 1 0 1 1 0 0 1 1 0 1 1 0 0 0 0 0 1 0 0 0 0 0 1 0 1 0 0 0 
1 0 1 1 1 1 0 1 1 0 0 1 1 0 0 0 1 0 1 0 1 1 1 1 1 1 0 1 1 0 1 1 0 1 0 0 0 0 0 0 0 75 1 1 1 0 0 1 1 0 0 1 1 1 1 1 1 1 0 0 0 1 0 0 1 1 0 0 1 1 0 0 1 1 0 0 1 1 0 0 1 0 1 1 1 0 0 0 0 0 1 1 1 1 0 1 1 1 0 1 
1 0 0 0 0 0 1 1 1 1 1 1 0 0 0 1 0 0 0 0 1 1 1 1 1 0 1 0 0 0 1 0 0 0 1 1 1 1 1 1 1 0 91 0 1 1 1 0 0 1 1 1 1 1 1 1 1 0 0 0 0 0 0 0 0 1 1 1 0 0 1 0 0 0 0 1 1 1 0 0 0 0 0 0 0 0 0 0 0 0 0 0 0 1 0 0 0 1 0 0 
1 1 0 0 1 1 0 0 1 0 1 0 1 1 0 0 0 0 0 0 0 1 0 1 0 1 0 0 0 1 1 0 0 1 0 1 0 1 1 1 1 1 0 40 1 0 1 0 0 1 1 1 1 0 1 1 0 0 0 0 1 1 0 0 0 1 1 0 1 1 1 0 1 0 0 1 1 1 0 0 0 1 1 0 0 1 1 1 0 1 0 1 0 0 1 0 0 0 0 1 
0 0 0 0 1 1 0 0 1 0 0 0 0 1 0 0 0 1 0 1 0 1 0 0 1 0 0 0 0 1 1 1 1 1 1 0 1 0 0 0 1 0 1 1 23 0 1 0 0 0 0 0 0 1 1 0 0 0 0 1 1 0 0 1 0 1 0 0 1 0 0 1 1 1 0 1 0 1 1 0 0 1 0 0 1 1 0 0 1 0 1 0 0 0 0 0 0 1 1 1 
0 1 0 1 0 1 0 1 1 0 0 0 1 0 0 0 0 0 0 1 0 1 0 0 1 0 0 0 0 0 1 0 1 0 1 0 0 1 0 1 0 0 0 0 0 44 0 0 1 0 1 0 1 1 1 0 0 0 1 1 0 0 1 0 0 1 0 0 1 0 0 0 1 0 1 0 0 0 0 1 0 1 1 1 1 0 1 1 1 1 0 1 0 0 1 1 0 0 1 0 
0 1 1 0 0 1 1 0 1 1 1 0 1 0 1 0 0 1 0 1 1 0 0 1 1 1 1 0 0 1 0 1 0 0 1 0 0 1 0 0 1 0 0 0 1 0 4 1 1 0 0 1 1 0 1 0 0 0 1 0 1 0 1 0 0 1 1 0 1 0 1 1 0 0 0 1 1 1 0 0 0 0 0 0 0 0 1 0 0 0 1 1 0 0 1 1 1 0 1 1 
1 0 1 0 1 1 0 0 1 0 0 1 1 0 0 0 1 1 1 1 0 0 1 1 1 1 0 1 1 0 0 1 1 1 0 0 1 1 1 1 1 0 1 0 1 0 1 68 0 0 1 1 0 1 1 1 0 1 1 1 1 1 1 0 0 0 1 0 0 0 0 0 0 0 1 1 0 0 0 0 1 1 1 1 1 1 0 1 1 0 0 1 1 1 0 1 1 1 1 1 
0 1 0 1 0 0 1 1 0 1 1 1 1 0 0 0 1 1 0 0 1 1 1 1 1 1 1 0 1 0 0 0 1 0 0 1 0 1 0 1 1 1 1 1 1 1 0 1 24 1 1 0 1 1 0 0 0 0 1 0 0 1 0 0 1 0 0 0 1 1 1 0 0 1 1 1 1 1 0 0 1 0 1 1 0 1 1 0 1 0 1 1 1 1 0 1 0 0 1 0 
1 1 0 1 1 0 0 1 0 0 1 1 1 1 1 1 1 0 1 0 1 1 1 0 0 0 1 1 0 0 1 0 1 1 1 1 0 0 0 0 1 1 0 1 1 1 1 1 1 89 0 1 0 0 1 0 1 1 1 0 1 1 0 0 1 0 1 1 0 0 1 0 1 1 0 1 0 1 1 0 0 0 1 0 0 1 1 1 0 0 1 0 0 0 1 0 1 0 1 1 
0 0 0 1 1 0 1 0 1 1 1 0 0 0 0 0 1 1 1 0 1 1 1 1 0 0 0 1 1 0 0 0 0 1 1 1 0 0 0 0 1 0 0 1 0 0 0 1 0 1 89 0 1 0 0 1 0 0 1 0 0 0 1 1 1 0 1 1 1 0 0 1 0 0 0 1 0 1 0 1 1 1 0 1 0 1 1 0 0 0 0 0 0 1 0 1 0 1 1 1 
0 0 1 1 1 1 1 0 0 1 0 1 0 0 1 0 0 0 0 1 1 1 1 0 0 1 1 1 0 0 0 1 0 0 0 1 1 0 0 1 1 0 1 1 1 1 0 1 0 0 1 66 1 0 1 0 0 0 1 0 0 1 1 1 0 0 0 0 0 0 0 1 1 0 0 1 0 1 0 0 0 0 1 0 0 1 0 0 1 1 1 1 1 1 1 1 0 1 1 1 
0 0 0 1 1 1 0 1 1 0 0 1 1 1 0 1 1 1 0 0 0 0 1 0 1 0 0 1 0 0 0 0 1 0 0 0 1 0 1 0 1 0 0 0 0 0 0 1 1 0 1 0 4 1 0 0 0 0 0 0 1 0 1 1 1 0 1 0 1 1 1 0 0 0 1 1 0 1 0 0 0 1 1 0 0 1 1 0 1 1 0 1 0 0 1 1 0 0 0 1 
0 0 0 1 1 1 1 0 0 1 1 1 0 0 1 1 1 0 1 1 0 1 0 1 1 0 0 0 1 1 0 0 1 0 1 0 1 1 1 1 0 1 0 0 1 0 1 0 0 0 1 1 1 14 0 1 0 1 1 1 1 1 0 0 1 0 0 1 1 1 1 0 1 0 0 0 0 1 0 1 1 1 0 0 1 1 1 1 0 1 0 0 1 1 0 1 1 0 1 0 
1 0 0 1 0 1 1 0 1 0 0 0 1 1 0 1 1 1 1 1 0 1 0 0 0 0 1 1 0 1 1 0 0 0 1 0 0 0 0 0 0 0 0 1 1 1 0 0 1 1 0 0 0 1 71 0 1 1 1 0 0 0 1 1 1 0 1 1 0 0 1 1 0 1 0 0 1 1 0 0 1 0 1 0 1 1 1 1 0 0 1 1 0 0 0 0 1 1 0 0 
1 0 1 1 0 1 1 0 0 1 1 0 0 1 0 1 0 1 1 0 0 1 1 1 0 0 1 0 1 0 0 1 1 0 1 0 0 0 0 1 1 0 0 1 1 1 0 1 0 0 1 0 1 0 0 53 0 1 0 0 1 0 0 0 0 0 0 0 1 1 1 0 1 0 1 0 1 0 0 0 1 0 1 0 0 1 1 1 1 0 1 0 0 0 0 0 1 0 0 0 
0 0 1 0 1 0 1 0 1 1 0 0 0 0 0 0 0 0 0 1 0 0 1 0 0 1 1 1 1 1 1 0 0 1 0 0 0 0 0 1 1 1 0 0 0 1 0 0 0 0 0 0 0 1 0 1 74 1 1 0 1 1 1 0 1 0 0 0 1 0 1 0 1 1 1 1 0 1 0 0 0 1 1 1 1 0 1 1 1 0 1 0 1 0 0 0 0 0 1 1 
1 0 1 0 0 0 0 0 1 1 0 1 1 0 1 1 0 0 0 1 0 1 1 1 0 0 1 0 0 0 0 1 0 1 1 1 0 0 1 1 0 0 1 0 1 0 1 0 1 1 0 1 1 0 0 1 0 98 0 1 1 0 0 0 0 1 0 1 0 0 0 1 0 1 1 1 0 1 0 1 1 1 1 0 0 0 0 1 1 0 0 1 0 1 1 1 1 1 1 1 
1 1 0 1 1 1 0 1 0 0 1 0 0 1 1 0 0 0 1 1 0 1 1 0 0 0 0 1 1 1 1 1 1 1 1 1 1 1 1 1 0 1 1 1 0 0 1 1 0 0 1 0 1 0 0 1 1 0 13 1 1 0 0 0 0 0 1 0 1 0 1 0 0 0 0 1 1 0 1 0 0 0 1 0 0 0 1 0 0 0 1 0 0 0 1 0 1 1 1 1 
1 0 0 0 0 1 0 1 0 1 0 1 1 1 1 0 0 0 0 1 0 1 0 0 1 1 1 1 0 0 1 0 0 0 0 0 0 0 1 0 0 0 1 0 1 1 0 0 0 1 0 0 0 1 0 0 0 1 0 40 1 1 0 0 1 0 1 0 1 1 1 0 1 0 1 1 1 0 0 0 1 1 1 0 1 0 0 1 1 1 1 1 1 1 1 1 1 1 0 0 
1 0 1 1 0 0 0 0 1 0 0 1 1 0 0 1 0 0 0 0 0 0 0 0 0 0 0 1 1 0 1 1 1 0 1 0 0 1 0 1 0 1 0 1 0 0 0 1 0 0 1 0 1 1 1 0 0 1 1 0 1 1 1 0 1 1 1 0 1 1 0 0 1 1 1 0 1 0 1 1 0 1 0 1 0 0 1 1 1 1 0 1 0 1 1 0 0 1 0 0 
1 1 0 1 0 0 1 0 1 0 1 1 1 0 1 1 1 0 1 1 1 0 1 1 1 1 0 0 0 1 0 0 1 0 1 0 0 1 1 0 1 0 0 0 0 1 0 1 1 0 1 1 1 0 1 0 0 0 0 1 1 21 1 0 0 1 1 0 1 0 0 1 0 1 0 1 1 0 0 0 1 1 0 1 1 1 1 1 1 1 1 1 1 1 1 0 0 0 0 0 
0 1 1 1 1 1 0 1 0 0 1 0 0 0 0 0 1 0 1 0 0 1 0 1 0 1 0 0 0 1 0 1 0 1 1 1 1 0 0 0 1 1 1 0 1 1 1 0 0 1 0 0 1 1 0 0 0 0 0 0 0 1 89 1 0 1 1 1 0 0 1 0 0 0 1 1 1 1 0 1 1 0 1 1 1 0 1 0 0 1 0 0 0 0 0 1 0 0 1 1 
0 0 0 0 1 0 0 1 0 1 0 0 1 0 0 0 1 1 1 1 0 0 1 0 0 1 1 0 1 1 0 0 1 0 1 0 0 0 1 1 1 1 0 0 1 1 0 1 1 0 1 0 1 1 0 1 0 0 0 0 0 0 0 73 1 1 0 1 0 1 0 0 1 0 1 0 1 1 1 0 0 0 0 1 0 1 1 1 0 0 1 0 0 1 1 1 1 0 0 1 
1 0 0 0 0 0 0 0 1 0 1 1 0 0 0 1 0 0 0 0 1 0 0 1 0 1 0 1 1 0 0 1 1 0 0 1 1 1 1 1 0 1 0 1 0 0 1 1 1 0 0 1 1 0 1 0 0 1 0 1 1 0 1 1 49 0 1 1 1 0 1 0 1 0 0 0 0 0 0 0 0 0 1 1 1 1 0 1 0 1 0 1 0 0 1 0 1 1 0 1 
1 1 1 0 0 1 1 1 0 0 0 0 1 1 1 1 1 0 0 1 1 0 1 0 1 1 0 1 1 1 1 0 0 0 0 0 0 1 0 0 0 0 1 1 1 0 1 0 0 0 0 0 1 1 1 1 1 1 0 0 1 1 0 0 0 32 0 0 0 0 1 1 1 0 1 1 1 1 1 1 1 1 1 0 0 1 1 1 1 1 1 1 1 1 0 1 1 0 0 0 
0 0 1 1 1 0 0 0 1 0 0 0 1 1 0 1 0 0 1 1 1 0 0 0 1 0 0 0 1 0 1 0 0 1 1 0 0 0 1 1 0 1 1 0 0 1 1 1 1 1 1 0 1 0 0 1 1 1 1 1 0 0 1 0 0 1 69 0 0 0 0 1 0 0 1 0 0 0 0 1 1 0 0 1 0 0 1 0 1 0 0 0 1 0 1 0 1 0 1 0 
0 1 0 1 1 1 1 0 0 1 0 1 0 1 0 1 1 1 0 1 0 1 1 1 0 0 1 1 1 0 0 1 0 1 0 1 0 1 1 1 0 1 1 0 1 1 0 1 0 1 1 0 1 0 1 1 0 0 1 1 0 1 0 0 0 0 0 79 1 1 1 0 0 0 1 1 1 0 0 1 1 0 1 0 1 1 1 1 0 1 0 1 0 1 1 1 1 0 1 1 
1 1 1 1 0 0 1 1 1 1 1 1 0 1 0 0 0 0 0 0 0 0 0 1 1 0 0 0 0 1 1 0 0 0 1 1 1 1 1 1 0 0 1 1 0 0 0 1 0 0 0 0 1 1 0 1 0 0 0 1 0 1 1 0 1 1 1 0 55 1 0 0 1 1 1 0 1 0 0 1 1 0 1 1 1 0 1 0 1 0 1 1 0 1 1 0 1 1 1 0 
1 1 1 1 0 1 0 1 1 1 1 0 0 1 0 1 1 1 1 0 0 0 1 0 0 1 1 0 0 1 0 1 0 1 1 1 0 0 0 0 0 0 0 0 0 1 1 0 1 1 0 0 0 1 1 0 0 0 1 1 0 1 0 1 0 0 0 0 0 68 1 1 0 0 1 0 0 0 0 0 0 1 1 0 1 0 1 0 0 0 0 1 0 0 1 1 1 1 1 0 
1 0 1 1 0 1 1 1 0 0 0 0 0 1 0 1 1 0 1 1 0 0 1 0 1 0 1 0 0 1 0 1 1 0 1 0 1 1 1 1 0 1 0 0 0 1 1 0 0 0 0 1 0 1 1 1 0 0 0 0 0 0 0 1 1 0 1 1 0 1 16 0 1 1 0 0 0 1 1 1 0 0 0 1 1 1 0 0 0 1 0 0 1 1 0 0 1 1 1 1 
0 1 0 0 0 1 0 1 1 1 0 0 0 1 0 0 0 1 1 1 0 1 0 0 0 0 1 0 1 0 1 1 0 0 1 1 0 1 0 1 0 0 0 1 1 0 0 1 0 1 0 1 0 1 0 1 1 0 0 1 1 0 0 1 0 1 0 1 1 0 0 20 1 1 0 0 1 0 1 1 0 0 1 1 1 1 1 1 1 1 1 0 0 0 0 0 0 0 1 1 
1 0 0 1 1 1 1 1 0 1 1 0 0 1 1 1 1 0 1 1 0 0 0 1 0 1 0 1 1 0 0 0 0 0 1 1 0 1 1 1 0 0 1 1 1 0 1 0 0 1 0 0 1 0 1 0 0 0 1 0 0 1 0 0 0 0 1 1 1 0 1 1 2 0 0 1 0 0 0 0 0 0 1 1 1 0 1 0 0 1 1 0 1 1 1 1 0 0 0 1 
1 1 0 1 0 1 0 0 1 1 1 1 0 0 0 0 1 0 1 0 0 1 0 1 0 0 0 0 0 0 1 0 0 0 1 1 0 1 1 1 0 0 1 1 0 1 1 0 1 1 0 1 0 1 1 0 0 1 0 0 0 0 1 0 0 0 1 0 0 1 1 1 1 14 0 1 0 0 0 1 0 1 1 0 0 0 0 1 0 0 1 0 1 1 1 0 1 0 1 0 
1 1 0 1 1 0 1 1 0 0 0 0 0 0 1 1 1 1 0 0 1 0 0 0 0 0 1 0 1 1 1 0 0 0 1 0 0 1 1 0 1 0 1 1 0 1 1 0 0 0 1 1 1 0 1 0 1 0 0 1 0 0 1 1 1 0 1 1 0 1 0 0 1 1 65 1 1 1 0 0 0 1 1 0 0 0 0 1 1 0 0 1 1 1 0 1 0 0 1 0 
1 0 1 1 0 0 0 0 0 1 0 1 0 1 1 0 0 1 1 0 1 0 0 0 1 0 0 0 0 0 0 1 0 1 0 0 0 0 0 1 0 1 0 0 0 0 1 1 0 1 1 0 1 1 0 0 1 1 1 1 1 1 0 0 0 0 0 1 1 0 1 1 0 1 1 11 1 0 0 1 0 1 0 1 0 1 1 1 0 1 1 1 1 0 1 1 1 1 1 1 
0 0 0 1 1 1 1 0 0 1 0 0 0 1 0 0 0 0 0 1 0 0 0 1 1 1 1 1 1 1 1 0 1 0 0 1 1 1 1 1 1 1 0 1 0 1 1 0 0 1 0 1 0 1 0 1 0 1 1 1 1 1 1 1 0 1 0 0 1 1 1 1 1 1 0 0 64 0 0 1 1 1 0 1 1 1 1 0 1 0 1 0 1 0 1 0 1 1 0 0 
1 1 1 1 0 0 1 1 1 0 1 1 1 0 1 1 1 1 1 0 0 0 1 1 0 1 1 1 0 0 1 1 0 0 0 1 1 0 0 1 0 1 1 0 1 0 0 1 0 0 0 0 0 1 1 0 0 0 1 1 1 0 0 1 0 0 0 0 1 0 0 1 0 0 1 0 1 42 1 0 0 1 1 1 1 0 0 0 0 1 0 0 0 0 1 0 1 0 0 1 
1 1 0 1 0 1 1 0 1 0 1 1 1 1 0 1 1 0 0 0 0 1 1 1 1 1 1 0 0 1 0 1 0 1 1 1 1 1 0 1 1 1 0 0 1 1 0 1 0 0 1 0 1 1 1 1 0 1 0 0 1 1 1 0 1 0 1 0 1 0 1 1 0 0 0 1 0 1 20 0 0 0 1 0 0 0 1 1 0 0 0 1 1 0 0 1 0 1 0 0 
1 0 1 0 0 1 0 1 1 0 1 0 0 0 0 1 0 1 0 0 1 1 0 1 1 1 1 1 0 0 0 0 0 0 1 0 1 0 0 0 0 0 1 0 0 1 0 0 0 1 1 1 0 1 1 1 0 0 1 0 0 0 1 1 0 1 1 1 0 1 1 1 0 1 0 1 1 1 1 92 1 1 0 1 0 0 1 0 1 0 1 1 0 1 1 1 0 0 0 0 
1 1 1 1 0 1 0 0 0 1 0 0 1 0 1 0 1 1 0 0 1 0 1 0 1 1 0 1 0 0 1 0 1 0 1 0 0 0 0 1 0 0 0 0 0 0 1 0 1 0 1 1 1 0 1 1 0 0 0 1 0 0 1 0 0 0 0 1 1 0 1 1 0 0 1 0 0 0 0 1 82 0 1 0 1 0 1 0 0 1 0 1 0 1 0 0 0 1 1 1 
1 0 0 0 0 0 1 0 0 1 0 0 0 0 0 0 1 0 1 1 1 0 0 0 1 1 0 1 0 1 0 1 1 0 0 0 1 1 0 1 1 1 1 1 0 0 0 0 1 0 0 1 1 0 0 0 0 1 0 1 0 0 0 1 0 0 1 1 0 0 1 1 0 0 1 1 0 1 1 0 0 42 1 0 1 1 0 1 1 0 1 0 1 1 1 1 1 1 0 0 
1 1 0 0 1 0 1 1 1 0 0 0 1 0 1 0 1 0 1 1 1 1 1 0 0 1 0 0 1 0 0 0 0 1 1 0 1 0 0 1 1 0 1 1 0 0 1 1 0 1 1 0 0 1 0 0 0 0 0 0 1 1 1 0 1 0 0 0 1 1 0 1 1 0 0 1 1 1 1 1 1 1 97 1 0 1 1 0 0 1 1 0 0 0 0 0 1 1 1 0 
1 0 1 1 0 0 1 1 1 0 0 1 1 1 0 0 0 1 0 1 0 0 1 0 1 0 1 1 1 1 0 1 1 0 1 0 0 0 1 1 1 0 1 0 0 1 0 1 1 0 1 1 1 0 0 1 0 1 1 0 0 0 0 0 0 0 0 0 1 0 0 0 1 1 1 0 0 0 0 0 0 1 0 25 1 0 0 1 0 1 0 1 0 1 0 1 1 0 1 1 
1 1 0 0 1 0 1 1 0 1 1 0 0 0 1 1 1 0 1 0 1 0 0 0 1 0 0 1 1 1 0 1 1 0 0 0 1 0 1 1 0 0 1 1 1 0 1 1 1 1 1 1 0 1 1 0 0 0 0 1 1 1 1 0 0 1 1 1 1 0 1 0 0 0 1 1 0 1 0 0 0 0 0 1 22 1 0 1 0 1 0 1 0 0 0 1 0 1 0 0 
0 1 1 0 0 0 0 1 0 0 0 1 1 0 0 1 1 0 1 1 1 0 1 1 1 1 1 0 0 0 1 0 0 0 0 1 1 1 1 1 0 0 0 0 1 1 0 0 0 0 1 0 0 1 1 1 0 0 0 1 1 0 1 0 0 0 1 0 0 0 0 1 1 1 0 0 1 1 1 0 0 0 1 1 0 53 1 0 0 1 1 0 0 0 0 1 1 1 0 1 
0 0 0 1 1 0 1 1 1 0 1 0 0 1 1 0 0 0 0 1 0 1 1 0 0 0 1 1 0 1 1 0 0 0 0 1 1 1 1 0 1 1 0 0 0 0 1 0 0 1 1 0 1 1 0 0 1 1 1 1 0 1 1 0 1 1 0 0 0 1 0 0 1 1 0 1 0 1 1 1 0 0 1 1 1 0 80 0 0 1 0 0 1 1 1 1 1 1 0 1 
1 1 0 1 0 1 1 1 1 0 1 1 0 0 0 0 1 1 1 0 1 1 0 0 0 1 1 0 1 1 1 1 0 1 1 1 1 1 0 0 0 0 1 1 0 0 1 0 1 1 0 1 1 0 1 0 0 0 1 0 0 1 0 1 1 0 1 1 1 1 0 0 1 1 0 0 1 1 0 1 0 0 0 1 0 1 1 67 0 1 1 1 1 0 0 1 1 0 1 0 
0 0 1 1 0 0 0 1 0 0 0 1 1 0 0 0 1 1 0 0 0 0 0 0 0 0 1 0 0 0 0 0 0 1 1 1 1 1 0 1 0 0 0 1 1 1 1 1 1 1 0 1 0 0 1 1 1 0 0 0 0 1 0 0 0 1 1 0 1 0 1 1 0 0 1 1 0 1 0 0 1 1 1 0 0 1 1 1 13 1 1 0 0 1 1 1 1 1 1 0 
1 0 0 1 0 0 1 0 1 1 1 1 1 0 1 0 1 1 1 0 0 1 1 1 0 0 1 0 0 1 0 0 0 0 1 1 1 0 0 1 1 0 0 0 0 0 1 1 1 1 0 1 0 0 1 1 1 1 1 0 1 1 0 1 0 0 1 1 1 1 0 0 1 1 1 1 0 0 1 1 0 0 1 1 1 0 1 1 0 31 1 1 0 1 0 0 0 0 0 0 
1 0 0 1 0 1 0 0 0 1 0 1 0 0 1 1 1 1 0 1 0 1 0 1 0 1 0 0 1 1 0 1 0 0 1 0 1 0 0 0 1 0 0 1 1 0 0 1 1 1 0 0 1 1 0 1 0 1 0 0 1 0 1 0 1 0 1 0 0 0 0 1 1 1 1 1 1 1 0 0 0 0 1 0 0 1 0 1 0 1 45 0 0 0 1 1 0 1 1 1 
1 1 0 0 1 0 1 1 0 0 0 1 0 0 0 0 1 0 1 1 1 0 0 0 1 0 0 0 0 0 1 0 0 0 1 0 1 1 0 0 1 1 1 0 1 0 1 0 1 0 0 0 0 0 1 0 1 1 0 0 0 0 1 1 1 1 0 1 1 1 1 0 1 0 0 0 0 0 0 1 0 0 0 0 0 1 1 0 1 1 0 19 1 1 0 0 0 0 0 1 
0 0 0 0 0 1 0 1 0 0 0 0 1 0 0 0 0 1 1 0 0 0 0 1 0 1 0 1 1 1 0 1 0 1 0 1 1 0 1 0 0 1 1 0 0 0 0 0 0 0 0 0 0 1 0 1 1 0 0 0 0 0 1 1 1 0 1 0 1 0 1 0 1 0 0 1 0 1 1 0 1 1 1 1 0 0 0 0 1 1 0 1 16 0 1 1 1 1 1 0 
1 1 1 1 1 1 0 0 1 1 0 1 1 0 0 0 0 1 1 1 1 1 1 0 0 0 1 0 1 1 1 0 1 1 1 1 1 1 0 0 1 1 1 0 0 1 1 1 0 0 1 0 1 1 0 1 1 0 0 0 0 0 1 0 1 1 1 0 0 1 1 1 0 1 1 1 0 1 1 0 1 0 1 0 1 1 0 0 1 1 1 1 0 89 0 1 0 1 0 1 
1 1 0 0 0 0 0 0 0 1 1 1 1 1 0 1 1 0 0 0 1 0 1 1 1 0 0 1 1 0 1 0 1 1 0 1 1 0 1 1 0 1 1 0 1 0 0 1 1 1 1 0 0 0 1 0 1 1 1 1 1 0 1 0 1 1 1 1 0 1 1 1 0 1 0 1 0 1 1 0 0 1 0 0 0 1 0 1 0 0 0 0 0 0 46 0 1 1 0 0 
0 0 0 1 1 0 1 1 0 1 1 1 0 0 1 1 0 1 1 0 1 0 1 1 0 1 0 0 0 1 1 0 1 1 0 1 0 0 0 0 1 1 0 0 1 0 0 0 1 1 0 1 1 1 1 0 1 0 0 1 1 1 0 1 0 1 1 1 1 1 0 0 1 1 1 1 0 1 1 1 1 0 1 0 1 1 0 1 0 0 0 1 0 0 0 97 0 0 1 0 
0 1 0 0 0 0 0 1 0 0 1 1 0 0 0 0 1 1 1 1 1 1 0 1 0 0 1 0 1 1 1 1 0 1 0 0 1 0 0 0 1 0 0 0 0 1 1 1 1 0 0 0 0 1 0 0 1 1 1 0 1 1 0 0 0 1 0 1 0 0 0 0 0 0 0 0 1 0 1 0 1 0 0 1 1 0 1 0 0 0 0 1 0 1 0 1 17 0 1 1 
0 0 1 1 0 1 1 0 0 0 1 1 0 0 0 1 0 1 1 0 1 0 0 1 1 1 1 0 0 1 1 0 0 0 1 1 1 0 0 1 0 1 1 0 0 1 0 0 0 0 1 1 0 1 0 1 1 1 0 0 0 0 1 0 1 1 0 1 1 1 0 1 1 0 0 1 0 0 0 1 1 1 1 0 0 0 0 0 0 1 0 1 0 0 0 1 0 5 0 1 
1 0 1 1 1 0 1 1 0 1 0 0 0 0 0 1 1 0 1 0 0 1 0 0 0 1 0 0 1 0 0 0 0 0 0 0 1 0 0 1 0 1 1 1 0 0 0 1 0 0 0 0 1 1 0 1 1 0 0 1 1 1 1 1 1 0 0 0 1 1 1 1 0 0 0 1 1 1 1 0 1 0 1 1 0 0 0 1 1 0 0 0 0 1 0 1 1 0 10 1 
0 0 0 0 0 1 0 1 1 1 0 1 1 1 0 0 1 1 0 0 0 0 1 0 1 0 1 0 0 0 0 0 1 1 1 0 0 0 0 1 0 1 0 1 1 1 0 0 0 0 0 1 1 0 0 0 0 0 0 1 0 0 0 1 1 0 1 0 0 1 1 0 0 0 0 1 1 0 0 0 1 0 1 0 1 1 1 1 0 0 1 1 1 0 0 1 0 0 0 7 
