214
18 0 1 1 0 1 1 0 0 1 0 0 1 1 0 0 1 0 0 0 0 1 1 1 1 0 0 0 0 1 1 0 1 0 0 1 0 1 0 1 0 1 1 0 0 0 1 1 1 0 0 1 1 1 0 0 0 0 1 1 1 0 0 0 0 0 1 0 0 1 0 1 0 1 1 0 1 1 0 1 1 0 1 0 0 0 1 0 1 0 1 0 1 0 1 0 0 0 1 0 1 1 1 0 0 1 1 0 1 1 0 1 1 1 0 0 1 0 0 1 1 0 1 1 0 1 0 0 1 1 1 1 0 1 1 0 1 0 1 0 0 0 0 1 0 0 0 0 0 1 0 1 0 1 1 0 1 0 0 0 0 1 0 1 1 1 1 1 0 1 1 1 1 0 0 1 1 1 1 1 1 0 1 1 0 0 1 1 1 1 1 0 1 1 0 0 0 1 1 0 0 1 1 0 1 0 1 1 1 0 0 0 0 0 
0 46 0 1 1 0 0 1 1 1 1 1 1 0 1 0 0 0 0 0 0 0 1 0 1 1 0 1 1 1 0 1 1 0 1 0 0 0 0 0 0 1 1 1 0 1 0 1 1 0 1 1 1 1 1 1 1 0 0 1 1 1 0 1 0 0 0 1 0 1 0 0 0 0 0 1 0 0 1 1 1 1 1 0 1 1 0 1 1 1 1 1 0 1 1 0 0 0 0 1 0 0 0 1 1 0 0 1 1 0 1 1 1 0 1 0 1 1 0 1 0 1 1 0 0 1 0 0 1 1 0 1 0 1 1 0 0 1 1 1 1 0 0 0 0 1 0 1 0 1 1 1 1 1 0 0 1 1 0 0 1 1 0 1 0 0 0 1 1 1 1 0 0 0 0 1 0 1 1 1 0 0 0 0 0 1 0 0 0 0 0 1 1 0 0 0 1 1 1 0 1 0 0 0 0 0 1 0 1 1 0 1 1 0 
0 0 61 1 1 1 0 0 1 0 1 1 0 1 0 0 1 1 0 1 0 1 1 1 0 1 0 0 1 1 0 1 0 0 1 0 0 1 1 0 1 0 1 0 0 1 1 0 0 1 0 0 1 0 0 0 0 1 0 0 1 1 1 1 1 0 1 1 0 0 0 0 1 0 1 0 0 0 0 1 0 0 1 0 1 0 1 1 1 1 0 1 1 0 1 1 1 1 0 1 1 0 0 0 1 0 0 1 1 1 1 1 0 0 1 1 1 0 0 1 0 0 1 1 1 1 1 0 0 0 1 1 1 1 0 1 1 0 0 0 0 1 1 1 1 0 1 1 1 1 1 0 1 1 0 1 0 0 0 0 1 1 1 0 1 1 1 0 0 1 0 0 1 1 0 1 0 0 0 1 1 1 0 0 1 1 0 0 1 1 0 1 1 1 1 0 0 0 0 0 0 0 1 1 0 1 0 0 0 1 0 0 0 1 
1 0 1 55 0 0 0 1 0 0 0 0 0 0 0 1 0 1 0 0 1 1 0 1 0 0 1 0 0 1 0 0 0 1 0 1 1 1 1 1 0 0 1 0 1 0 1 0 1 1 0 0 1 0 1 0 0 0 1 1 0 0 1 1 0 1 1 1 1 1 0 1 0 1 1 0 0 1 1 1 1 0 1 0 1 1 0 0 1 1 0 0 1 1 0 0 1 1 0 0 1 1 1 1 1 0 0 0 1 1 1 0 1 1 0 1 1 0 1 1 0 1 1 1 0 0 0 1 1 1 1 0 1 1 1 0 1 1 1 1 0 0 0 0 0 1 1 0 0 1 1 0 0 1 1 1 0 1 0 0 0 0 0 1 1 0 0 1 1 1 1 1 0 0 0 1 1 0 1 0 0 1 1 0 1 1 0 1 1 1 0 0 0 1 1 1 1 1 1 1 0 0 1 1 0 1 1 1 0 1 0 0 0 0 
0 0 1 1 26 0 1 0 0 1 1 0 1 0 0 0 1 1 0 1 0 0 1 1 0 1 1 1 1 0 0 0 1 0 1 1 1 0 0 0 1 1 1 1 0 1 0 1 0 0 0 1 1 0 0 0 1 0 1 0 1 0 0 1 1 0 1 1 1 1 0 1 1 1 0 1 1 1 1 0 0 1 1 0 1 0 1 1 0 1 0 0 1 0 0 1 1 0 1 0 1 1 1 1 0 0 1 0 1 0 0 0 0 0 0 1 0 1 0 0 0 1 0 0 0 1 1 0 1 1 1 1 1 0 0 0 0 0 1 0 1 0 0 0 0 0 0 1 0 1 0 0 1 1 0 1 0 0 0 1 0 0 0 1 0 1 1 0 1 0 1 0 0 1 1 1 1 0 1 0 0 1 0 0 1 1 0 0 0 1 0 1 0 1 1 0 1 0 1 0 1 0 1 0 0 1 0 0 0 1 1 0 1 1 
0 0 1 0 1 27 1 0 1 0 0 0 0 1 1 0 1 1 1 1 1 1 1 1 1 1 0 0 0 1 0 1 1 0 1 0 0 0 1 0 1 1 1 1 0 0 1 1 0 0 0 1 0 0 0 0 1 0 1 0 0 0 0 0 0 0 1 1 0 0 0 0 1 1 0 0 0 0 0 1 0 1 1 1 1 0 0 0 0 1 0 1 1 1 1 0 0 1 1 1 1 0 1 0 0 0 0 1 1 1 1 1 1 0 1 1 0 0 1 0 0 0 0 1 1 0 0 0 0 1 0 1 0 0 1 1 1 0 0 0 0 0 0 0 1 1 1 0 1 1 1 0 1 1 0 1 1 0 1 0 1 1 0 0 1 1 0 1 1 1 0 0 1 0 0 0 1 0 0 0 1 0 0 1 0 1 0 1 0 1 0 1 1 1 1 1 0 1 1 0 1 0 0 0 0 1 0 1 1 1 0 1 1 1 
1 0 1 1 1 1 14 1 0 1 0 0 0 1 0 0 0 1 0 1 0 1 1 0 1 1 0 0 1 0 0 0 0 0 1 0 0 1 1 0 1 1 0 0 1 0 1 0 1 0 1 0 0 0 1 0 1 0 1 0 0 0 0 1 0 1 1 0 1 1 0 0 0 1 1 0 1 0 1 1 1 0 0 1 0 1 0 1 1 0 1 0 1 0 0 1 1 0 0 1 1 0 1 1 0 0 0 1 0 1 0 1 1 1 0 1 1 0 1 1 1 1 1 0 0 1 1 0 1 1 0 1 0 0 1 0 1 0 1 1 1 1 0 1 0 0 1 1 1 1 0 0 1 1 0 1 0 1 0 1 0 1 0 1 0 1 0 0 1 0 1 0 0 0 1 0 1 0 1 0 0 0 0 0 0 1 1 1 0 1 0 0 1 1 0 0 1 1 1 1 1 0 1 1 1 1 0 1 1 1 0 0 1 1 
0 1 0 0 1 1 0 93 1 1 1 1 0 1 1 1 1 0 0 0 0 1 0 0 0 1 0 1 1 0 1 1 1 0 0 1 0 1 1 0 0 1 1 0 1 1 0 1 1 0 1 1 0 0 1 0 0 1 0 1 0 1 1 1 1 0 1 1 1 1 0 0 0 0 1 1 0 1 1 1 1 1 1 1 0 0 0 1 1 1 0 1 0 0 1 1 1 0 1 0 1 0 0 0 1 1 1 1 0 1 0 1 0 1 1 0 1 1 1 0 0 0 0 1 0 0 0 0 1 1 1 1 0 0 0 1 1 0 1 0 0 1 0 0 1 0 0 0 1 0 1 0 1 1 1 0 1 1 1 0 0 1 1 1 0 0 0 0 1 0 1 0 0 0 1 1 1 0 1 1 0 0 0 1 1 1 0 0 0 1 0 0 1 0 0 0 1 1 1 0 1 0 0 0 1 1 1 1 0 0 1 1 0 1 
0 1 0 0 1 0 0 1 15 0 0 1 0 1 0 0 1 1 0 0 1 1 1 0 1 0 0 1 0 0 1 1 1 0 1 1 0 1 0 1 0 0 1 1 0 1 0 0 0 0 1 0 1 0 1 0 1 0 0 0 1 1 1 1 0 1 1 1 1 1 0 1 1 1 1 1 0 1 1 0 0 1 1 0 1 0 1 0 1 0 1 0 1 1 0 0 0 1 0 1 1 0 1 1 0 0 1 1 0 1 1 1 0 0 1 0 1 0 0 1 1 0 1 0 1 1 1 0 1 1 0 0 1 1 0 1 1 0 1 0 1 1 0 1 0 0 1 1 1 0 1 1 0 0 0 0 0 0 1 1 1 0 0 1 1 1 0 1 1 1 1 0 0 1 1 1 0 1 1 0 1 0 0 0 0 0 1 0 0 0 1 0 1 1 0 0 0 0 0 0 0 0 1 0 1 1 0 1 0 0 0 1 0 1 
1 0 0 0 0 1 1 1 1 88 1 1 0 1 0 0 1 0 0 0 1 1 1 1 1 1 0 1 1 1 1 1 1 1 1 1 1 1 0 0 1 0 0 0 1 0 0 1 1 0 1 1 1 0 0 0 0 1 1 0 1 1 1 1 0 0 1 1 1 1 0 0 1 1 0 1 0 1 0 1 0 0 1 0 0 0 0 0 0 0 1 0 1 0 0 1 1 1 0 0 1 0 1 1 1 1 0 0 1 0 1 1 1 0 1 1 0 1 1 1 0 1 0 1 1 0 0 0 1 1 0 0 0 0 0 1 1 0 0 1 1 0 1 0 1 0 1 1 1 0 0 0 1 1 0 0 1 1 1 0 0 0 0 1 1 0 0 0 1 0 1 1 1 0 0 0 1 0 0 0 0 1 1 1 1 0 1 1 0 0 0 0 0 0 1 0 0 1 1 1 0 1 0 1 1 1 1 1 0 1 1 0 1 1 
1 0 1 0 1 1 0 0 1 1 20 0 1 1 0 0 1 1 0 0 0 1 1 1 0 1 0 0 1 1 0 1 0 1 0 0 0 0 1 0 1 1 1 1 0 1 1 1 0 0 1 1 0 0 0 1 1 1 1 0 1 1 1 0 1 1 1 0 0 0 0 1 1 0 0 1 0 0 0 1 0 0 1 1 0 0 1 0 1 1 0 0 1 1 0 0 1 0 1 1 0 0 1 0 1 0 1 0 0 1 1 1 0 0 0 1 1 1 0 0 1 0 0 1 0 0 1 1 1 1 0 1 0 1 1 0 0 0 1 1 0 0 1 0 0 1 0 1 0 0 0 1 0 0 0 1 0 1 1 1 0 0 1 1 1 0 0 1 1 0 0 0 0 1 1 0 1 1 0 1 1 0 1 0 0 1 1 1 1 1 0 1 1 0 0 0 1 1 0 1 0 1 0 0 0 1 1 0 0 0 1 0 0 1 
0 1 0 1 1 1 1 0 0 0 1 42 0 1 1 0 1 0 0 0 0 1 1 0 0 1 0 0 1 1 0 1 1 1 0 0 1 0 0 1 0 0 0 0 0 1 0 1 1 0 1 1 0 0 1 0 0 1 1 1 0 0 0 1 0 0 1 0 0 1 0 1 1 1 0 1 0 0 0 0 1 1 0 0 1 1 0 1 0 0 0 1 1 0 0 1 1 0 1 0 0 0 0 1 1 1 0 1 1 0 1 1 0 1 0 1 0 0 1 1 0 0 1 0 0 0 0 1 1 0 1 1 0 0 0 0 0 1 0 1 1 1 0 0 1 0 1 1 1 0 0 0 0 1 1 0 1 0 0 0 1 0 0 1 0 1 0 0 1 1 0 0 1 1 1 1 0 0 0 1 0 0 1 1 0 1 1 1 0 0 0 1 0 1 1 1 1 1 1 1 1 1 1 1 0 0 1 0 1 1 1 0 1 1 
1 1 1 1 0 1 0 1 0 1 0 1 60 0 1 0 0 1 1 0 0 1 0 0 1 0 0 0 0 0 0 1 1 0 1 0 0 1 1 1 0 1 0 0 1 1 1 0 1 1 1 1 1 0 1 0 1 1 0 1 0 0 1 1 1 1 1 0 0 0 0 1 0 0 1 1 1 0 0 0 0 1 1 0 0 1 0 0 1 0 0 0 1 0 0 1 0 0 1 1 1 0 1 0 1 1 0 0 1 0 1 0 1 0 1 1 1 0 0 0 0 0 1 1 1 1 0 1 1 0 1 0 1 0 1 1 0 1 1 0 1 1 1 0 1 0 0 1 0 0 0 1 0 0 0 0 0 0 0 1 0 0 1 0 0 0 0 0 1 1 1 0 1 1 1 1 0 0 1 1 1 1 1 0 0 1 1 1 1 1 1 1 1 0 0 1 1 1 1 1 1 0 0 1 1 1 1 1 0 1 0 1 1 1 
1 1 1 0 0 0 1 1 0 1 0 0 1 17 0 1 1 1 1 1 0 1 0 0 1 1 1 0 1 1 0 0 0 1 0 0 1 0 0 1 0 0 1 1 1 0 1 1 0 0 0 1 1 0 1 1 1 0 1 1 0 0 0 1 1 0 0 0 1 0 0 0 1 1 0 1 1 0 1 0 0 0 0 0 1 0 0 0 0 1 1 0 1 1 0 1 0 0 0 1 0 1 0 1 0 1 1 0 1 0 1 1 0 1 1 0 0 1 1 1 1 1 0 0 1 1 1 1 0 0 0 1 0 0 1 0 1 0 0 0 0 1 0 1 0 1 0 0 0 0 0 0 1 1 1 0 1 1 1 0 1 0 1 0 0 0 0 1 0 0 1 1 0 1 1 0 1 0 1 0 1 1 0 0 1 1 0 0 0 0 1 1 0 0 0 0 1 0 0 1 0 0 1 1 0 1 1 0 1 0 1 1 1 0 
0 0 1 1 0 0 1 0 0 0 0 0 1 0 92 1 0 0 0 1 0 1 1 1 0 1 0 0 0 1 1 0 1 0 1 1 0 0 1 0 0 0 0 0 0 1 1 0 0 0 0 1 1 0 0 0 0 1 0 0 0 1 1 0 1 0 0 0 0 1 1 1 1 1 1 0 1 1 0 1 1 1 1 0 0 1 1 1 0 1 0 0 0 1 0 0 0 0 1 0 0 1 1 0 0 1 1 0 0 1 0 1 1 1 0 0 1 0 1 0 0 0 0 1 1 0 1 1 1 0 0 1 0 0 1 1 0 1 1 1 0 1 1 1 0 0 1 1 1 0 1 0 1 0 1 0 1 1 1 0 1 1 1 1 1 0 0 0 0 1 1 1 0 0 1 1 1 1 0 0 1 0 0 0 0 0 0 0 0 0 0 1 0 1 0 1 1 0 1 0 1 1 0 0 0 1 0 1 1 0 1 0 1 0 
1 0 0 1 1 1 0 0 1 0 0 0 1 0 0 26 1 0 1 1 1 1 0 0 0 0 1 1 1 0 1 1 0 1 0 1 1 0 0 0 0 0 1 0 1 0 0 1 1 1 1 0 0 1 1 0 1 0 1 0 0 1 1 0 0 1 1 1 0 0 0 0 1 0 0 1 1 0 1 1 0 0 0 1 0 0 1 0 0 0 0 0 0 1 1 0 0 1 1 0 1 1 1 1 0 1 0 0 0 1 1 0 0 1 1 0 0 0 0 1 1 1 1 0 0 1 0 1 0 0 1 0 1 1 1 1 1 1 0 1 0 0 0 0 0 1 1 0 0 0 1 0 1 1 1 0 0 0 1 0 1 0 0 0 0 0 0 0 1 1 0 1 0 0 0 0 0 0 0 1 0 0 0 0 1 0 1 0 1 0 1 0 1 1 0 0 1 1 1 0 0 1 1 1 1 1 1 1 1 1 0 0 0 0 
0 1 1 1 0 0 1 1 1 0 1 0 0 0 1 0 31 1 0 1 1 0 0 1 1 1 0 1 1 1 1 0 0 1 0 1 1 1 1 0 1 1 1 0 1 1 0 0 1 1 1 0 0 1 1 1 0 0 0 1 0 1 0 0 1 1 0 0 1 1 1 1 0 0 1 0 0 1 0 0 1 1 0 0 0 1 0 0 1 1 0 0 0 1 1 0 0 1 1 0 0 0 1 1 0 1 0 1 0 1 1 1 1 1 1 1 1 1 0 0 1 1 0 1 0 1 0 0 1 0 1 1 1 0 1 1 0 0 0 1 1 1 0 0 1 1 0 1 0 1 1 1 0 1 0 1 1 0 1 1 0 1 1 0 1 0 0 1 1 0 1 1 1 1 1 0 0 0 0 1 1 0 0 1 0 1 0 1 1 1 1 1 1 1 1 1 1 1 0 1 0 0 0 0 1 0 1 1 0 0 0 1 1 0 
1 0 1 1 0 0 1 1 0 0 0 1 1 0 1 0 0 77 0 1 1 1 1 0 1 1 1 1 1 0 1 1 1 0 1 0 0 1 1 1 0 0 1 0 0 0 0 0 0 0 1 0 0 0 0 0 0 1 1 0 1 1 0 1 1 0 1 0 0 0 1 1 1 0 1 1 1 0 0 1 1 0 0 0 0 1 1 0 1 1 0 1 1 1 0 0 1 1 1 1 1 1 1 0 0 1 0 0 1 0 0 0 0 1 0 1 1 1 1 1 1 0 0 0 0 0 1 0 0 0 1 1 0 0 1 0 1 1 0 0 1 0 0 0 1 0 0 1 0 1 0 1 1 0 0 1 0 1 0 1 1 0 0 1 1 0 0 0 0 1 1 0 1 1 1 0 1 0 1 1 1 0 1 0 1 1 1 0 1 1 1 1 1 1 1 1 1 1 0 1 1 0 1 1 1 1 1 0 1 1 1 0 0 0 
1 0 1 1 1 1 0 1 1 1 0 1 0 1 1 1 0 0 81 1 1 1 1 1 0 1 0 0 0 0 0 0 1 1 0 0 0 0 0 1 1 1 0 1 1 0 1 1 0 0 1 0 1 1 0 1 1 1 1 0 1 1 1 1 1 1 0 1 1 0 1 1 0 1 1 0 0 1 0 0 1 0 0 0 1 1 0 0 0 1 1 0 1 0 0 1 0 0 1 1 1 0 1 1 0 1 0 1 0 0 0 0 1 1 1 1 1 1 1 0 1 1 1 0 1 1 0 1 0 1 1 0 1 0 1 1 0 1 0 1 1 1 0 0 0 1 1 1 1 0 1 1 1 0 1 1 0 0 1 1 1 0 1 1 1 0 1 0 1 1 0 0 0 0 1 0 1 1 1 0 1 0 0 0 1 0 0 0 1 0 0 1 1 1 0 1 0 0 0 1 1 1 1 0 1 0 1 1 1 1 1 1 1 0 
0 1 0 1 1 1 0 1 0 0 0 0 0 0 1 0 0 0 1 42 0 0 1 0 1 0 0 1 0 0 1 1 1 0 1 0 0 1 0 0 1 0 0 1 1 0 1 1 1 0 0 0 1 0 0 0 0 0 1 1 0 1 1 1 0 0 1 0 1 0 1 0 0 0 1 0 1 1 1 0 0 0 1 1 0 0 1 1 0 1 1 1 1 1 0 1 1 0 1 0 0 0 0 0 0 0 1 0 0 1 0 1 0 0 1 1 1 1 1 1 0 1 1 0 0 0 1 1 1 1 0 1 0 0 0 0 0 1 1 1 1 0 0 0 0 1 0 0 1 0 0 1 0 0 0 0 0 0 0 1 1 1 0 0 1 1 0 1 0 0 1 1 0 1 1 0 1 1 1 1 0 1 0 0 0 0 0 1 1 1 1 1 0 1 1 0 0 1 1 1 0 1 1 0 1 0 1 0 0 0 0 1 0 1 
0 0 1 0 0 1 1 1 0 0 1 0 0 1 0 1 0 1 0 0 52 0 1 1 0 1 0 1 1 0 1 1 1 0 1 0 0 0 1 0 1 0 0 0 1 1 1 0 1 0 0 1 1 0 1 1 1 1 1 1 0 0 1 1 1 1 1 0 1 1 0 0 1 0 0 1 0 0 0 0 1 1 1 1 0 1 1 1 0 0 1 1 0 1 0 1 0 0 0 0 1 1 1 1 0 0 0 0 0 0 0 1 0 0 0 0 1 0 1 0 0 0 0 1 1 1 1 1 1 1 1 0 1 1 1 1 1 1 0 0 1 1 1 0 1 1 1 1 0 1 1 0 1 1 1 1 0 1 1 1 1 0 0 0 1 1 1 0 1 0 1 1 0 0 1 0 1 0 1 0 1 1 0 0 0 0 1 1 0 0 1 1 1 0 1 1 0 1 1 1 1 0 0 1 1 1 0 0 1 0 0 1 0 1 
1 0 0 1 0 1 0 0 1 0 1 1 1 1 1 0 0 1 1 0 1 24 0 1 0 0 1 0 0 0 1 1 0 1 1 1 1 0 1 0 0 1 0 0 1 0 0 0 0 0 0 1 0 0 0 1 1 0 0 1 1 1 1 1 1 1 1 0 0 0 0 1 1 1 1 0 0 0 1 1 1 1 1 1 0 1 1 0 1 0 1 0 1 1 1 0 1 0 0 1 0 0 0 0 0 1 0 1 1 0 1 0 0 1 1 1 0 1 0 1 1 0 1 1 0 0 1 0 0 1 1 1 0 0 0 1 0 0 1 1 1 1 0 1 0 1 1 1 1 1 1 0 1 0 0 1 0 1 1 1 1 0 1 0 1 1 0 1 1 0 0 0 1 0 1 0 0 0 0 0 0 0 1 1 0 1 1 0 0 1 0 1 0 1 0 0 1 1 0 1 0 0 0 0 1 1 0 0 0 0 1 1 0 0 
1 0 1 1 1 0 1 1 1 1 0 0 0 0 1 1 0 1 1 0 1 0 28 0 1 1 1 0 1 0 0 0 1 1 0 1 1 1 1 1 0 0 1 1 0 1 1 0 0 1 1 1 0 1 1 0 0 1 0 1 0 0 1 1 1 1 0 1 1 1 0 1 1 1 0 0 1 1 1 0 0 1 0 1 0 1 0 1 1 0 1 1 1 0 0 1 1 0 1 1 1 1 0 1 0 0 1 0 1 1 0 1 0 1 1 0 1 0 1 0 1 0 0 1 0 1 1 0 1 0 0 0 0 1 1 1 1 1 1 1 1 1 0 0 0 0 0 0 0 1 1 0 1 1 0 1 0 0 0 1 0 1 1 0 1 1 0 0 1 1 1 1 1 0 0 0 0 0 0 0 0 0 0 0 1 0 1 1 1 1 0 1 1 1 1 0 0 0 0 0 0 0 1 1 1 0 0 1 1 1 0 0 0 0 
1 0 1 1 1 1 1 1 0 1 0 1 1 0 1 0 1 1 0 1 1 0 0 22 1 1 0 1 0 0 0 1 1 1 1 0 1 1 1 0 0 0 1 0 1 0 1 0 0 0 0 1 0 0 1 0 0 1 1 0 0 1 0 1 1 1 1 0 0 0 1 1 0 1 0 1 0 0 1 0 0 0 0 0 0 1 0 0 0 1 1 0 1 0 1 0 0 0 0 1 1 0 0 1 1 1 1 1 1 0 0 0 0 1 1 0 0 1 1 0 1 0 1 1 1 0 0 1 0 0 1 1 0 1 0 1 1 0 0 1 0 1 1 1 1 0 1 0 0 0 1 1 0 1 1 0 0 0 0 1 0 1 0 1 1 1 1 1 1 0 0 0 0 1 1 0 0 1 0 1 0 1 1 0 1 1 0 1 0 0 0 1 0 1 1 0 1 0 0 1 0 0 1 1 1 0 0 1 0 1 0 0 0 1 
0 1 0 0 1 0 1 0 1 1 0 0 0 1 1 0 0 0 1 1 0 1 1 0 18 1 1 0 0 1 0 0 0 1 1 0 0 0 1 1 0 0 0 1 0 0 1 0 1 1 0 0 0 0 0 0 1 1 1 0 1 1 1 1 0 1 0 1 1 1 1 1 0 1 0 0 0 1 0 1 0 1 1 0 1 1 0 1 1 0 1 1 1 0 1 1 0 1 0 0 1 0 0 0 1 1 1 1 0 1 0 0 0 1 0 1 1 0 0 0 1 0 1 1 0 1 1 0 0 0 0 0 0 1 0 0 1 1 1 1 1 0 0 1 0 0 1 0 0 0 1 0 1 1 0 1 1 1 0 1 0 1 0 1 0 0 1 1 1 0 0 0 1 1 1 0 0 1 1 0 0 1 1 1 1 0 0 0 0 1 1 0 0 0 0 1 1 1 1 0 0 1 0 1 0 1 0 1 1 0 0 1 1 1 
0 1 0 1 1 0 1 0 0 1 1 1 0 0 0 1 1 0 0 0 0 1 1 0 1 4 1 1 1 0 0 1 1 1 0 1 0 0 0 0 1 0 1 1 0 1 1 1 1 1 1 0 1 1 1 1 0 0 0 1 1 1 0 0 0 0 1 0 0 0 1 0 0 0 1 1 1 0 1 0 0 0 0 1 1 1 0 0 1 0 1 1 1 0 1 1 1 1 1 0 0 1 1 1 1 1 1 1 1 0 1 0 1 1 0 1 0 0 0 0 1 0 0 1 0 1 0 1 0 1 0 1 0 1 0 0 1 1 0 1 1 1 0 1 1 1 1 0 1 0 1 1 1 1 0 1 0 0 1 0 1 1 1 1 1 1 1 1 0 0 1 1 1 0 1 0 0 0 0 0 0 0 0 0 0 0 1 1 1 1 1 0 0 0 0 1 0 0 0 1 0 1 0 0 1 1 1 1 1 1 1 1 0 1 
0 0 0 1 0 0 0 0 0 1 0 1 1 0 0 1 1 0 1 0 0 1 1 0 1 0 4 0 0 0 0 1 0 1 0 0 1 1 1 0 1 0 0 1 1 1 0 1 0 1 1 0 1 0 1 0 1 0 0 1 0 0 1 0 1 1 1 1 0 0 0 0 0 0 1 1 0 0 1 0 0 0 0 0 1 1 0 0 1 0 1 0 0 0 0 1 0 1 0 1 1 1 1 1 0 0 1 1 1 0 0 0 0 1 0 1 1 0 1 0 0 1 1 0 0 1 1 1 1 0 0 1 1 1 1 1 0 0 0 0 0 1 1 1 1 0 0 0 1 1 0 1 1 0 0 0 0 1 0 1 0 0 1 0 1 0 0 1 0 0 0 1 1 1 1 0 0 1 0 0 1 1 1 1 0 1 0 1 1 1 1 1 1 1 1 1 1 0 1 1 0 1 0 0 0 1 1 1 1 1 1 0 1 0 
1 1 0 0 0 0 0 0 1 0 1 1 0 0 1 0 0 0 0 1 0 0 0 0 0 1 1 51 0 0 1 1 1 0 0 1 1 0 0 0 0 1 0 0 0 0 1 1 1 1 1 1 0 1 1 1 0 0 1 0 1 1 1 0 1 1 1 1 0 1 1 0 1 0 0 1 1 1 0 0 1 1 1 1 1 0 1 0 1 0 1 0 0 1 0 0 0 1 1 0 0 1 0 0 1 0 1 0 1 1 1 1 1 1 0 0 0 0 0 1 0 0 0 1 0 0 0 1 1 1 0 0 1 0 1 0 1 1 1 1 1 1 0 1 0 1 0 1 1 0 0 1 0 1 0 1 0 0 1 1 1 1 1 1 0 1 1 0 0 1 1 1 0 1 0 0 1 1 1 1 0 0 1 1 1 0 0 1 0 1 1 1 1 0 0 1 1 0 1 1 1 1 0 0 1 0 0 1 1 1 0 1 1 0 
1 0 1 1 0 1 0 0 0 1 0 1 0 1 1 0 1 1 1 1 1 1 0 0 0 0 1 1 74 1 1 1 1 1 1 1 1 0 1 1 1 0 1 1 1 0 1 0 0 1 0 0 1 0 0 0 1 0 0 0 1 0 1 0 0 0 1 0 1 1 0 1 0 1 0 0 1 0 1 1 1 1 0 0 0 0 1 1 1 0 0 0 1 1 1 0 0 0 0 1 0 0 0 0 1 0 1 0 0 0 1 1 0 1 0 1 0 1 1 0 1 1 1 1 1 1 0 1 0 1 1 1 0 1 0 1 0 1 1 0 1 1 0 1 0 0 1 1 0 0 0 1 0 1 1 1 1 1 1 0 1 0 0 0 0 1 1 1 1 0 0 1 0 1 0 0 1 0 0 1 1 1 0 0 0 1 1 0 0 0 1 1 0 0 1 0 0 1 1 1 0 0 0 1 1 0 1 0 0 0 1 1 1 1 
1 1 1 0 1 0 0 1 0 0 0 1 0 0 1 1 0 0 1 0 0 0 1 1 0 0 0 0 1 87 0 1 1 1 1 0 1 0 0 0 1 0 1 1 1 1 1 0 1 0 0 0 0 0 0 1 1 1 1 0 0 1 0 1 1 1 1 1 0 1 0 0 0 1 1 0 1 1 1 1 0 1 0 0 0 1 1 1 1 1 1 1 0 0 0 0 1 1 0 1 0 0 1 0 1 1 0 1 0 0 0 0 1 0 1 0 0 0 1 1 0 1 1 1 0 1 0 0 1 1 0 0 1 0 1 0 0 0 0 0 1 1 1 1 0 0 1 1 0 0 0 1 1 0 1 0 1 1 0 0 0 0 1 1 1 0 0 0 0 0 1 0 1 0 0 1 1 1 1 0 0 1 1 0 0 0 1 1 1 1 0 1 1 0 1 1 0 1 1 1 0 1 0 1 0 0 0 1 1 0 1 0 0 1 
0 1 1 0 0 0 0 1 1 0 0 1 1 0 1 1 0 1 1 0 0 0 1 1 1 0 1 1 1 0 6 1 1 0 1 0 0 0 0 0 0 1 0 1 0 0 0 1 0 0 0 1 1 1 1 1 1 0 1 0 1 0 0 0 0 0 0 1 1 1 0 0 0 1 1 0 0 1 1 0 0 1 0 0 1 0 0 1 1 0 1 1 0 1 1 1 0 0 0 1 0 0 1 1 1 1 1 1 1 0 1 0 1 0 0 0 0 0 1 1 0 0 1 1 1 1 1 1 1 1 0 0 1 1 1 0 0 0 1 1 1 1 0 1 1 1 0 0 1 0 1 0 0 1 1 1 1 0 1 1 0 0 1 1 1 1 1 0 1 0 1 0 1 1 0 1 0 1 0 0 0 0 0 0 0 0 1 1 0 1 0 1 1 0 0 0 1 0 1 1 1 1 0 0 0 1 1 1 0 1 0 0 1 0 
1 1 1 0 1 1 0 1 0 0 0 1 0 1 0 0 1 0 0 1 0 0 1 0 1 0 1 1 0 0 1 19 1 1 0 1 0 0 1 1 1 0 0 0 1 1 1 1 0 1 1 0 0 0 0 0 0 1 1 0 0 0 1 1 0 1 1 1 0 1 1 1 1 1 0 0 1 1 0 0 1 0 0 0 0 1 1 1 1 1 1 1 0 1 0 1 1 1 1 1 1 1 1 1 1 1 1 0 1 0 0 0 1 0 1 0 0 0 0 1 0 1 0 1 1 1 0 1 0 1 1 1 0 1 1 1 1 0 0 0 0 1 0 1 0 0 0 1 0 1 1 0 1 0 0 0 0 1 0 0 1 1 0 0 1 1 0 1 1 1 1 1 0 0 1 0 1 1 1 0 0 1 1 1 0 1 1 1 0 0 1 1 0 0 1 1 0 0 1 1 0 0 0 0 0 1 0 1 1 1 0 0 1 1 
0 0 0 0 0 0 1 0 0 0 0 0 0 1 0 1 0 1 1 1 0 1 0 0 1 0 1 1 1 0 0 1 48 0 0 1 0 1 0 1 0 1 1 0 0 0 0 1 1 1 1 0 1 1 0 0 0 1 1 1 1 1 0 1 1 0 0 0 1 1 1 1 1 1 0 0 0 0 1 0 0 0 1 0 0 1 0 1 1 0 0 1 0 1 1 0 0 1 0 1 0 1 1 1 0 1 1 0 1 0 1 0 1 1 1 0 1 1 1 1 0 1 1 0 0 0 1 0 1 1 1 1 1 1 1 0 0 1 1 0 0 0 1 0 0 1 1 1 0 1 1 1 0 1 1 0 0 0 0 0 1 0 0 1 0 0 1 1 0 0 1 1 1 1 1 1 0 0 1 0 1 1 1 0 0 1 1 1 0 1 1 1 0 0 0 1 0 1 1 1 1 1 1 0 0 1 0 1 0 0 0 1 0 1 
0 0 0 1 1 0 1 1 1 0 0 1 1 1 1 0 0 0 1 0 1 0 1 0 1 0 0 1 0 0 1 0 0 35 1 1 0 1 0 1 1 1 0 0 0 1 1 1 0 1 0 1 0 0 0 0 1 0 0 1 1 0 1 0 0 1 0 1 0 0 0 1 1 0 1 0 1 0 1 1 0 1 0 1 0 1 1 1 0 0 1 0 1 1 0 0 1 1 1 1 0 1 1 0 1 1 1 0 1 1 1 0 1 1 1 1 0 0 1 0 0 0 0 0 1 1 1 0 0 1 1 1 1 0 1 1 1 0 1 1 0 1 0 1 1 1 1 1 1 0 0 1 1 0 1 1 0 1 1 1 0 1 0 0 0 0 1 1 1 1 1 1 1 1 1 0 1 1 1 0 1 0 1 1 1 1 1 1 1 0 1 1 0 1 1 1 1 1 1 0 1 0 0 0 0 1 0 0 1 1 1 0 0 0 
0 0 1 1 0 0 0 1 0 1 0 0 1 0 1 1 1 0 0 1 1 0 1 1 0 0 1 1 1 1 0 0 0 0 42 1 0 1 1 0 0 1 1 1 0 1 0 0 1 0 1 0 1 1 0 0 0 0 0 0 0 0 1 1 0 1 0 1 0 0 1 1 1 0 0 1 0 1 0 1 0 1 0 1 1 0 0 0 1 1 1 1 0 1 1 1 0 0 1 0 1 0 1 0 0 0 1 0 0 1 0 1 0 0 1 0 0 0 0 1 1 1 0 1 1 1 1 0 0 1 1 1 0 1 0 1 0 0 0 1 0 0 0 1 1 0 1 0 0 1 1 1 0 0 1 0 1 0 0 0 0 0 0 1 1 1 1 1 0 0 0 0 0 1 0 0 0 0 0 1 1 0 0 0 1 1 1 1 0 0 0 1 1 0 1 0 0 1 0 1 0 1 1 0 0 1 0 1 0 1 0 0 1 0 
1 0 0 0 0 0 0 0 1 1 0 1 1 1 0 1 0 1 1 0 0 1 0 1 1 0 0 1 1 1 0 1 0 0 0 31 0 1 1 0 1 0 0 0 0 1 1 0 0 0 0 0 0 0 0 1 1 1 1 1 1 1 1 1 1 0 0 1 0 0 0 1 1 1 0 1 0 1 1 1 1 1 0 1 0 1 1 0 1 0 1 1 0 1 0 1 0 0 1 0 1 0 0 1 0 0 0 1 0 0 1 0 0 1 0 0 0 0 1 0 0 0 0 1 0 1 0 1 1 1 1 1 0 1 1 0 0 1 1 1 1 1 1 1 1 0 0 0 0 1 0 1 0 0 0 1 0 0 1 0 1 1 1 0 1 0 1 0 0 0 0 1 0 0 1 1 1 0 1 0 0 1 1 1 1 1 0 1 0 1 0 1 0 0 0 0 1 0 0 1 1 0 0 0 1 0 1 0 1 1 1 0 0 1 
1 1 1 0 1 0 1 1 0 0 1 1 0 1 0 0 0 0 1 1 0 1 1 0 1 1 1 1 1 0 0 1 1 1 0 0 57 1 1 1 0 1 1 0 0 1 1 0 0 0 1 1 1 0 1 0 0 0 1 1 0 0 1 0 0 0 0 1 1 1 0 1 1 0 1 0 0 0 0 1 0 1 1 1 1 1 0 0 1 0 1 0 1 0 0 0 1 0 1 0 0 1 1 1 0 1 0 0 0 0 1 1 0 1 1 1 1 1 0 1 0 1 1 0 0 0 1 1 1 0 1 1 0 1 0 1 0 0 1 0 1 0 1 1 0 1 0 1 1 1 0 1 0 0 0 0 1 1 1 0 1 1 1 0 0 1 0 0 1 1 1 1 0 1 1 0 1 1 1 1 1 0 0 0 1 0 1 0 0 1 0 0 0 0 0 1 1 0 0 0 1 0 0 1 0 0 1 0 0 1 0 0 1 0 
0 0 1 0 0 0 1 1 0 1 1 1 1 0 1 0 1 0 0 1 0 1 1 1 1 0 0 1 1 1 1 0 0 0 0 0 0 5 1 0 0 1 0 0 1 0 1 0 1 0 1 1 0 0 0 0 1 0 0 1 1 0 0 0 0 0 1 0 1 1 0 1 1 0 1 0 0 0 1 0 0 0 0 0 1 0 1 0 0 1 0 0 0 1 1 0 1 1 1 1 0 0 0 0 0 0 0 1 1 0 1 0 1 1 1 1 0 1 1 0 1 1 1 1 1 1 0 1 1 1 1 0 1 0 0 1 1 1 0 0 1 0 1 0 0 0 0 1 0 1 0 0 1 1 0 0 1 1 1 0 0 1 1 1 0 1 0 0 1 0 1 0 0 1 0 1 0 1 0 1 1 1 0 0 1 1 0 0 1 1 1 0 1 0 1 0 1 1 1 0 0 1 1 0 1 0 0 1 1 0 0 0 1 1 
1 0 0 0 1 0 1 0 0 0 0 1 1 0 1 1 0 1 1 0 1 1 0 1 1 1 0 1 0 1 1 0 0 1 1 0 1 1 7 0 1 1 1 1 1 0 0 1 0 0 1 0 0 1 1 1 1 0 1 1 1 0 1 0 0 0 0 1 1 0 0 1 0 1 1 1 0 1 1 1 1 1 1 0 1 0 0 0 1 0 0 1 0 0 0 1 0 1 0 1 1 0 1 0 1 1 0 0 1 1 0 0 1 1 0 1 1 1 1 0 1 0 0 0 0 1 1 1 1 0 1 0 1 0 1 1 0 0 1 0 1 1 0 1 0 1 0 0 0 0 1 0 1 0 0 0 1 0 1 1 1 1 0 0 0 0 1 0 1 1 1 0 0 0 0 1 0 1 1 0 0 0 0 1 0 0 1 0 0 0 1 1 1 0 0 1 1 0 1 1 0 1 1 1 1 0 0 1 0 1 1 0 1 1 
0 1 1 0 0 0 0 1 1 0 0 0 1 0 1 0 1 0 0 0 1 1 0 0 1 1 0 0 1 1 1 1 0 0 1 0 1 1 1 81 0 1 0 1 0 0 1 0 0 1 1 0 1 0 1 1 1 0 0 0 1 0 0 0 0 0 1 1 1 0 0 0 1 0 1 0 0 1 1 1 1 0 0 1 1 0 1 0 0 1 1 0 1 0 1 1 1 0 1 0 1 0 0 0 1 0 0 1 0 1 1 0 1 1 1 0 1 0 1 0 1 0 0 1 0 1 1 0 1 1 0 0 0 1 0 1 1 1 1 0 1 0 0 1 1 1 1 0 1 0 0 1 1 1 1 1 1 0 0 0 0 1 0 1 0 1 0 0 0 1 0 0 0 1 0 1 0 0 0 0 1 1 0 1 0 0 1 0 1 0 0 0 1 1 0 1 0 0 1 1 1 0 1 0 0 0 0 0 0 1 0 1 1 1 
1 0 1 1 0 0 1 1 1 0 1 0 0 0 0 0 0 1 1 0 1 1 0 0 0 1 0 0 0 0 0 1 0 1 0 0 1 0 1 0 83 0 0 1 1 1 0 1 1 1 0 0 0 0 1 1 1 0 0 0 1 1 0 1 0 1 1 0 1 1 1 0 0 1 1 1 1 0 0 1 0 1 0 0 1 0 0 1 0 0 0 1 0 1 0 0 1 0 1 1 0 0 0 0 1 1 0 1 1 0 0 0 0 0 0 0 1 1 1 1 0 1 0 1 0 1 1 0 0 1 0 1 1 1 0 1 0 0 1 1 0 0 0 1 0 0 1 0 0 1 1 1 1 0 1 0 0 1 1 0 0 1 0 0 1 1 0 1 0 0 1 1 1 0 1 1 1 0 0 1 1 1 1 0 0 0 1 1 1 0 1 0 0 1 0 0 0 0 1 0 1 0 0 1 0 0 1 1 0 0 1 0 1 0 
1 1 0 0 0 1 1 0 0 0 1 0 0 0 1 0 1 0 0 1 1 1 0 1 1 1 1 0 1 1 1 1 0 1 1 1 0 0 0 0 0 92 0 1 0 0 1 0 1 1 1 0 1 1 1 1 0 0 1 1 0 1 0 1 0 0 0 0 0 1 0 1 1 1 1 0 1 0 1 0 0 0 1 0 0 0 1 1 0 1 0 1 1 0 0 1 1 1 1 1 1 1 0 1 1 1 0 0 1 0 0 1 0 0 1 1 1 1 1 1 0 0 0 1 1 1 1 0 0 1 1 0 1 1 0 0 1 0 0 0 0 1 0 0 0 0 0 0 1 1 0 0 1 1 0 1 1 0 0 0 0 1 1 0 1 1 0 0 0 0 0 1 1 1 0 1 1 0 0 0 1 0 0 0 1 0 1 0 0 0 0 1 1 1 1 0 0 0 0 1 1 1 0 1 1 1 1 0 0 1 0 1 1 1 
0 0 1 0 0 0 1 1 0 0 1 1 0 1 1 0 0 1 1 0 0 1 1 1 0 1 1 1 1 1 0 0 1 1 1 1 0 0 1 0 1 0 76 1 0 0 0 1 0 1 0 0 1 0 1 1 0 1 0 1 0 1 1 1 1 0 0 1 1 0 0 1 1 1 0 0 0 1 0 0 1 1 1 0 0 1 0 0 1 0 0 1 0 1 1 1 1 1 0 1 1 0 1 0 1 0 1 1 0 1 0 0 0 0 1 1 1 0 0 1 0 0 0 1 1 0 1 0 1 0 0 0 1 0 1 1 0 0 0 0 1 1 1 1 1 0 0 0 0 1 0 0 0 0 1 0 0 1 1 0 1 1 0 0 1 1 1 1 0 1 1 0 0 1 1 1 0 1 1 1 1 0 0 1 1 0 0 0 1 1 0 0 1 0 0 1 0 1 1 1 1 1 1 1 1 0 0 0 1 0 0 0 0 1 
0 0 0 1 0 1 0 1 0 1 1 0 1 1 0 1 0 0 0 0 0 0 1 1 0 0 0 1 0 0 0 1 0 0 0 0 1 1 0 0 0 1 0 97 1 1 1 1 1 0 0 0 0 0 1 1 1 0 0 1 1 1 1 1 1 1 1 0 0 1 1 1 0 0 1 1 1 0 0 1 0 0 0 0 0 0 0 0 1 1 1 1 1 1 0 1 0 0 0 1 1 1 1 0 1 0 1 1 1 1 0 0 0 1 0 1 1 0 1 1 0 1 1 1 0 1 0 1 0 1 0 0 0 1 0 0 1 1 0 1 0 0 1 1 1 0 0 1 0 0 0 1 0 1 1 0 1 1 1 0 0 1 1 1 0 1 1 0 1 0 1 1 0 1 0 1 0 0 1 0 0 1 1 0 0 0 1 0 1 1 1 0 0 0 1 0 1 1 0 0 1 0 1 0 0 1 0 0 0 1 0 0 1 0 
0 1 0 0 1 1 1 0 0 1 1 1 0 0 1 1 0 1 0 1 0 1 0 0 1 0 1 0 1 0 0 0 0 1 1 0 1 0 1 0 1 1 0 1 87 0 0 1 1 1 0 0 1 1 1 1 1 0 1 1 0 0 1 1 1 0 0 1 0 1 1 0 0 1 1 1 1 0 0 0 1 0 0 1 1 1 1 0 1 0 0 1 0 1 0 1 1 0 0 0 1 0 1 1 1 0 1 1 1 1 1 1 1 0 0 1 1 1 0 1 0 0 0 0 0 0 1 0 1 0 1 1 1 1 1 0 0 0 0 1 0 1 1 1 1 1 0 0 1 0 0 1 0 1 1 1 1 1 0 0 1 0 0 1 0 0 0 0 0 1 0 0 0 1 1 1 1 0 1 0 0 0 0 1 0 1 1 0 0 1 0 0 0 1 1 1 1 1 1 0 1 1 1 0 0 1 1 1 1 0 0 0 1 1 
1 1 1 0 0 1 0 1 0 0 0 0 1 0 0 0 0 1 1 1 1 0 0 1 0 1 0 1 0 1 1 1 1 0 0 0 0 0 0 0 1 1 0 0 1 76 1 1 1 0 0 1 0 1 1 1 0 1 1 0 0 1 1 1 1 0 1 1 1 1 0 1 0 1 0 0 0 0 1 1 1 0 0 0 0 0 0 1 0 0 1 1 0 1 0 0 1 0 1 1 1 0 1 1 1 0 0 1 1 0 1 0 1 0 0 1 0 1 0 1 1 1 0 0 1 1 0 0 0 0 0 1 1 0 0 1 1 0 1 0 0 0 1 1 0 1 0 0 1 0 1 0 1 0 1 1 0 0 1 1 1 1 0 0 1 0 0 1 1 1 0 1 0 1 0 1 0 0 0 0 0 1 1 0 0 1 1 1 1 0 1 1 1 1 0 0 0 0 1 1 1 0 1 1 0 1 1 1 0 1 0 1 0 0 
0 1 1 1 1 0 0 1 1 1 1 0 0 1 1 0 0 0 0 0 0 0 0 1 1 1 1 0 1 0 0 0 0 1 0 1 1 1 0 1 0 1 0 1 0 0 63 0 0 1 0 1 0 0 1 0 1 0 0 0 0 0 1 0 0 0 0 0 1 1 0 0 1 1 1 0 1 1 1 1 1 1 1 0 0 1 0 0 1 0 1 1 0 0 1 0 0 1 1 0 0 0 0 1 0 0 0 1 0 0 0 0 1 0 1 0 0 0 1 0 0 0 1 1 0 1 0 1 1 1 0 1 0 1 1 0 1 0 1 1 1 1 1 1 1 0 1 1 0 1 0 0 0 1 1 0 1 0 1 0 1 0 1 0 0 0 0 0 1 0 1 1 1 0 1 1 1 1 1 0 1 0 1 1 0 0 0 0 0 0 0 1 0 0 1 0 0 0 0 0 0 1 0 0 0 0 1 0 0 1 0 1 1 0 
1 1 1 0 0 1 0 0 1 0 0 1 1 1 1 1 1 0 0 0 0 0 0 1 1 0 1 0 1 0 0 1 1 1 0 0 0 1 0 0 0 1 1 0 1 0 0 52 1 0 0 1 0 1 0 0 1 1 1 0 1 0 0 1 0 0 1 1 1 1 0 0 1 1 1 1 0 0 0 1 1 0 1 0 1 1 1 0 0 1 0 1 0 0 0 1 0 0 1 0 0 0 0 1 1 0 1 0 1 1 0 1 1 0 1 0 0 1 0 0 1 1 0 0 1 1 1 1 0 1 1 0 1 0 1 1 1 1 1 1 0 1 1 1 0 1 1 1 1 1 0 1 0 1 1 1 0 1 0 0 1 0 0 1 0 1 0 1 0 1 0 0 0 1 0 1 1 1 0 0 0 1 0 1 0 1 0 0 0 1 1 0 0 1 1 1 1 1 1 1 0 1 1 1 1 0 0 1 1 1 1 1 0 0 
0 0 1 1 1 1 1 1 1 0 0 0 0 1 1 1 0 0 0 1 1 0 1 0 1 1 0 0 1 1 0 1 0 0 0 0 0 0 1 1 0 1 0 0 0 1 1 1 13 1 1 0 0 1 0 1 1 1 1 1 0 0 0 1 0 0 1 1 0 1 0 0 1 1 0 0 0 0 0 0 0 1 0 0 1 0 1 0 0 0 0 1 1 0 1 1 0 0 0 0 1 1 1 1 1 0 0 1 1 1 1 1 1 0 1 1 0 0 0 0 0 0 0 1 0 0 1 1 1 0 0 1 1 1 1 0 1 1 1 1 0 0 0 0 0 1 0 1 0 0 0 1 0 1 1 1 0 0 0 1 1 0 0 0 0 0 0 1 1 0 1 0 0 0 1 1 1 1 0 1 0 0 0 0 0 0 0 1 1 0 0 1 0 1 1 0 1 1 1 0 1 0 0 1 0 1 1 0 1 0 0 1 0 1 
0 0 1 0 0 1 1 1 1 1 0 1 1 0 0 0 0 0 1 1 1 0 1 0 1 1 1 1 1 0 0 1 0 0 0 0 0 1 1 0 1 0 1 0 0 1 1 1 0 0 0 1 0 0 1 1 1 1 1 0 1 0 0 1 1 0 1 1 0 0 1 0 1 0 1 1 1 1 0 0 1 1 1 1 0 0 1 0 0 1 1 1 0 1 0 0 0 1 0 0 1 1 1 0 0 1 0 0 1 0 1 0 0 0 0 1 1 0 0 1 1 0 0 0 1 1 1 0 1 1 1 0 0 1 1 1 1 1 1 0 0 0 1 0 0 1 0 0 1 0 1 0 0 1 0 0 1 0 0 0 1 0 1 1 0 1 1 1 1 1 1 1 1 0 0 1 0 1 1 1 1 0 0 0 0 0 0 1 0 1 0 1 1 1 0 0 0 0 0 0 1 1 1 0 1 0 1 1 0 1 1 1 0 0 
1 0 1 0 0 0 1 1 0 1 1 1 1 1 0 0 1 0 0 0 1 0 1 1 0 0 0 1 1 0 0 0 0 1 0 0 0 1 0 0 1 0 0 1 1 1 0 0 0 1 51 0 0 1 1 0 1 0 1 1 1 1 1 0 0 0 0 0 0 1 1 0 0 1 1 0 0 1 1 1 1 0 0 0 0 0 0 1 1 1 1 1 0 1 1 1 0 0 0 0 0 1 1 1 0 0 0 1 0 0 0 0 1 1 0 0 1 0 1 0 1 1 0 1 1 1 0 0 0 0 1 0 1 0 0 0 1 1 1 1 1 0 1 0 1 0 0 1 0 0 0 1 1 0 1 0 1 1 1 1 1 0 0 1 0 0 0 1 1 1 1 1 1 0 1 1 1 0 1 0 0 0 1 0 1 1 0 0 0 1 1 0 0 1 0 0 1 0 1 0 0 0 1 0 1 1 1 0 0 1 1 0 0 1 
1 1 0 1 0 1 1 1 1 1 1 1 1 0 1 1 0 0 0 0 0 0 1 0 1 1 0 0 0 1 0 0 1 1 1 0 1 1 0 1 1 0 1 1 0 0 0 1 1 1 0 2 0 1 1 0 0 0 1 0 1 1 1 0 1 0 1 0 0 1 0 0 0 0 0 1 0 0 0 0 1 0 1 1 1 1 0 0 0 1 1 1 0 1 1 0 1 0 0 1 1 0 0 0 0 1 0 1 1 0 1 1 1 0 1 0 0 0 0 1 1 1 1 0 1 1 0 0 1 1 0 1 1 1 1 1 0 1 0 1 0 1 0 0 1 1 1 1 0 0 1 0 1 1 0 0 1 1 0 1 1 1 0 0 0 1 0 1 1 0 0 1 1 0 0 1 0 1 1 0 1 1 0 1 1 0 1 1 1 1 1 1 1 1 1 0 0 1 0 1 1 0 0 1 1 0 1 0 0 1 1 0 1 1 
1 0 1 1 0 0 1 0 0 0 0 1 1 1 0 0 0 0 0 0 1 1 1 0 1 0 1 0 1 0 0 1 1 0 1 0 1 0 1 0 0 0 1 1 1 0 1 1 0 0 0 0 27 1 0 0 1 0 1 0 0 1 0 1 0 1 0 1 1 0 0 1 0 0 1 0 0 1 0 0 0 0 1 1 0 1 1 0 1 0 1 1 1 1 0 1 1 0 1 0 1 1 1 1 0 0 1 1 1 0 1 0 0 1 1 1 0 1 1 0 0 1 1 1 1 0 0 1 0 0 1 1 0 0 1 1 0 1 0 0 1 1 1 0 0 1 1 0 1 1 1 0 1 0 0 1 0 0 0 1 0 1 0 1 1 1 1 0 1 1 1 0 1 1 0 0 1 1 0 1 1 0 0 0 0 1 1 0 1 1 0 1 0 1 0 1 1 1 1 1 0 1 1 0 1 1 0 0 1 0 0 0 1 1 
1 1 0 1 1 1 0 1 0 1 0 0 1 1 0 1 0 1 0 1 1 0 1 0 1 1 0 1 1 0 0 0 0 0 1 0 1 1 1 1 0 0 1 1 0 1 1 0 1 0 1 1 0 77 0 0 0 0 1 1 1 1 0 1 0 0 0 0 0 1 0 1 1 0 1 1 0 0 0 1 1 1 1 1 0 0 0 0 1 0 0 0 1 0 1 1 0 1 1 0 0 0 1 0 1 0 0 0 0 1 1 1 1 1 1 1 1 0 1 1 1 0 1 0 1 1 1 0 1 1 1 1 0 1 1 0 0 0 0 0 0 0 1 0 0 0 1 1 0 1 0 1 1 0 1 0 0 1 1 0 0 0 0 0 1 1 1 0 1 0 1 0 0 1 0 1 0 1 1 0 0 1 0 0 1 1 1 1 1 1 0 1 0 0 1 0 0 0 1 1 0 0 0 0 0 0 1 0 0 1 1 0 1 0 
1 0 0 1 1 0 1 1 1 1 0 0 0 1 0 0 1 0 0 1 0 1 0 0 0 0 0 0 0 0 0 0 1 0 1 1 0 1 1 1 0 1 0 0 0 1 0 1 1 1 1 1 1 1 56 1 1 1 0 1 1 1 0 0 1 0 1 0 1 0 0 0 1 1 1 1 0 0 1 0 1 1 1 0 1 1 0 0 0 1 1 0 0 0 1 0 0 1 1 0 0 1 1 0 0 0 1 1 1 0 1 0 0 0 1 1 0 0 0 1 1 0 1 1 0 1 1 0 1 1 1 1 0 1 0 0 1 1 0 1 0 1 1 0 1 1 1 0 0 0 0 0 0 1 1 1 1 0 0 0 0 0 0 0 1 1 1 1 1 0 1 1 1 0 1 1 0 0 1 1 1 0 1 1 0 0 1 0 0 1 1 1 0 1 0 0 1 1 1 1 1 1 1 1 1 0 0 1 0 0 0 1 1 0 
1 0 1 1 1 0 0 0 1 0 0 1 0 1 0 0 0 1 1 1 1 1 0 1 0 0 0 1 0 0 0 1 1 0 1 0 1 0 0 0 0 0 0 1 1 0 1 1 0 1 1 1 0 0 0 63 1 1 1 1 1 1 1 0 0 0 0 1 0 1 1 0 1 1 1 0 0 0 1 0 0 1 1 1 1 1 0 0 0 0 0 0 0 1 0 0 1 0 1 1 1 1 0 0 1 1 1 0 1 0 0 1 0 0 1 0 1 1 0 0 0 1 0 0 1 1 1 1 1 0 1 0 0 1 0 1 0 0 0 1 1 1 0 0 0 0 1 0 0 1 0 1 1 0 0 0 0 1 0 1 1 1 0 1 1 0 0 0 0 1 0 1 0 1 0 1 1 1 0 0 1 1 1 1 0 1 1 1 0 1 0 1 1 0 1 0 0 1 1 0 1 1 0 1 1 0 0 0 1 0 1 1 0 0 
1 0 0 0 0 0 0 1 0 1 0 1 0 0 1 1 0 0 0 0 1 1 0 1 1 1 0 1 1 0 0 0 0 0 0 0 0 0 1 1 1 1 0 1 0 1 0 0 1 0 1 1 1 1 0 1 73 1 0 0 1 1 1 0 0 0 1 0 0 1 0 1 0 0 0 0 0 1 1 1 0 1 0 1 0 1 1 1 0 1 0 0 1 1 1 0 1 0 0 0 0 1 0 0 1 0 1 0 1 1 0 0 0 1 1 1 1 0 0 0 0 0 0 0 1 0 0 0 0 1 0 1 0 1 0 1 1 1 0 1 1 1 0 1 1 0 1 1 1 0 0 1 1 0 1 0 1 0 1 1 1 1 1 1 0 1 1 0 0 0 0 1 1 1 0 1 0 0 0 0 1 0 0 1 1 1 1 1 1 1 0 1 1 1 0 1 1 1 0 1 1 1 1 0 0 0 1 0 1 0 1 1 1 0 
0 0 1 1 1 0 0 0 0 0 0 0 1 0 1 0 0 1 0 0 0 1 0 1 1 0 1 0 1 1 1 0 1 1 1 0 0 1 0 1 0 1 0 0 1 0 0 1 1 0 1 1 0 1 1 1 0 35 1 0 1 0 0 0 1 1 1 0 1 0 1 1 0 1 1 0 1 1 1 1 1 0 1 1 1 0 1 1 1 0 0 1 0 1 0 1 1 0 1 1 1 0 0 1 1 1 1 1 0 1 1 1 0 1 1 0 1 1 1 0 0 1 1 0 1 0 0 0 0 1 0 0 0 0 1 1 0 1 1 1 1 1 1 1 1 1 0 0 0 1 1 0 0 0 1 1 0 0 0 0 1 1 1 0 0 0 1 1 0 1 0 1 0 0 1 0 1 1 0 1 0 0 1 0 1 0 1 1 0 1 1 1 0 0 0 1 1 1 0 1 0 0 0 0 0 1 0 1 1 1 1 1 1 1 
1 1 1 0 1 1 1 0 1 0 1 0 0 0 0 1 1 0 1 0 0 0 1 1 1 0 1 0 0 1 1 1 1 1 0 0 1 0 1 0 0 0 1 0 0 1 1 1 0 0 1 0 1 1 1 0 0 0 66 1 0 1 1 1 1 0 0 1 0 1 0 0 1 0 1 0 1 0 0 1 1 0 1 0 0 1 0 1 0 1 0 0 1 0 1 0 0 0 1 0 0 1 0 0 1 0 1 1 1 0 1 0 0 1 1 0 0 1 1 1 1 0 0 1 0 1 1 1 1 1 0 0 0 1 0 1 1 1 1 1 0 1 1 0 0 1 1 0 1 1 1 1 0 0 1 0 0 1 0 1 1 1 0 0 1 0 0 0 1 0 0 1 0 1 0 1 0 0 1 0 0 1 0 0 1 0 1 0 0 0 1 0 1 1 1 1 0 1 1 0 1 0 0 0 0 0 0 0 0 1 1 0 1 1 
0 0 1 1 1 1 1 0 0 0 0 0 0 1 0 0 1 1 0 0 0 0 1 0 0 1 0 0 0 0 0 1 1 0 1 1 0 1 0 1 1 1 1 0 0 1 1 1 1 0 1 1 1 1 1 1 1 0 0 8 1 0 0 1 0 0 1 0 1 0 0 0 0 1 0 0 0 0 0 1 1 0 1 0 1 1 1 1 1 0 1 0 1 1 1 1 1 1 0 1 1 0 0 1 1 1 1 1 0 0 1 0 1 1 1 1 1 0 1 1 1 0 1 0 0 0 1 1 0 0 1 1 0 0 1 0 0 1 0 0 1 0 0 0 0 0 0 1 1 0 1 0 0 1 0 1 1 0 0 1 1 0 1 0 0 1 1 1 0 1 1 1 1 1 1 1 1 1 1 0 0 1 1 0 0 0 0 0 0 0 1 1 1 1 1 0 0 1 1 1 1 0 0 0 0 1 1 0 1 0 1 0 1 1 
0 0 0 1 0 1 0 0 0 1 0 0 1 0 0 1 1 0 1 0 1 1 1 0 0 0 0 0 0 0 1 0 1 1 0 0 1 0 0 1 1 0 1 0 0 0 0 0 1 1 1 0 0 1 0 0 1 0 1 0 98 1 0 0 1 1 1 0 1 1 1 0 1 0 1 0 0 1 1 0 1 1 0 1 0 1 0 0 1 1 1 0 1 0 0 1 1 1 0 1 1 0 0 0 1 0 0 0 1 0 1 1 0 0 1 0 1 1 1 1 1 0 0 1 1 1 1 1 1 0 0 0 0 1 0 1 0 1 0 1 1 1 1 1 0 0 1 1 0 0 0 1 1 0 0 1 0 0 1 0 0 0 0 1 0 1 0 1 1 0 1 0 0 0 0 1 0 1 1 0 1 0 1 1 0 0 0 0 0 1 0 0 1 0 1 1 1 1 1 0 0 0 0 1 1 0 1 1 1 1 1 1 1 1 
1 1 0 1 1 0 1 0 0 0 1 0 0 0 0 1 1 1 0 0 1 0 0 1 0 1 0 0 0 0 1 1 1 1 0 1 0 1 0 1 1 0 0 1 0 1 0 0 1 1 0 1 1 0 0 0 1 1 1 1 1 9 1 1 1 1 0 0 0 1 1 1 1 0 0 0 1 1 0 0 0 1 1 1 1 0 0 0 1 1 1 0 0 1 0 1 0 0 0 1 0 0 1 1 1 1 0 1 1 1 0 1 0 1 0 0 0 1 1 1 0 1 1 0 0 1 0 0 1 1 1 0 0 0 0 1 1 1 0 1 0 1 1 1 0 0 0 0 1 1 1 0 1 0 0 1 1 1 0 1 0 0 0 1 0 1 0 0 1 0 1 0 1 0 0 1 0 0 0 0 1 1 0 0 1 1 0 0 0 1 0 1 1 0 1 0 1 1 0 1 0 0 0 1 1 1 0 0 0 1 1 1 1 1 
1 1 0 1 0 0 0 1 0 0 0 1 0 1 0 1 1 1 1 0 0 1 1 1 0 0 0 0 0 0 0 1 1 1 0 1 1 1 1 0 1 1 1 0 0 1 0 0 1 1 1 0 1 1 0 0 0 1 1 0 0 0 49 0 0 1 0 0 0 0 1 0 1 1 0 0 1 1 1 0 0 0 1 0 0 0 0 0 1 0 0 0 0 0 0 1 0 1 0 0 0 1 0 0 0 0 1 0 1 1 0 0 1 0 0 1 0 1 1 1 0 0 1 0 0 1 1 0 0 0 0 1 0 1 1 0 0 1 0 1 1 0 0 0 1 0 0 0 1 1 0 0 1 1 0 1 1 1 0 1 0 1 1 1 1 0 0 0 1 0 1 1 0 1 1 1 1 0 0 1 0 0 1 1 1 0 0 0 1 1 0 1 1 0 0 0 1 0 0 0 0 0 0 0 0 1 0 1 1 1 1 1 1 1 
1 1 1 0 1 0 1 1 0 1 0 0 0 0 1 1 0 1 0 1 1 1 1 1 0 0 0 0 1 1 1 0 0 1 0 1 0 0 1 0 1 0 1 0 0 1 0 1 0 0 0 0 1 1 0 0 1 1 0 1 1 1 0 40 0 1 1 0 0 0 0 0 0 1 0 0 0 0 0 0 0 1 0 1 0 0 1 0 1 1 0 1 1 1 0 0 0 1 1 1 0 0 0 1 1 1 0 1 0 1 1 1 0 0 0 0 0 0 1 0 0 0 0 1 0 0 0 1 0 0 0 1 1 1 1 0 1 0 0 0 0 0 1 0 1 1 1 0 0 0 0 1 1 1 1 0 1 1 0 1 0 0 1 1 1 1 0 1 1 0 0 1 0 0 0 1 0 0 0 0 0 1 0 1 1 0 0 0 0 0 0 1 0 1 1 1 1 0 1 1 0 1 1 1 0 1 1 1 0 0 0 0 0 0 
0 0 0 0 0 0 1 0 1 0 0 1 0 1 1 0 1 1 1 1 1 0 0 0 0 1 1 0 0 1 0 1 0 1 0 0 1 0 1 1 0 0 0 0 0 1 0 0 1 0 1 1 0 0 0 0 1 0 0 1 0 1 1 1 86 0 0 0 0 1 1 0 0 1 1 1 0 0 0 1 1 1 0 1 0 1 0 0 0 1 0 0 1 0 0 0 1 1 1 1 0 0 0 0 1 1 1 1 0 0 1 0 0 1 0 0 1 1 1 1 1 1 1 0 0 0 1 0 0 1 0 1 1 0 1 1 1 1 0 1 1 1 0 0 0 1 0 0 0 1 0 1 0 1 1 0 0 1 0 0 0 0 1 1 1 0 0 0 0 0 1 0 1 0 1 1 0 0 0 1 1 1 1 0 0 1 1 0 0 1 0 0 0 0 0 1 0 0 0 0 1 0 0 1 1 1 1 1 1 0 0 1 1 1 
0 1 1 0 0 0 1 0 0 0 1 0 1 1 1 0 0 1 0 0 0 0 0 0 1 0 1 0 0 1 1 1 0 0 0 1 0 1 0 1 0 1 1 0 1 0 1 0 0 1 1 0 1 1 0 0 0 1 0 1 1 1 1 1 1 25 1 1 0 1 1 1 1 1 0 0 1 0 0 1 0 0 1 1 0 0 0 0 0 0 1 0 1 0 1 0 0 1 0 0 0 1 1 1 1 0 1 0 1 1 1 0 1 1 0 1 0 0 0 0 0 1 1 0 0 0 1 1 1 1 1 1 0 0 1 1 0 1 1 1 0 1 0 1 1 0 1 1 0 1 1 1 0 1 0 0 0 0 0 1 1 1 1 1 1 0 0 0 0 1 0 0 0 1 0 1 1 1 1 0 0 1 1 1 1 1 0 1 0 0 0 0 1 1 1 1 0 1 0 1 0 1 0 1 0 0 1 0 0 0 1 1 0 0 
1 1 0 1 0 0 1 1 0 0 1 0 0 1 0 0 1 1 0 0 1 1 0 1 1 1 1 0 0 1 1 0 0 1 1 1 1 0 1 0 0 0 0 0 1 1 0 1 0 1 1 0 0 0 0 0 0 0 1 0 0 0 0 1 0 1 41 1 0 0 0 0 1 1 1 1 1 0 1 0 0 1 1 1 0 1 1 0 0 0 1 1 0 1 1 1 1 1 1 1 1 1 0 1 0 0 0 1 0 1 1 0 1 0 0 1 1 0 1 0 1 1 0 1 1 1 0 0 1 0 0 0 1 0 1 0 0 0 1 1 1 1 0 0 1 1 0 1 0 0 1 1 1 0 0 0 0 1 1 1 0 0 1 1 1 1 1 1 0 1 1 1 1 0 1 0 0 0 0 1 0 1 1 0 0 0 1 1 1 0 0 0 1 1 1 0 1 0 0 1 0 1 1 0 1 1 0 0 0 1 1 1 1 1 
1 0 0 1 1 1 1 0 1 1 0 1 1 0 1 1 1 1 1 1 1 1 1 0 0 0 1 0 1 0 0 0 1 0 1 1 1 0 1 0 1 0 1 0 0 0 0 1 1 1 0 0 1 1 0 1 0 1 0 0 1 1 1 1 1 0 0 39 0 0 0 1 1 1 0 1 0 0 1 0 1 1 1 0 1 1 1 1 1 0 0 0 0 0 1 1 0 1 0 0 0 1 0 0 0 0 0 0 0 1 1 0 0 0 1 0 1 0 0 1 1 1 1 1 1 1 0 1 0 0 0 0 0 0 1 1 0 1 1 0 0 0 1 0 1 0 1 0 0 0 1 1 1 1 0 0 0 0 1 0 0 1 1 0 1 0 0 1 0 0 1 0 1 0 1 0 0 1 1 1 0 0 0 0 1 1 0 0 1 0 0 1 1 1 0 0 1 1 0 1 0 1 0 0 1 0 1 1 0 0 1 1 1 1 
0 0 0 1 0 1 1 0 0 1 1 1 1 1 1 0 1 0 0 0 0 1 0 0 0 0 0 0 1 0 1 1 0 0 1 1 0 0 1 1 0 0 0 1 1 0 1 1 0 1 0 0 0 0 1 0 0 0 1 1 1 0 0 1 1 0 1 0 10 1 1 0 0 0 0 1 0 0 0 1 0 0 1 1 1 0 0 1 0 0 0 0 1 0 0 0 0 0 0 0 1 0 1 1 1 0 0 0 0 0 0 1 0 1 1 0 0 0 1 0 1 1 0 1 0 0 1 1 1 0 0 1 1 1 0 1 0 1 1 1 0 1 1 0 0 0 0 1 1 0 1 0 1 0 0 0 0 0 1 1 1 0 1 1 1 0 0 1 0 1 1 0 1 1 0 1 0 1 1 1 0 1 1 1 0 1 0 1 1 0 1 1 1 1 0 1 0 0 0 0 1 0 1 0 1 1 0 0 0 0 1 0 1 1 
0 1 0 1 0 1 1 0 1 1 0 0 0 1 1 1 0 1 1 0 1 1 1 1 1 1 1 0 1 0 1 1 0 0 1 0 0 1 1 0 1 0 0 1 0 1 0 0 1 0 0 1 0 0 0 0 1 0 0 0 0 0 1 1 1 0 0 1 1 18 1 1 0 0 1 1 0 1 1 1 0 1 1 0 0 0 0 0 0 0 0 1 1 1 1 0 1 0 1 1 0 1 0 0 1 0 0 0 0 0 1 1 0 1 1 0 0 1 0 1 0 1 1 1 0 0 0 0 0 1 1 1 0 1 1 1 0 1 0 1 0 0 0 1 1 1 0 0 0 1 0 0 1 0 0 0 1 1 1 1 0 1 0 1 0 0 0 0 1 0 1 0 1 0 0 0 1 1 1 0 1 1 0 1 1 1 0 1 1 1 1 1 0 0 0 0 0 1 0 1 0 1 1 1 1 1 1 0 1 0 1 0 1 1 
1 1 1 1 0 1 1 1 0 0 1 1 0 0 1 0 1 1 0 1 0 0 1 1 1 0 1 0 0 0 0 1 1 1 0 0 1 0 0 0 1 0 0 1 1 0 0 0 0 1 1 1 1 0 0 0 1 1 0 1 0 0 0 0 1 1 1 1 1 1 91 0 0 1 1 0 1 1 0 1 0 0 0 0 1 1 1 1 1 1 0 0 1 0 1 1 1 0 0 0 1 0 1 1 0 0 0 0 0 1 1 0 0 1 1 0 0 1 1 0 0 1 0 1 0 1 0 0 1 1 1 1 1 1 0 0 1 0 0 1 0 0 1 1 1 1 0 0 0 0 0 1 1 1 0 0 1 0 1 0 1 0 1 1 1 0 0 0 1 1 0 0 1 0 1 1 0 0 0 0 0 0 0 0 0 0 0 1 1 1 1 0 0 0 1 1 0 1 0 1 0 1 1 0 0 1 1 1 0 1 0 1 0 0 
0 1 1 1 1 0 0 0 0 1 0 0 0 1 1 1 1 0 1 1 0 1 1 0 0 0 0 0 0 0 1 1 1 0 0 0 0 1 0 0 0 1 1 1 1 0 0 0 1 0 0 1 0 1 0 0 0 0 0 0 0 0 1 0 1 1 1 1 0 1 0 70 0 0 0 1 1 1 1 0 0 1 1 0 0 0 0 1 1 1 1 0 1 1 1 0 0 1 0 0 1 1 1 0 0 1 0 1 1 1 0 0 0 1 1 1 0 0 0 0 0 0 1 0 1 0 0 1 0 1 1 1 0 0 0 1 1 1 0 1 1 0 0 1 1 0 0 1 1 1 0 1 0 0 0 0 1 0 0 0 1 0 0 1 1 0 0 0 1 0 1 0 1 0 0 1 1 0 1 1 0 0 0 1 0 0 1 1 1 0 1 1 1 1 0 1 0 1 0 0 0 1 0 0 1 1 1 1 0 1 1 1 0 1 
0 0 0 1 0 1 1 0 1 0 0 0 0 0 1 1 1 1 0 1 0 1 1 1 0 1 0 1 0 0 1 0 1 1 1 1 1 1 1 1 0 1 1 0 0 1 1 1 0 1 1 0 1 0 1 0 0 1 1 1 0 1 0 0 1 0 0 0 1 1 0 0 18 0 0 1 1 0 1 1 1 1 0 1 0 1 1 1 1 1 0 1 0 1 0 0 1 0 0 1 1 0 0 1 1 1 1 0 1 0 1 0 0 1 0 0 1 1 0 1 1 0 0 0 0 1 1 0 0 0 1 1 0 0 0 1 1 0 0 1 1 1 0 0 1 1 1 1 0 0 0 1 1 1 0 1 0 0 0 1 1 1 1 1 0 0 1 1 1 0 0 1 0 1 1 0 1 1 1 1 1 0 0 1 0 0 0 0 0 1 1 0 0 1 0 0 1 0 0 0 1 0 0 1 1 0 0 0 1 1 1 0 1 0 
1 1 0 1 1 0 1 0 0 0 0 1 1 0 0 0 0 0 0 0 1 0 0 0 1 0 0 0 1 1 1 0 1 0 1 0 0 1 0 1 0 1 1 0 1 0 0 1 1 1 0 1 0 0 1 0 0 0 1 0 1 0 0 0 0 1 1 0 0 1 1 0 0 19 1 1 0 1 1 1 1 0 0 0 1 0 1 0 0 1 1 1 1 1 1 1 1 1 1 1 0 1 0 0 1 1 0 1 1 1 0 0 0 0 1 0 1 1 1 1 0 1 0 0 1 0 1 0 1 1 0 0 0 0 0 0 1 0 1 0 0 1 0 1 1 0 1 1 1 0 0 0 0 1 0 0 1 1 1 0 1 1 0 0 1 1 0 1 1 1 1 1 0 1 0 0 0 0 1 1 0 0 1 0 1 0 1 0 1 0 0 0 1 0 0 1 0 1 1 0 1 1 0 1 0 0 1 0 0 1 0 0 1 0 
0 1 1 0 1 1 0 0 0 1 0 1 1 0 1 1 1 0 1 1 0 1 1 0 1 0 1 0 0 0 1 0 0 0 0 1 0 0 0 1 1 1 1 1 1 0 0 0 0 0 1 1 1 0 1 1 0 0 1 1 0 1 1 1 0 1 1 1 0 0 1 0 1 0 35 1 1 1 1 1 1 0 1 1 1 0 1 0 0 0 0 0 0 0 1 0 1 0 0 0 1 1 1 0 1 0 0 0 1 1 1 0 0 1 1 1 0 1 0 1 1 0 0 0 1 0 1 1 1 0 1 0 1 0 0 1 1 0 0 0 0 1 0 0 1 1 0 0 0 0 1 0 1 0 1 0 0 0 0 0 1 1 1 1 1 0 0 1 1 1 0 1 1 1 0 1 0 0 0 1 0 0 0 1 1 1 0 0 0 1 0 1 0 1 0 0 0 0 0 1 1 0 0 1 1 0 0 1 0 1 0 0 0 1 
1 1 0 1 0 0 0 0 0 1 1 1 1 0 1 1 0 0 1 0 1 1 1 1 0 0 0 0 1 0 1 1 1 0 0 1 0 0 1 0 1 1 1 1 1 1 0 0 0 1 1 0 1 1 1 1 0 1 0 1 1 0 0 1 1 0 0 1 1 0 0 0 1 1 1 38 0 0 0 0 0 1 0 0 1 1 0 0 0 1 1 1 0 0 1 0 0 1 1 0 0 1 1 0 0 0 0 0 0 1 1 1 0 0 1 0 0 1 0 1 1 1 0 0 0 1 0 1 1 1 0 1 1 1 0 0 1 0 1 0 1 1 0 1 0 0 0 0 0 1 0 1 1 0 1 0 1 0 0 1 1 1 0 0 1 0 1 1 1 0 1 1 0 0 1 0 0 0 0 0 1 1 0 0 0 0 0 1 1 0 0 1 0 0 1 1 0 0 0 0 1 1 0 0 0 0 1 1 0 1 1 1 1 1 
1 1 1 0 0 0 1 0 0 1 0 1 1 0 1 1 0 0 1 0 0 0 0 1 0 0 1 0 0 0 0 0 1 1 0 1 0 1 0 0 0 1 1 1 0 1 0 0 0 1 0 0 1 1 1 0 0 1 1 1 0 1 0 1 1 1 0 0 1 1 1 0 1 0 0 1 82 1 0 0 1 0 0 1 1 1 1 1 0 1 0 1 1 1 0 1 1 1 0 0 1 0 1 0 0 0 0 1 0 1 1 0 1 0 1 1 1 1 1 1 1 1 1 0 0 1 0 1 1 1 1 1 1 1 0 0 0 1 0 0 0 1 0 1 1 1 0 1 0 0 1 0 0 0 0 0 0 0 0 1 1 0 0 1 0 1 0 1 1 1 0 1 0 0 0 0 1 1 1 0 1 0 1 0 0 1 0 0 1 1 0 1 1 1 0 1 0 0 0 1 0 1 1 1 0 0 1 0 1 0 0 0 0 0 
0 0 0 1 0 1 1 1 0 1 0 0 1 0 1 0 1 0 1 1 0 0 0 1 1 0 0 0 1 0 1 1 1 1 0 0 1 1 0 0 1 0 1 1 0 1 1 0 1 0 0 0 1 0 0 0 0 0 0 0 0 0 1 0 0 0 0 1 1 1 1 0 1 1 1 1 0 66 0 0 0 1 0 0 0 1 0 1 1 1 1 1 1 1 0 0 1 0 0 0 0 0 0 1 0 1 0 1 1 1 1 1 1 1 1 0 1 1 0 1 0 0 0 0 0 1 0 1 1 1 1 1 1 0 0 1 0 1 1 1 0 1 0 1 1 0 1 1 0 1 0 0 0 1 0 0 0 1 1 0 0 1 0 0 1 0 1 0 1 0 1 0 1 1 0 1 0 0 1 0 0 0 0 1 1 0 1 0 1 1 1 1 1 1 1 0 0 0 0 1 1 1 1 1 0 0 0 0 1 0 0 1 0 0 
0 1 1 0 1 1 0 1 1 0 0 0 1 0 0 0 0 0 1 0 0 0 1 1 0 1 1 0 1 0 1 0 0 0 1 0 1 1 0 0 0 1 1 0 0 0 1 0 1 1 1 0 1 0 0 0 1 1 1 1 1 1 1 1 1 0 0 0 1 0 0 0 0 0 0 0 1 1 95 1 0 1 1 0 1 1 1 0 1 1 0 0 0 1 0 0 1 0 0 0 1 1 0 0 1 0 0 0 0 1 1 0 0 0 1 0 0 0 1 1 1 0 1 1 1 0 0 1 0 1 1 0 1 1 0 1 0 0 0 1 1 1 0 1 1 1 0 0 0 0 1 0 0 0 0 1 0 1 0 0 1 1 0 1 0 1 1 1 0 0 1 1 0 1 0 0 0 1 1 0 1 1 0 0 1 0 0 0 1 1 0 1 1 0 1 1 0 1 0 0 1 1 0 1 1 1 0 1 1 0 0 0 0 1 
0 0 1 0 1 0 1 0 1 0 0 1 1 1 0 0 0 1 1 1 1 0 0 0 1 1 0 1 1 0 1 1 1 0 1 0 1 0 1 1 1 0 1 1 0 0 1 1 1 1 0 1 1 0 1 0 0 1 0 0 0 1 0 0 1 0 1 1 0 1 0 1 0 1 0 1 0 1 0 57 1 1 0 0 0 1 0 1 1 1 1 1 0 0 1 1 0 1 1 0 0 1 1 1 0 0 1 0 1 1 1 1 1 1 0 1 1 0 1 1 0 1 0 0 0 1 1 1 1 0 0 0 0 0 1 1 1 0 0 0 1 1 0 0 0 1 0 0 0 0 0 1 0 1 0 1 1 0 0 0 1 0 1 0 1 1 0 0 0 0 0 0 0 1 0 0 0 1 0 1 0 0 1 1 1 1 1 0 0 0 0 1 0 0 0 1 0 0 1 1 0 0 0 1 0 0 1 0 1 1 1 0 1 1 
1 0 1 1 1 0 1 0 1 0 0 1 0 1 0 1 1 0 1 0 1 1 1 1 1 1 0 0 1 0 0 1 1 1 0 0 0 0 1 1 1 1 0 1 1 1 1 1 1 1 0 0 1 1 0 1 1 1 1 0 1 1 1 1 1 1 0 1 0 0 1 0 1 1 1 1 1 0 1 0 41 1 0 1 0 0 1 1 0 0 1 0 1 0 1 1 1 1 0 0 1 1 0 1 0 0 0 1 0 1 1 1 0 1 1 1 1 1 1 1 0 0 1 1 1 1 1 0 0 1 0 0 1 0 1 1 0 1 0 1 0 0 1 0 1 0 1 0 1 0 0 1 1 1 1 0 1 0 1 1 1 0 0 1 0 0 0 0 0 0 1 0 1 0 0 0 1 0 1 1 1 1 1 0 0 0 0 1 1 0 0 1 0 1 1 0 1 0 0 1 1 1 0 0 0 1 0 1 0 0 1 1 0 1 
1 1 1 1 1 0 1 0 0 1 1 0 0 0 0 1 0 1 1 1 1 0 0 1 0 1 1 1 0 0 0 1 1 0 0 1 0 1 0 1 0 0 1 1 0 1 0 0 0 1 1 0 0 0 0 1 0 1 1 0 1 0 0 1 1 0 0 1 1 1 0 0 0 0 0 0 1 1 0 0 0 85 0 1 1 0 0 1 0 0 0 1 0 0 1 0 0 0 1 1 0 1 1 0 0 0 0 0 1 0 0 1 1 0 0 0 0 1 1 1 0 0 1 1 0 1 1 1 1 1 1 1 1 1 1 0 0 1 1 1 0 1 1 0 0 0 1 1 1 0 1 1 0 0 0 1 1 0 1 1 1 1 1 0 1 0 0 0 0 0 0 1 0 0 0 0 1 1 0 0 1 0 0 1 1 1 1 1 1 1 0 1 0 0 1 0 0 0 1 0 0 1 0 1 1 1 1 1 0 0 1 1 0 1 
1 1 1 0 1 1 1 0 0 0 0 0 1 1 0 0 1 1 0 1 0 0 1 0 1 1 1 1 1 0 1 1 0 1 0 1 1 1 1 0 0 1 1 0 0 0 0 1 1 1 1 1 1 0 0 0 0 1 0 0 0 0 0 1 0 0 1 1 0 1 0 1 1 1 0 0 0 0 0 1 1 0 96 1 1 1 1 1 0 0 1 0 0 0 0 0 1 1 1 1 1 1 0 1 1 1 1 0 1 0 1 1 0 1 1 1 0 0 1 0 0 1 0 0 1 0 1 0 0 0 1 0 0 0 1 0 0 0 1 0 0 0 0 1 0 1 1 0 1 0 1 0 1 1 1 1 1 1 0 1 0 1 0 1 0 1 1 1 0 0 1 0 0 0 1 0 0 1 0 0 0 1 0 1 0 1 0 0 0 0 1 0 0 0 1 0 1 0 1 0 1 0 1 1 0 1 0 1 1 1 0 0 1 1 
1 1 1 1 0 0 1 0 1 0 0 1 0 1 1 1 0 1 0 1 0 0 1 1 0 0 0 0 0 0 0 0 0 0 0 0 0 1 1 0 1 0 0 1 0 0 1 0 1 0 1 1 1 0 1 1 1 1 0 1 0 0 1 1 0 1 0 1 0 0 1 0 0 1 0 0 0 1 0 1 1 1 1 73 1 0 1 1 1 0 1 0 0 0 1 1 0 0 0 1 0 1 1 0 0 1 0 1 1 1 0 1 1 0 1 1 1 1 1 1 0 1 0 1 0 0 0 1 0 1 1 1 1 0 0 1 0 0 1 0 0 0 0 0 0 0 1 0 1 0 0 1 1 0 0 0 1 0 0 0 0 0 1 0 0 0 1 1 1 0 0 0 1 0 1 1 0 1 1 0 0 1 0 1 1 0 0 1 1 0 1 0 0 1 0 1 0 1 0 0 0 0 1 0 0 0 0 1 0 0 0 0 1 1 
1 1 1 1 0 0 0 0 1 1 1 0 0 1 1 1 0 0 1 0 0 0 0 0 0 0 0 0 1 0 0 1 0 0 1 0 1 1 1 0 0 1 1 1 0 1 1 0 1 0 1 0 0 1 0 0 1 1 1 1 1 1 0 1 1 1 1 1 1 0 1 0 1 1 0 1 0 1 1 0 0 1 0 1 36 0 0 0 0 1 1 0 1 0 0 1 1 1 0 1 1 1 1 0 0 1 1 0 1 0 0 0 0 0 1 1 0 0 1 1 0 0 1 1 0 0 1 1 0 1 0 0 0 1 0 1 1 0 1 0 1 1 0 1 0 0 0 0 1 1 1 1 0 1 1 0 0 1 1 0 1 0 0 0 1 0 0 1 0 0 0 1 1 1 0 0 0 0 0 1 1 0 1 0 0 1 0 1 1 1 0 0 1 0 1 1 1 1 1 0 0 1 0 1 0 1 0 0 0 1 1 1 0 1 
0 1 0 1 0 0 0 0 1 0 0 0 0 1 0 0 0 0 1 1 1 1 0 1 0 0 1 1 1 0 0 0 1 1 0 0 0 0 1 1 1 0 1 0 1 0 0 1 1 1 0 1 0 1 0 1 1 1 1 1 0 1 1 1 0 0 1 0 1 0 1 0 0 1 0 0 1 1 0 1 0 1 0 1 1 29 0 1 1 0 0 0 1 0 1 1 1 1 1 0 0 0 0 0 1 0 0 0 1 1 1 1 1 0 0 1 1 1 1 0 1 1 0 0 0 0 0 1 1 1 1 1 1 1 0 0 1 0 1 1 0 0 1 0 0 0 0 1 1 0 1 0 0 1 0 0 1 1 1 1 0 0 0 0 0 0 0 1 1 1 0 1 1 1 1 1 0 0 1 1 1 1 0 0 0 1 1 0 1 0 0 0 1 0 1 1 0 1 1 0 0 0 1 0 0 1 1 1 1 1 1 0 1 1 
1 0 1 0 0 0 1 1 1 1 0 0 1 1 1 1 0 1 0 1 1 0 0 1 1 0 0 1 1 1 0 0 0 0 1 1 1 0 0 0 1 0 0 0 0 1 1 1 1 0 1 0 0 1 1 0 1 1 0 0 0 0 0 0 1 1 0 0 1 0 0 0 1 1 0 0 0 1 1 1 1 0 0 0 1 1 79 1 1 1 1 0 0 1 1 1 0 1 1 0 0 1 1 1 1 0 0 0 1 1 0 0 0 1 1 1 1 1 1 1 1 1 1 0 1 0 1 1 1 1 1 1 0 1 1 0 0 1 0 0 1 0 0 0 0 1 0 0 0 0 1 1 0 0 1 0 0 0 0 0 0 0 0 0 0 1 0 1 1 0 1 1 0 1 1 1 0 1 0 0 0 1 1 1 1 0 0 0 0 0 0 0 0 0 1 1 1 0 0 0 1 0 0 0 0 0 0 0 0 0 1 0 1 0 
0 0 1 1 0 1 0 0 1 0 1 1 0 0 1 0 1 0 1 0 1 1 0 0 0 1 0 1 1 0 1 1 0 1 0 1 0 0 0 1 1 1 0 0 1 0 1 0 1 0 0 1 0 1 0 1 1 1 1 1 1 1 0 1 0 0 1 0 1 1 0 1 1 0 1 0 0 0 1 0 0 0 0 0 0 0 0 94 0 1 0 0 0 1 0 1 1 1 0 0 1 0 0 1 0 0 0 0 1 1 0 1 1 1 0 1 1 1 0 0 0 0 0 1 0 1 0 1 1 0 0 0 0 1 1 1 0 0 1 0 1 1 0 1 0 0 0 0 0 1 0 1 0 0 1 0 0 1 1 0 1 0 0 0 1 1 0 0 1 1 0 1 1 1 1 1 0 1 1 1 1 0 0 1 0 0 0 0 1 1 1 1 0 1 1 0 0 0 0 0 1 1 0 1 1 1 0 0 1 0 0 0 0 0 
1 1 1 0 1 0 0 1 0 0 0 1 1 1 0 0 1 1 0 1 0 1 0 1 1 0 0 1 0 0 0 0 0 0 0 1 0 1 0 1 0 1 0 1 0 0 0 0 1 0 0 0 1 0 1 0 1 0 1 1 0 0 0 0 1 0 1 0 1 1 0 1 1 1 1 0 1 0 1 1 1 1 1 1 1 0 0 0 60 1 0 1 0 1 0 1 1 1 0 0 0 1 0 1 0 1 0 0 0 1 1 1 1 1 0 1 1 1 0 0 1 0 0 0 0 0 1 1 1 0 1 1 0 1 0 0 0 0 0 1 1 1 1 1 1 1 1 0 1 0 0 1 1 0 1 0 1 0 1 1 0 0 0 1 0 1 0 0 0 0 0 1 0 0 1 1 0 1 0 1 0 1 1 1 0 1 1 1 0 1 1 0 1 1 1 0 0 0 1 1 0 0 1 1 1 0 0 1 1 1 1 1 0 1 
0 1 1 1 1 1 0 0 1 0 1 1 0 1 0 1 1 0 1 1 1 0 1 1 1 1 1 1 0 0 0 1 0 1 1 0 1 0 1 0 0 0 0 0 0 1 1 1 0 0 0 1 0 0 0 0 1 1 0 1 0 0 1 1 0 1 1 0 1 0 0 1 0 0 0 1 0 1 0 0 1 0 1 1 1 0 1 1 1 92 1 1 1 1 1 0 0 1 0 1 1 1 0 1 0 0 0 0 1 0 0 0 0 0 0 0 1 0 1 1 0 0 0 0 0 0 1 0 0 1 1 0 1 1 0 1 0 1 0 1 1 1 1 1 1 0 0 0 1 1 0 0 1 1 1 0 1 0 0 0 0 1 0 1 0 0 1 0 1 1 0 0 1 0 1 0 1 0 0 0 1 0 0 1 0 0 1 0 0 1 1 0 0 1 1 1 1 1 0 0 0 0 1 1 0 1 0 0 1 0 1 1 0 0 
0 0 0 1 0 1 1 1 0 0 1 0 1 1 0 1 0 0 0 0 0 1 1 0 1 0 0 1 0 1 1 0 0 0 1 0 1 0 0 0 1 0 0 1 1 1 1 1 1 1 1 0 0 0 0 0 1 1 0 0 1 1 1 0 0 0 1 1 0 0 0 1 1 0 1 0 1 0 0 0 0 1 1 1 0 0 0 1 0 1 65 0 0 0 0 1 1 0 0 1 1 1 1 0 1 1 1 0 1 1 0 0 0 0 1 1 1 1 0 1 0 0 1 0 1 1 0 0 1 1 0 1 0 1 1 0 0 1 1 0 1 1 0 0 0 1 1 0 1 1 0 1 1 0 1 0 0 1 1 0 0 1 0 1 0 0 0 0 1 0 0 0 1 0 0 1 1 0 0 1 1 0 0 1 1 1 1 1 0 1 1 0 0 0 1 1 1 0 1 0 0 0 1 0 1 0 1 0 0 1 0 0 1 0 
1 1 1 0 1 1 0 0 0 0 0 0 0 0 1 0 1 0 1 0 0 0 0 0 0 0 0 1 0 0 0 0 0 0 0 0 1 0 1 0 1 0 0 1 0 0 0 1 0 1 0 0 1 1 1 0 0 0 1 1 0 1 0 1 0 0 1 0 1 0 0 0 1 0 0 1 0 1 0 1 0 1 0 1 0 0 1 0 0 0 0 20 1 1 0 0 1 0 0 1 1 1 0 1 1 0 1 0 1 0 1 1 1 1 1 1 1 1 0 1 0 1 1 0 1 1 0 0 1 0 0 0 1 1 0 0 1 1 1 0 1 1 1 1 0 1 0 0 0 0 1 1 1 0 0 0 1 1 1 0 1 0 0 0 1 0 1 1 0 0 1 0 0 0 1 0 1 0 0 0 0 0 0 1 0 1 1 1 0 0 1 1 0 1 1 0 0 0 1 0 0 0 1 0 1 0 0 0 1 1 1 1 0 1 
0 0 1 1 0 0 0 1 0 1 0 1 0 0 1 0 0 1 1 0 0 1 1 0 1 0 1 1 0 0 0 1 1 1 0 0 0 1 1 0 1 0 0 0 0 0 0 0 1 1 0 1 1 1 0 0 0 0 0 1 0 1 1 0 1 0 1 0 1 1 0 0 0 0 0 1 0 1 0 0 0 1 1 1 0 1 1 1 1 0 1 0 21 0 0 1 1 1 0 0 1 0 1 1 0 0 0 0 1 0 0 1 0 0 0 1 1 0 1 0 0 0 0 0 0 1 1 0 1 1 1 0 1 1 1 1 1 0 0 0 1 1 1 0 0 0 0 0 1 1 0 1 1 0 0 0 0 0 1 0 0 0 0 1 0 0 0 1 1 0 1 0 0 0 0 0 1 0 1 1 1 0 1 1 0 1 1 0 1 0 1 1 1 1 0 1 0 0 1 0 0 1 0 1 0 1 0 0 0 1 0 0 0 0 
0 1 1 0 1 1 1 0 0 1 0 0 0 0 1 1 1 0 0 0 0 1 1 1 0 1 0 1 0 1 1 0 1 0 0 1 0 1 1 1 1 1 0 1 1 0 1 1 1 0 0 1 0 0 1 1 1 0 0 0 1 0 1 1 1 0 0 1 0 1 1 0 0 1 0 1 0 0 1 0 1 0 1 0 0 1 1 0 1 1 0 0 1 3 1 1 1 1 1 1 0 0 0 0 1 0 0 0 0 1 0 0 0 1 1 0 1 0 1 1 0 1 0 1 1 1 0 0 1 0 1 0 1 0 1 0 0 1 1 0 0 1 1 0 1 1 1 0 1 1 0 0 1 0 0 1 1 0 1 1 0 0 1 0 0 0 1 0 0 1 1 0 0 0 1 0 0 0 0 0 1 0 1 0 0 1 1 1 1 1 1 1 1 0 1 0 0 0 1 1 1 0 1 0 1 0 1 0 1 0 1 0 0 1 
1 1 1 1 1 0 0 1 1 1 0 1 1 1 0 0 1 0 0 0 1 0 0 1 0 1 0 0 1 0 0 0 0 0 0 0 0 0 1 1 0 1 1 0 0 0 0 0 0 1 1 0 0 1 1 0 0 1 0 0 0 0 0 1 1 0 1 0 1 1 1 1 0 1 0 0 1 0 1 1 1 1 1 0 1 1 1 1 0 1 1 0 0 1 66 0 0 1 1 1 1 0 0 1 1 0 1 1 1 1 1 0 0 0 0 1 0 0 0 1 1 0 1 0 1 1 1 0 1 1 0 1 0 1 1 1 1 1 1 0 1 1 0 1 0 0 1 1 0 1 0 0 1 1 1 0 0 1 0 0 0 1 1 1 1 0 1 0 1 1 0 1 1 0 0 1 1 0 0 0 0 0 0 1 1 1 0 1 1 1 0 0 1 1 0 0 0 0 1 1 1 1 0 0 1 1 0 0 0 0 0 0 1 0 
1 1 1 1 0 0 1 1 0 1 1 0 0 0 1 0 1 1 1 1 0 0 1 1 1 1 1 0 0 0 1 1 0 1 1 0 0 0 0 1 1 0 1 1 0 1 1 1 0 0 0 0 0 1 0 1 1 1 0 0 0 0 1 0 0 0 1 1 0 0 0 0 0 1 0 0 1 0 1 1 0 0 0 1 1 1 0 0 1 0 0 1 1 0 1 16 0 1 0 0 1 1 1 0 0 0 0 1 0 1 0 1 0 0 0 0 1 0 0 1 1 1 1 1 1 0 1 1 1 0 0 1 0 1 1 1 0 0 0 0 0 1 1 1 1 0 1 1 1 1 0 0 1 0 1 1 1 0 1 1 0 1 0 1 1 1 1 1 1 0 0 1 1 1 0 1 0 1 1 0 1 0 1 1 1 0 0 1 0 1 1 1 0 0 1 1 1 1 1 0 1 0 0 1 1 0 1 1 0 1 0 0 1 0 
0 1 1 1 1 1 0 1 1 0 0 1 1 0 1 0 1 0 0 0 0 1 1 0 0 0 1 1 0 0 1 0 0 1 1 1 1 1 0 1 1 0 1 0 1 0 0 0 0 0 0 1 1 0 0 0 0 0 0 0 1 0 1 1 0 0 0 1 0 0 1 1 1 1 1 1 1 1 1 0 0 0 0 1 0 0 1 0 0 0 1 1 1 0 1 0 27 0 0 0 0 1 1 0 1 0 1 0 0 0 1 0 1 1 1 1 0 0 0 1 0 0 0 0 1 0 1 0 0 0 1 1 1 0 0 0 1 1 0 1 1 1 1 0 0 1 1 1 0 0 1 0 0 0 1 1 1 1 0 1 0 0 0 0 0 1 1 0 0 0 1 0 1 1 0 0 1 1 1 0 0 1 1 1 0 0 1 1 0 1 1 1 1 0 1 0 0 1 1 0 1 0 0 0 0 1 0 1 1 0 0 0 0 0 
1 1 1 0 0 0 1 0 0 0 1 1 0 1 1 1 0 0 0 1 1 0 1 0 1 1 0 0 1 0 1 0 0 1 1 0 0 0 0 0 1 1 0 1 1 0 1 1 0 1 0 1 1 1 0 1 0 1 0 0 0 1 1 1 1 0 0 1 0 1 0 0 1 0 0 1 1 1 0 0 0 1 1 1 1 1 1 0 0 1 1 0 0 0 1 1 1 27 0 0 0 0 1 0 0 0 0 0 1 0 1 1 0 0 0 1 0 1 0 1 1 0 1 0 0 0 0 0 1 0 0 1 1 0 0 0 0 1 0 0 1 0 1 1 0 1 1 0 1 0 1 0 0 0 0 1 0 0 0 1 0 1 0 0 1 1 1 0 0 0 1 1 1 1 1 1 0 1 0 1 0 1 0 0 1 1 0 0 0 0 1 0 1 1 0 0 0 1 0 1 0 1 1 0 1 1 1 0 0 0 0 1 1 0 
1 0 1 0 1 0 1 1 1 0 0 0 0 0 0 1 1 1 0 0 1 1 0 0 0 1 0 1 1 1 1 0 0 1 1 1 1 1 0 1 0 1 1 0 0 1 1 1 1 0 1 1 1 0 0 0 0 1 1 1 0 0 0 1 1 1 1 0 1 1 1 1 1 1 1 1 1 1 0 1 1 1 0 0 0 1 1 0 1 0 1 0 0 1 0 0 1 1 47 1 1 0 1 1 0 1 0 0 1 0 1 0 0 0 1 0 1 1 1 1 0 1 0 1 1 0 1 0 1 0 1 0 0 1 0 0 0 1 0 1 1 0 0 1 1 0 1 0 0 0 1 1 1 0 0 1 0 0 0 0 0 1 0 0 0 0 1 0 1 1 1 1 0 1 1 1 1 1 1 0 0 1 1 1 1 1 0 1 1 1 0 1 0 1 0 0 0 1 1 0 0 0 0 0 0 1 1 1 0 1 0 0 0 0 
1 1 0 0 0 0 0 1 0 0 1 0 1 0 0 1 1 0 1 0 0 0 0 1 1 1 0 1 1 1 1 1 0 1 1 0 1 1 0 0 0 1 0 1 0 1 1 0 1 1 0 0 0 0 0 1 1 0 0 0 0 0 1 1 0 0 0 1 0 1 0 1 1 1 1 0 0 0 1 1 1 1 1 0 0 0 1 1 1 1 0 0 1 1 0 0 0 1 0 67 1 1 1 0 0 1 1 1 0 1 0 0 1 0 0 1 0 1 1 1 0 1 0 1 0 0 0 0 0 1 0 1 1 0 1 0 1 1 0 0 0 1 0 0 1 0 1 0 1 0 1 1 0 0 0 0 0 1 0 0 1 0 0 1 1 1 0 1 0 0 0 0 0 0 1 0 0 0 1 0 0 0 1 0 0 0 0 0 0 0 0 1 1 0 0 1 0 1 0 0 0 1 1 0 1 1 0 0 0 1 0 1 0 0 
0 1 0 0 0 0 1 0 0 0 0 1 1 1 0 1 1 0 0 1 1 0 1 1 0 0 0 0 0 0 0 1 0 0 0 0 1 1 0 1 0 1 0 0 1 0 1 1 1 0 0 0 1 1 0 0 0 1 1 0 1 1 0 0 0 1 0 0 0 0 1 0 0 0 1 0 0 0 1 0 1 0 1 1 1 1 1 0 0 0 0 0 1 1 0 1 1 0 0 1 56 0 0 0 1 0 0 1 0 1 1 0 0 0 0 0 0 0 1 1 0 0 0 0 1 0 1 1 1 0 1 0 1 1 1 0 1 1 0 0 0 1 0 0 0 0 1 0 0 1 0 1 1 1 0 0 1 1 0 1 0 1 0 0 0 0 0 1 1 0 1 1 1 1 0 1 0 1 0 0 1 1 1 0 0 0 1 1 1 1 0 1 0 1 1 1 0 0 0 0 0 1 0 0 1 1 0 1 0 0 1 0 0 1 
0 1 0 0 0 1 0 0 0 1 1 1 0 1 0 1 1 0 0 1 0 0 0 0 1 0 0 1 1 0 0 0 0 0 0 1 0 1 0 1 1 1 1 1 1 0 1 0 0 0 0 0 1 1 1 1 1 1 0 0 0 0 1 0 0 1 1 0 0 1 0 1 1 0 1 1 0 1 0 1 1 0 1 0 1 1 0 0 1 1 1 0 0 0 1 1 0 0 0 1 0 34 1 1 0 1 1 0 0 0 0 0 1 0 1 1 1 1 0 0 0 0 0 1 0 0 0 0 0 1 1 1 1 1 0 0 1 1 0 0 1 0 1 0 0 1 0 1 1 0 0 0 0 0 1 0 0 0 0 1 0 1 0 1 1 0 1 0 1 0 0 0 0 1 0 0 1 1 1 1 1 0 0 1 1 0 0 1 0 0 1 1 1 0 0 1 1 0 1 1 0 1 1 1 0 1 1 0 0 1 1 0 1 1 
0 1 1 1 1 1 1 1 1 0 0 1 1 1 1 1 0 1 0 0 1 1 1 0 1 0 1 1 0 1 1 1 0 0 0 0 0 0 0 1 0 0 1 1 1 0 1 1 1 0 1 0 0 1 1 1 1 0 1 0 0 0 0 0 1 0 1 0 1 1 1 0 1 0 1 1 0 0 1 1 0 1 0 0 0 0 0 0 1 0 0 0 0 1 1 0 1 1 1 0 1 1 39 0 1 1 0 1 0 1 0 1 1 0 0 1 0 1 0 1 1 0 1 1 0 0 0 1 1 1 0 1 0 0 1 0 1 1 1 1 1 1 0 0 0 1 0 0 0 1 1 1 0 1 1 1 0 1 0 0 0 1 1 0 0 0 0 1 1 0 0 1 1 1 0 0 0 0 1 0 0 1 1 1 1 1 0 1 0 0 0 0 1 1 1 1 0 0 1 0 1 0 0 0 1 0 1 0 0 1 0 1 1 1 
1 1 0 1 1 0 0 0 1 1 1 1 0 1 1 1 1 1 0 0 0 1 0 1 0 1 0 0 0 0 0 1 0 1 1 0 0 1 0 0 1 0 0 1 0 0 1 0 0 0 1 1 0 1 1 1 0 0 1 1 1 1 1 1 1 0 0 1 1 0 0 0 0 0 0 0 0 0 0 0 1 1 1 1 1 0 1 1 0 0 0 0 0 1 1 0 1 1 0 0 1 1 1 59 1 0 0 1 1 0 1 1 0 0 1 1 0 1 0 1 0 0 0 1 0 0 0 0 1 1 0 0 0 1 1 0 0 0 0 1 1 1 0 0 1 0 0 0 1 1 0 0 1 0 0 0 1 1 0 0 0 0 0 0 0 0 0 1 1 1 1 1 1 0 1 0 1 0 1 1 1 0 1 1 0 1 1 1 1 0 1 1 0 0 0 1 1 1 1 0 0 1 0 1 0 1 0 1 0 1 0 1 0 0 
0 1 0 0 0 1 0 1 1 0 1 0 0 0 0 0 1 1 0 1 0 1 1 1 1 0 1 0 0 1 0 1 1 1 1 0 0 1 0 0 1 0 0 0 1 0 0 1 0 0 0 0 1 1 0 1 0 1 0 0 1 1 1 1 0 1 1 0 1 0 1 0 1 1 1 1 0 0 1 1 1 1 1 0 1 1 0 0 0 1 0 1 0 0 1 1 0 1 1 0 0 1 0 1 61 0 1 1 0 1 0 1 1 1 0 1 0 0 0 1 0 0 0 0 1 0 1 0 0 1 0 1 0 0 0 1 0 0 0 0 0 0 1 0 1 0 0 0 1 1 0 0 1 0 0 1 1 1 1 1 0 1 1 1 0 0 0 1 1 0 0 0 0 0 0 1 1 1 1 1 0 0 0 1 0 0 0 1 1 0 1 0 0 0 0 1 1 1 1 1 1 1 1 0 0 0 1 0 1 1 0 0 1 1 
1 0 0 0 0 0 1 0 0 0 1 0 1 0 1 1 0 1 1 1 1 1 0 1 1 0 1 0 0 0 1 0 0 1 0 1 0 1 1 1 1 1 1 0 1 0 0 1 0 0 1 1 1 1 1 1 1 1 1 1 1 0 1 1 1 1 1 1 0 1 0 1 1 0 0 0 1 1 1 1 0 0 0 1 0 0 0 0 0 0 1 1 0 1 0 1 0 0 1 0 0 0 1 0 0 98 0 0 1 1 0 1 0 1 0 0 0 0 0 0 1 1 1 1 1 1 0 0 1 1 0 1 1 0 0 1 0 1 0 0 1 1 0 0 1 1 0 0 1 1 0 1 0 0 0 1 0 1 1 0 0 1 1 1 0 0 1 1 0 0 0 0 1 1 1 1 1 0 1 0 1 0 0 1 1 0 0 1 1 1 1 1 0 0 0 0 1 0 0 1 1 1 1 0 0 0 0 0 0 0 0 1 0 1 
0 1 1 1 0 1 0 1 0 1 0 0 0 1 0 0 0 0 0 1 0 0 1 0 0 0 1 1 1 0 0 0 1 0 0 1 0 1 1 1 1 0 0 0 1 1 1 0 1 0 0 1 0 1 1 1 1 0 1 0 0 1 0 0 1 0 0 0 1 0 1 0 1 1 1 1 0 1 0 0 1 1 0 1 0 1 1 0 0 0 0 0 1 0 1 1 0 1 0 0 1 1 1 0 1 1 64 0 1 1 1 0 0 0 0 1 1 1 1 1 0 1 1 0 0 1 0 0 1 1 0 0 0 0 1 1 1 1 0 1 0 0 1 0 0 1 0 1 0 0 1 1 1 1 1 0 0 0 1 0 1 1 1 1 0 1 0 1 0 1 0 0 1 0 1 0 1 0 1 1 1 0 0 0 1 0 0 1 0 0 0 1 1 1 0 0 0 1 0 1 0 0 0 0 0 0 1 0 1 0 1 1 1 1 
1 1 1 1 1 1 0 1 1 1 1 1 1 1 1 0 0 1 1 1 1 0 1 1 1 0 1 1 0 0 0 1 0 1 0 0 0 0 0 0 0 0 1 0 1 0 1 1 1 0 0 1 1 1 1 1 0 0 1 0 0 0 1 1 1 1 0 0 1 0 1 1 1 0 1 0 0 1 1 1 0 0 0 1 1 1 0 1 0 1 0 1 1 1 0 0 1 0 0 1 0 0 1 1 1 1 1 52 0 1 1 1 1 1 0 1 1 1 0 1 1 0 1 0 0 0 0 0 1 0 1 1 0 0 0 1 0 1 0 1 1 0 0 0 1 1 0 0 1 0 0 1 0 1 1 0 1 0 0 1 0 0 1 0 1 0 0 1 0 0 0 0 0 0 1 0 0 0 0 0 0 0 0 1 0 1 0 0 0 0 0 0 0 0 1 1 1 0 0 1 1 1 1 0 1 1 0 0 1 1 0 1 0 0 
1 0 0 1 0 0 1 1 0 1 1 1 1 0 0 0 0 1 0 1 1 1 1 0 0 0 0 1 0 0 0 0 0 1 1 0 0 1 0 1 1 0 0 0 0 1 0 1 1 0 0 0 0 0 1 0 1 0 0 0 1 0 0 0 1 0 1 1 0 1 0 1 1 0 1 0 0 0 1 1 1 0 1 1 1 1 1 1 1 1 0 0 1 1 0 0 0 1 0 0 1 1 1 0 0 0 0 1 4 0 1 1 1 1 0 1 0 1 1 1 1 0 0 0 1 0 0 0 1 1 1 1 1 0 1 0 1 1 0 1 0 1 1 0 0 0 0 1 1 1 1 0 0 1 1 1 0 0 0 0 1 1 0 0 0 1 1 1 0 0 1 0 1 0 0 0 1 1 0 0 1 1 1 1 0 1 0 1 0 1 1 1 1 0 0 1 1 0 0 1 0 0 0 0 0 1 1 0 0 1 0 1 0 0 
1 0 0 0 0 1 0 1 0 1 0 0 0 1 1 1 1 0 1 1 0 1 1 0 0 1 0 1 0 0 0 0 1 1 0 0 0 1 0 1 0 0 0 1 1 1 1 0 0 1 1 0 0 1 1 0 0 0 0 0 0 1 0 0 0 0 1 1 0 1 1 1 0 1 1 1 0 1 0 0 0 0 1 0 0 0 1 0 1 1 1 1 0 0 1 1 1 1 1 1 1 1 1 0 0 1 0 1 1 49 0 1 0 0 0 0 0 0 1 0 0 0 0 0 1 1 1 0 1 0 1 0 0 0 0 0 0 1 0 1 1 1 0 1 0 0 1 1 0 0 0 1 0 0 0 1 1 1 1 0 1 0 0 0 1 0 0 0 0 1 1 0 0 1 0 0 0 0 1 0 0 0 0 0 0 1 0 1 0 1 1 1 0 0 1 0 0 1 1 1 0 0 1 0 1 1 0 0 0 0 1 1 1 1 
1 1 0 0 1 1 0 0 0 1 0 1 0 1 1 0 1 0 1 1 1 0 0 1 0 0 0 1 1 1 0 1 1 1 0 0 0 1 0 0 0 0 0 0 1 1 1 1 0 0 1 0 0 0 1 1 0 0 1 0 0 1 1 0 0 1 0 0 1 1 0 0 0 0 1 1 0 0 1 0 0 1 0 0 0 1 0 1 1 1 1 1 0 1 1 0 0 0 1 0 1 0 1 0 0 1 0 0 0 1 89 0 0 1 0 1 0 0 1 0 0 0 1 1 0 1 1 1 1 0 1 1 0 0 0 0 1 0 0 1 1 0 1 1 0 0 1 1 0 1 1 0 0 1 1 0 0 0 0 1 1 0 0 0 0 0 1 0 1 0 0 1 0 0 1 1 1 0 1 0 0 0 0 1 1 0 1 1 0 1 1 1 0 1 0 1 0 1 1 1 0 1 0 0 0 1 1 0 1 0 0 1 0 1 
1 1 0 1 1 0 0 1 1 0 1 1 0 0 1 0 0 1 0 1 0 0 1 0 0 0 0 0 1 0 1 0 1 0 1 1 0 0 0 1 0 1 0 0 0 1 0 0 1 0 0 1 1 1 0 0 1 1 1 1 1 1 0 1 0 1 1 1 1 1 0 1 0 1 1 0 1 0 0 1 0 0 0 0 0 0 0 0 0 0 0 0 0 0 1 1 1 1 0 0 0 0 1 1 0 1 1 1 0 1 1 20 0 0 0 0 1 0 1 1 0 0 1 0 0 1 0 0 1 0 0 0 0 0 0 1 0 1 1 0 0 0 0 1 0 0 1 1 1 1 1 1 1 1 1 0 1 1 0 0 0 1 0 1 1 0 0 1 0 0 0 1 1 0 0 0 1 1 1 0 1 1 0 1 1 0 0 0 1 1 1 0 1 1 1 1 1 1 0 0 0 0 1 1 1 1 1 1 0 1 1 1 1 1 
1 1 1 0 1 0 0 1 1 0 0 0 0 1 1 1 0 0 0 1 1 1 0 1 1 0 1 1 0 1 1 0 0 1 0 0 0 1 1 0 0 0 0 1 0 1 1 0 0 0 1 0 1 0 0 1 0 0 1 1 0 0 0 0 1 0 0 1 0 1 0 0 0 0 1 1 1 0 1 1 1 1 0 1 0 1 0 1 1 0 0 0 0 1 1 1 1 1 1 0 1 1 0 1 0 1 1 0 0 0 1 0 91 1 0 0 0 0 0 1 1 1 0 0 1 0 0 0 0 1 0 0 1 1 1 0 1 1 0 0 1 0 1 1 1 1 0 1 1 1 0 0 1 1 0 1 0 0 0 0 1 1 1 0 1 0 1 1 1 1 1 0 0 1 1 0 0 1 1 0 0 0 1 1 0 1 0 1 0 1 1 0 0 1 1 1 0 0 1 1 0 1 1 0 1 1 0 0 1 1 1 0 0 0 
1 1 0 0 1 0 0 1 0 1 1 1 1 0 0 1 1 0 0 0 1 1 0 1 1 0 0 1 1 1 0 0 0 0 1 0 0 0 1 0 1 1 0 0 1 0 0 0 0 0 1 1 0 1 0 0 0 0 1 0 0 0 0 1 1 0 0 0 0 0 1 0 1 1 0 0 1 1 0 0 1 1 0 1 1 0 1 0 1 0 0 0 0 0 0 1 1 0 1 0 1 0 0 0 1 0 0 1 1 1 1 1 0 7 0 0 0 1 0 0 0 1 0 0 1 1 0 1 0 1 0 1 0 1 1 0 0 0 0 0 0 0 1 1 0 0 0 1 0 0 0 0 0 0 1 1 0 1 1 1 0 1 0 0 1 0 0 0 0 1 0 1 1 0 1 1 1 0 0 1 1 0 1 1 1 0 1 1 1 0 1 0 0 1 1 1 0 0 1 1 0 1 1 0 0 0 1 1 1 1 0 1 0 0 
1 1 0 1 0 0 1 1 1 1 1 0 1 0 1 0 1 1 1 1 1 1 0 0 1 0 1 0 1 0 0 0 1 0 0 0 0 0 0 1 1 1 0 1 0 0 0 1 1 1 0 1 0 1 1 0 1 0 1 0 0 1 1 1 0 0 0 1 1 0 1 1 1 0 1 1 1 1 1 0 0 1 1 0 0 0 1 1 0 1 0 0 1 0 0 1 1 0 1 1 1 0 1 1 0 0 0 0 0 0 1 0 0 0 82 1 0 0 1 0 1 1 1 1 1 0 1 0 0 1 1 0 1 1 0 1 0 1 1 0 1 0 0 0 1 0 0 1 0 1 1 0 0 0 1 0 0 0 0 1 0 0 0 1 1 1 1 1 0 0 0 0 0 0 1 0 0 0 0 1 0 0 1 0 1 0 1 0 1 1 0 0 1 0 0 1 1 1 1 1 1 1 0 1 0 1 1 0 1 0 0 1 1 1 
1 0 1 1 1 0 1 0 1 1 0 0 1 0 0 0 0 0 0 0 0 1 0 0 0 1 0 1 1 0 0 0 1 0 0 0 1 0 1 1 1 0 0 0 0 1 1 1 0 0 0 1 0 0 0 1 1 1 1 0 0 0 0 0 0 0 1 1 1 0 0 0 1 0 1 1 1 1 0 0 1 1 1 1 1 1 0 0 1 0 1 1 0 0 1 0 1 1 0 0 1 1 0 0 1 0 1 0 1 1 0 1 1 1 1 50 1 0 0 1 1 0 0 0 1 0 1 1 0 1 0 1 1 0 1 1 0 1 1 0 1 1 1 1 0 1 0 0 0 1 1 1 1 1 0 1 1 1 1 1 0 1 1 1 0 0 0 1 1 0 1 1 1 1 1 0 1 0 1 1 0 1 1 1 0 1 1 1 1 0 0 1 0 0 1 1 1 0 0 0 1 0 0 1 0 1 1 0 0 1 1 0 1 1 
0 0 1 0 1 0 1 0 0 1 1 1 0 1 1 1 1 1 0 1 1 1 0 1 1 0 0 0 1 1 0 1 1 1 0 0 1 1 1 1 1 1 1 0 1 0 0 0 1 1 0 0 0 1 1 1 1 1 1 0 0 1 0 1 0 0 0 0 0 0 1 1 0 1 1 1 1 1 0 1 0 1 0 0 1 0 1 1 0 0 1 1 0 0 0 0 0 1 1 1 1 1 0 0 0 1 1 0 1 1 1 1 0 1 0 1 26 1 0 1 1 0 0 0 1 0 1 1 1 1 0 1 0 0 1 0 1 1 0 1 0 1 1 1 0 1 1 1 0 1 0 0 1 0 1 1 1 0 1 1 1 1 0 1 0 0 1 1 0 1 0 1 1 1 1 0 0 1 1 0 1 0 1 0 0 1 0 0 1 0 0 0 1 0 1 0 1 0 0 1 1 1 1 1 0 0 0 1 0 1 1 0 0 1 
1 1 1 1 0 0 1 1 0 1 0 1 1 1 0 0 1 0 0 1 0 0 0 0 0 1 1 1 0 0 0 1 1 0 0 0 0 1 1 0 1 0 1 1 1 1 1 1 0 0 0 0 0 1 0 0 1 0 0 0 1 1 1 1 0 1 1 1 1 0 1 1 1 1 1 0 1 1 1 1 1 0 1 1 1 0 1 0 1 1 1 1 1 1 0 1 1 1 0 0 1 0 0 0 0 1 0 1 1 1 1 1 1 0 0 0 0 47 0 1 1 1 0 1 1 0 0 0 1 0 1 0 1 0 1 1 0 0 0 1 1 0 0 1 1 1 1 1 0 0 0 1 0 0 0 0 0 0 0 0 1 0 1 0 0 1 1 1 0 1 1 1 0 1 1 0 1 0 1 0 0 0 1 0 1 1 1 1 1 1 1 0 0 0 0 0 0 1 0 1 0 0 0 1 0 0 1 1 0 0 0 1 1 1 
0 1 0 1 0 0 1 0 0 1 1 0 0 1 0 1 0 1 1 1 0 1 1 1 0 0 0 1 0 1 1 1 1 0 1 0 1 1 1 0 0 0 1 1 1 0 1 0 0 0 1 0 1 1 1 0 0 0 0 0 0 1 1 0 1 0 0 1 0 0 1 1 0 1 0 1 0 0 1 0 0 1 1 0 0 0 1 1 0 1 0 1 0 0 0 1 1 0 1 1 0 1 1 0 1 0 0 1 1 0 1 1 1 1 1 1 0 1 5 0 1 1 0 0 0 0 0 0 0 0 0 0 1 1 1 1 1 1 1 0 1 0 0 0 1 0 1 1 1 1 1 0 0 1 1 0 0 0 0 1 0 0 0 1 0 1 0 0 1 1 0 0 1 1 0 1 0 0 0 1 1 1 0 0 1 0 1 1 1 0 1 1 0 0 0 0 0 0 1 0 1 0 1 0 1 0 0 1 0 1 1 1 1 0 
1 0 0 1 1 0 1 1 0 1 1 1 1 1 1 1 0 1 1 1 0 0 1 0 0 1 1 0 0 0 1 0 0 0 1 0 1 0 0 1 0 1 1 0 1 0 1 0 0 1 1 0 0 0 0 0 0 0 1 1 0 1 1 1 1 1 0 0 0 1 1 0 1 0 1 0 1 0 1 0 1 0 0 0 0 0 0 0 0 0 0 1 0 0 0 0 0 1 0 0 1 1 1 0 1 0 0 0 1 0 1 0 1 0 1 0 0 1 0 89 1 1 0 0 0 0 0 1 1 0 0 0 0 0 0 1 0 1 1 1 0 1 1 0 1 0 1 0 1 1 0 1 1 1 1 1 0 1 1 1 1 1 1 1 1 1 0 1 1 0 0 0 1 1 0 0 1 0 0 0 1 0 1 1 1 1 1 0 0 0 1 0 1 0 0 1 1 1 1 1 1 1 1 0 1 1 0 1 0 0 0 0 0 1 
1 0 1 0 1 1 1 0 0 0 1 1 0 1 1 1 0 0 1 1 0 1 1 0 0 0 0 0 1 1 1 0 0 0 0 1 1 0 0 0 0 0 1 1 0 0 0 1 1 0 0 0 0 0 0 0 1 0 1 0 0 1 1 1 0 1 0 1 0 1 1 1 1 1 1 0 1 1 0 1 1 0 1 1 0 0 1 1 1 1 1 0 0 0 1 1 1 0 0 0 1 0 0 0 0 0 1 1 1 1 0 0 0 1 0 1 0 0 1 1 97 0 0 0 1 1 0 1 1 0 0 1 0 0 0 1 0 1 1 1 1 1 0 0 0 1 1 1 0 1 0 1 0 1 0 0 1 1 0 0 1 0 0 1 1 0 0 0 0 0 0 0 0 1 1 1 0 0 0 0 1 1 0 0 1 1 1 0 0 1 1 0 0 1 0 0 1 0 0 0 0 0 1 0 0 1 1 1 0 1 0 1 1 1 
1 1 0 1 1 0 1 1 1 0 1 0 0 0 0 0 1 1 0 1 0 1 0 0 0 0 1 1 1 0 1 0 0 1 0 0 1 0 1 0 1 1 1 0 1 1 0 1 0 1 0 1 1 0 1 1 0 1 0 0 1 1 1 0 1 0 1 1 1 0 0 1 0 1 1 1 0 1 0 0 0 0 1 0 1 0 1 0 1 1 0 1 1 1 0 0 1 1 0 1 1 1 1 0 0 1 0 0 1 1 1 0 0 0 1 0 1 1 0 0 0 52 0 1 0 1 0 0 0 0 0 1 1 0 0 0 1 0 0 0 1 1 1 0 1 1 1 1 0 0 1 1 0 0 0 0 1 1 1 1 1 0 0 0 1 0 1 1 1 0 0 1 1 1 1 1 1 1 0 1 1 0 0 1 1 0 0 1 0 0 0 1 1 1 1 1 1 1 1 0 0 0 0 0 0 1 1 0 0 1 1 1 1 0 
1 0 1 1 1 1 0 0 1 1 0 1 0 1 1 0 0 0 1 0 1 1 0 0 0 0 0 0 0 0 0 1 1 1 1 1 0 0 1 1 1 0 1 0 1 1 1 0 1 0 0 1 1 1 1 1 1 1 1 0 0 1 0 0 1 1 0 1 0 1 0 1 1 0 1 1 1 1 0 0 0 0 1 0 0 0 0 0 0 1 0 1 0 0 1 0 1 0 0 1 0 1 0 0 0 1 0 0 1 0 1 0 1 0 1 0 1 1 1 0 0 0 15 0 0 1 1 0 1 1 1 1 1 1 0 1 1 0 1 1 0 0 0 1 0 1 1 1 1 0 1 0 1 0 0 1 1 1 0 1 1 0 1 0 0 0 1 0 0 0 1 0 1 0 0 0 1 0 0 1 1 0 0 1 1 0 1 0 1 1 0 1 1 0 0 0 0 0 1 1 1 1 1 0 0 0 1 0 1 0 0 0 1 1 
0 0 1 0 0 0 1 0 0 0 0 0 1 1 1 1 1 0 0 1 0 0 1 1 1 1 0 1 1 0 0 1 0 1 1 0 0 1 0 0 0 1 0 1 0 0 1 0 0 1 1 0 0 0 1 1 0 0 0 1 0 0 0 0 0 1 0 1 0 0 1 0 0 0 1 1 1 1 0 1 1 1 1 1 1 0 0 0 0 1 1 1 1 1 0 0 1 0 0 0 1 0 0 0 0 1 0 1 0 0 0 0 0 0 0 1 1 0 1 1 0 1 0 88 0 1 0 0 0 1 1 1 0 1 1 1 1 1 0 0 1 0 1 1 1 1 1 0 0 0 1 1 1 1 1 0 0 0 1 1 1 0 1 1 0 0 0 1 0 0 1 0 0 1 1 0 1 1 1 0 0 0 1 1 1 0 1 1 0 0 0 0 1 1 1 1 1 1 0 0 0 0 1 0 1 1 0 0 1 1 1 0 1 0 
0 0 1 1 0 0 1 0 0 0 1 1 1 0 0 1 1 1 1 1 1 1 1 0 0 0 1 0 1 1 0 0 0 0 0 1 1 1 0 1 1 1 1 1 1 0 1 1 1 1 1 1 0 0 1 0 0 0 0 1 0 1 1 0 0 1 0 1 0 1 1 1 0 0 0 1 1 0 0 1 1 1 0 1 1 0 0 1 0 0 1 1 0 0 0 0 0 0 1 1 0 1 0 1 1 1 1 1 1 1 1 1 1 0 1 0 1 1 1 0 1 0 0 1 70 0 1 0 1 0 1 0 1 0 1 0 1 1 1 1 1 0 0 1 0 0 0 0 0 0 1 0 1 1 1 0 1 1 0 1 1 0 0 1 1 0 1 1 0 0 0 0 0 0 0 1 0 1 0 1 1 1 1 1 1 0 0 0 1 1 0 0 0 1 0 1 0 1 0 0 0 0 1 1 0 0 0 1 1 1 0 1 0 1 
0 1 0 0 1 0 0 0 0 0 1 1 1 1 1 1 1 1 0 1 1 0 1 1 1 1 0 0 0 0 0 0 1 0 1 0 1 1 1 0 1 1 0 1 0 1 0 1 1 0 1 0 0 1 0 1 1 0 0 1 0 0 0 0 1 0 0 1 0 1 0 1 0 1 1 0 1 0 1 0 1 1 1 0 1 0 1 0 0 1 0 0 0 0 1 1 0 0 1 0 1 0 1 0 0 1 1 0 1 0 0 1 1 1 1 1 1 0 0 1 0 0 0 0 0 53 0 1 0 1 1 0 0 0 1 0 1 1 0 1 0 0 1 0 1 1 0 1 0 0 1 1 0 0 0 0 1 0 1 0 1 0 0 0 0 0 0 1 0 0 0 1 1 1 1 1 0 1 1 0 0 1 1 1 1 1 0 1 1 0 0 1 0 1 0 0 0 1 1 0 0 1 0 0 1 1 0 1 0 1 0 0 1 0 
1 1 1 1 0 1 1 0 0 1 1 1 1 1 1 1 0 0 1 1 1 1 0 0 1 0 1 1 0 1 1 0 0 1 0 0 0 0 1 0 0 1 0 0 0 0 1 0 1 0 0 0 1 0 0 0 1 0 0 1 1 0 0 0 1 0 1 0 1 0 0 1 1 1 1 0 1 1 1 1 0 1 0 1 1 0 0 1 1 0 0 1 1 1 1 1 1 1 1 0 0 1 0 1 1 1 1 1 1 0 1 0 0 0 1 0 1 1 1 0 0 1 0 1 1 1 91 0 1 0 0 1 1 1 0 0 1 0 1 0 0 0 0 0 1 1 1 1 1 1 0 0 1 1 0 0 1 0 0 1 0 0 0 0 0 0 1 1 1 0 1 1 1 1 1 0 1 1 1 1 1 1 1 1 1 0 1 0 1 1 0 1 0 0 0 0 0 1 0 0 0 0 1 1 1 0 1 0 1 1 0 1 1 0 
0 1 1 0 1 1 1 1 0 0 0 1 0 0 1 1 1 1 1 1 0 1 0 0 0 1 0 0 1 1 0 0 1 1 0 0 1 1 0 0 1 0 0 1 1 0 1 1 1 1 0 0 1 0 0 1 1 0 1 0 0 0 1 0 0 0 1 0 1 0 0 0 1 1 1 0 0 0 0 0 0 0 1 0 0 1 0 1 1 1 1 0 0 1 0 1 0 1 0 0 0 0 1 0 0 0 0 0 0 0 1 0 1 1 0 1 0 1 0 1 1 0 1 0 1 1 1 74 0 1 1 0 0 0 1 1 1 0 1 0 0 1 0 1 1 1 1 0 1 0 1 1 1 0 1 1 1 1 0 1 1 0 0 1 0 1 0 0 1 0 1 1 0 1 0 1 1 0 0 1 1 0 0 0 1 0 0 1 1 1 0 1 0 1 0 0 1 0 1 1 1 0 1 0 1 1 1 0 0 1 1 0 1 0 
1 1 0 1 0 0 1 0 1 0 0 0 1 0 1 0 1 1 0 0 0 1 1 0 1 0 0 1 1 1 1 1 0 1 1 0 1 0 1 0 0 0 0 1 0 0 1 0 0 1 0 1 0 1 1 0 1 1 1 0 0 0 0 1 1 0 0 0 1 0 1 0 0 1 1 0 1 1 1 1 0 1 1 1 0 1 0 1 0 0 1 0 0 1 1 1 0 0 1 1 0 0 0 0 1 0 0 1 1 0 1 1 1 0 1 1 0 1 0 1 0 1 1 1 1 0 1 1 96 1 1 1 1 1 1 0 1 1 1 1 0 1 0 0 1 1 0 1 0 0 1 0 1 0 0 1 0 0 1 1 0 0 1 1 0 1 0 1 1 0 0 0 0 0 1 0 1 0 1 0 0 0 0 0 0 1 1 1 0 1 0 1 0 0 0 0 1 1 1 1 0 0 0 0 1 1 0 1 1 0 1 1 1 0 
1 0 1 0 0 0 0 1 0 0 0 0 1 1 0 1 1 0 0 0 1 0 0 0 1 1 1 1 1 1 0 0 0 0 1 0 1 0 0 1 0 0 1 0 1 1 1 0 0 0 0 0 1 0 1 1 0 0 1 1 0 1 0 1 0 0 0 1 1 1 0 1 1 1 0 0 1 0 0 1 0 0 1 1 0 1 1 0 1 1 1 0 0 1 0 1 1 0 1 0 1 1 1 1 1 1 1 0 1 0 0 1 1 1 0 1 1 1 0 1 0 0 0 1 0 0 1 0 0 95 0 1 0 1 1 0 0 0 1 1 0 0 0 0 1 1 0 1 1 0 1 1 1 1 0 0 1 0 0 1 1 1 0 1 0 0 0 0 1 0 0 1 1 0 1 1 0 1 0 1 1 0 0 1 0 0 0 0 0 1 0 1 1 0 0 1 1 1 1 1 1 1 0 0 0 1 0 0 0 1 0 1 0 0 
1 1 1 0 1 1 1 0 0 1 0 1 0 0 1 1 0 0 0 1 1 1 1 1 1 0 1 1 1 1 0 0 1 0 0 0 0 0 0 1 1 0 0 1 1 0 1 1 1 0 0 1 0 1 1 1 0 1 1 1 0 1 1 0 0 0 0 0 0 1 1 0 1 1 1 0 0 1 0 1 0 1 0 0 0 1 1 0 1 1 0 0 0 0 1 1 1 1 0 1 0 0 0 0 1 1 1 0 0 1 1 1 0 1 1 1 1 0 0 1 1 1 1 0 1 0 1 0 1 0 26 0 0 0 0 0 0 1 0 1 0 1 0 1 1 1 1 1 0 0 0 0 0 1 1 0 1 0 1 1 1 0 0 1 0 0 1 1 0 0 1 1 1 0 1 0 1 0 1 0 0 1 0 1 0 0 1 0 1 1 0 0 1 1 1 1 0 1 1 0 1 0 0 1 0 0 0 0 0 1 1 0 0 1 
1 1 0 1 1 1 0 1 1 0 0 1 0 0 1 0 1 1 1 0 1 0 1 1 0 1 0 1 1 0 0 1 0 1 1 1 0 0 1 1 1 0 0 1 0 0 0 1 1 1 0 1 1 0 1 0 0 0 0 1 0 1 1 0 1 0 0 0 0 0 0 0 0 1 0 1 1 0 1 0 0 1 1 1 0 1 1 1 1 0 0 1 1 0 1 1 0 1 0 0 0 1 0 0 0 1 1 1 1 0 1 1 0 0 0 1 0 1 0 0 0 1 0 1 0 0 1 1 0 1 0 50 0 0 0 0 1 1 1 0 0 0 0 1 0 0 1 0 1 0 1 0 0 0 1 1 0 0 1 0 0 0 1 0 0 0 1 0 1 0 0 1 0 0 1 1 1 0 1 0 1 1 1 1 1 1 1 0 0 0 0 0 0 0 0 0 1 0 1 0 1 1 0 1 1 1 1 0 0 1 0 0 0 1 
1 1 0 1 0 1 0 0 0 1 0 1 1 0 1 1 0 0 1 0 0 0 0 0 0 1 0 1 0 0 0 1 0 1 0 1 0 1 0 1 0 0 0 0 1 1 0 0 1 0 0 0 0 0 0 0 1 1 0 0 1 0 1 0 0 0 0 1 0 0 1 1 1 0 1 1 1 0 0 0 0 1 1 1 0 0 1 0 1 1 1 1 0 1 1 0 0 0 1 1 1 1 0 1 1 0 1 0 1 0 1 1 1 1 1 1 0 1 0 1 1 1 0 0 0 1 0 1 1 1 0 0 23 0 1 0 0 0 1 1 1 0 0 1 0 1 0 0 0 0 1 0 0 1 1 1 1 1 0 0 0 1 1 0 1 1 0 0 0 0 0 1 0 0 0 0 1 1 0 1 0 0 0 0 1 1 1 0 0 1 0 0 1 0 1 0 1 0 0 0 0 1 1 1 0 1 1 0 1 1 0 0 0 1 
0 1 0 1 1 0 1 0 0 1 0 1 1 1 1 1 0 0 1 0 0 0 1 0 1 0 0 0 1 1 0 0 0 0 0 1 0 0 1 0 0 0 0 1 0 0 0 1 0 0 0 0 1 0 1 0 0 0 1 1 1 0 1 1 1 1 0 1 0 0 1 0 1 1 0 1 0 1 1 1 1 1 0 1 1 1 0 0 1 1 1 0 0 1 1 1 1 1 1 0 0 1 1 1 1 0 1 0 0 1 0 1 1 0 1 1 1 0 1 0 0 1 1 0 0 1 1 0 1 0 1 0 1 83 1 0 0 1 1 0 1 0 0 1 0 1 0 0 0 1 0 1 0 1 1 1 1 1 0 1 1 0 0 1 1 0 0 0 0 0 0 0 1 1 1 1 1 0 0 0 1 0 1 0 0 1 1 1 1 0 1 0 0 1 0 0 0 1 1 1 1 1 0 0 1 0 0 0 1 0 0 0 1 1 
0 1 1 0 1 1 1 0 0 0 0 1 0 0 0 1 0 0 1 0 1 1 1 1 1 1 0 0 1 0 0 1 0 0 0 0 1 1 0 1 0 0 1 0 1 0 0 1 0 1 1 0 1 0 1 0 1 0 1 1 0 1 0 1 0 0 0 0 0 1 1 0 1 0 1 1 0 0 1 0 0 1 1 1 0 0 1 1 0 1 0 0 0 0 0 1 0 0 1 0 0 0 0 1 1 1 1 0 0 1 1 1 1 0 1 1 1 1 1 0 0 1 1 1 1 1 1 0 0 1 0 0 1 1 63 1 0 1 1 1 1 1 1 1 0 1 1 0 1 1 0 0 1 1 1 0 0 1 0 0 1 1 1 1 0 0 1 1 1 1 1 1 0 1 1 0 1 1 0 1 0 1 1 1 1 1 1 0 0 1 1 0 0 0 0 0 0 0 1 0 0 0 1 1 0 0 1 1 1 1 0 1 0 0 
1 0 0 1 1 0 0 0 1 0 0 1 0 0 0 0 0 0 1 0 0 1 0 0 1 1 0 0 0 0 1 0 1 1 0 0 0 1 1 0 1 0 1 0 0 0 1 1 1 1 0 1 1 0 1 1 1 0 1 1 0 1 1 0 1 0 1 1 1 0 1 1 1 0 0 0 0 1 1 0 1 0 0 1 1 0 1 0 0 0 0 0 0 1 1 0 1 0 0 1 0 0 1 0 1 1 0 1 0 0 0 1 0 0 0 1 0 1 0 0 0 1 1 0 0 0 0 0 0 0 1 1 1 1 1 94 1 1 1 0 1 1 0 0 1 0 1 1 1 0 0 0 1 0 0 1 1 1 1 1 0 1 0 0 0 0 0 1 0 0 0 0 1 0 1 0 1 0 1 1 1 0 1 1 1 1 1 1 0 1 0 1 0 0 0 1 1 1 1 0 1 1 0 0 0 0 0 0 1 0 1 0 0 1 
1 0 0 0 1 1 0 0 1 0 0 0 0 0 0 1 0 0 0 1 1 0 0 0 0 0 0 0 1 1 0 1 1 0 0 1 0 0 0 1 0 1 0 1 0 0 0 1 0 0 0 0 1 1 0 0 0 1 1 0 1 0 1 1 1 0 1 1 0 0 0 0 0 0 1 0 0 1 1 1 0 1 1 1 0 0 1 0 0 0 0 1 0 0 1 0 0 0 1 1 1 1 0 0 1 1 1 1 1 1 1 0 1 0 1 0 1 1 1 1 1 1 0 1 0 1 0 1 1 1 1 0 1 0 1 0 65 0 0 1 1 1 0 1 0 0 0 0 0 0 1 0 1 0 0 1 0 0 0 0 0 1 0 0 0 0 0 1 0 1 1 1 0 1 1 0 0 1 1 1 0 0 0 0 0 1 1 0 0 1 1 0 1 1 0 0 0 1 0 0 0 0 1 0 1 0 1 1 1 1 1 1 0 0 
0 1 0 0 1 0 1 1 1 0 1 1 1 0 1 1 0 1 1 0 1 1 0 0 0 0 1 0 0 1 1 0 1 0 0 1 0 1 0 0 0 0 0 0 1 1 0 1 0 1 0 0 1 1 0 1 0 1 1 0 1 0 0 0 1 0 1 0 1 0 0 1 1 1 1 1 1 1 1 1 1 1 0 1 0 0 0 0 0 0 1 0 0 1 0 0 1 0 0 1 0 0 0 0 0 1 1 1 0 1 1 1 0 0 1 0 1 0 0 0 0 0 0 1 0 1 0 0 0 1 0 0 1 0 1 1 1 79 1 1 1 0 0 0 1 1 0 0 0 0 1 0 0 0 1 0 0 0 0 0 0 1 0 0 0 0 0 1 1 1 0 1 0 1 1 1 0 0 1 0 0 1 0 1 0 1 0 0 1 1 0 0 1 1 0 1 1 1 1 0 1 0 0 0 0 1 0 0 0 0 1 0 0 1 
0 0 0 1 0 0 0 0 1 1 0 0 0 1 0 1 1 0 0 1 1 1 1 0 1 1 0 0 1 0 1 0 0 1 1 0 1 0 0 0 1 1 1 0 1 1 0 1 1 1 1 1 1 1 1 0 0 0 1 1 0 1 0 1 1 1 1 1 0 1 0 0 0 1 0 0 0 1 1 0 1 1 1 1 1 1 1 1 0 0 1 0 0 1 1 1 0 1 1 0 0 1 0 1 1 0 0 1 0 0 1 0 0 1 0 1 1 1 0 1 0 0 1 1 0 0 0 1 1 1 1 0 0 0 1 0 1 0 63 0 0 1 0 1 1 1 0 0 0 1 1 0 0 1 0 0 1 1 0 0 0 1 1 0 1 0 0 1 1 1 0 0 0 1 1 1 0 1 0 1 0 0 1 0 0 1 1 0 0 1 0 1 0 1 0 1 0 0 1 0 1 1 1 1 0 1 0 0 1 1 0 0 0 1 
0 0 1 0 1 1 0 1 0 1 0 1 1 1 0 0 1 1 0 1 1 0 1 1 0 0 0 1 1 0 0 0 1 0 0 1 0 0 1 0 1 1 0 1 1 0 0 0 1 1 0 1 0 1 1 1 0 1 1 0 0 0 0 1 0 0 1 0 1 1 0 1 1 1 0 0 1 0 1 0 1 0 0 1 0 1 0 0 0 0 0 1 1 0 0 0 0 1 0 0 1 0 1 1 0 1 0 0 1 0 0 1 0 1 0 1 0 0 0 0 0 0 0 1 0 0 0 1 0 1 1 1 0 0 0 0 0 1 1 22 1 0 1 0 1 0 0 1 0 0 1 0 0 1 0 0 0 1 1 0 0 1 0 1 1 0 0 0 0 1 1 1 1 1 0 1 1 0 1 1 0 1 1 1 1 0 0 1 1 0 0 0 1 0 0 0 0 0 0 1 0 1 1 1 1 0 1 0 0 1 1 0 0 0 
0 1 0 0 0 1 1 0 0 0 0 0 0 1 1 1 1 1 0 0 0 0 0 1 1 1 0 1 1 0 0 0 1 0 0 1 0 1 0 0 0 0 1 1 1 0 0 0 0 0 1 1 1 1 1 0 1 1 0 1 1 1 1 0 0 0 1 1 1 1 1 0 1 0 0 0 0 1 1 0 1 1 1 1 1 0 1 0 0 0 0 1 1 1 1 0 1 1 1 1 0 1 1 0 0 1 1 0 1 0 0 1 0 1 1 0 1 0 1 1 1 1 1 0 1 1 1 0 0 0 0 0 1 0 0 0 1 1 0 1 34 0 0 1 1 1 0 1 1 0 0 0 1 1 1 0 0 1 1 1 1 0 1 0 0 0 1 0 0 0 0 0 1 1 1 0 1 1 0 0 1 0 0 1 0 1 0 0 1 1 1 1 1 0 0 1 0 1 0 1 0 1 1 1 0 1 1 1 1 0 0 0 0 0 
0 1 1 1 0 1 0 1 0 0 1 0 1 0 1 0 1 1 1 1 0 0 0 0 1 1 1 1 1 1 0 0 1 0 1 1 0 0 0 1 0 1 0 1 0 0 0 0 0 0 1 0 0 0 1 0 0 1 1 1 1 1 0 0 0 0 1 1 1 0 1 0 1 1 1 1 1 0 1 0 1 1 1 0 0 0 1 1 1 1 1 0 1 0 1 0 1 1 1 0 0 1 0 0 0 0 1 0 0 1 0 1 1 0 0 1 1 1 1 0 0 1 0 0 0 0 1 1 0 0 1 0 0 0 1 1 0 0 1 0 1 28 0 0 1 1 1 1 1 0 0 0 1 0 0 0 1 0 0 1 1 1 0 1 1 0 1 0 0 1 1 1 0 0 0 0 0 0 0 1 0 1 0 0 0 0 0 1 1 1 1 1 1 1 1 0 0 1 0 1 0 1 0 0 1 0 0 1 1 1 0 1 1 1 
1 0 0 0 0 1 1 1 1 0 1 1 1 0 1 1 1 1 0 1 1 1 0 0 1 0 1 0 0 0 0 1 0 0 1 1 1 0 1 1 0 0 0 1 1 1 0 1 0 1 1 1 1 1 0 1 0 1 1 1 1 0 0 1 0 0 0 0 1 1 1 0 1 0 0 0 1 0 0 1 1 0 0 1 1 0 1 0 1 1 0 0 0 0 1 0 1 0 0 0 0 0 1 1 1 1 0 1 1 1 1 0 0 0 0 0 1 1 1 1 1 0 1 0 0 0 1 1 1 0 1 0 0 0 1 1 1 1 1 1 0 1 12 1 0 0 1 1 1 1 1 0 1 0 1 0 0 0 1 0 1 0 0 0 0 0 1 1 1 1 0 0 0 0 0 1 1 1 0 0 0 0 1 1 1 1 1 1 0 1 0 0 1 0 1 1 1 1 0 1 0 1 0 1 0 1 1 0 1 0 0 1 0 1 
1 0 0 0 0 1 1 0 1 1 1 1 1 1 0 1 0 1 1 1 0 1 1 0 0 0 0 0 0 1 1 1 1 0 0 1 1 0 1 1 0 0 0 0 1 0 1 0 0 0 0 1 1 0 0 0 0 0 0 1 1 0 1 0 1 0 1 0 1 0 1 0 1 0 0 0 1 0 0 1 0 1 0 1 1 1 0 1 1 1 0 1 0 0 1 0 1 1 1 0 1 1 1 0 1 0 1 1 0 0 0 0 0 0 0 0 1 0 1 0 0 0 1 1 0 1 0 1 1 1 1 1 0 1 0 0 0 0 0 1 0 0 1 40 0 0 0 1 1 1 1 1 1 1 1 1 1 1 1 0 1 0 1 1 0 1 1 1 1 1 0 0 1 0 1 1 0 0 1 1 1 0 1 0 0 1 0 1 1 1 0 1 0 1 0 0 0 0 1 0 0 0 0 0 1 0 1 1 1 1 0 1 1 1 
1 0 1 0 1 0 0 0 1 1 1 1 1 1 0 1 1 1 0 1 1 0 1 1 0 0 1 1 1 0 0 0 1 0 1 1 0 0 0 1 0 0 0 1 1 1 0 0 0 0 0 0 1 0 0 1 1 0 0 0 0 1 1 0 0 0 0 0 0 1 1 0 1 1 0 0 1 1 1 0 1 0 0 0 0 0 1 1 0 0 0 1 1 1 1 1 1 0 1 1 0 1 1 0 0 1 0 0 0 1 0 0 1 0 0 1 1 0 1 1 1 0 1 0 0 0 1 1 1 1 1 0 0 0 1 1 1 0 1 1 1 0 1 1 51 1 1 1 1 1 1 0 0 1 1 1 1 0 0 1 0 0 1 0 0 1 0 0 0 1 0 0 1 1 0 0 0 0 1 0 0 1 1 1 1 1 0 1 1 0 0 1 1 0 0 1 0 1 1 0 1 0 1 0 0 1 1 1 1 0 0 1 1 0 
1 1 0 1 0 0 1 1 1 1 1 1 0 0 0 0 0 0 1 1 1 0 0 1 0 0 0 0 1 0 1 0 0 0 1 1 1 0 1 1 0 0 0 1 0 0 0 0 0 0 0 1 0 1 1 0 1 1 1 1 0 0 1 1 0 1 0 0 1 0 1 0 0 1 1 1 0 1 0 0 0 0 1 0 0 0 0 1 1 1 1 0 1 0 0 0 0 0 0 1 1 1 0 1 0 0 1 0 0 1 0 1 0 0 1 0 0 0 0 1 1 1 0 1 1 0 1 0 1 1 0 1 0 0 1 0 0 1 1 1 0 1 0 0 1 91 0 1 0 1 1 1 1 1 0 0 1 0 0 0 1 0 1 0 0 1 0 1 1 1 1 0 1 0 1 1 1 0 0 0 0 0 1 1 0 1 1 1 1 0 1 0 1 0 1 1 1 1 1 0 1 0 0 1 0 1 0 0 1 1 0 1 0 0 
0 0 1 1 1 1 1 1 0 0 1 0 1 1 0 0 0 0 1 1 1 1 0 0 1 0 1 0 1 0 1 0 0 0 0 1 1 0 0 0 0 1 0 1 1 1 1 0 1 1 0 1 1 0 0 0 0 1 1 1 1 0 1 1 0 1 0 0 1 1 1 1 1 1 0 0 1 0 0 0 0 0 1 1 1 1 0 0 1 0 1 1 1 1 0 0 0 0 1 1 1 1 0 0 1 0 1 1 1 0 0 1 1 1 1 0 0 1 0 1 0 1 0 0 1 0 1 1 1 1 1 0 0 0 0 1 1 1 0 1 1 0 0 1 0 1 91 0 0 1 0 0 0 0 0 0 0 1 0 1 0 1 0 1 0 1 1 0 0 0 1 1 1 1 0 1 1 0 1 1 0 1 0 0 1 0 0 1 1 1 0 1 1 0 0 0 1 1 0 0 1 1 1 1 1 1 0 0 1 1 1 1 0 1 
1 0 1 1 0 1 0 0 0 1 1 0 1 0 0 1 1 0 1 0 1 0 0 1 1 1 1 0 0 0 0 0 0 0 1 0 1 1 1 1 0 1 1 0 0 0 0 0 1 1 0 0 0 0 1 1 0 1 1 0 0 1 0 1 1 0 1 1 0 0 1 0 0 1 1 0 0 1 1 0 0 1 0 0 0 0 0 1 1 0 1 0 0 0 0 1 0 0 0 1 0 1 1 0 1 1 0 1 0 1 0 0 0 1 1 0 0 0 0 0 0 1 0 1 0 0 1 1 0 0 0 1 1 1 1 0 0 0 1 1 0 1 1 1 1 1 1 30 0 0 1 0 1 1 1 1 1 0 0 0 0 0 1 0 1 1 1 1 1 0 0 0 0 1 0 1 0 0 1 1 1 1 1 1 1 1 0 0 0 1 1 0 1 0 1 1 0 0 0 1 1 1 0 1 1 1 0 1 0 0 0 0 0 0 
0 1 0 1 0 0 0 1 0 0 1 1 0 0 0 0 0 1 0 0 0 0 1 1 1 1 0 0 0 1 1 1 1 0 0 1 1 0 1 0 1 0 1 1 1 0 1 1 0 1 1 1 0 1 0 1 1 1 1 0 1 0 0 0 0 0 0 0 0 1 1 1 1 1 0 0 0 0 0 1 1 1 0 1 0 0 1 0 0 0 0 1 1 1 1 1 1 0 0 0 1 0 0 0 0 0 1 0 1 1 0 1 0 0 1 0 1 0 0 0 1 0 1 1 0 1 0 0 1 0 0 0 0 0 1 1 1 0 0 0 1 1 1 0 0 1 0 0 66 1 1 1 0 1 1 0 0 1 1 0 1 1 0 1 0 0 0 1 0 0 0 0 1 1 1 1 0 0 1 1 1 1 0 1 0 0 1 1 1 0 0 0 0 1 0 1 1 1 1 1 0 1 0 1 1 1 1 1 0 1 1 0 0 1 
0 0 0 0 1 1 0 0 0 1 0 1 0 1 1 1 1 1 1 0 0 0 0 0 1 1 0 1 0 1 1 0 0 0 0 0 0 1 0 1 1 0 0 1 1 0 0 0 0 1 0 0 0 1 0 0 1 0 1 1 0 1 1 1 1 1 1 1 0 0 1 0 1 0 1 1 1 1 1 1 1 0 1 0 1 0 1 0 0 0 1 1 1 1 0 0 0 0 1 1 0 0 0 0 0 1 1 1 1 1 1 0 0 0 1 0 0 1 1 0 0 0 0 1 1 1 1 1 0 1 0 0 0 1 1 1 1 0 0 1 0 0 1 0 1 1 0 1 0 70 1 0 1 1 1 0 0 1 0 0 1 0 0 0 1 0 0 1 1 1 0 1 0 0 1 0 1 0 0 1 0 0 0 0 1 0 0 1 0 0 0 1 0 1 0 1 0 1 0 1 0 1 0 0 1 1 0 0 0 1 1 0 0 1 
1 1 0 1 0 0 0 0 0 1 0 0 0 1 1 1 1 0 1 1 0 0 1 0 1 1 1 1 1 0 0 1 1 0 1 1 1 0 0 0 1 0 0 0 1 1 1 0 1 1 1 0 1 1 0 1 0 0 1 0 0 0 0 0 0 0 0 0 1 0 0 0 1 0 1 1 0 0 0 0 0 1 1 0 0 1 0 0 0 0 0 1 1 1 0 0 1 0 0 1 0 0 1 1 1 0 1 1 1 0 0 1 1 0 1 1 0 1 0 0 0 1 0 1 0 1 1 1 0 1 1 1 1 1 0 1 0 1 1 1 1 1 0 1 0 0 1 1 1 1 70 1 0 1 1 1 0 1 0 0 0 0 1 0 1 1 1 0 1 1 0 0 1 1 0 0 1 1 1 1 1 1 1 1 1 0 1 1 1 1 0 0 0 0 1 0 0 0 0 1 1 1 0 1 0 0 1 0 0 1 1 1 1 0 
0 1 1 1 1 0 0 1 1 1 0 1 1 1 1 0 1 0 0 0 0 1 0 0 0 1 1 1 0 0 0 0 0 0 0 0 0 0 0 1 1 1 0 1 0 1 1 0 1 1 0 1 0 0 0 1 0 0 0 0 0 1 0 0 1 0 1 1 0 0 0 0 0 1 0 0 0 0 1 1 1 1 1 1 1 0 1 1 1 1 1 0 1 1 1 1 0 0 1 0 0 1 1 1 0 0 1 1 1 1 1 0 1 1 1 1 1 1 1 0 0 0 1 0 0 0 1 1 1 1 1 0 0 1 0 0 1 1 0 1 0 0 0 1 0 0 0 1 1 1 1 99 1 1 0 1 0 0 0 0 1 1 0 0 1 1 0 0 1 1 0 1 1 0 1 0 0 1 1 0 1 1 1 0 0 1 0 1 0 1 0 1 1 0 1 1 0 1 1 0 1 0 0 0 1 1 1 0 1 1 1 1 0 0 
0 1 0 0 0 0 0 1 1 0 1 1 1 0 0 1 0 0 1 0 0 1 0 0 0 1 1 1 0 0 0 1 1 1 0 1 1 1 1 1 0 1 0 1 0 1 0 1 1 1 0 0 0 1 0 1 1 1 0 0 0 0 1 1 0 1 1 0 0 1 1 1 1 1 1 0 0 0 0 0 1 1 0 0 1 0 1 0 0 1 1 1 1 0 0 1 0 1 1 1 1 1 0 1 0 0 1 0 0 1 0 1 1 1 1 1 1 1 1 1 1 0 1 0 0 1 0 1 1 1 0 1 1 0 0 0 0 1 1 1 0 1 1 0 0 1 1 0 0 1 1 1 90 0 0 1 1 1 1 0 0 0 0 0 0 1 0 0 0 0 0 0 0 0 1 1 1 0 1 0 0 1 1 1 1 0 1 0 0 1 0 1 0 0 0 1 0 1 1 0 0 0 1 0 1 1 0 1 0 0 1 0 1 0 
0 1 0 0 0 0 0 0 0 1 0 0 0 0 1 0 1 0 0 0 0 1 1 1 0 1 1 1 1 1 1 0 1 0 0 1 1 0 1 1 0 1 0 0 1 1 1 1 1 1 0 0 0 0 0 0 0 0 0 1 1 0 1 0 0 0 1 1 1 0 0 1 1 1 0 1 1 0 1 1 1 1 0 1 1 0 0 1 1 1 1 1 0 1 1 0 1 1 1 0 1 1 0 0 1 0 1 1 0 0 0 1 1 1 0 1 1 0 0 1 0 0 1 0 1 1 1 0 0 1 1 1 0 0 0 1 1 0 0 0 1 0 1 1 0 1 0 0 0 0 1 1 1 23 0 1 0 1 0 0 0 0 0 0 0 1 1 1 0 1 1 0 0 0 0 0 0 0 0 1 1 1 0 1 0 0 0 0 1 1 0 1 0 1 0 1 0 0 0 0 0 0 1 0 0 1 1 1 1 0 1 1 1 0 
1 0 1 0 0 1 1 1 1 0 0 0 1 0 0 0 1 0 0 0 1 0 1 0 1 1 0 0 1 0 0 1 1 1 0 1 0 1 1 0 1 1 0 1 1 1 1 1 1 1 0 1 1 1 1 1 1 1 1 1 1 1 0 1 0 0 1 0 0 1 1 0 1 1 1 0 1 1 0 1 0 1 0 0 1 0 1 1 1 0 1 0 0 1 0 0 1 1 1 0 0 0 1 0 0 1 1 0 1 1 1 0 0 0 0 1 0 0 0 1 0 1 0 0 0 0 1 0 0 1 1 1 1 0 0 1 1 0 0 1 0 0 1 0 0 1 1 1 0 0 1 1 0 1 45 1 0 0 1 1 0 1 0 0 1 1 1 0 0 1 0 1 0 0 1 0 0 1 1 0 1 1 0 0 1 1 0 1 0 0 0 0 1 1 0 0 1 1 0 0 1 0 1 0 1 1 0 1 1 0 1 1 1 1 
0 0 1 1 1 0 1 1 1 0 0 1 0 1 1 1 0 0 1 0 0 1 1 0 0 1 1 0 0 1 1 1 1 1 0 1 0 1 1 0 0 0 0 0 0 1 1 1 1 0 0 0 1 1 1 1 0 0 0 1 0 1 1 1 1 0 1 0 1 0 0 0 0 1 1 0 0 1 1 0 1 1 0 1 1 1 1 1 0 1 0 1 1 0 0 0 1 0 0 1 1 0 0 0 0 1 1 1 1 1 1 1 1 1 0 0 1 0 1 1 1 1 0 1 1 1 1 0 1 1 0 1 1 0 0 1 0 1 1 1 0 0 0 0 1 0 1 0 1 1 0 0 1 1 0 51 0 1 1 0 1 1 0 0 1 0 1 0 0 0 1 0 1 0 1 1 0 0 1 0 0 1 1 1 1 1 0 0 0 1 1 0 0 1 0 0 0 0 0 1 1 1 1 0 1 0 0 0 1 0 1 0 0 1 
1 0 1 0 0 1 1 0 0 0 1 1 0 1 0 1 0 0 1 1 1 1 0 1 1 0 1 0 1 0 1 1 1 0 0 1 1 1 1 1 1 0 1 1 1 0 0 0 0 1 1 0 1 1 0 0 0 0 1 0 0 0 1 0 1 0 1 1 0 0 0 0 0 1 1 0 1 1 1 0 1 0 1 1 1 1 0 0 0 0 1 0 1 0 0 0 1 1 1 0 0 1 0 1 0 0 0 0 1 0 1 1 0 1 1 0 1 0 1 0 1 0 0 1 0 1 0 0 1 0 0 0 0 1 0 1 1 1 1 0 1 0 0 1 1 0 0 0 0 0 0 1 0 1 0 0 21 1 0 1 0 1 1 0 0 1 1 1 0 1 1 0 0 0 1 1 0 1 0 1 0 0 0 1 0 0 0 1 0 1 1 0 0 0 1 0 1 1 0 1 0 1 0 0 0 0 1 1 1 1 1 0 1 1 
0 0 1 0 1 1 0 1 0 0 1 1 1 0 0 1 1 0 1 1 1 0 1 0 0 1 1 1 0 1 1 1 1 1 0 1 1 1 1 0 1 1 1 0 0 0 1 0 1 1 0 0 0 0 1 1 0 1 0 1 1 1 1 1 1 0 0 1 0 1 1 0 0 0 0 0 1 1 0 0 0 1 1 0 1 1 0 1 1 1 1 1 1 0 0 1 1 0 0 1 0 1 0 0 1 1 1 0 0 1 1 1 0 0 1 1 0 1 1 0 1 1 1 0 0 1 0 1 1 1 0 0 1 0 0 1 0 1 0 0 0 1 1 1 1 1 1 0 0 0 1 0 0 0 0 0 0 6 0 0 1 0 0 1 0 0 1 1 0 0 1 1 1 0 1 0 0 1 0 0 0 0 0 1 1 0 1 1 0 0 1 1 0 1 1 0 0 0 1 1 1 1 0 1 0 0 1 1 1 1 1 1 1 0 
0 0 1 1 1 1 1 0 0 0 0 1 1 1 1 1 0 1 1 0 0 1 0 0 1 1 1 0 0 0 1 1 0 1 0 1 0 0 0 1 1 0 0 0 1 0 1 1 0 1 1 1 1 0 0 1 1 0 0 1 0 0 0 0 0 0 1 1 0 1 1 1 1 0 0 1 0 1 0 1 1 0 1 1 0 0 1 0 0 1 1 0 1 1 0 0 1 0 1 1 0 1 0 0 1 1 1 0 0 1 0 1 1 0 0 1 1 1 0 1 0 1 0 1 1 0 1 1 1 0 1 1 0 1 1 1 0 0 1 1 0 0 0 1 0 0 0 1 1 0 1 1 0 1 1 0 0 0 70 1 0 0 0 1 0 1 1 1 0 0 1 1 0 0 0 1 0 0 1 1 0 1 1 1 1 1 1 1 1 0 1 0 0 0 1 1 0 1 1 1 0 1 0 0 0 0 0 0 1 0 0 0 0 0 
0 1 1 0 1 1 0 1 1 1 1 1 1 1 0 0 0 1 0 1 0 0 0 0 0 0 0 0 1 1 0 0 0 1 1 0 0 0 1 1 1 1 1 0 0 0 0 0 0 1 0 0 1 1 1 0 1 1 0 1 1 0 1 0 0 1 1 0 0 0 0 1 1 1 0 0 1 1 0 0 1 1 0 1 1 1 0 0 1 1 1 1 1 0 1 0 0 0 1 1 0 1 0 1 0 1 1 0 1 1 0 1 0 1 1 1 1 1 1 1 1 1 0 0 1 1 1 1 1 1 1 1 1 0 0 1 0 0 0 0 0 0 1 0 1 0 0 1 1 0 0 0 1 0 0 1 1 0 0 95 1 1 1 0 1 1 1 1 0 1 0 0 0 1 0 0 1 1 0 0 0 0 0 0 1 1 1 1 0 1 0 0 1 1 1 1 1 1 1 1 0 1 1 1 1 1 0 0 1 1 0 0 0 0 
1 1 1 0 1 1 0 1 1 0 1 1 1 1 0 0 1 0 1 1 0 1 0 0 1 0 0 1 1 0 1 1 1 1 1 0 0 1 0 0 1 1 1 0 1 1 1 1 1 0 0 0 0 1 0 0 0 0 1 0 1 0 1 1 0 0 0 0 0 1 0 0 0 1 0 0 1 1 1 1 1 1 1 1 1 1 0 0 0 1 0 0 1 1 1 0 0 1 0 0 0 1 0 0 1 0 1 0 0 1 1 0 1 1 0 0 1 0 1 0 0 0 1 0 0 1 1 1 1 0 0 0 1 0 1 0 0 0 1 0 0 1 0 0 0 1 0 1 0 0 1 1 0 0 1 0 0 1 0 1 82 1 0 0 0 0 1 0 0 1 0 1 1 0 0 1 1 1 0 0 0 1 0 0 0 1 1 1 0 0 1 1 0 1 1 0 1 1 0 1 1 0 1 0 0 0 0 1 1 1 1 0 1 0 
1 0 0 0 1 1 1 1 0 1 0 1 0 1 1 1 1 0 1 1 1 1 1 1 0 0 0 1 1 1 1 0 1 0 0 0 0 0 0 0 0 0 0 0 0 0 0 1 1 1 0 1 1 0 0 1 0 0 1 1 0 0 1 1 1 0 1 1 1 1 1 1 0 1 0 1 0 1 1 0 0 1 1 0 1 0 1 1 1 1 1 0 0 0 0 0 0 1 1 0 0 0 1 0 0 1 0 0 0 1 1 1 0 0 1 1 0 0 1 1 0 1 1 1 1 0 0 0 0 1 0 0 1 1 1 0 0 0 0 0 1 1 0 1 0 1 0 1 0 0 1 0 0 1 0 0 0 1 1 0 0 5 1 0 1 1 1 0 0 0 1 1 1 1 1 0 1 1 1 1 0 0 0 0 1 1 0 1 1 0 1 0 0 1 1 1 1 0 1 1 1 0 0 1 0 1 0 1 0 0 0 0 0 0 
0 1 0 0 1 1 0 1 0 1 1 0 1 0 1 1 0 1 1 0 1 1 1 0 1 0 0 0 0 1 0 0 1 1 0 1 1 0 0 1 1 0 0 1 0 0 0 0 0 1 0 1 1 1 0 1 0 1 0 0 1 1 0 1 1 1 1 1 0 1 0 1 0 1 1 0 0 0 0 0 1 0 1 0 0 0 0 1 0 0 1 0 1 0 0 1 1 0 1 0 1 0 1 1 1 0 1 1 0 0 1 0 1 1 0 0 0 0 0 0 1 1 0 1 1 0 1 0 1 0 0 0 0 1 1 1 0 0 0 0 1 1 1 1 0 0 1 0 1 1 1 0 0 1 0 0 1 0 0 1 0 1 43 0 1 0 0 1 0 1 1 0 0 0 1 1 1 0 0 1 1 1 1 1 1 0 0 1 0 0 1 0 1 0 0 0 1 0 1 1 0 1 0 1 0 0 0 0 1 0 1 0 1 0 
1 0 1 0 0 1 0 1 0 1 0 0 0 1 1 0 0 0 0 1 1 0 1 0 1 0 1 0 0 1 0 1 0 1 0 1 0 0 0 1 0 0 0 0 0 1 1 1 1 0 0 1 1 0 0 0 0 1 1 1 0 1 0 1 1 1 0 1 1 0 0 1 0 0 0 1 0 0 0 1 1 1 1 1 0 1 1 1 0 1 0 1 0 1 0 1 0 0 0 1 1 1 0 1 1 1 0 1 0 0 0 1 0 0 1 1 1 0 1 0 0 1 0 0 1 0 1 0 1 1 1 0 1 1 1 1 1 0 0 0 1 0 0 0 1 1 0 0 0 0 1 0 0 0 0 1 1 0 0 1 0 1 0 88 0 0 1 0 1 0 0 0 0 1 0 0 1 1 0 1 0 0 0 1 0 1 0 1 1 0 0 0 0 1 1 0 1 1 1 0 0 1 0 0 1 0 1 0 0 0 0 1 0 1 
0 0 0 1 1 0 1 1 1 0 0 0 0 1 1 1 0 1 1 0 0 0 0 0 1 1 0 1 1 0 1 1 1 0 1 1 0 0 0 1 0 1 1 0 1 0 0 0 1 1 1 1 1 1 0 0 0 0 1 0 1 0 1 0 1 0 1 0 1 1 1 0 1 0 0 0 0 0 1 0 0 0 0 0 1 0 1 0 1 1 1 1 0 1 1 1 1 1 1 0 1 0 0 1 0 1 1 0 0 1 0 0 1 0 0 0 1 1 1 1 1 0 1 1 0 0 0 1 1 0 1 1 0 1 1 1 0 0 1 1 1 0 1 1 0 0 0 1 1 1 1 1 1 1 0 0 1 0 1 0 0 1 1 0 49 0 1 0 0 1 1 0 0 0 0 0 0 1 0 0 0 1 0 1 1 0 0 0 1 0 1 1 1 1 0 1 0 1 1 0 0 0 1 1 0 1 0 0 0 0 1 1 1 1 
1 1 0 0 1 0 1 1 1 1 0 1 1 1 1 1 0 1 1 0 0 0 0 1 0 0 0 0 0 1 1 1 1 0 0 1 0 0 1 1 0 1 0 0 1 1 0 0 0 0 0 1 0 0 1 1 0 1 0 1 0 0 0 1 1 0 0 0 1 1 0 0 0 0 0 0 0 0 1 1 1 0 0 0 0 1 0 1 1 1 0 0 0 1 1 0 0 0 0 0 1 0 0 0 1 0 0 0 1 1 0 0 0 1 1 0 1 1 1 0 0 0 1 1 1 0 1 1 1 0 1 0 1 0 1 1 1 0 0 0 1 1 1 1 0 1 0 1 0 0 1 0 1 1 1 0 1 0 1 0 1 1 1 1 0 12 1 0 1 1 1 1 0 1 1 1 1 0 1 0 1 0 0 1 1 0 1 1 1 1 1 1 1 1 0 0 0 0 0 1 0 1 1 0 0 0 1 0 1 0 1 0 1 1 
1 0 1 0 1 1 1 0 1 1 1 0 0 1 0 1 1 0 0 0 1 0 1 0 0 0 0 0 1 0 0 0 1 1 1 0 1 1 1 1 0 1 1 1 1 0 0 1 1 1 0 0 1 0 1 1 1 1 1 0 0 1 1 0 0 1 0 1 1 0 1 0 0 1 1 1 0 1 1 0 1 0 1 0 0 0 0 1 1 0 1 0 0 0 0 1 0 0 1 0 0 0 0 0 1 0 0 0 0 0 0 1 1 0 0 0 1 1 1 1 0 1 0 0 1 1 0 1 1 0 1 0 1 1 1 0 1 0 0 1 1 1 0 0 1 1 0 1 0 0 0 0 0 0 0 0 1 0 0 1 0 1 1 1 1 1 75 1 0 1 0 0 0 0 0 1 1 1 1 0 0 0 1 0 1 1 1 0 0 0 1 0 0 0 1 0 1 1 0 1 0 0 1 1 1 0 1 1 1 1 1 1 1 0 
1 1 1 0 1 0 0 1 1 1 0 1 0 1 1 0 1 0 0 1 1 1 0 1 0 1 1 1 0 1 1 1 0 0 0 1 0 1 0 1 0 1 0 1 1 1 0 0 0 1 1 0 1 1 1 0 1 0 1 1 1 1 0 0 0 1 0 1 0 1 1 1 1 0 0 1 0 0 1 1 0 0 1 0 1 1 0 0 1 0 1 0 1 1 0 1 1 1 0 0 1 1 0 0 0 1 1 1 1 0 0 0 1 0 1 1 0 0 0 0 1 1 0 1 0 1 1 0 1 0 1 1 0 0 1 1 1 0 0 1 1 1 1 0 0 1 1 0 0 0 0 1 1 1 0 1 0 1 1 0 0 1 1 0 1 1 0 86 0 1 0 0 1 0 1 1 0 1 0 1 0 1 0 0 0 0 0 1 1 1 0 1 1 0 1 1 0 0 1 1 1 1 1 1 0 1 0 1 1 1 1 1 0 1 
1 0 0 0 0 0 0 1 0 1 0 1 1 1 0 1 1 1 1 0 0 1 1 0 0 0 0 0 1 0 1 0 1 1 0 1 0 0 1 0 1 0 0 1 0 1 0 0 1 1 1 1 0 1 1 1 1 1 1 1 0 0 1 1 1 1 1 1 1 0 1 1 1 1 1 1 0 0 0 0 0 1 1 1 0 0 1 0 1 1 0 1 0 0 0 0 1 0 0 0 1 1 1 0 0 1 0 0 0 1 1 0 1 0 1 1 0 0 1 1 0 0 0 1 0 1 1 1 0 1 1 0 1 0 1 0 0 0 0 1 0 0 0 0 0 1 0 0 1 0 0 1 1 0 0 0 0 0 0 0 1 0 0 1 0 1 0 1 11 1 1 1 1 1 1 1 1 0 0 0 0 1 0 0 0 0 1 0 1 0 1 0 0 0 1 0 1 0 0 0 0 1 0 1 0 1 0 1 1 0 0 1 1 0 
1 0 1 0 1 0 1 0 0 1 1 0 1 0 0 1 1 1 1 1 1 0 0 0 1 0 1 1 0 0 0 0 1 0 0 0 0 0 1 0 1 0 1 1 0 1 1 1 0 0 0 1 1 0 1 1 1 0 0 0 0 1 1 1 1 0 1 1 0 0 1 1 0 1 1 0 1 1 1 0 1 0 1 0 1 1 1 0 0 1 0 1 0 1 1 0 0 1 0 1 1 0 1 0 1 0 1 1 0 1 0 0 0 0 0 0 1 0 1 0 1 1 1 1 0 1 1 0 0 1 0 1 0 1 0 0 1 1 1 1 1 1 1 1 0 1 0 1 1 1 0 0 1 1 1 1 1 0 0 0 0 0 1 1 1 0 0 1 0 64 0 0 0 0 1 1 1 1 1 1 1 0 0 1 0 0 0 0 1 0 1 0 0 0 0 1 0 1 1 1 0 0 0 1 1 1 1 0 1 0 0 1 0 0 
0 0 0 1 1 1 0 0 1 1 1 0 0 1 0 0 0 0 0 0 0 1 0 1 0 0 1 1 0 0 1 0 1 1 1 1 0 0 1 1 0 1 1 1 1 1 0 1 1 0 1 0 0 1 0 0 1 1 0 0 0 1 1 0 1 0 0 0 0 0 0 0 0 1 0 0 0 1 0 0 1 1 0 0 0 0 1 1 1 1 1 0 1 1 0 1 1 1 1 0 0 0 0 1 0 0 0 0 1 0 1 1 0 0 1 0 0 1 1 1 1 1 0 1 1 0 0 1 1 1 0 1 0 0 1 1 0 0 0 0 1 0 0 0 1 0 1 1 0 1 0 0 0 0 1 1 1 0 1 0 0 1 0 0 1 0 0 1 0 1 48 1 1 1 0 1 0 0 1 1 0 1 0 0 0 1 0 1 1 1 0 1 1 0 0 1 0 1 1 0 1 1 0 0 1 1 1 1 1 0 1 0 1 0 
0 1 1 1 0 1 1 0 0 0 0 0 0 1 0 1 1 0 0 1 1 0 1 0 0 1 1 1 0 0 0 1 1 1 1 0 1 0 1 1 0 0 1 0 0 1 1 0 1 0 0 0 0 0 0 0 1 0 0 0 1 0 0 1 0 1 1 1 0 0 0 1 1 0 1 1 1 0 0 1 0 1 0 1 1 0 0 0 0 0 1 0 1 0 0 1 1 1 0 0 0 0 1 1 1 1 1 0 0 1 1 1 1 1 1 0 0 0 1 1 0 1 1 1 1 1 1 1 1 0 0 1 0 1 1 1 0 1 1 1 1 1 1 0 1 0 1 0 1 1 0 1 1 1 0 1 0 1 1 0 0 0 1 1 1 0 0 1 1 0 0 27 1 1 1 0 1 1 1 0 0 0 1 0 1 0 1 0 1 1 1 0 1 0 1 1 0 1 1 1 0 1 0 1 1 1 0 1 0 0 0 0 0 0 
0 1 1 0 1 0 1 1 0 0 0 0 1 1 0 0 1 0 0 1 1 0 0 0 1 1 0 1 1 0 1 1 0 0 0 0 0 0 1 0 1 0 0 0 1 0 1 1 0 1 1 1 1 0 0 0 1 1 1 1 0 1 0 0 0 1 0 1 0 0 0 0 1 1 0 1 1 1 0 1 0 0 1 0 1 1 0 1 0 0 0 1 0 1 0 0 1 0 0 0 1 1 0 1 1 1 1 0 0 0 1 1 1 0 0 1 0 1 0 1 1 0 0 1 0 0 1 1 0 1 1 1 0 1 1 1 1 0 0 0 1 0 1 0 1 0 1 1 0 1 1 1 0 0 0 1 0 1 0 1 1 1 0 0 1 1 1 0 0 0 0 1 90 0 1 1 1 1 1 1 0 0 0 0 1 0 1 0 0 0 1 0 1 1 0 1 1 1 0 1 1 0 1 1 1 1 1 1 1 1 1 0 1 0 
1 1 0 0 1 0 0 1 1 1 1 1 1 0 1 0 0 0 1 0 1 0 1 1 1 1 1 1 1 0 1 0 1 0 0 1 1 0 0 0 0 0 1 0 0 1 0 0 1 0 1 1 1 1 1 0 0 1 1 0 0 1 1 1 1 1 0 1 1 0 0 0 1 1 1 0 1 1 1 1 1 1 1 0 0 1 0 1 0 0 1 0 1 0 1 0 0 1 0 0 0 0 1 0 0 1 0 1 1 1 0 1 1 1 0 1 1 0 1 1 0 0 1 0 1 0 0 1 1 1 1 0 1 1 0 0 1 1 0 1 1 0 1 1 1 0 0 0 0 0 0 1 0 0 0 0 0 1 1 1 0 1 0 1 1 0 0 1 1 1 1 1 0 75 1 0 1 0 1 0 1 0 1 0 1 0 1 1 0 0 0 1 1 0 1 0 1 1 1 1 1 1 0 0 0 0 0 0 0 0 0 1 1 0 
0 0 0 0 1 1 1 1 0 1 0 0 0 0 0 1 1 1 1 0 0 1 0 1 0 1 0 1 1 0 1 0 1 0 0 0 1 1 0 1 1 0 1 1 0 0 1 1 0 1 0 0 1 1 0 0 1 0 1 0 0 1 0 1 1 0 1 1 1 0 0 1 0 1 0 0 1 1 0 0 1 0 0 0 1 0 0 0 1 0 0 0 1 1 1 1 0 0 1 1 1 1 1 1 0 0 0 0 0 0 1 0 1 0 0 1 1 0 1 1 1 1 0 0 1 1 0 1 1 0 0 0 0 0 1 1 1 1 1 0 1 0 0 1 0 0 0 1 0 1 1 1 0 1 1 1 0 0 1 0 1 1 0 0 0 0 1 1 0 0 0 0 0 1 29 0 1 0 0 0 1 1 0 1 0 1 1 0 1 0 1 1 0 1 1 1 0 1 1 0 1 1 1 0 0 0 1 1 1 0 0 1 1 1 
0 0 1 1 0 0 1 1 1 1 0 1 0 1 0 1 1 0 1 1 0 0 1 0 1 0 0 0 1 0 1 1 0 1 1 1 0 1 1 1 0 0 1 1 0 1 1 0 0 1 1 0 1 1 0 0 1 0 0 1 1 0 0 0 1 1 0 0 1 0 1 1 0 1 1 0 0 0 1 0 0 0 0 1 0 1 0 0 0 0 0 0 0 1 0 1 1 1 0 1 0 1 1 1 1 0 1 1 0 0 0 0 1 1 0 0 0 1 1 0 1 0 1 1 1 1 1 0 1 0 0 1 0 0 1 0 0 1 0 0 1 1 1 1 1 0 1 0 1 0 0 1 1 0 1 1 0 1 0 1 0 1 1 1 1 1 0 1 1 0 1 1 1 1 1 12 0 0 1 0 0 1 1 1 1 1 1 1 0 0 0 1 0 0 0 1 1 1 1 1 0 0 0 0 1 0 0 0 1 1 0 0 0 0 
1 0 1 1 1 0 1 1 0 1 0 1 1 1 0 0 0 1 1 0 1 1 1 0 0 1 0 0 1 1 0 1 0 1 1 0 1 0 1 0 1 1 0 0 0 0 1 1 1 0 0 1 0 1 0 0 1 0 0 1 1 0 0 1 1 1 0 0 0 0 1 0 0 0 1 0 1 1 0 1 1 1 0 1 0 1 1 1 0 1 0 1 0 0 1 1 0 1 0 0 0 0 0 0 1 0 0 1 0 0 1 1 0 1 0 1 0 1 0 1 0 1 0 1 0 0 0 0 0 0 0 1 1 1 0 0 0 1 0 1 1 1 0 0 1 1 0 0 0 1 1 1 0 1 1 1 1 0 0 1 1 1 0 0 1 1 0 1 1 1 1 0 0 1 1 1 49 1 0 0 1 1 0 0 1 0 1 1 1 1 1 1 1 0 0 1 0 0 1 1 0 0 1 0 1 1 1 1 0 0 0 0 1 0 
0 1 0 1 0 1 0 1 1 0 1 1 0 0 0 0 0 0 0 0 1 0 1 1 0 0 1 1 0 0 0 1 1 0 1 1 0 1 1 1 1 0 1 0 1 0 0 1 0 0 0 1 1 1 1 0 1 1 1 0 1 0 0 1 1 1 0 1 0 0 0 1 0 1 0 0 1 0 0 1 0 1 0 1 0 0 0 1 1 0 1 1 0 0 0 0 0 0 1 1 0 0 1 0 0 1 1 1 0 0 1 0 0 1 0 0 1 0 1 0 0 1 1 1 1 0 1 1 0 1 1 0 1 0 1 0 1 0 0 0 1 1 0 0 1 1 0 0 0 0 0 1 1 0 1 1 1 0 1 1 0 1 1 0 1 0 0 0 0 0 0 0 1 0 0 1 0 26 0 1 0 1 1 1 1 1 1 1 1 0 0 1 1 0 1 0 0 1 1 0 0 1 0 0 0 0 1 0 0 1 0 1 1 0 
0 0 1 0 0 0 1 1 0 1 0 0 1 1 1 1 1 0 1 1 1 0 1 0 0 1 0 0 1 0 1 0 1 0 1 0 0 0 0 1 0 1 1 0 0 1 0 0 1 0 1 0 0 1 0 0 1 1 1 0 0 0 0 1 0 0 0 0 0 1 0 1 1 1 0 1 0 1 0 1 1 0 1 0 1 1 0 1 1 0 0 1 0 0 1 1 0 1 0 0 0 0 0 1 1 1 1 1 1 0 0 1 1 1 1 0 0 0 1 1 1 1 1 1 1 1 0 0 0 1 0 0 0 1 0 0 0 0 0 0 0 1 1 1 0 0 0 0 1 0 0 1 0 0 0 0 0 0 1 0 0 1 0 0 0 0 1 1 0 1 1 0 0 0 0 0 0 1 4 1 0 0 0 0 0 0 1 0 0 0 0 0 1 1 0 1 0 1 0 1 1 1 1 0 1 0 1 0 0 0 0 0 0 1 
1 0 0 1 0 0 1 1 1 1 0 0 0 0 1 1 0 1 1 0 1 0 1 1 0 1 1 1 0 1 1 0 1 0 1 1 1 1 0 1 1 1 0 1 0 0 1 0 0 1 1 1 0 0 0 1 0 0 0 1 0 1 1 1 0 1 0 1 0 0 1 1 0 1 1 1 0 0 0 0 0 0 0 0 0 0 1 1 1 0 0 1 1 0 0 1 0 1 0 1 0 1 1 1 1 1 0 1 1 1 0 1 1 0 1 0 1 0 0 0 0 1 0 0 0 0 1 0 1 0 1 1 1 1 0 0 0 0 0 0 1 0 1 1 0 0 0 1 1 0 0 1 0 0 1 0 0 0 0 0 1 0 1 1 1 1 0 0 0 0 1 0 0 1 1 1 0 1 1 68 1 1 1 0 1 0 0 0 0 1 1 0 0 0 0 0 1 0 0 1 0 0 1 0 0 1 0 1 1 0 0 0 0 1 
1 1 0 1 0 1 0 0 0 1 0 0 0 0 0 0 0 1 1 1 0 1 1 0 1 1 1 1 0 1 0 1 1 0 0 1 0 1 1 1 1 0 0 0 1 0 1 0 1 1 0 0 1 1 0 1 1 1 1 0 0 1 0 0 1 0 1 0 0 0 0 0 0 1 0 1 0 1 0 0 1 1 0 0 1 1 0 1 1 0 1 1 1 0 1 1 0 0 0 0 0 1 1 0 1 0 1 0 1 1 0 1 0 1 1 0 0 0 0 0 0 1 0 0 1 0 1 0 1 0 0 1 0 0 1 0 1 1 0 1 1 0 1 1 1 0 0 1 0 1 1 0 0 1 0 0 1 0 1 0 0 1 0 0 1 1 1 1 1 1 1 1 1 0 0 1 1 0 1 1 73 1 1 1 0 1 1 1 0 1 0 0 0 0 0 1 1 1 0 0 1 0 1 0 1 1 0 0 1 0 1 1 0 0 
0 1 0 0 1 1 0 1 0 1 0 0 0 0 1 0 0 0 1 0 1 1 0 0 0 1 0 1 0 1 1 1 1 0 1 1 0 1 0 0 0 0 1 0 0 0 0 1 0 0 0 1 0 0 0 1 1 1 0 0 1 1 0 0 1 1 0 1 1 0 1 1 1 0 1 1 0 0 1 1 0 0 1 0 1 1 0 1 1 1 0 1 0 0 1 0 1 0 0 0 1 1 0 1 1 0 0 1 1 0 0 0 1 0 1 0 1 1 0 1 0 1 0 0 1 1 0 0 0 1 0 0 1 1 0 0 1 1 1 1 0 0 0 1 1 1 1 1 0 1 1 0 0 1 0 0 0 1 1 0 0 1 0 0 1 0 0 1 0 1 0 0 0 1 1 1 0 1 1 0 1 83 0 0 0 1 1 1 0 1 0 0 0 0 0 0 0 0 1 0 1 1 1 1 1 1 0 0 1 1 1 1 0 0 
0 1 0 1 1 1 1 1 1 1 0 0 1 0 0 1 1 0 1 0 0 0 0 1 0 0 1 1 0 0 1 0 1 1 1 0 1 0 0 0 0 0 1 0 1 0 1 1 0 1 1 0 1 0 1 0 1 1 0 0 0 1 0 1 0 1 0 1 1 0 1 1 0 1 1 1 1 0 1 1 0 1 0 1 0 0 1 1 0 0 1 1 0 0 0 1 0 0 0 0 0 1 0 1 0 0 1 1 0 1 0 0 1 1 0 0 1 1 1 0 1 1 1 0 1 0 1 0 1 0 1 0 0 0 0 1 1 1 1 0 1 0 0 0 1 1 1 0 0 1 1 1 0 1 0 1 0 1 1 1 0 1 1 0 0 0 0 0 0 1 0 1 1 1 1 0 0 1 1 0 0 1 66 0 1 0 0 1 1 1 0 1 1 1 0 0 0 1 1 0 1 0 1 0 1 1 0 0 1 1 1 1 1 1 
1 1 1 0 1 1 1 0 0 1 1 0 1 0 0 1 0 0 0 1 0 1 0 1 0 0 1 1 1 0 1 0 0 1 0 1 1 1 1 0 0 1 0 1 1 1 1 1 0 1 1 1 1 0 1 0 0 0 0 0 1 0 1 1 1 0 0 0 0 1 1 1 1 0 0 1 0 1 1 1 1 0 1 0 1 1 1 1 1 1 1 1 0 0 0 1 0 0 0 1 0 1 0 0 0 0 0 0 1 0 1 0 1 0 1 0 0 1 0 0 1 0 0 0 0 0 1 0 1 1 0 1 0 0 0 1 0 0 0 0 1 1 0 0 0 0 1 0 0 1 0 0 0 1 1 1 1 0 0 1 1 1 1 0 1 1 0 1 1 1 1 0 0 0 0 0 0 1 1 0 0 1 0 14 0 0 1 0 0 1 0 1 0 0 1 0 1 1 0 0 1 0 0 1 0 0 1 0 0 0 0 1 0 1 
0 1 1 0 1 1 0 0 1 0 1 0 0 0 1 1 1 1 0 1 1 0 1 0 1 1 1 1 0 0 0 1 0 1 0 0 0 1 0 1 1 0 0 1 1 1 0 1 1 0 1 0 1 1 1 0 0 1 1 0 1 0 0 1 1 1 0 1 0 0 1 0 1 1 0 0 0 1 1 0 0 0 1 0 0 0 0 0 0 1 1 0 1 1 1 0 0 1 0 1 0 0 1 1 1 1 1 1 1 0 0 1 0 0 1 1 1 1 1 0 0 0 1 0 1 0 1 0 0 1 1 1 1 1 1 1 1 0 1 1 1 0 0 1 0 1 0 0 0 0 1 0 1 1 0 1 1 1 1 1 0 1 1 1 1 1 1 1 1 1 0 0 1 0 1 1 0 1 0 1 0 0 0 1 36 1 0 0 0 0 1 1 1 0 1 0 1 1 1 0 0 1 0 0 1 0 1 1 1 1 0 1 1 1 
0 1 1 1 1 0 1 1 1 1 1 0 1 0 1 0 1 1 0 0 0 0 1 1 0 1 0 0 1 0 1 0 1 1 0 0 0 0 1 0 1 0 0 0 0 1 0 1 0 1 0 1 1 1 0 1 1 1 0 0 1 1 1 0 1 0 1 0 1 1 1 0 1 1 0 1 1 0 0 0 1 0 1 1 0 1 1 0 1 0 1 0 1 1 0 1 1 0 0 1 1 1 1 1 1 1 0 1 1 0 0 1 1 0 0 0 1 0 0 0 1 1 1 1 1 0 1 1 1 1 1 0 0 1 1 0 1 1 1 1 0 0 1 1 1 1 0 0 1 1 1 1 1 1 0 0 1 0 0 1 1 1 0 1 0 0 1 1 0 0 0 0 1 1 1 0 0 1 0 0 1 0 0 0 1 78 0 1 1 0 1 1 1 0 0 0 0 1 0 0 0 1 1 0 1 0 1 1 0 1 0 0 1 1 
1 0 0 1 0 0 0 1 0 1 1 0 0 1 1 0 0 0 0 0 1 0 1 1 1 1 1 0 0 0 0 0 0 0 0 0 1 1 0 1 0 1 1 0 1 0 1 0 1 0 1 1 0 0 1 0 0 0 0 1 0 1 1 1 1 0 1 0 1 0 1 1 1 1 0 0 0 1 1 1 1 1 1 1 0 0 0 1 0 0 0 0 0 0 1 1 0 0 1 1 0 1 0 0 1 1 0 0 0 0 0 1 0 1 1 0 1 0 1 1 0 1 0 0 0 1 0 0 1 0 0 0 0 1 0 1 0 1 0 0 1 0 0 1 1 0 0 1 0 0 0 1 0 0 0 1 1 1 1 1 0 1 1 1 0 0 0 1 1 0 1 1 1 0 0 0 1 1 1 0 0 1 0 0 0 1 51 0 0 1 0 0 1 1 1 1 0 1 1 1 1 1 1 0 1 0 1 1 0 1 1 1 0 1 
1 0 1 0 1 0 1 1 0 1 1 1 0 1 0 0 0 1 1 0 0 1 0 0 1 0 1 0 1 1 1 1 1 1 0 0 0 1 0 1 1 0 0 0 0 0 0 1 0 0 1 1 0 0 1 1 0 0 1 1 1 0 1 1 0 1 1 1 1 0 0 1 1 1 1 1 0 1 0 1 1 0 1 1 0 0 0 1 0 1 1 1 1 1 0 0 0 0 1 1 0 1 1 1 1 1 0 1 0 0 0 0 1 0 0 1 0 0 1 0 0 1 1 0 0 0 0 1 0 1 1 0 0 0 0 0 1 1 0 1 0 1 1 0 0 1 1 0 0 1 0 1 1 1 1 1 1 0 0 1 0 0 1 1 0 1 0 0 1 1 1 1 0 0 1 0 1 1 0 0 0 0 1 0 1 1 0 4 0 1 0 0 1 1 1 1 0 1 0 0 0 0 0 0 0 0 1 0 1 0 1 0 1 1 
0 1 0 0 0 1 0 1 0 0 1 0 1 1 1 1 1 0 0 0 0 0 0 1 0 0 1 0 0 0 1 0 1 0 0 0 0 0 0 0 0 1 1 1 1 0 0 1 1 1 1 1 0 1 0 1 0 1 0 0 0 1 0 0 1 1 0 0 0 1 0 0 0 0 1 0 0 0 1 1 1 1 0 0 0 0 1 0 1 1 0 1 0 0 0 0 1 1 1 0 1 1 1 0 0 1 1 1 1 1 1 0 1 0 1 1 0 0 1 1 1 0 0 0 1 0 1 1 1 0 0 1 0 0 0 0 0 1 1 0 1 1 0 1 0 1 1 1 0 0 0 1 1 0 0 0 1 1 1 0 0 0 0 0 1 1 0 1 0 1 1 0 0 1 1 0 1 1 0 0 0 1 0 1 0 0 0 0 10 1 0 0 1 1 1 1 0 1 0 0 1 1 1 1 0 1 0 0 0 1 0 0 0 0 
0 1 1 0 0 0 0 1 0 0 0 0 0 0 1 0 1 1 1 1 0 0 0 0 1 1 0 0 0 0 0 0 0 0 1 1 1 0 0 1 1 1 0 1 1 0 1 0 1 0 1 1 0 1 1 0 0 0 1 1 1 0 0 1 1 1 0 0 0 0 1 0 1 0 0 0 1 1 1 0 0 0 1 1 1 1 1 0 1 1 1 1 1 1 1 0 1 0 0 0 0 0 0 1 1 1 1 1 1 1 1 1 0 1 1 1 1 1 1 0 1 0 0 0 0 1 0 0 1 0 1 1 1 0 0 0 0 0 1 0 1 1 0 1 1 1 0 0 0 0 0 1 0 1 0 0 0 1 1 1 0 0 1 0 0 0 0 0 1 1 1 0 0 0 1 1 1 1 1 0 0 0 0 1 1 0 0 1 1 11 1 0 0 0 0 0 1 0 0 0 1 1 0 1 1 0 0 1 0 0 0 0 0 1 
1 0 0 0 1 1 0 1 1 0 0 1 0 1 0 0 1 0 1 0 0 0 1 0 1 0 1 1 0 0 0 0 0 0 1 1 1 0 0 0 0 1 0 0 1 1 1 1 0 1 1 0 1 1 1 0 1 0 1 1 1 0 1 0 0 1 1 1 1 0 1 0 1 1 1 0 0 1 0 1 1 0 0 1 0 1 1 0 0 0 0 0 1 0 0 1 1 0 0 1 0 0 1 0 1 0 1 0 0 1 1 0 0 1 1 1 1 0 1 1 1 0 1 1 0 0 1 1 1 1 1 0 1 0 0 0 0 0 0 0 1 0 1 1 1 0 1 0 0 0 0 1 1 0 1 1 0 0 1 0 1 0 0 1 0 0 1 1 1 0 1 1 1 1 1 1 0 0 1 0 1 1 1 0 0 0 1 0 0 1 89 1 1 0 1 0 1 1 1 0 1 1 1 0 1 0 0 0 1 0 1 1 1 0 
1 1 1 0 1 1 0 0 1 1 0 1 1 0 0 1 1 1 1 1 0 0 0 0 0 0 1 0 0 0 0 1 0 1 1 0 1 0 1 1 1 0 0 1 0 1 0 1 0 0 1 0 1 0 1 0 1 1 1 1 1 0 1 0 0 1 1 0 1 0 1 0 1 1 1 1 1 1 0 1 1 1 0 1 1 1 0 0 0 1 0 1 1 0 0 0 1 1 0 1 0 0 1 0 1 1 1 1 0 1 0 1 0 1 1 0 1 1 1 0 0 0 1 1 0 0 1 1 1 0 1 0 0 0 0 0 0 1 1 1 0 1 1 1 1 0 0 1 0 1 0 1 0 0 0 1 0 1 0 0 1 1 1 1 1 0 0 1 0 1 1 1 0 1 0 1 0 0 1 1 1 1 0 1 1 0 0 1 0 1 0 9 1 0 1 1 0 1 1 1 0 0 1 0 0 1 1 1 0 1 1 0 1 1 
0 1 0 1 0 0 1 0 0 0 0 1 0 0 0 0 0 1 1 0 1 0 1 0 0 1 1 0 0 1 0 1 1 0 0 1 0 0 1 0 0 0 1 1 1 0 0 0 0 1 0 0 0 0 1 0 1 0 1 1 1 1 1 0 1 0 0 1 1 0 1 1 0 0 1 1 1 1 0 1 0 0 1 1 1 1 1 1 0 1 0 0 1 1 1 1 1 1 0 1 1 0 0 1 1 1 0 0 0 1 1 0 1 1 0 0 1 0 0 0 1 0 0 1 0 1 1 1 1 0 0 1 0 1 1 1 0 0 0 0 0 0 0 1 1 0 1 1 0 1 1 1 0 1 1 1 0 1 0 1 1 1 0 0 1 0 1 1 0 1 1 1 1 1 0 1 1 1 0 0 1 1 0 0 0 0 0 1 1 1 1 1 12 1 0 0 1 1 1 1 0 0 0 1 1 0 1 0 1 0 1 0 1 1 
0 0 0 0 1 0 1 0 0 0 0 1 0 1 0 1 0 0 1 1 0 0 1 0 1 1 0 1 0 0 0 0 0 0 1 1 1 1 0 0 1 0 1 0 0 1 1 0 1 1 0 1 0 0 0 0 1 1 1 0 0 0 0 0 0 1 1 0 0 0 0 0 0 1 0 1 1 0 0 0 0 0 0 0 1 1 1 1 1 1 0 1 1 0 0 0 1 1 0 0 1 1 0 0 1 1 1 1 1 0 1 1 1 0 1 0 1 0 1 1 1 1 0 1 0 1 0 1 0 1 1 1 1 1 1 0 0 0 0 0 0 0 1 0 1 1 0 1 0 0 0 0 0 0 0 0 1 0 0 1 1 1 0 0 1 0 0 1 1 0 1 1 0 0 0 0 1 0 1 1 1 1 1 1 1 1 0 0 0 1 0 1 1 98 1 0 0 1 1 1 0 0 1 1 1 1 0 1 1 1 1 1 0 0 
0 0 1 1 0 0 0 0 1 1 1 1 1 0 1 1 1 1 0 0 1 1 0 1 0 0 1 1 0 0 1 0 1 0 0 1 0 0 1 0 1 1 1 0 1 0 0 1 1 0 0 0 1 0 1 1 0 1 1 1 0 1 1 0 0 0 0 0 1 0 1 1 0 0 1 1 1 1 1 1 1 1 1 1 1 0 1 0 1 1 1 1 0 0 1 0 0 0 0 1 0 1 1 1 1 1 0 1 0 0 0 1 1 0 0 1 1 1 1 0 1 0 0 1 0 1 0 1 0 0 1 1 0 1 0 1 1 0 1 0 1 1 0 1 1 0 1 1 0 0 1 1 0 0 0 1 0 1 1 1 1 0 0 0 0 1 0 0 0 1 1 1 0 0 0 0 0 0 0 0 0 0 1 1 1 1 0 1 0 1 0 0 1 1 18 0 0 0 1 0 0 0 0 1 0 1 0 1 1 1 1 1 1 0 
1 0 1 0 1 1 1 0 1 1 0 0 0 1 1 1 0 0 0 1 0 1 0 0 0 0 1 1 1 1 0 0 1 0 0 0 0 1 1 0 1 0 0 1 0 0 0 0 1 1 0 0 1 1 1 0 0 0 1 0 0 0 0 1 0 1 1 0 0 1 0 1 0 0 0 0 0 1 0 0 1 0 1 0 1 0 1 1 1 0 0 0 0 0 0 0 0 0 1 1 0 1 0 0 1 0 1 0 0 0 1 1 1 1 1 1 1 1 1 1 0 1 1 0 0 0 1 0 1 0 0 1 1 0 1 0 0 1 1 1 0 1 0 0 1 1 1 1 1 1 1 0 1 1 0 0 0 0 1 1 1 0 1 0 0 0 1 0 0 1 0 1 1 0 0 0 0 0 1 1 1 1 1 0 0 0 1 1 0 1 0 1 0 0 0 84 1 0 1 1 1 1 0 1 0 0 0 0 0 0 0 0 1 1 
1 0 0 1 0 0 0 0 1 1 1 0 0 0 0 1 1 0 1 0 1 0 1 0 1 0 0 0 1 1 0 0 0 0 0 1 0 1 0 1 0 0 0 1 1 1 1 0 0 1 1 0 0 0 0 0 0 0 1 1 1 1 0 0 1 0 1 0 0 1 1 0 0 1 0 1 0 1 0 0 1 1 0 0 1 1 0 0 1 0 1 0 0 1 0 1 0 1 0 1 1 1 1 0 0 1 0 0 1 0 0 0 1 0 1 1 1 0 0 1 1 1 0 0 0 0 1 1 0 0 0 0 0 1 0 0 0 0 1 0 0 0 0 0 1 0 0 0 0 1 1 0 0 1 0 0 0 0 1 0 0 0 0 0 1 1 1 0 1 1 0 0 0 0 0 0 0 0 1 0 1 0 1 0 1 0 0 0 1 0 0 1 1 1 0 0 25 0 1 1 1 0 1 0 1 1 0 0 1 1 0 0 1 0 
1 1 1 0 1 1 1 1 1 0 1 0 1 0 0 0 1 1 1 0 0 0 1 0 0 0 1 1 0 1 1 0 0 1 0 1 1 1 1 1 0 1 1 1 0 0 1 1 0 0 0 1 1 0 1 0 1 0 1 0 1 1 0 0 1 1 0 0 0 0 0 1 0 0 0 1 0 0 0 0 1 1 1 0 1 0 1 1 1 0 0 1 1 0 0 1 0 0 1 1 0 1 1 1 1 1 0 1 1 0 0 1 0 1 1 0 1 1 1 1 0 1 1 1 0 0 0 1 0 0 0 0 1 1 0 1 0 1 0 1 1 1 1 1 0 1 1 1 1 1 1 0 0 0 1 1 0 1 0 0 1 1 1 0 1 0 0 1 1 0 1 1 1 0 1 1 1 1 1 1 1 1 1 0 1 1 0 0 1 0 1 0 1 1 1 1 0 30 1 1 0 1 1 0 0 1 1 1 0 1 1 1 0 1 
1 0 0 0 0 0 1 1 1 1 1 0 1 0 1 1 1 1 0 0 0 1 1 1 1 1 0 0 0 1 1 0 1 0 1 1 0 0 0 1 0 1 0 1 0 1 1 0 0 0 0 0 1 0 1 1 0 1 1 0 0 1 1 0 1 1 1 0 0 0 0 1 0 1 1 0 0 1 0 0 0 1 0 1 1 1 0 1 0 1 1 1 0 1 0 0 1 0 1 1 1 0 0 1 1 0 0 1 1 0 1 0 0 1 0 1 0 1 1 0 1 0 0 0 0 0 1 1 0 0 1 1 1 1 0 0 0 1 0 1 1 1 1 1 0 0 1 0 1 1 1 1 1 0 0 0 1 1 1 1 1 0 1 0 1 0 1 1 0 1 0 0 0 0 1 0 1 0 1 1 0 0 1 0 1 1 1 1 1 0 0 1 0 0 0 1 0 1 6 1 0 0 1 1 0 0 1 1 0 0 0 1 1 0 
1 1 0 1 0 0 1 1 0 0 0 1 1 1 0 1 1 1 0 0 0 1 1 0 0 1 0 1 1 1 0 0 1 0 0 1 1 1 1 1 1 0 0 0 1 0 1 0 1 1 1 1 0 1 0 1 0 1 1 0 1 0 0 0 1 0 1 0 1 1 0 0 0 1 1 1 1 1 1 1 1 0 1 1 0 0 1 1 1 1 1 1 0 1 1 0 0 0 0 1 0 1 1 0 1 1 0 1 1 0 1 1 1 0 0 1 0 0 1 0 0 0 1 0 1 1 1 1 1 1 1 0 0 1 0 0 1 1 0 1 1 1 1 0 0 0 1 1 0 1 0 1 0 1 1 0 1 0 1 0 1 1 1 0 0 0 1 0 0 1 1 1 0 0 1 0 0 1 0 1 0 0 0 0 0 1 1 1 1 1 0 1 0 0 1 0 0 1 0 86 0 0 0 1 0 0 1 0 1 0 0 0 1 0 
0 1 0 0 1 1 0 0 1 1 0 0 1 0 1 1 1 1 0 0 1 0 1 0 0 1 0 0 1 1 1 0 1 1 1 0 0 0 1 0 1 0 1 0 1 1 1 1 0 0 1 0 1 0 1 0 0 0 1 0 0 0 1 0 1 0 1 0 0 1 0 0 0 0 1 0 1 1 1 0 1 0 0 1 0 0 1 0 0 0 0 0 0 0 1 1 0 0 1 0 0 1 0 1 1 0 1 0 1 1 1 0 1 1 0 0 0 0 1 0 1 0 1 0 0 0 0 1 1 1 1 0 1 1 1 0 0 0 1 0 0 1 0 1 1 0 1 1 1 0 1 1 0 1 1 0 0 1 1 1 0 1 0 1 0 0 0 0 1 1 0 0 1 1 1 0 1 0 1 1 0 0 0 1 0 1 1 0 0 0 1 0 0 0 0 0 0 0 0 1 86 1 1 1 0 0 0 1 0 0 1 0 0 0 
1 1 1 1 0 1 0 0 1 1 0 1 0 0 0 1 0 0 1 1 0 0 1 1 1 1 1 1 0 1 1 0 1 0 0 0 0 0 1 0 1 0 0 0 1 1 0 1 0 1 0 1 1 1 1 1 1 1 1 1 1 0 1 1 0 0 0 1 0 1 0 0 1 0 0 1 0 1 0 0 0 1 1 1 1 1 1 0 0 0 1 0 1 1 1 1 1 0 0 1 0 1 1 1 0 0 0 0 1 1 1 1 1 1 1 1 0 0 0 1 1 1 0 1 0 0 1 0 1 1 0 1 0 0 0 0 1 0 1 1 1 0 1 1 1 0 0 1 0 0 1 1 0 1 0 0 0 1 0 1 0 1 0 1 1 1 1 0 1 0 0 1 0 1 0 0 0 1 1 0 1 0 1 1 0 0 1 1 1 0 0 0 0 1 1 0 0 0 0 0 0 68 1 1 0 0 1 0 1 1 0 0 0 1 
1 0 1 0 0 0 0 0 1 0 0 1 0 0 1 0 1 1 0 1 1 1 0 0 0 0 1 0 1 1 0 1 0 0 1 0 0 1 0 1 1 1 0 1 0 1 0 1 1 1 0 1 1 0 0 1 0 1 1 0 1 0 1 0 0 0 1 1 0 0 1 0 0 1 0 0 0 0 0 0 0 0 0 1 1 0 0 0 0 0 1 1 1 0 0 1 0 0 0 1 0 1 0 0 0 0 1 1 1 0 1 0 0 1 1 1 0 1 1 0 0 0 1 0 0 0 0 0 1 1 0 0 0 0 1 0 0 0 1 1 0 1 0 0 1 1 0 0 1 1 1 1 0 1 0 0 0 0 1 0 0 1 1 0 0 0 0 1 1 0 0 1 1 1 0 0 0 1 1 1 1 1 1 1 0 1 1 0 1 1 0 1 1 1 1 1 0 0 1 0 1 0 56 1 0 1 1 1 0 0 1 0 1 0 
1 0 0 1 0 0 0 0 1 1 0 0 1 0 1 1 1 0 0 1 1 0 1 0 1 1 0 0 1 1 0 1 1 1 1 0 0 1 1 1 1 1 1 0 1 0 1 0 1 1 0 0 1 1 0 0 1 0 1 1 0 0 1 0 1 0 1 1 1 0 0 0 1 1 0 1 0 1 1 0 1 1 1 0 1 0 0 1 1 0 0 1 1 0 0 0 1 0 1 1 0 0 0 0 0 1 1 1 0 0 1 1 0 1 1 1 0 0 0 1 0 1 1 1 0 1 0 0 1 0 1 1 0 1 0 0 1 1 1 0 0 1 0 1 1 1 1 0 1 1 0 1 0 1 0 0 1 1 1 0 0 1 0 0 0 1 0 1 1 0 0 1 1 0 1 1 0 0 0 1 1 1 1 0 0 0 1 0 0 1 1 1 0 0 1 0 1 0 0 1 1 0 1 41 0 1 1 1 0 0 1 1 0 0 
0 1 0 0 1 1 1 0 0 0 1 0 1 1 1 1 1 1 0 0 1 0 0 0 1 0 0 0 0 0 1 0 1 0 0 0 1 1 1 0 0 1 1 1 0 0 0 1 0 0 1 0 0 0 1 0 0 0 1 0 0 0 1 0 1 0 1 0 1 0 0 0 0 1 0 0 1 1 1 0 0 1 0 1 0 1 0 1 0 1 0 0 1 0 0 0 1 0 1 1 1 1 1 1 0 0 1 0 1 0 0 0 1 1 0 0 1 1 0 0 1 1 1 1 0 1 0 1 1 0 0 0 0 1 1 1 0 1 1 0 0 1 1 0 1 0 0 0 0 0 1 0 1 1 0 1 1 1 1 0 0 0 1 0 1 1 1 1 1 0 0 1 0 1 1 0 0 0 1 1 0 1 0 0 0 0 0 1 1 0 1 1 0 0 0 0 1 1 1 0 0 0 0 1 50 1 1 1 0 1 1 1 1 0 
1 1 1 1 1 0 1 0 1 1 1 1 0 1 1 0 0 0 0 0 1 0 0 0 1 1 1 0 0 0 0 0 1 1 0 1 1 0 1 0 1 0 1 1 1 1 1 1 1 0 0 1 1 1 1 0 1 1 1 0 1 1 1 0 0 1 0 1 1 1 0 0 0 0 1 0 1 0 1 0 1 1 0 0 0 1 1 1 1 0 1 0 0 1 1 1 1 1 0 0 0 1 1 0 1 1 1 0 1 1 1 0 1 1 1 0 0 1 1 1 1 1 1 1 1 0 1 1 0 0 0 1 1 0 0 1 0 0 1 1 1 1 1 0 0 0 1 1 1 0 0 0 0 1 0 0 0 0 1 1 1 0 0 1 1 1 0 0 0 0 1 0 0 1 1 1 1 0 0 1 0 1 1 1 1 1 1 1 1 1 1 0 1 1 1 1 0 1 0 0 1 1 0 0 1 6 1 1 1 1 0 1 0 1 
1 1 0 1 1 1 1 0 0 1 1 0 1 1 0 0 0 0 0 1 0 0 1 0 0 0 1 0 1 0 0 1 0 0 1 1 1 1 1 1 1 0 1 0 1 1 0 0 1 1 1 0 1 1 1 0 0 0 0 1 0 0 0 0 0 1 1 1 0 0 1 0 1 0 1 1 1 1 1 1 1 0 1 1 0 0 0 1 1 0 1 1 0 0 0 0 1 0 0 0 0 0 0 0 1 0 0 1 1 0 1 1 0 0 1 0 0 1 0 1 1 0 0 1 0 1 1 0 1 1 1 0 0 0 1 1 0 0 1 0 0 1 0 0 0 0 0 0 1 0 0 0 0 1 1 1 1 0 0 0 0 1 1 0 1 1 1 1 0 0 1 1 0 1 1 1 1 1 1 0 1 1 1 0 0 0 1 0 0 0 1 1 1 0 0 0 1 0 1 0 1 1 0 1 1 0 40 0 0 1 0 0 0 0 
0 0 0 0 1 0 0 1 0 1 0 1 1 0 0 0 1 1 0 1 0 0 0 0 0 0 1 0 0 0 0 0 0 0 0 1 0 0 1 0 0 1 0 0 1 0 0 1 0 0 1 0 1 1 1 1 1 1 0 0 1 0 0 0 1 0 0 0 0 0 0 0 1 1 1 0 0 1 1 1 0 0 0 0 1 1 1 0 1 0 1 0 0 1 1 1 1 1 0 1 1 1 1 1 1 0 1 1 1 1 0 1 1 1 0 1 1 0 1 1 1 0 1 0 1 0 1 0 0 1 0 1 0 0 0 1 0 1 1 1 1 0 0 0 1 1 1 0 0 1 0 1 1 1 0 1 0 1 1 0 0 1 1 0 0 1 0 1 0 0 0 1 1 1 1 0 1 0 0 0 0 0 0 0 0 1 1 0 0 1 0 1 1 1 1 0 0 1 0 0 1 0 0 0 0 1 0 25 1 0 0 0 0 1 
1 0 0 0 1 1 0 0 1 1 1 0 1 0 0 0 0 0 1 0 0 0 1 0 1 1 0 1 1 1 0 1 0 0 1 0 0 1 1 0 0 0 1 1 0 1 0 0 0 1 0 0 1 1 1 0 0 0 0 0 1 0 1 0 0 0 0 0 1 0 0 0 1 0 0 0 0 0 0 1 1 0 0 0 1 1 0 1 1 1 0 0 0 0 0 0 0 0 1 1 0 1 1 0 0 0 1 1 1 0 1 0 0 0 1 0 0 1 0 0 0 0 1 0 1 1 1 1 1 0 0 0 0 1 0 0 0 1 0 1 1 0 1 1 0 1 1 1 1 1 0 0 1 1 1 1 0 0 1 0 1 0 1 1 0 0 0 0 1 1 1 0 1 0 1 0 1 1 0 0 0 0 1 0 0 0 1 0 1 1 0 0 1 1 1 1 1 1 1 0 0 1 0 0 1 1 0 0 44 0 1 1 1 0 
1 0 1 1 1 0 1 0 0 1 1 0 1 1 0 1 1 0 0 0 0 1 0 0 0 1 0 0 1 1 0 0 0 0 1 1 1 0 1 0 0 1 1 1 0 1 1 1 1 0 1 0 0 0 1 0 0 0 1 1 1 1 1 0 0 0 0 0 1 0 1 1 1 0 0 1 0 0 0 0 1 1 0 1 0 1 1 1 0 0 1 1 1 0 0 1 1 0 0 1 0 1 0 1 0 0 0 1 0 0 1 1 1 1 0 1 1 0 0 1 1 0 1 1 0 0 1 1 1 1 0 0 0 0 1 0 1 0 1 0 0 1 0 0 0 1 0 1 1 1 0 0 0 1 0 0 1 0 1 0 1 0 0 1 1 1 1 1 1 1 1 0 0 0 1 0 0 0 0 0 0 0 1 1 1 0 0 0 0 1 1 0 1 1 1 0 0 1 0 0 1 1 0 0 0 1 1 1 0 28 0 1 1 1 
0 0 0 0 1 1 0 0 0 0 0 1 1 0 1 1 1 1 0 0 1 1 1 1 0 0 1 1 1 0 0 1 1 0 0 0 1 1 0 1 0 1 1 0 0 0 1 1 1 1 1 0 0 1 0 1 1 0 1 1 1 1 1 0 1 0 0 1 0 1 1 0 1 1 1 1 0 0 0 1 0 0 0 0 0 1 1 0 1 0 0 0 1 0 0 1 1 1 1 0 0 0 0 0 0 1 1 1 1 0 0 1 1 1 1 0 1 0 0 1 1 0 1 1 1 1 1 1 1 1 0 0 0 1 1 1 0 0 0 0 1 0 0 1 1 0 1 0 0 0 0 0 1 0 1 1 0 0 0 1 0 0 1 1 0 1 0 0 1 0 1 0 0 0 0 1 0 0 1 1 1 0 0 1 0 0 0 0 0 0 0 1 0 0 1 0 1 1 0 0 0 1 1 0 1 0 0 0 1 1 22 0 0 1 
0 1 1 0 1 1 0 1 1 0 1 1 1 1 0 0 1 0 0 0 1 1 0 1 0 0 1 0 0 0 0 0 0 0 0 1 1 0 1 1 0 0 0 1 0 0 1 1 1 1 0 0 0 0 0 1 0 1 1 1 0 0 0 1 0 0 1 0 1 1 1 1 0 1 0 0 0 0 0 0 1 1 1 1 1 1 0 1 1 0 0 0 1 1 1 1 1 1 1 0 1 1 1 0 0 1 1 0 0 1 0 1 0 1 1 1 0 0 1 0 1 1 1 0 1 1 1 1 1 1 1 1 1 1 1 1 1 0 1 0 1 1 0 1 0 1 0 0 0 1 1 0 1 1 0 1 1 1 1 0 0 1 0 0 0 1 1 1 1 1 0 0 1 1 1 0 1 0 1 1 0 0 0 0 1 1 0 0 0 1 0 1 0 1 0 0 1 0 0 1 0 0 0 0 0 1 0 0 1 1 0 58 0 0 
0 1 1 0 1 0 0 1 0 0 1 0 0 1 1 0 1 1 0 0 1 0 0 1 1 0 0 0 1 1 1 0 0 1 1 0 0 1 1 0 0 1 1 1 1 0 0 1 0 0 0 1 0 1 1 0 1 1 1 1 1 1 1 1 0 0 0 0 0 1 1 1 0 0 0 1 1 1 0 0 0 1 0 1 1 1 0 0 0 1 0 0 0 1 1 1 1 0 0 1 1 0 1 0 0 0 0 0 0 1 0 0 0 0 1 0 1 1 1 1 0 0 1 0 0 0 0 1 0 0 1 0 1 0 1 0 0 1 1 1 1 1 1 1 0 1 1 0 0 0 1 0 0 1 0 1 0 1 0 1 0 0 0 0 1 1 0 0 1 0 0 1 0 1 1 0 1 0 1 1 0 0 1 0 1 1 1 0 0 0 0 1 1 0 1 0 0 1 1 0 0 0 1 1 0 1 0 1 0 1 1 0 49 1 
0 1 0 0 1 0 0 0 0 1 0 0 0 0 1 1 0 1 1 1 0 0 0 1 1 1 1 0 0 0 0 0 1 1 0 1 1 0 1 1 1 0 1 1 0 0 1 0 0 1 0 0 1 0 0 0 0 0 0 0 1 0 0 1 1 1 1 0 0 0 0 1 1 1 1 1 0 0 1 1 0 1 1 1 1 1 1 1 1 0 1 0 1 1 1 0 0 0 1 1 0 0 0 0 1 0 1 0 0 1 0 0 0 0 0 0 0 0 1 0 0 0 0 0 0 0 0 1 0 1 0 0 1 0 0 1 0 1 0 1 1 0 1 1 1 0 0 1 0 1 0 1 1 0 1 0 1 0 1 1 0 0 1 0 0 0 0 0 1 0 0 0 0 0 0 0 1 1 1 1 0 1 0 0 1 1 1 1 0 0 0 1 1 1 0 1 1 0 0 0 0 0 1 1 0 0 1 1 0 0 1 0 0 1 
