148
91 1 0 0 1 0 1 1 1 0 1 0 1 1 1 1 0 0 1 1 0 0 0 0 0 1 1 0 1 0 0 1 0 0 0 0 1 1 0 0 0 1 1 0 1 0 1 0 0 1 1 0 0 0 0 1 0 0 1 0 0 0 0 1 0 1 1 1 0 0 0 0 0 0 0 0 1 1 1 0 1 0 0 0 1 0 0 0 1 0 1 0 0 1 0 0 1 1 1 0 1 0 0 1 1 1 0 0 1 0 1 0 0 1 0 0 0 1 1 1 1 1 0 1 0 1 1 0 0 1 1 0 0 0 0 0 0 1 0 1 0 1 1 0 1 1 1 0 
1 23 1 1 0 0 0 0 1 1 1 1 0 1 1 1 0 0 1 0 0 0 0 0 1 1 1 1 1 1 1 0 1 1 1 1 0 1 1 0 1 0 1 1 1 0 1 1 1 0 0 0 1 1 1 0 1 1 1 0 0 1 0 1 1 1 1 0 1 0 0 1 1 0 1 0 0 1 0 1 0 0 0 0 0 0 1 0 1 1 0 0 1 1 0 0 1 1 0 0 0 1 0 1 1 1 1 1 1 1 0 0 1 0 0 1 0 0 0 1 0 0 0 1 0 0 1 0 0 0 1 1 0 1 1 0 0 0 0 0 0 1 1 0 1 0 1 0 
0 1 52 0 0 1 1 0 1 1 0 1 0 1 0 1 1 0 1 0 0 0 1 1 0 1 0 1 1 1 1 1 1 1 0 1 1 0 1 0 1 0 0 0 1 1 0 1 0 1 1 0 0 1 0 0 0 0 0 1 1 0 0 0 1 1 0 1 0 0 0 1 0 0 1 1 1 0 0 0 1 0 0 1 1 1 1 1 1 0 0 1 0 1 0 1 0 0 0 1 1 1 0 0 0 1 0 0 0 0 1 1 1 0 0 1 0 0 0 0 0 1 0 1 0 1 0 1 0 1 0 0 1 1 1 0 1 1 0 0 0 1 1 1 1 1 0 0 
1 0 0 59 0 0 1 0 1 0 1 1 1 1 0 0 1 1 0 0 1 0 0 1 0 1 0 1 0 0 1 0 1 0 1 1 0 0 0 0 1 0 1 0 0 0 0 0 1 0 1 0 0 0 0 1 0 0 1 1 1 0 1 0 1 1 0 1 1 1 0 0 0 1 1 1 0 0 0 0 1 1 1 1 1 1 1 0 0 0 0 1 1 1 0 0 0 1 1 1 0 1 0 0 1 0 1 0 1 1 1 1 0 1 0 0 1 0 0 1 1 1 1 0 1 0 0 0 0 1 1 1 0 1 1 1 0 1 0 0 0 1 1 0 1 0 1 1 
0 1 0 1 64 1 1 0 1 0 0 0 0 1 0 0 0 1 0 1 1 1 1 1 1 0 1 1 1 1 1 1 0 1 0 0 0 0 0 0 1 1 1 0 0 1 1 1 0 0 1 0 1 1 0 0 1 0 0 0 1 0 0 0 1 0 1 1 1 1 0 0 0 1 0 1 1 1 1 1 1 1 0 0 0 0 0 1 1 1 1 1 0 0 1 1 1 1 1 0 1 1 0 1 0 0 1 0 1 0 0 1 1 0 0 1 0 0 1 1 1 1 1 0 0 1 0 1 0 0 1 0 0 1 0 0 0 1 1 0 0 0 0 1 0 0 0 1 
1 0 1 1 1 47 0 1 1 1 1 0 0 1 1 1 1 1 0 1 1 1 0 1 0 0 1 1 1 0 0 0 0 0 1 1 1 0 0 1 0 0 1 0 0 1 1 0 1 0 0 1 0 1 0 0 1 1 1 0 0 1 0 1 0 1 1 0 0 1 1 1 0 1 0 0 1 0 1 0 1 0 1 0 1 0 0 0 0 1 1 0 1 1 0 1 1 0 1 0 1 0 0 0 0 1 1 1 1 0 1 0 0 1 0 0 0 0 1 0 0 0 0 0 0 1 1 0 1 1 0 1 1 0 0 0 0 0 1 0 0 0 1 0 0 0 1 0 
0 1 0 1 0 0 84 0 0 0 0 0 1 1 1 1 0 0 0 1 0 0 0 1 1 1 1 1 0 0 1 1 0 1 1 0 1 0 1 0 1 0 1 1 1 1 1 1 1 1 1 0 0 0 1 1 0 1 0 0 1 1 1 0 0 0 1 1 1 0 1 1 1 0 0 0 0 1 0 1 1 0 1 1 1 0 1 1 0 0 0 1 1 1 0 0 0 0 0 0 0 0 1 1 1 1 1 1 0 1 0 1 0 1 0 1 0 0 0 0 1 0 1 1 0 0 1 1 0 1 0 0 1 1 0 0 0 0 1 1 1 0 0 0 0 1 1 0 
1 1 0 0 0 1 1 39 0 0 0 0 1 1 0 0 1 0 1 0 0 1 0 0 0 1 0 1 0 0 0 0 0 0 0 1 1 1 0 0 1 1 1 1 1 0 1 0 0 0 1 0 1 1 1 1 1 1 0 0 0 0 0 0 1 0 0 1 0 0 1 1 0 0 1 1 1 1 1 0 1 0 1 0 1 1 0 1 1 1 0 0 0 1 1 0 1 1 1 0 0 1 0 0 0 0 0 0 1 0 1 1 1 1 0 0 1 1 1 0 0 1 0 0 1 1 0 1 1 1 1 0 1 1 0 1 1 0 0 1 0 1 0 0 0 1 1 0 
0 0 1 0 1 0 1 1 37 1 0 1 0 1 1 1 1 1 0 1 0 0 1 1 0 0 1 0 1 0 1 1 1 0 1 0 0 1 0 1 0 0 1 1 0 0 1 0 0 0 0 1 0 0 1 1 1 1 0 0 1 1 1 1 0 0 1 1 1 0 0 1 1 0 1 1 1 0 0 0 1 1 0 1 0 1 1 0 1 1 1 1 0 0 0 1 1 1 0 0 0 1 1 0 0 1 1 1 0 0 0 1 0 0 1 1 1 1 0 1 0 0 0 0 1 0 1 1 0 1 1 1 1 0 0 1 0 1 1 1 1 1 1 0 0 1 0 0 
0 1 0 1 1 0 1 1 1 25 1 0 0 0 1 1 1 1 0 0 0 1 1 1 1 1 1 1 1 1 0 1 1 1 1 0 0 1 1 0 1 0 0 0 1 1 1 1 0 1 1 1 1 1 0 0 0 0 0 0 0 0 1 1 1 1 0 0 1 1 0 1 1 1 1 1 1 1 1 0 1 0 1 1 1 1 1 0 1 0 1 0 1 0 0 0 0 1 0 0 1 1 0 0 0 1 0 1 0 1 1 1 0 0 0 0 0 0 1 1 1 0 0 0 1 0 0 1 1 1 1 0 0 0 0 1 1 0 1 0 1 0 1 0 1 0 0 1 
1 1 1 0 0 1 1 1 0 1 82 1 0 0 0 1 1 1 1 0 0 1 0 1 1 1 0 0 0 0 1 0 0 0 1 1 0 1 1 1 1 1 0 1 1 1 1 0 0 0 1 0 1 1 1 0 1 0 1 1 0 1 0 1 1 1 1 0 1 0 1 1 0 0 1 1 0 0 1 0 1 0 1 0 1 1 1 0 0 0 0 0 1 0 1 0 1 0 0 0 0 0 1 1 0 0 0 1 0 1 0 0 0 1 0 1 1 1 1 1 0 0 0 0 1 0 1 1 1 0 1 0 1 1 0 1 0 0 0 1 1 0 0 0 0 1 0 1 
1 1 1 1 0 0 1 1 1 1 1 71 1 1 1 0 1 0 0 1 0 0 1 1 0 0 0 0 1 0 1 1 0 1 0 1 1 1 0 1 0 1 1 1 1 1 0 0 1 0 1 0 0 0 0 1 0 0 0 0 0 1 1 0 0 0 1 1 1 0 1 0 1 1 0 1 1 0 0 1 1 1 1 0 0 0 0 0 0 0 0 1 0 1 0 0 1 1 0 1 0 0 0 0 0 1 1 1 0 0 1 1 0 1 0 1 0 1 1 1 1 1 0 0 1 1 1 0 1 1 1 1 0 1 0 0 0 1 1 0 1 0 0 1 0 0 0 0 
0 0 0 0 0 0 1 0 0 1 0 0 39 0 1 0 1 1 1 0 1 0 0 0 0 1 0 1 1 0 0 0 0 1 0 0 1 1 1 0 0 0 0 1 0 1 1 1 0 0 1 0 0 1 0 0 0 0 0 0 0 1 1 1 0 1 0 1 0 0 1 1 0 0 0 1 1 1 1 0 1 0 1 1 0 0 1 0 0 1 1 1 1 0 1 1 1 1 0 0 1 1 1 0 0 0 0 1 0 0 1 1 1 1 0 0 1 0 0 1 1 1 0 0 0 0 0 1 0 1 1 1 1 0 0 0 0 0 0 0 0 1 0 0 1 1 1 0 
0 1 0 1 0 1 1 0 1 0 0 1 0 56 0 1 1 0 1 1 1 0 1 1 1 0 1 0 0 0 0 0 1 0 0 1 0 0 1 0 0 0 0 0 0 0 1 1 0 0 1 0 1 1 0 0 1 1 1 0 0 0 0 0 0 0 0 0 0 1 1 1 0 0 1 1 0 1 1 0 1 1 1 1 1 0 1 1 1 1 0 0 0 0 0 1 1 1 1 1 1 0 0 0 0 0 1 1 0 1 1 1 1 1 1 1 1 0 0 1 0 1 1 1 0 1 0 1 0 1 1 0 0 1 1 1 1 0 1 0 1 1 0 1 0 0 0 1 
1 0 1 1 1 1 1 1 0 0 1 0 1 0 51 0 1 0 1 1 0 0 1 0 0 0 1 1 1 1 0 0 0 1 0 0 1 0 1 0 0 1 1 1 0 0 0 0 0 0 1 1 1 0 1 0 0 1 0 1 1 1 0 0 1 0 0 0 1 0 1 0 1 1 0 1 0 0 0 1 1 0 0 0 0 1 1 0 1 0 0 1 0 0 0 0 0 1 0 1 1 0 1 1 1 0 0 1 0 1 0 1 0 1 0 0 0 1 1 1 1 1 0 0 0 1 0 0 0 0 0 0 1 1 1 1 0 1 0 1 0 1 0 1 1 0 1 0 
0 0 1 0 0 0 1 1 0 0 1 1 0 0 1 75 1 1 1 0 1 1 0 0 0 1 1 0 0 1 0 0 0 1 0 1 1 0 0 0 1 0 0 0 1 0 0 1 0 0 0 1 1 1 0 0 0 0 0 0 1 1 1 0 0 1 1 0 1 1 1 1 1 0 0 0 1 1 1 1 1 0 1 1 0 1 1 1 0 0 1 1 0 0 1 0 1 1 1 0 1 0 0 0 0 0 1 1 1 1 1 0 1 1 0 0 1 1 0 0 1 0 1 0 0 0 0 0 1 1 1 1 1 0 1 0 0 0 0 0 0 0 0 0 1 1 1 1 
1 0 1 1 0 0 0 0 1 1 1 1 0 1 1 0 14 0 1 0 0 0 0 1 1 0 0 1 0 1 1 1 1 0 0 1 0 0 1 0 1 1 1 1 1 0 0 1 0 1 0 1 1 1 1 1 0 0 1 1 0 1 1 1 1 1 0 0 1 0 0 1 1 0 0 0 1 1 0 0 1 0 1 1 1 1 1 0 1 1 0 1 0 0 1 1 1 1 0 1 0 0 1 0 1 1 1 0 0 1 0 1 1 0 0 1 0 1 0 1 0 0 1 0 1 1 1 1 0 1 1 0 1 1 1 1 0 1 1 0 1 0 1 0 1 0 0 0 
1 1 1 1 0 1 0 0 0 0 1 1 0 1 0 0 1 80 0 0 1 1 1 1 0 1 0 0 1 1 0 1 0 0 0 1 0 1 0 1 1 1 1 0 0 1 0 0 0 1 0 1 1 1 0 0 0 1 1 1 1 0 0 0 0 1 1 1 1 0 0 0 0 0 0 1 0 1 1 1 1 1 0 0 1 0 1 1 0 0 1 1 1 1 1 1 0 0 1 0 0 0 0 1 1 1 1 1 1 0 0 0 1 0 0 1 1 0 0 1 0 1 1 1 0 0 0 0 1 0 0 1 0 1 0 0 1 0 0 1 0 1 1 0 1 0 0 1 
1 1 0 0 1 0 0 1 1 1 0 0 1 1 1 0 0 1 96 0 0 0 1 0 1 0 1 0 1 1 1 0 0 1 0 0 0 1 0 0 0 0 0 0 1 0 0 0 1 1 1 1 0 0 1 0 1 1 1 1 0 1 1 1 1 0 1 1 0 0 1 1 0 1 1 1 0 1 1 1 1 1 0 0 1 1 1 0 0 0 1 0 0 1 1 1 1 1 0 1 1 0 0 0 0 0 0 0 1 0 1 0 0 1 1 0 1 1 1 0 0 1 1 1 1 0 0 1 0 1 1 1 0 1 1 1 0 1 0 1 0 0 1 1 1 0 0 1 
0 0 0 0 0 1 0 1 1 0 1 1 0 1 1 1 0 0 0 88 0 1 1 0 1 1 1 0 0 0 1 1 1 0 0 0 1 0 1 0 0 1 0 0 0 0 1 0 1 1 0 0 0 0 0 0 0 0 1 0 0 1 0 1 1 0 0 1 0 0 0 1 0 1 0 1 0 1 0 0 0 0 1 0 1 1 1 1 1 1 0 1 1 0 1 1 0 0 1 0 0 1 0 1 0 1 0 1 1 1 1 0 0 1 1 0 1 1 0 0 0 0 1 1 0 1 1 0 0 0 0 1 0 0 1 1 1 0 0 1 1 0 0 0 1 1 0 1 
0 0 1 1 1 0 0 1 0 1 0 0 1 1 0 1 1 1 1 0 17 1 0 1 1 0 0 0 1 1 0 0 0 1 1 0 1 0 1 1 1 1 1 0 0 1 0 1 0 1 1 1 1 0 1 1 0 0 1 1 0 0 1 1 1 1 1 0 0 1 1 1 0 0 0 1 0 0 1 0 0 0 0 1 1 0 1 0 1 0 0 1 1 1 0 0 1 0 0 1 0 1 0 1 0 1 1 0 0 0 0 0 1 1 1 0 0 0 1 0 1 0 1 0 1 0 1 1 0 0 0 0 0 1 1 1 0 1 1 1 1 1 1 1 0 1 0 0 
1 1 0 0 0 1 0 1 1 0 1 0 0 1 0 0 0 0 0 1 1 83 1 1 0 1 1 1 1 1 1 0 1 1 1 0 0 1 1 1 0 0 0 0 1 1 1 1 1 0 1 0 1 0 0 0 0 1 1 0 0 1 1 1 0 1 1 1 0 1 1 0 0 1 1 0 1 1 0 0 0 1 1 0 1 1 1 0 0 0 1 1 1 1 1 1 1 0 0 0 0 1 1 1 1 1 1 0 0 1 1 1 1 0 1 0 1 1 1 1 0 0 0 1 0 1 1 1 0 0 1 0 0 0 1 0 0 0 1 0 0 0 1 0 1 0 0 0 
0 0 0 1 1 0 1 1 0 1 0 0 1 0 1 1 1 0 0 1 0 1 53 1 0 0 0 0 1 1 1 0 0 1 0 0 1 1 1 1 1 1 1 1 0 1 1 0 1 0 0 0 1 1 1 1 0 0 1 1 1 1 0 0 1 0 0 1 1 1 1 0 1 0 0 0 1 1 0 0 1 1 1 1 1 1 1 1 0 0 1 1 0 1 1 1 1 0 1 0 0 0 1 0 0 1 1 1 0 1 1 0 0 1 1 0 1 0 0 0 0 1 1 0 0 1 0 1 0 0 1 0 1 1 0 1 0 0 1 1 1 0 1 0 1 0 1 1 
0 1 0 1 0 1 0 1 1 1 1 1 1 0 1 1 0 1 0 0 1 0 0 96 1 1 1 1 0 0 0 0 1 0 1 0 0 0 1 0 1 0 0 1 1 1 1 1 1 1 0 1 0 0 1 1 1 1 0 0 1 1 0 1 0 0 0 0 0 1 1 0 0 0 0 1 0 1 0 0 1 0 0 0 1 0 1 1 1 0 0 1 0 1 0 1 1 1 1 0 1 0 1 1 1 0 1 1 0 1 0 1 0 0 1 1 0 0 1 0 0 0 0 1 0 0 0 0 1 1 0 0 1 0 1 0 1 0 0 1 1 1 0 1 0 1 0 0 
0 0 1 0 0 0 1 0 0 1 0 1 1 1 1 1 1 0 1 1 0 0 1 0 89 1 1 1 1 0 1 0 0 0 0 0 0 1 1 1 0 1 1 1 1 0 1 1 0 1 1 0 1 0 0 1 0 1 1 1 1 0 0 1 1 0 1 1 0 1 0 0 1 1 0 1 0 1 1 1 1 1 1 0 0 1 0 0 0 0 0 0 1 0 1 1 1 0 0 1 1 0 0 0 0 1 0 1 0 0 1 0 0 0 0 0 0 1 0 0 0 1 1 1 0 1 1 1 0 0 0 0 0 0 0 0 1 1 1 0 0 0 0 1 1 1 0 1 
1 1 0 0 0 0 0 0 1 0 1 0 1 0 0 0 0 0 0 1 1 1 1 0 0 56 0 1 1 1 1 1 1 1 0 0 0 0 0 1 0 0 1 0 1 1 0 1 1 0 0 1 1 0 1 0 0 1 0 0 1 1 1 0 1 1 1 1 1 1 1 1 1 1 1 0 0 0 1 1 1 1 0 1 0 1 0 0 0 0 0 0 0 1 0 1 0 1 1 0 1 1 1 0 1 0 0 0 1 1 1 0 1 1 0 1 0 0 0 0 0 1 1 1 1 1 1 1 1 1 0 0 0 0 0 0 0 1 1 0 0 1 1 0 1 1 0 1 
1 1 0 0 0 1 0 1 1 1 0 1 1 1 1 0 1 1 0 1 1 0 0 1 0 0 43 1 1 0 0 1 0 0 0 0 0 0 0 0 0 0 1 0 0 1 0 1 1 1 1 1 0 1 1 1 0 0 0 0 0 1 1 1 0 1 0 0 0 0 1 1 1 1 1 0 0 1 0 1 1 1 0 0 0 0 0 1 0 1 0 0 0 0 0 0 1 1 0 1 1 1 0 0 0 1 0 1 0 1 1 1 0 0 1 0 1 1 0 1 1 1 0 0 1 0 1 0 1 0 1 0 0 0 0 0 0 0 0 1 0 1 1 1 0 1 0 0 
1 1 1 0 1 0 0 1 1 0 0 1 0 0 1 0 1 1 0 1 1 0 0 1 1 0 0 46 1 0 0 0 1 1 1 1 1 0 1 1 1 0 0 1 0 1 0 0 1 1 0 1 0 1 0 0 0 0 0 1 1 0 1 0 0 1 1 1 1 1 0 0 0 0 0 1 1 1 1 1 0 0 1 0 1 0 1 0 1 0 0 1 1 0 1 1 1 1 0 1 1 1 1 0 0 0 0 0 1 0 1 1 0 0 0 0 1 1 1 1 0 1 0 0 0 1 0 1 0 1 1 0 0 0 1 1 0 1 1 0 1 1 1 1 1 1 0 0 
1 0 0 0 1 0 0 1 0 1 0 0 1 1 1 0 1 0 1 0 0 1 0 0 0 1 0 1 71 0 0 1 1 0 1 1 1 0 0 1 1 0 1 0 0 1 0 0 0 0 0 0 1 0 0 1 0 1 0 1 0 1 0 1 0 1 0 0 1 0 1 1 1 0 0 1 0 0 0 0 1 1 1 1 1 1 1 1 0 1 0 1 0 1 0 1 0 1 1 1 0 1 0 1 1 1 0 0 0 1 0 0 0 0 0 0 0 0 0 0 1 0 0 0 0 1 0 0 0 1 0 0 0 1 1 0 0 0 0 1 0 0 1 1 0 1 0 0 
0 0 1 1 0 1 1 1 0 0 1 0 0 0 1 1 1 1 1 0 1 0 1 0 0 1 0 0 1 1 0 0 0 1 0 0 1 1 1 1 0 0 0 0 0 1 0 0 1 1 0 0 1 0 0 0 1 1 1 1 0 1 1 0 0 1 1 0 0 1 0 0 1 1 1 1 1 1 0 1 0 1 0 0 1 1 1 0 0 0 1 0 0 1 0 1 1 1 0 1 0 0 0 0 0 1 0 0 1 1 0 0 1 1 1 0 1 1 0 1 0 1 0 1 0 1 0 0 1 0 1 0 0 1 1 0 0 0 0 1 0 1 1 0 0 0 0 0 
0 0 0 1 0 0 0 0 1 1 0 0 1 0 0 0 1 0 1 0 1 1 0 1 0 0 1 1 1 1 59 0 0 1 0 0 1 1 1 0 1 1 0 0 0 1 0 0 1 1 0 1 1 0 0 0 0 1 1 0 0 0 1 0 0 1 0 0 0 1 1 1 0 1 1 0 1 0 1 1 1 1 1 1 0 1 1 1 0 1 0 0 1 1 0 1 1 1 1 1 0 1 0 0 0 0 0 1 1 1 1 0 1 1 0 0 0 1 1 0 1 1 1 1 1 1 0 0 0 1 1 1 1 1 0 1 1 0 1 1 1 1 0 1 1 0 1 0 
0 1 0 1 1 0 0 0 1 1 0 1 1 0 1 1 0 1 1 1 0 0 1 1 1 0 1 1 1 0 1 33 1 0 0 1 0 0 0 0 0 0 1 1 0 0 0 1 0 1 1 1 0 0 1 1 0 0 0 1 1 1 0 1 0 0 1 1 1 1 0 1 0 1 1 0 0 0 1 1 1 1 1 0 1 0 0 1 0 0 0 1 0 0 0 0 1 1 0 0 1 1 1 1 1 0 0 0 0 0 1 1 0 0 0 0 1 0 0 0 1 0 0 0 0 1 0 1 0 1 0 1 1 1 1 0 1 1 0 1 0 1 0 0 1 1 0 1 
1 0 1 0 0 1 1 0 1 0 0 1 0 1 0 1 0 0 1 0 1 1 0 1 1 1 0 0 1 1 1 1 90 0 1 0 1 0 0 1 0 0 0 0 0 1 1 0 1 0 0 1 1 1 0 1 1 0 0 0 1 0 0 1 1 0 0 0 0 0 0 0 1 0 0 1 0 0 0 0 1 1 0 1 0 1 1 0 0 0 1 1 0 1 0 0 1 0 0 0 0 0 1 0 0 1 0 0 1 0 1 0 0 1 1 0 1 0 1 0 1 0 1 0 0 0 1 1 1 0 1 1 0 0 1 0 0 0 0 1 1 0 1 1 0 0 1 1 
0 1 0 1 1 1 1 1 1 1 0 1 1 0 0 1 1 1 1 0 0 1 1 0 1 0 1 1 1 0 0 0 0 73 1 1 1 1 0 1 1 1 1 1 1 1 0 1 1 1 1 0 1 0 1 1 0 1 1 0 1 1 1 1 0 0 1 0 1 1 1 0 1 1 1 0 0 0 1 0 0 0 1 1 0 1 0 0 0 1 1 1 0 0 0 1 1 0 0 0 0 1 1 0 1 1 1 0 0 1 1 0 1 1 1 0 1 0 0 1 0 0 0 1 1 1 0 1 1 0 0 1 0 1 0 1 1 1 1 1 1 0 0 0 1 1 1 1 
0 1 1 0 1 0 0 0 0 0 1 0 1 0 1 0 0 1 1 1 1 1 1 1 0 1 1 1 1 0 0 1 0 0 95 1 0 0 0 0 0 1 0 0 0 1 0 0 0 1 0 1 1 0 0 0 1 1 0 1 0 0 0 0 1 0 1 1 0 1 1 0 0 1 1 1 0 1 0 0 0 0 0 1 0 1 0 1 1 1 1 1 0 1 0 1 0 1 1 1 0 1 1 0 0 1 1 0 1 0 1 0 0 0 0 1 0 1 0 1 1 1 0 1 0 1 1 1 0 0 0 1 0 0 1 1 1 1 1 0 1 1 0 1 0 0 0 1 
0 1 1 0 1 0 1 0 1 1 1 0 1 0 1 1 1 0 1 0 0 0 0 1 0 0 1 1 1 1 1 0 1 1 0 91 1 0 1 0 0 1 1 0 0 0 0 1 0 1 1 0 0 1 0 0 1 0 1 1 1 0 0 0 0 0 0 0 1 0 0 0 1 1 0 0 1 1 1 0 0 0 1 1 1 0 0 1 1 0 0 0 1 0 0 0 1 1 1 1 1 0 1 0 0 1 0 1 1 0 0 1 1 0 0 1 1 1 1 0 0 1 0 1 1 1 0 0 0 0 1 0 1 1 0 0 0 1 0 1 0 1 0 1 0 0 0 0 
1 1 1 1 0 0 0 0 1 0 1 0 1 0 1 0 1 0 0 1 1 1 1 1 0 1 1 1 1 1 0 0 1 0 0 1 55 0 1 1 1 0 0 1 0 0 0 1 0 1 1 0 0 0 0 0 1 0 1 1 1 0 1 0 1 1 1 1 1 0 1 0 0 1 1 1 0 0 1 1 1 0 0 1 0 1 1 1 0 0 1 0 1 0 1 0 1 0 0 0 0 1 1 1 1 1 1 0 1 1 1 0 0 0 1 1 1 0 1 1 1 0 0 0 0 1 1 1 0 0 0 0 0 0 0 0 0 0 1 1 1 0 1 0 1 0 0 1 
0 0 1 1 0 0 1 0 0 0 0 1 1 0 0 0 1 0 1 1 0 0 1 0 0 1 1 1 1 0 1 1 1 1 0 0 0 67 1 0 0 0 1 0 0 0 1 0 1 1 1 1 0 0 0 0 1 1 0 0 1 0 1 0 1 1 0 1 0 1 1 0 1 0 1 0 1 1 0 0 1 1 1 1 1 1 0 1 1 0 0 0 0 0 1 0 0 0 0 1 0 0 0 0 1 0 0 1 0 0 0 0 1 0 1 1 0 0 0 1 1 0 1 0 1 0 1 0 1 1 0 0 0 0 1 0 1 0 1 1 1 1 0 0 0 0 0 0 
0 1 0 0 0 0 1 0 1 0 1 0 1 0 0 0 0 0 0 1 0 0 0 0 0 1 0 0 1 1 1 1 1 0 1 0 1 0 38 0 1 1 1 1 1 0 0 1 0 0 0 0 0 1 0 0 1 1 0 0 1 0 1 0 1 1 0 1 0 1 0 0 0 1 0 1 1 1 0 0 1 0 1 0 1 1 1 1 0 1 1 0 1 1 0 1 0 0 1 1 1 1 0 1 1 1 1 1 0 1 1 1 1 1 1 1 0 1 1 1 0 1 0 1 1 0 1 0 1 1 0 1 0 0 0 1 1 0 0 1 1 0 0 0 1 0 0 0 
0 1 1 1 0 1 1 1 1 0 1 0 0 1 0 1 0 1 1 1 1 0 0 0 0 0 1 0 1 1 0 0 1 0 1 0 1 0 0 33 0 1 0 0 1 1 0 0 0 0 0 1 0 1 0 0 1 1 1 1 1 1 0 1 1 1 1 1 1 0 1 0 0 1 0 0 0 0 0 1 0 0 1 0 0 1 1 0 0 1 1 0 1 0 0 0 1 0 1 0 1 1 1 0 1 1 1 1 0 0 1 1 1 0 1 1 0 0 0 1 1 1 1 0 0 1 1 1 0 0 0 0 0 0 0 1 0 1 0 0 0 0 1 1 1 0 0 0 
0 1 1 1 1 0 1 1 1 1 1 1 1 1 0 0 1 1 1 1 1 1 0 1 1 1 1 1 1 0 1 0 0 0 0 0 1 0 1 0 69 0 0 1 1 1 0 1 1 0 1 0 1 0 0 0 1 0 0 0 0 0 0 1 0 1 1 0 1 1 1 1 1 1 0 1 1 0 0 0 0 0 0 1 0 1 1 0 0 1 1 0 0 0 0 1 1 0 0 0 0 0 1 0 0 1 1 1 0 1 1 1 1 1 1 0 1 1 1 0 1 1 0 1 1 1 1 1 1 0 1 1 0 0 0 1 1 1 0 0 0 0 0 0 1 1 0 0 
0 0 1 1 0 0 0 1 1 0 0 0 0 1 1 0 1 0 1 1 0 1 1 1 0 1 1 1 0 0 1 1 0 0 0 0 1 1 0 0 1 51 1 1 1 0 1 0 0 1 1 0 1 0 0 1 0 0 0 1 0 1 1 0 1 1 0 1 1 0 0 0 1 1 0 0 0 0 0 0 0 1 0 1 0 1 0 1 0 0 0 1 1 1 1 0 1 1 1 0 1 1 1 0 1 0 0 1 0 1 1 1 1 0 1 1 1 0 1 1 0 0 1 1 1 1 1 0 1 0 0 0 0 1 0 0 0 1 1 1 1 1 0 1 1 1 1 0 
1 1 1 0 1 1 0 1 0 1 0 1 1 0 0 0 0 0 1 1 1 1 1 0 0 1 1 1 1 0 1 0 0 0 0 0 0 0 1 1 0 0 59 0 0 0 1 1 1 0 0 0 1 1 0 0 1 1 1 1 1 1 0 1 1 1 1 0 1 0 1 0 1 1 0 1 0 1 0 1 1 0 0 1 0 0 0 1 1 1 1 0 0 0 1 0 0 1 0 1 0 1 1 0 1 1 1 1 1 0 1 1 0 1 0 1 0 1 0 0 1 1 0 1 0 1 1 0 0 1 0 1 1 1 0 1 0 1 1 1 1 0 0 0 1 1 1 0 
0 0 1 1 1 0 0 1 1 1 1 0 0 1 1 1 0 1 0 0 0 0 1 1 0 1 0 1 0 1 1 1 1 1 0 0 1 0 0 0 1 1 1 89 1 0 0 1 1 1 0 0 0 0 1 0 1 0 1 0 0 1 1 1 0 0 1 0 0 1 1 0 1 1 0 0 0 0 1 0 0 1 1 0 0 0 0 0 0 1 1 1 0 1 0 0 0 0 1 1 0 1 0 0 1 0 0 1 0 1 0 1 1 0 0 0 1 1 1 1 0 1 0 1 0 1 1 0 0 1 0 0 1 1 1 1 1 1 0 0 1 0 1 0 1 1 0 0 
0 1 1 0 0 1 1 1 0 0 0 1 1 1 1 1 0 0 0 1 0 1 1 1 0 1 1 0 1 1 0 0 0 0 1 1 1 1 0 1 0 1 0 0 17 0 0 1 0 0 0 0 0 0 0 0 0 1 0 0 0 0 1 1 1 1 1 0 0 0 1 1 1 1 0 1 0 1 0 1 0 0 0 1 1 1 0 0 1 0 1 0 0 0 0 1 0 1 0 1 1 1 1 1 1 1 0 1 1 1 0 0 0 0 0 1 1 1 1 1 0 0 0 0 0 0 1 1 0 0 1 0 0 1 1 1 1 1 1 0 0 0 0 1 0 0 1 0 
1 0 0 0 0 0 1 0 0 0 0 1 0 0 1 0 1 0 1 1 1 1 0 1 1 1 1 1 0 0 1 1 1 1 1 1 1 0 1 1 1 0 0 1 0 52 1 1 0 1 1 0 0 1 1 1 1 0 1 1 1 1 1 1 0 1 0 0 0 0 1 0 0 1 0 1 1 1 0 1 0 0 1 1 1 1 1 1 1 1 0 0 0 1 1 0 0 0 1 0 0 0 0 1 1 0 1 0 0 0 0 1 1 1 0 0 1 1 0 0 0 1 1 0 0 0 1 0 1 1 0 1 1 0 1 0 0 1 0 1 0 1 1 1 0 1 0 0 
0 0 0 0 0 0 1 1 1 0 0 0 1 1 1 0 0 1 1 0 1 1 1 1 1 1 0 0 1 0 1 0 1 1 0 0 0 0 1 0 1 1 0 1 1 1 59 1 0 0 0 0 0 1 0 0 0 1 1 1 1 0 0 0 0 1 1 0 0 1 1 0 1 1 1 1 0 1 0 1 1 1 1 1 0 0 0 1 0 1 0 0 0 1 1 1 1 0 1 1 0 0 0 1 1 1 0 1 1 0 1 0 1 1 1 1 0 0 0 0 0 0 1 1 0 0 1 0 1 0 0 0 1 0 1 0 1 0 0 1 0 0 1 0 0 1 1 0 
1 0 1 1 1 0 1 1 0 1 0 0 1 1 0 0 1 1 0 1 0 0 0 0 1 0 1 1 1 0 0 0 0 0 0 1 1 0 0 1 1 1 0 1 1 1 0 94 0 0 0 1 0 1 0 0 0 0 1 1 0 0 0 1 0 1 0 1 1 0 1 1 1 0 0 1 0 1 1 0 0 1 0 1 0 1 1 1 0 0 0 1 0 1 0 1 0 0 0 0 1 0 1 1 1 0 0 1 1 1 0 1 1 0 1 0 0 0 0 0 1 1 0 1 1 0 0 1 1 0 1 0 0 0 0 0 1 0 1 0 1 1 0 1 0 1 0 0 
1 0 0 1 1 1 1 0 0 1 0 0 0 1 1 1 0 0 0 0 1 1 1 1 0 1 1 1 0 0 1 0 0 0 0 0 1 0 0 0 0 0 1 1 1 0 1 1 92 0 1 1 1 1 1 0 0 1 0 0 1 0 1 1 0 1 0 0 1 0 0 1 0 1 1 0 1 0 0 1 0 0 0 0 1 1 1 0 0 1 1 1 1 1 0 0 0 1 0 0 0 0 1 1 0 1 0 0 0 0 1 0 1 1 1 0 0 0 0 1 1 0 0 1 1 0 1 0 1 1 0 0 1 1 0 1 1 1 1 0 1 0 0 1 1 0 0 0 
0 1 1 0 1 0 1 1 0 1 1 1 1 0 0 0 0 0 0 0 0 1 0 0 0 1 1 1 1 1 0 1 1 1 1 1 0 1 0 0 0 1 1 0 0 1 1 1 0 22 0 1 0 0 1 1 0 1 1 1 1 1 0 1 1 0 1 1 1 0 0 1 1 0 1 0 0 1 1 0 1 0 0 0 0 0 0 0 1 0 0 0 0 0 1 0 0 0 0 0 0 1 0 1 0 0 0 1 0 0 0 0 1 0 0 1 0 0 1 0 0 0 0 1 0 0 1 0 1 1 1 0 1 0 1 0 1 0 0 1 1 0 1 1 1 0 0 0 
1 0 1 0 1 1 1 1 0 1 0 1 1 0 1 1 1 0 1 1 0 0 0 0 0 1 1 0 1 1 0 0 0 0 0 1 0 0 0 0 1 1 1 1 0 0 1 0 0 0 84 1 0 1 1 1 0 1 1 1 0 0 0 0 1 1 0 1 0 1 0 0 1 1 0 1 1 1 0 1 1 1 1 0 0 1 0 1 0 0 0 0 0 1 0 0 1 1 1 1 1 0 1 0 0 0 0 1 0 1 1 1 0 0 1 0 1 1 0 0 0 1 1 1 1 0 0 0 1 0 0 0 1 0 1 0 1 1 0 1 0 0 1 0 1 1 0 1 
1 1 0 0 0 0 1 1 0 1 1 1 0 1 0 1 0 1 1 0 0 0 1 0 0 0 1 0 1 0 1 1 1 0 0 1 1 0 1 0 0 0 0 0 1 0 0 1 1 0 1 0 1 1 1 0 0 0 1 1 0 0 1 1 0 0 0 1 0 1 1 0 0 1 1 1 1 1 1 0 0 1 0 0 0 0 0 1 1 1 1 1 0 0 0 0 0 0 0 0 1 1 1 0 0 0 0 0 1 0 1 1 0 1 0 0 0 0 0 1 1 0 0 0 0 1 1 0 0 0 1 1 1 0 1 1 0 0 0 1 0 1 0 0 1 1 0 0 
0 0 0 0 1 1 1 0 1 1 1 1 1 0 0 1 0 0 0 1 1 1 1 0 1 0 0 1 1 1 1 1 1 0 1 0 1 0 1 1 1 1 1 0 0 0 1 0 1 0 0 1 35 1 0 1 0 0 1 1 1 0 1 0 1 1 1 0 1 1 0 1 0 1 1 0 1 0 0 0 1 1 1 1 1 0 0 0 1 0 1 1 1 1 1 1 0 1 0 1 1 1 1 0 0 0 0 0 0 1 0 1 1 0 0 1 1 0 1 0 0 0 1 1 0 1 1 1 1 0 1 1 1 0 1 0 0 1 1 1 0 0 1 1 0 0 1 1 
0 1 1 1 0 1 0 0 1 0 0 1 0 1 1 0 0 0 0 0 1 1 0 0 1 1 1 1 0 0 0 0 0 0 0 0 1 1 0 0 0 1 1 1 0 0 1 1 1 0 1 0 1 21 0 0 0 0 1 1 0 0 1 0 0 0 1 1 1 1 0 1 1 0 1 1 0 1 0 1 1 0 1 0 0 0 0 0 1 0 0 1 0 0 1 0 0 1 1 1 1 1 0 1 0 1 1 1 0 0 0 1 1 0 1 0 1 1 0 1 1 0 0 1 0 0 1 1 1 1 1 0 1 0 0 0 0 1 0 1 0 1 1 0 1 0 0 0 
1 1 0 0 1 1 1 1 1 1 1 1 1 1 1 0 0 1 0 0 1 1 0 0 1 0 0 1 1 0 1 1 1 1 1 1 1 0 0 1 1 1 1 0 1 1 1 1 0 0 0 1 0 0 80 0 1 0 0 0 0 0 0 1 1 1 0 1 1 0 1 1 1 1 1 0 1 1 1 1 0 0 0 0 0 1 0 0 1 0 1 0 0 1 0 0 1 0 1 0 1 0 0 0 1 0 0 1 0 1 0 0 1 1 1 1 0 1 1 0 1 0 0 0 1 1 1 0 0 0 0 0 1 0 1 0 0 1 0 1 1 0 1 1 0 1 0 1 
0 1 1 1 1 1 0 1 0 0 1 1 0 0 0 0 0 0 0 1 0 1 0 0 0 0 1 1 1 0 0 0 0 0 1 0 0 0 1 0 0 1 0 0 1 0 0 0 0 1 1 1 0 0 0 60 0 0 1 0 0 0 0 1 0 0 1 1 0 1 1 1 1 0 1 0 0 0 0 0 0 1 1 1 0 1 1 0 1 1 0 0 1 1 0 0 1 1 0 0 0 1 0 0 0 0 0 1 1 0 0 0 0 0 1 0 0 0 0 0 0 0 0 0 1 1 0 0 1 1 1 0 0 0 0 1 1 0 0 1 0 1 0 1 1 1 0 0 
0 0 1 0 0 0 0 0 1 0 1 0 0 0 1 0 0 1 0 1 0 0 1 0 0 0 1 0 1 0 1 0 0 1 1 1 0 0 1 0 1 1 0 1 0 1 1 0 1 0 1 0 0 1 0 1 45 1 1 1 0 0 0 0 0 1 1 0 1 1 1 0 1 0 0 1 1 0 0 0 0 1 1 0 0 0 0 1 1 1 0 1 0 0 0 0 0 0 0 1 1 1 1 0 1 0 1 0 1 1 1 0 1 0 0 0 0 1 0 0 1 0 0 0 0 0 1 0 0 1 1 0 0 1 0 1 0 0 1 1 1 0 0 1 0 1 0 0 
0 1 0 1 1 1 0 0 0 0 0 1 0 0 0 0 1 0 0 0 1 1 1 0 1 0 0 0 0 1 1 0 0 1 1 1 1 1 1 0 0 0 1 1 1 0 1 0 0 1 0 1 0 0 1 0 1 41 1 0 1 0 1 0 0 1 1 1 1 0 1 0 1 0 1 1 1 0 0 0 1 1 1 0 1 1 1 1 1 1 0 0 0 1 0 1 0 0 1 0 0 0 1 0 0 0 1 1 1 0 1 1 0 0 1 1 1 0 0 0 0 0 0 0 1 0 0 1 1 1 0 1 1 0 1 0 1 0 0 1 1 1 0 1 0 0 1 0 
1 0 1 0 1 0 0 0 0 0 1 1 0 0 1 0 0 0 1 1 1 1 0 0 1 1 0 1 1 0 1 0 1 0 0 0 1 0 0 1 1 1 1 0 0 1 1 1 0 1 0 0 1 0 0 0 0 0 29 0 1 1 1 0 0 0 1 0 1 0 1 1 1 1 0 1 1 0 1 1 1 1 0 1 0 1 0 0 1 1 0 0 1 1 1 0 0 1 1 1 1 0 1 1 0 1 1 1 1 0 1 1 0 0 1 1 1 0 1 0 1 0 0 1 1 1 0 0 0 1 1 0 0 1 0 0 0 1 0 1 0 1 1 0 1 0 1 0 
0 0 1 0 0 0 0 1 0 1 1 1 0 1 1 1 0 0 1 1 0 1 1 1 0 0 1 1 0 0 1 0 1 1 0 1 1 0 0 0 1 0 1 1 0 0 1 1 1 1 0 1 0 1 1 0 1 0 0 93 1 0 0 1 0 0 0 0 1 0 1 0 1 0 1 1 1 1 0 0 1 1 0 1 1 1 0 1 0 0 0 0 0 1 0 1 1 1 0 1 1 0 0 0 0 1 1 0 0 1 0 0 1 1 0 0 1 1 1 0 1 0 0 0 1 1 1 1 0 1 0 0 0 0 1 0 1 0 0 1 1 0 1 0 1 0 0 0 
0 0 0 0 0 1 0 1 0 1 1 0 0 0 0 1 1 1 0 0 0 0 1 0 0 0 0 0 1 0 0 1 0 0 0 1 0 0 1 1 0 0 1 1 0 0 1 0 0 0 1 1 1 0 0 0 0 0 1 0 50 1 0 0 1 1 0 1 1 0 1 1 0 0 0 0 0 0 0 0 0 0 1 0 0 1 1 1 1 0 1 1 0 1 0 1 0 1 0 1 1 1 0 0 1 1 0 1 0 0 1 1 0 0 1 1 1 1 0 1 0 0 0 0 1 1 0 1 0 0 1 0 1 0 1 0 0 0 1 1 1 0 0 1 0 0 1 0 
0 1 0 0 0 0 1 1 1 0 1 0 1 0 1 1 1 1 0 1 0 0 0 0 0 0 1 0 0 0 1 0 0 1 0 1 0 0 1 1 0 0 1 1 1 1 0 0 0 1 0 1 1 1 1 0 0 1 1 1 1 7 0 0 0 0 0 1 0 0 0 1 0 1 1 0 1 1 1 1 0 1 0 0 1 1 0 0 0 1 0 1 0 0 0 1 1 0 1 0 0 0 0 1 1 1 0 1 0 1 1 0 1 0 1 0 1 1 0 0 0 1 1 1 1 1 1 1 0 1 1 1 1 1 1 1 0 1 0 0 0 1 0 1 1 1 1 0 
1 0 0 1 0 0 0 0 1 0 0 1 1 1 0 1 0 0 1 1 1 1 1 0 0 0 0 1 1 1 1 1 1 0 0 0 1 1 1 1 1 1 1 1 1 0 0 1 1 0 1 0 0 0 1 0 1 1 0 0 0 1 32 0 1 1 0 0 1 1 0 1 1 1 0 0 1 0 0 0 1 0 0 1 1 1 0 0 1 1 1 1 0 0 1 0 0 1 0 1 0 1 1 1 1 1 1 1 1 1 0 1 1 0 0 0 0 1 1 1 0 0 0 1 1 0 0 1 1 1 1 1 0 1 1 0 0 0 0 0 0 0 1 0 0 1 0 0 
0 0 0 0 0 1 0 0 1 1 1 1 0 1 0 1 0 0 0 0 0 0 1 0 1 1 0 0 0 1 0 0 1 1 1 0 0 0 1 0 1 1 1 0 0 0 0 1 1 1 0 0 1 1 0 0 1 0 0 1 0 0 0 23 0 0 0 1 0 1 0 1 0 0 1 0 1 0 1 1 1 0 1 1 0 0 0 0 0 1 1 1 0 0 1 0 1 0 1 1 0 1 0 0 0 1 1 0 1 0 1 0 1 0 1 0 0 1 0 1 1 0 1 0 0 0 1 0 1 0 1 1 0 0 1 1 0 1 0 1 1 1 1 1 0 1 0 1 
0 1 1 0 0 0 0 0 0 1 1 1 1 0 1 1 0 0 1 1 1 0 0 0 1 0 1 0 0 0 1 0 1 1 0 0 1 1 0 0 0 0 0 1 0 0 1 0 1 1 0 0 1 0 0 1 0 0 1 1 1 1 0 0 60 0 1 0 1 0 1 0 1 1 0 1 1 0 1 0 1 1 1 1 1 0 0 0 1 0 0 0 1 1 0 1 1 0 0 1 1 0 1 0 0 0 1 1 1 0 1 1 0 1 0 0 0 0 1 1 1 1 1 0 1 1 1 0 1 0 0 0 0 1 1 1 0 0 1 0 1 1 1 0 1 0 0 0 
0 1 1 1 0 0 1 1 0 0 0 0 1 1 1 0 0 0 1 1 1 0 0 0 1 1 1 1 0 1 0 1 1 0 0 1 1 0 0 0 0 1 1 1 0 0 0 1 0 1 1 1 0 1 1 1 1 0 0 1 0 1 0 1 0 89 1 1 0 0 1 0 0 1 0 1 0 1 1 0 1 1 1 0 0 0 0 0 0 1 0 1 0 0 0 1 1 1 0 0 0 0 1 1 1 1 0 1 0 1 0 1 0 0 0 1 1 0 1 1 1 1 1 1 1 1 0 0 1 0 0 1 0 0 0 0 0 0 1 0 1 0 0 0 1 1 0 0 
0 1 0 1 1 0 0 1 1 1 0 0 0 1 1 1 1 0 1 0 1 1 1 0 1 0 0 1 0 0 1 0 0 1 1 1 1 0 0 0 0 1 1 0 0 1 0 0 1 1 1 0 0 0 0 0 0 0 1 1 0 0 0 1 0 0 40 1 1 1 1 0 1 1 1 1 1 0 0 1 1 1 1 0 1 1 0 1 0 0 0 0 1 1 1 1 1 1 1 1 0 1 1 0 1 1 0 0 0 1 1 1 0 1 1 1 0 1 0 1 0 1 1 1 0 0 0 1 0 0 1 0 1 1 0 0 1 1 1 0 1 0 0 1 0 1 1 0 
0 0 0 1 0 1 0 1 1 1 1 0 1 0 1 0 1 0 1 0 1 0 1 1 0 0 0 1 1 0 1 0 0 0 1 0 0 0 1 1 0 0 1 0 0 0 1 0 1 1 1 0 1 0 0 0 1 1 1 1 0 0 1 1 1 1 0 21 0 0 0 0 1 0 1 0 1 0 0 0 0 0 0 1 1 0 0 1 0 1 1 0 0 0 1 0 1 1 0 0 1 1 0 1 1 0 1 0 0 1 1 0 1 1 0 0 0 0 1 1 1 1 1 1 1 1 1 1 1 0 0 1 0 0 1 0 0 0 0 1 1 1 1 1 0 1 1 1 
0 1 1 0 0 0 0 0 0 1 1 0 0 0 1 1 0 0 1 0 1 0 0 0 1 1 0 1 0 0 0 0 1 1 1 1 1 1 1 1 1 1 0 1 1 1 1 0 1 1 0 0 1 1 0 0 1 1 1 0 1 1 1 1 1 0 1 0 9 0 1 0 1 1 0 1 0 0 0 1 1 0 0 0 1 1 0 1 1 0 0 1 0 1 1 1 1 1 1 0 0 1 1 0 0 1 0 0 0 1 0 1 0 1 1 1 0 0 1 0 1 0 0 1 0 0 0 1 0 1 1 1 0 0 1 1 1 1 0 1 0 0 0 0 1 1 0 1 
0 0 0 0 1 1 0 0 0 1 1 1 1 1 1 0 0 0 0 1 0 1 0 0 0 0 0 0 0 0 0 0 0 0 1 0 1 1 1 0 1 0 1 0 0 0 0 0 1 0 1 1 1 1 1 1 0 1 0 0 1 1 0 0 1 0 1 0 1 43 0 1 0 0 0 1 0 0 1 1 1 1 1 0 1 0 1 1 0 1 0 0 1 1 0 0 1 1 0 0 1 0 1 0 0 0 1 1 1 0 1 0 1 0 0 1 1 0 0 1 0 0 1 1 1 0 1 0 1 0 0 1 1 1 1 0 1 1 1 1 0 0 0 1 1 1 1 0 
1 0 0 1 1 1 0 1 1 0 0 0 1 0 1 0 0 1 1 0 1 0 1 1 0 0 1 1 0 1 0 0 0 0 1 1 1 1 0 1 0 1 1 0 0 1 0 1 1 0 0 0 0 1 1 0 0 0 0 0 1 0 0 0 1 0 1 1 1 1 29 0 0 0 1 1 0 1 1 0 0 1 1 1 1 0 0 0 1 1 1 0 0 0 0 0 1 0 1 0 1 1 0 0 1 1 1 0 1 0 0 1 0 1 0 0 0 0 1 0 1 0 0 1 1 1 0 1 1 1 1 0 0 0 1 0 0 1 0 1 0 1 0 1 1 0 1 0 
1 1 0 0 1 0 1 0 1 0 1 0 0 1 1 1 1 0 1 1 1 0 0 1 1 0 0 1 1 1 1 0 1 0 0 1 1 1 0 1 1 1 0 0 0 0 1 0 0 1 0 0 1 0 0 0 1 0 0 1 1 0 1 0 0 0 1 1 1 0 1 37 1 0 0 0 1 1 1 1 0 0 1 1 1 0 0 0 0 0 1 1 0 1 0 1 1 0 0 0 1 1 0 0 0 0 1 0 1 0 1 1 0 1 0 1 1 1 1 0 1 0 0 1 1 1 0 0 0 0 1 1 1 1 1 0 1 0 0 0 1 1 0 0 0 1 1 1 
0 0 1 0 0 1 0 1 0 0 0 0 0 1 0 0 0 0 0 0 1 1 0 0 0 1 0 0 0 0 1 0 1 0 1 1 1 1 0 0 1 0 0 0 0 1 0 0 0 1 0 0 1 1 1 1 1 1 0 1 0 0 0 0 0 0 0 0 1 0 0 0 62 0 0 0 0 0 0 1 1 0 0 1 1 1 0 0 1 1 1 1 1 0 1 1 1 0 0 1 1 1 1 0 0 0 1 1 0 1 0 0 0 0 1 0 0 1 0 0 1 1 0 0 0 0 1 0 0 0 0 0 1 1 1 0 0 1 1 1 0 1 0 1 0 1 0 0 
1 0 1 1 1 0 0 1 0 1 1 0 0 0 0 1 0 0 0 1 0 0 0 0 0 0 1 0 0 1 1 1 0 1 1 0 1 0 1 0 0 0 1 0 1 1 0 1 1 1 1 0 1 0 1 0 0 1 1 0 1 0 0 1 1 1 0 1 1 0 0 1 1 96 1 0 0 1 0 1 1 0 1 0 0 1 1 0 1 0 0 1 1 1 1 0 1 1 1 1 1 1 0 1 1 0 0 1 0 0 1 0 0 0 1 0 0 0 1 1 0 1 0 1 1 1 0 0 1 0 0 1 0 0 0 0 1 1 1 0 1 0 1 0 0 1 1 0 
0 1 0 0 1 1 0 1 0 1 1 1 1 1 1 1 1 0 1 0 0 1 1 1 0 1 1 1 0 0 1 0 0 0 1 1 1 1 0 0 1 1 0 1 0 1 1 1 0 0 0 1 0 1 0 1 0 0 1 1 1 0 1 1 1 1 0 0 1 0 1 0 1 0 47 1 0 1 1 1 1 1 1 1 1 1 0 0 0 0 1 1 0 0 0 1 1 0 1 1 0 1 1 1 0 0 1 1 1 0 0 0 0 1 1 0 1 0 1 0 1 1 0 1 1 0 1 0 0 0 0 1 1 0 1 0 0 1 1 0 0 1 0 0 1 1 1 0 
1 0 0 0 0 0 0 1 0 1 1 0 0 0 1 1 0 0 0 0 1 1 1 0 0 1 1 1 1 1 0 0 0 1 0 1 0 0 0 0 0 0 1 1 1 0 0 1 1 0 0 0 0 0 1 0 0 0 1 0 1 0 0 0 1 1 1 0 1 1 0 1 0 0 0 15 0 0 1 0 1 0 1 0 1 0 1 1 0 0 1 1 1 0 0 1 0 0 1 0 0 1 0 0 1 0 0 0 1 0 0 0 0 1 0 0 0 1 1 0 1 1 0 1 1 1 1 1 1 0 0 0 1 1 0 1 0 1 0 0 0 0 0 1 0 1 0 0 
0 1 0 0 0 0 1 0 0 0 1 1 0 1 1 0 0 0 0 0 0 1 1 1 0 1 0 1 1 0 1 1 0 1 0 0 1 0 1 1 0 1 1 0 1 1 0 0 1 0 0 1 1 1 0 0 0 0 0 0 1 1 1 1 0 0 0 1 1 0 1 0 0 0 1 0 10 1 1 1 1 0 1 1 1 1 0 0 0 1 1 1 1 1 0 1 0 0 0 0 1 1 1 1 1 1 1 1 0 0 1 0 1 0 0 1 0 0 0 0 1 0 0 1 1 0 0 0 1 1 0 0 1 1 0 1 1 1 0 1 1 1 0 0 1 1 0 1 
0 1 1 0 0 0 0 1 0 1 0 0 1 0 0 1 1 1 0 1 0 1 0 1 0 0 1 0 1 0 1 1 0 0 0 0 0 0 0 0 0 1 0 0 1 0 0 0 1 1 1 0 1 1 1 0 0 1 1 0 0 0 0 1 0 0 1 0 1 0 0 1 0 0 1 1 1 48 0 1 1 0 1 1 0 0 0 1 1 1 1 1 1 0 1 0 1 1 1 1 1 1 1 0 1 1 1 1 0 0 0 0 0 1 1 0 0 1 0 1 0 0 1 0 1 0 0 0 1 0 0 1 0 1 1 0 0 1 0 1 1 0 1 0 1 0 0 1 
0 1 1 0 1 1 0 0 0 0 0 0 1 0 0 0 1 0 0 0 1 0 0 0 0 0 1 0 0 1 1 0 0 0 0 0 1 0 1 1 1 0 0 1 0 0 0 0 0 0 1 1 0 1 1 0 1 0 1 0 1 0 0 0 0 0 0 0 1 1 0 1 0 1 0 0 0 1 71 1 1 0 1 1 0 1 0 1 0 1 1 1 1 1 1 0 1 0 0 0 1 1 1 1 0 1 0 0 1 1 1 1 1 0 1 1 0 0 0 1 1 1 0 0 0 1 1 0 0 1 1 1 0 0 1 1 0 1 1 1 1 1 0 1 1 1 1 0 
0 1 1 1 0 0 0 1 0 0 0 1 0 0 0 1 0 1 0 1 1 1 0 1 1 1 0 1 0 0 1 1 0 0 1 0 0 0 1 1 1 1 0 0 1 0 1 1 1 1 0 1 1 0 1 1 0 1 1 1 0 0 0 0 1 1 0 0 0 0 1 0 0 0 1 0 1 0 1 37 1 1 1 1 1 0 0 1 1 0 1 1 0 1 1 0 0 1 1 1 1 1 0 0 1 0 0 0 1 0 0 0 1 1 1 1 0 0 1 1 0 1 1 0 0 1 0 1 0 0 1 0 1 1 0 0 1 1 1 0 1 1 1 1 0 1 1 1 
1 0 0 1 1 1 1 1 0 0 1 0 0 0 0 1 0 0 1 1 1 1 1 0 0 1 1 1 0 1 0 1 0 0 0 0 1 1 1 0 0 0 1 1 0 0 1 0 0 1 1 1 0 0 1 0 1 1 1 1 1 1 0 0 0 0 1 1 0 1 1 0 1 0 1 1 1 1 0 1 28 0 0 0 0 1 0 0 1 1 0 0 1 0 1 1 0 1 1 0 1 1 1 1 0 0 0 0 1 1 0 1 0 1 1 1 1 1 1 1 0 0 0 1 1 0 0 1 1 0 0 0 0 0 1 0 0 1 1 0 1 1 1 0 1 0 0 0 
0 1 1 1 1 0 1 0 1 1 0 0 1 0 1 0 1 0 1 0 0 1 1 1 1 0 1 0 1 1 1 0 1 1 0 1 1 0 0 0 1 0 0 1 0 1 1 1 0 0 1 1 1 0 0 1 0 0 1 0 1 1 1 0 1 1 1 1 1 0 1 1 1 0 1 0 1 0 0 0 0 96 1 1 0 0 0 1 1 1 1 1 1 0 0 0 0 1 0 1 1 1 1 1 0 1 1 0 1 1 1 1 1 0 0 1 0 0 1 1 0 0 1 1 1 1 1 0 1 1 0 1 1 0 1 1 1 0 1 1 0 0 0 1 0 0 0 0 
1 1 0 1 0 0 0 1 0 0 0 0 0 1 0 0 0 1 1 0 1 1 1 1 1 0 1 1 1 0 0 1 0 0 0 1 0 1 1 0 0 0 1 0 0 0 0 1 0 0 1 0 0 0 0 0 0 0 0 0 1 1 0 1 1 1 0 0 0 1 0 0 1 0 0 0 1 0 0 1 1 1 74 0 1 1 1 0 0 0 0 0 0 1 1 1 1 1 1 1 1 0 0 0 0 1 0 1 1 0 1 0 0 1 1 1 0 0 0 0 0 0 0 0 1 0 0 1 0 0 1 1 0 1 0 1 1 0 1 0 0 1 0 0 1 0 0 1 
0 1 0 0 1 0 0 1 1 1 0 1 0 1 1 0 1 0 0 1 1 1 0 1 0 1 0 1 1 1 0 1 1 1 1 1 1 0 1 0 0 0 1 1 0 0 1 0 1 0 1 0 0 1 0 1 0 0 0 1 1 1 0 0 0 1 0 0 1 0 1 1 1 1 1 0 0 1 0 0 0 0 0 29 0 0 1 0 0 1 0 1 1 1 0 0 0 0 1 0 1 0 1 1 0 0 0 1 0 0 1 1 1 1 0 1 1 0 0 1 1 0 1 1 1 0 1 0 0 1 1 0 0 1 1 1 0 1 0 0 1 1 0 1 0 1 1 1 
1 0 0 0 1 0 1 1 0 0 0 1 1 1 1 1 1 0 0 0 0 1 1 1 0 1 1 0 1 0 0 1 0 1 1 0 1 1 1 0 0 1 1 1 1 0 0 1 1 1 0 1 0 0 1 1 0 1 0 0 1 0 1 1 0 0 1 0 1 1 0 1 1 0 0 1 0 0 1 1 0 0 1 0 69 0 0 0 0 1 0 0 1 1 1 1 1 0 0 1 1 1 0 0 0 1 0 1 0 1 1 0 0 1 1 1 0 1 0 1 0 0 1 1 0 1 0 1 1 0 1 1 1 0 1 0 1 0 1 0 1 0 0 1 0 0 1 0 
1 0 0 0 1 0 1 0 0 0 0 0 0 1 0 0 0 1 0 0 0 0 0 0 1 0 0 0 1 0 1 1 1 0 1 1 0 1 1 1 1 0 1 0 0 1 1 0 0 1 1 1 1 1 1 1 0 0 1 0 0 0 0 0 0 0 1 0 1 0 0 1 0 0 0 0 1 1 1 0 1 0 1 1 0 8 1 1 1 0 1 1 1 0 1 1 1 1 1 0 1 0 1 0 1 1 1 0 1 0 1 1 1 0 1 1 1 1 0 0 1 0 0 0 1 0 0 1 0 1 1 0 0 0 1 0 1 1 1 1 0 0 0 0 0 0 0 1 
1 0 0 0 0 1 1 1 1 0 1 1 1 1 1 0 1 1 0 0 0 0 0 0 0 1 0 0 1 0 0 0 0 0 0 0 0 0 0 1 1 0 0 0 1 1 0 0 1 0 0 0 1 1 0 0 0 1 1 0 0 1 0 1 1 0 0 1 0 0 0 0 1 1 1 0 0 0 0 1 0 0 0 0 0 1 90 1 1 1 0 1 1 0 1 1 1 1 1 0 0 1 1 0 1 1 1 0 0 0 1 0 1 1 1 0 1 0 1 0 0 0 1 1 1 1 0 1 0 1 0 0 1 0 1 0 0 1 0 1 1 1 0 0 0 1 0 1 
1 1 1 0 1 0 1 0 1 0 1 0 1 1 1 0 1 0 0 0 1 0 1 1 0 0 0 0 0 0 1 0 1 1 0 0 1 0 0 0 0 0 1 1 0 0 0 1 0 0 0 0 0 0 0 1 1 0 1 1 0 0 0 1 1 1 0 1 1 1 1 0 0 1 1 1 0 1 1 0 1 1 0 1 1 1 1 46 1 0 1 0 1 0 0 0 0 0 1 0 0 1 0 1 0 1 0 1 0 1 1 1 0 0 0 1 0 0 0 0 1 0 0 0 0 1 1 0 0 1 0 1 1 0 0 1 0 0 0 1 0 0 1 1 1 0 1 0 
0 1 1 0 0 1 1 0 1 0 0 1 1 1 1 0 1 1 1 0 1 1 1 1 0 0 1 0 1 1 0 1 1 0 0 0 1 1 1 1 0 1 0 0 1 1 1 0 0 0 1 0 0 1 1 0 0 0 0 0 0 1 1 1 0 1 0 1 0 0 1 0 1 1 0 0 0 0 0 0 0 0 1 1 0 1 0 0 3 1 0 1 0 1 1 1 0 1 1 0 0 1 1 1 0 0 1 0 0 1 0 1 0 0 0 0 0 0 1 1 1 1 1 1 1 0 0 1 1 0 1 0 1 0 0 1 0 1 1 1 0 1 1 0 1 0 0 1 
1 0 1 0 1 0 0 0 0 1 1 1 1 0 0 0 0 1 1 0 1 0 0 1 0 1 1 0 1 0 1 0 1 1 0 1 0 0 0 1 1 1 0 1 1 0 1 0 1 1 0 1 1 0 0 1 0 1 0 0 1 1 1 0 1 1 1 1 0 1 1 1 0 1 1 1 0 1 0 1 0 0 1 0 0 1 1 1 1 79 0 0 1 0 1 0 1 0 0 0 1 0 1 0 0 1 1 0 1 1 1 0 1 1 1 0 0 1 1 0 1 0 1 0 1 0 1 0 1 1 1 1 1 1 1 1 1 1 0 0 0 0 1 0 0 1 0 1 
0 0 1 1 0 1 1 1 1 0 0 1 1 1 1 0 0 1 0 1 1 0 1 0 1 1 1 0 0 0 0 0 0 0 1 0 0 0 0 0 0 0 1 0 0 0 1 0 0 0 0 0 0 0 0 0 1 0 0 1 0 0 1 1 1 0 0 1 1 0 1 1 1 1 1 0 0 0 0 0 0 1 1 0 1 0 0 0 1 0 1 0 0 1 1 1 1 0 0 0 0 0 0 0 0 0 1 0 1 1 1 0 0 0 0 1 0 1 0 1 1 0 1 1 0 0 1 0 1 0 1 1 0 0 0 1 1 1 1 0 0 1 0 1 0 1 1 0 
0 1 0 1 0 1 0 0 0 1 0 1 1 1 1 0 0 0 0 0 1 0 1 1 0 0 0 0 0 1 0 0 1 0 0 0 1 1 0 1 0 0 1 1 1 0 0 1 1 1 1 0 0 1 0 1 0 1 1 0 0 0 0 1 1 0 1 1 0 1 1 0 0 1 1 0 1 1 1 0 0 0 1 0 1 0 1 1 1 0 0 3 1 0 1 1 0 0 1 0 0 0 0 0 1 1 1 0 0 1 1 1 1 1 0 0 0 0 0 0 1 0 1 0 1 0 1 1 0 1 1 1 1 1 1 0 0 0 0 1 0 1 0 1 0 1 0 0 
1 1 1 0 1 1 0 0 1 1 1 1 0 1 1 0 0 1 0 0 0 0 0 0 1 1 0 1 1 0 1 1 0 0 0 1 0 1 0 1 0 0 1 0 0 1 0 0 0 1 0 0 1 1 1 0 1 1 1 1 1 0 1 1 0 1 1 0 0 0 1 0 1 1 1 0 1 0 0 0 1 0 0 0 1 1 1 0 0 1 1 0 71 1 1 1 1 0 0 1 0 1 1 0 1 1 1 0 1 1 0 1 0 0 0 0 0 1 0 0 0 0 0 1 0 0 0 1 1 1 1 0 1 0 0 1 1 0 0 0 0 0 0 1 0 0 0 1 
0 0 0 0 0 0 0 1 0 0 0 1 1 1 1 1 0 0 1 1 0 1 1 1 1 0 0 0 1 0 0 0 1 0 1 1 1 1 0 0 0 0 0 1 1 0 1 0 0 1 0 1 0 1 0 1 1 1 1 1 0 1 0 1 1 1 0 0 1 0 1 1 0 1 0 0 0 1 0 1 1 1 0 0 1 0 1 1 0 1 0 0 0 2 1 0 0 1 0 1 0 0 0 0 0 1 1 0 1 0 0 0 1 1 1 1 0 0 1 1 0 0 1 1 0 0 1 0 0 1 0 0 0 1 1 0 0 1 1 1 1 0 1 1 1 1 0 0 
0 0 0 0 0 0 1 0 1 1 0 1 1 0 0 0 0 1 1 1 0 0 0 1 1 1 1 1 0 0 0 1 1 1 0 1 0 1 0 1 0 0 0 0 0 0 1 1 1 1 1 0 0 1 1 1 0 0 1 1 1 1 0 1 1 1 1 1 0 0 1 0 0 1 0 0 0 0 1 1 0 1 1 0 0 0 0 0 1 0 1 1 0 0 56 0 0 1 0 1 1 0 0 1 1 0 1 0 1 1 0 0 1 1 0 1 0 0 1 0 1 0 1 0 1 0 0 1 1 1 0 0 1 1 0 0 0 0 0 0 1 0 1 0 1 0 1 1 
0 0 0 1 0 1 1 1 1 0 1 0 0 1 1 0 1 0 1 1 1 1 1 1 1 1 0 0 1 1 0 0 0 1 0 1 0 0 1 0 1 0 1 0 1 1 0 1 0 1 0 1 1 1 1 0 1 0 0 0 0 0 1 0 0 1 0 0 1 0 1 0 0 1 0 1 0 1 0 0 1 1 0 1 0 1 1 1 0 0 1 0 0 0 1 27 1 1 1 1 1 0 1 1 1 1 1 1 0 0 1 0 1 0 1 1 0 1 0 0 0 1 1 1 1 1 0 0 1 1 0 1 0 1 0 1 1 1 0 0 1 1 1 0 0 1 1 1 
1 0 1 0 1 0 0 0 1 0 1 0 1 0 1 1 1 0 0 0 0 1 1 1 0 0 1 0 1 1 1 0 0 0 0 0 1 1 1 1 1 0 0 0 0 1 0 1 0 0 0 1 0 0 0 1 1 1 1 1 0 1 1 1 1 1 0 1 0 1 0 0 1 0 1 0 0 1 0 1 1 0 1 0 1 1 1 1 1 0 1 1 1 1 1 1 42 0 0 1 0 0 0 0 1 0 1 1 0 1 0 0 1 0 1 0 0 0 1 0 1 0 0 0 0 1 0 0 0 1 0 1 0 0 1 1 1 0 0 1 0 1 0 1 0 1 0 0 
0 0 1 1 0 1 0 0 0 1 0 0 0 0 0 0 0 0 0 1 1 1 0 1 1 1 1 1 1 0 1 1 1 0 1 1 0 1 0 0 0 1 1 0 1 1 1 1 1 1 0 0 1 0 1 0 1 1 0 1 0 0 0 1 0 0 1 0 1 1 1 1 1 1 1 0 0 1 0 0 1 0 0 1 1 0 1 1 1 0 1 0 0 1 0 1 1 49 1 1 0 1 1 0 1 0 0 0 1 1 0 1 0 1 1 0 1 1 0 1 0 0 1 1 0 1 1 0 0 0 1 0 0 1 0 0 1 1 0 0 1 0 0 1 1 1 1 0 
1 0 1 1 1 0 1 1 1 1 1 0 0 0 0 0 1 1 0 0 0 0 0 0 1 1 0 0 0 1 1 0 0 1 1 0 0 1 1 1 1 0 1 0 1 1 1 0 1 0 1 1 0 1 1 0 1 0 1 1 0 0 0 1 1 0 1 1 0 0 0 1 1 0 1 0 0 1 1 1 1 0 0 1 0 1 0 0 1 1 1 0 0 0 0 1 1 1 31 1 1 0 0 0 0 0 0 1 0 0 0 0 1 1 1 1 1 1 0 0 1 0 1 0 1 1 1 1 1 0 1 1 1 0 1 0 1 1 1 1 1 0 0 1 0 0 1 1 
0 1 1 0 1 0 0 0 1 1 1 0 0 1 0 0 1 0 1 1 0 0 0 1 0 1 1 1 0 1 1 0 0 0 1 0 1 1 1 1 1 0 0 1 0 1 0 1 1 1 0 1 1 0 1 1 1 1 1 0 1 0 1 1 0 0 0 0 1 0 1 0 0 0 1 1 1 1 1 1 0 1 0 1 0 1 0 0 1 0 0 1 0 0 1 1 0 1 1 76 0 1 1 0 1 0 0 0 1 0 1 1 0 1 0 1 1 0 0 1 0 0 1 1 0 0 1 1 0 0 1 1 1 0 0 1 0 1 0 0 1 0 1 1 1 0 0 1 
1 0 0 0 1 0 0 1 1 0 1 0 0 1 0 1 0 0 0 0 0 0 0 0 1 0 0 1 0 0 0 0 1 1 0 0 1 1 0 0 1 1 0 0 1 0 1 0 0 1 0 1 0 1 1 1 1 1 1 0 1 0 0 1 0 0 1 0 0 1 1 1 0 0 0 0 0 0 0 1 0 0 0 0 0 1 0 1 1 1 0 1 0 0 1 0 1 1 0 1 0 0 0 1 1 0 0 1 1 1 0 0 1 0 0 1 0 0 1 0 0 1 1 1 0 0 0 1 0 0 1 0 1 0 1 0 1 1 1 1 0 1 0 0 1 1 0 0 
1 1 0 1 1 1 1 1 1 1 0 1 0 0 0 0 1 0 0 0 1 1 1 1 1 0 1 1 1 1 1 0 1 1 1 0 1 1 1 1 0 1 0 1 1 0 1 0 0 1 1 1 0 1 0 0 1 1 0 0 0 1 1 1 0 1 0 1 0 1 1 0 1 0 1 1 1 0 0 0 0 0 1 1 0 0 0 0 1 1 1 1 0 0 1 0 1 0 1 0 0 25 0 0 1 1 0 1 1 1 1 0 0 1 0 0 1 1 0 1 1 0 1 1 1 0 0 0 1 0 0 0 1 0 1 0 1 1 0 0 0 1 0 0 1 0 0 0 
1 0 0 0 0 1 1 0 0 0 0 1 1 0 0 1 1 0 1 1 0 1 1 0 1 1 1 1 1 0 0 1 0 1 0 0 0 0 1 1 1 1 1 0 0 1 0 0 0 1 1 1 1 0 1 0 1 1 0 0 0 1 0 0 1 1 1 1 0 0 1 0 0 1 0 0 0 1 1 0 1 1 0 0 0 0 0 0 1 1 1 0 1 1 1 1 0 0 1 1 1 0 92 1 1 1 0 1 1 0 0 1 1 1 0 0 0 1 0 1 1 1 0 0 0 1 0 1 0 1 0 0 1 0 1 1 1 1 1 1 1 1 0 0 0 1 0 1 
0 0 1 0 1 0 1 1 0 0 0 0 1 1 1 1 1 0 1 0 0 0 0 1 0 0 1 1 1 1 1 0 0 1 1 0 1 1 0 0 0 0 0 0 0 1 1 0 0 0 1 1 1 0 1 0 0 1 1 0 1 0 1 0 0 0 1 0 0 1 0 1 1 0 0 1 1 1 1 1 0 1 0 1 0 1 1 0 0 1 1 0 0 0 1 1 1 0 1 0 1 1 1 38 1 0 0 0 0 1 0 1 1 0 0 1 1 0 1 1 1 0 0 1 1 1 1 1 0 0 1 0 0 1 1 1 1 0 1 1 0 0 1 1 1 1 0 1 
0 0 1 1 1 0 1 0 0 0 0 1 1 0 0 0 0 1 0 1 0 1 1 1 0 0 1 1 0 0 1 0 0 1 0 0 1 0 0 0 1 0 1 0 0 1 0 0 0 1 0 1 0 1 1 0 1 0 1 0 1 1 1 0 1 1 0 1 1 0 0 0 1 0 0 0 1 0 1 1 0 1 1 0 0 1 1 1 0 1 0 1 1 1 1 1 1 1 1 0 0 1 1 1 37 1 0 1 0 0 1 1 0 1 0 0 0 0 1 1 0 0 1 0 0 0 1 0 1 0 1 1 1 0 1 0 1 0 0 0 1 1 1 1 1 1 0 0 
1 1 1 0 0 1 0 1 0 1 1 1 1 0 1 1 0 0 0 0 1 0 1 0 1 0 0 0 1 0 0 0 0 0 0 1 0 0 1 0 0 0 0 0 1 1 1 1 1 0 1 0 0 0 1 0 1 0 0 0 1 0 1 0 0 1 0 1 0 0 0 1 1 0 0 1 0 1 1 1 1 1 1 0 0 1 0 1 1 0 1 1 0 0 1 1 0 1 0 1 1 1 0 1 0 89 1 1 0 0 0 0 1 0 1 1 1 0 0 1 0 1 0 0 0 0 1 1 0 0 0 1 0 0 1 1 1 1 1 0 0 1 0 1 1 1 1 1 
1 0 1 1 0 0 1 0 0 0 0 1 0 1 0 1 1 1 0 0 1 1 0 0 1 1 1 0 1 0 1 0 0 1 1 1 1 0 0 1 1 0 0 0 0 1 1 0 0 1 0 0 0 1 1 1 1 1 0 1 1 1 0 1 0 1 0 1 1 0 0 1 0 1 1 0 1 0 0 1 0 0 0 1 0 0 0 0 1 1 0 1 1 1 1 1 1 1 0 0 1 1 1 0 0 0 25 0 1 1 1 1 1 0 1 0 1 0 1 1 0 1 0 0 1 0 0 1 1 1 0 0 0 0 0 0 1 1 0 0 0 0 0 0 0 0 1 0 
1 1 1 1 1 1 1 0 1 0 0 0 1 0 0 1 0 0 1 0 0 1 1 1 0 0 1 0 0 1 1 0 0 0 0 1 1 1 0 0 0 1 1 0 0 1 1 0 1 1 1 0 1 1 1 0 0 1 0 0 1 1 0 0 1 0 1 1 1 1 0 0 1 0 0 1 1 0 1 0 1 1 1 0 1 1 0 1 1 0 0 1 0 1 1 1 1 1 1 1 0 1 1 1 1 1 0 28 1 1 0 0 1 0 0 1 1 1 0 0 0 1 0 0 1 1 1 0 1 0 1 1 0 1 0 0 0 0 0 0 1 0 1 0 1 1 0 0 
0 1 1 1 0 1 1 0 0 0 1 0 1 0 1 1 0 1 0 1 0 1 1 0 0 1 1 1 1 1 1 0 0 1 0 0 0 0 0 0 0 1 1 1 1 0 0 1 1 0 0 0 0 1 0 1 1 0 1 1 1 1 1 1 0 0 1 0 0 0 1 1 0 0 1 0 1 0 0 1 1 1 0 0 0 1 0 0 1 0 1 1 1 0 1 1 1 1 0 0 0 0 1 0 0 1 1 1 72 0 1 0 0 1 1 0 1 0 0 0 1 1 0 1 0 0 1 1 0 0 1 0 0 1 1 0 1 1 1 0 0 0 1 1 1 0 0 1 
0 1 1 0 1 0 0 0 0 1 1 0 1 1 0 1 1 0 1 1 0 1 0 1 0 1 0 0 1 0 0 0 0 1 1 0 0 1 0 1 1 1 1 1 0 1 0 1 0 1 1 0 0 1 1 1 1 1 1 1 0 1 1 0 1 1 0 1 1 0 1 0 1 0 0 1 0 0 1 0 0 1 0 0 1 0 0 0 1 0 1 0 0 1 1 1 1 0 0 0 1 0 1 1 1 0 0 0 1 32 0 0 0 1 0 1 1 1 1 1 0 0 0 1 1 0 0 1 1 0 0 1 1 1 0 1 1 0 1 1 1 1 1 0 0 0 1 1 
1 0 0 1 0 1 0 0 0 0 0 0 1 1 0 0 1 0 0 0 1 1 1 0 1 1 0 1 0 0 0 0 1 1 1 1 0 0 0 1 1 1 0 0 1 0 1 0 1 1 1 1 1 1 0 1 0 0 1 0 1 0 0 1 0 0 0 0 0 0 0 1 1 1 0 0 1 0 1 0 1 1 1 0 1 1 1 1 0 1 1 0 0 0 0 1 1 1 1 0 1 0 1 0 1 1 1 1 0 0 25 0 1 0 0 0 1 0 1 0 1 1 0 0 1 0 1 0 1 0 0 1 0 0 1 0 1 1 1 1 0 0 1 0 0 1 1 1 
1 1 1 0 1 1 0 0 0 0 1 1 1 1 0 1 0 1 1 1 0 0 0 1 0 1 1 1 1 1 1 1 1 0 1 1 0 0 1 1 0 0 1 0 0 1 0 1 0 1 1 1 1 1 0 1 1 1 1 0 0 0 1 1 1 0 1 0 0 0 1 1 0 1 0 1 1 1 1 0 0 0 0 0 1 1 0 0 1 0 1 1 1 1 0 1 0 1 1 1 0 0 1 1 0 1 1 0 1 1 0 54 0 0 1 0 1 1 1 0 0 1 0 0 0 1 0 1 1 1 1 1 0 1 1 1 1 1 0 1 0 0 0 0 1 1 0 1 
0 1 1 1 1 1 1 1 1 1 1 0 0 0 0 0 1 0 0 0 1 0 0 0 1 0 1 0 1 0 0 0 0 0 1 0 0 1 1 1 0 0 1 1 1 1 0 0 0 0 0 0 1 1 0 0 0 1 0 0 0 1 1 1 0 1 0 1 1 0 1 1 1 1 1 0 1 0 0 1 1 1 1 1 1 0 0 1 1 1 1 1 0 1 1 1 0 0 0 0 1 0 0 1 1 0 1 1 0 1 0 0 72 0 0 0 1 0 0 1 0 0 0 0 1 0 1 1 1 1 0 1 1 0 1 0 0 0 1 0 1 0 1 1 1 0 1 1 
1 1 1 0 1 0 1 1 0 0 0 0 0 1 0 1 0 0 1 0 0 0 1 1 1 1 0 0 1 0 0 1 1 0 0 0 1 1 0 1 1 0 0 0 0 1 1 0 1 1 1 0 1 0 0 0 1 0 1 0 1 0 1 0 1 0 1 0 1 0 1 0 1 1 1 0 1 0 0 0 0 1 1 0 0 0 1 1 0 0 1 1 0 0 0 1 0 1 0 1 0 1 1 1 0 1 1 0 1 0 1 1 1 31 1 0 0 1 1 0 1 1 1 1 0 0 1 0 1 0 1 1 0 1 0 0 0 1 1 0 0 1 0 1 1 0 1 1 
0 0 0 1 0 0 1 0 1 0 1 0 1 0 0 1 0 0 1 1 1 0 0 1 1 0 0 0 0 1 0 1 0 0 0 1 0 0 1 1 0 0 0 0 1 1 0 0 1 0 1 0 0 0 1 0 1 1 0 0 1 1 0 1 1 0 1 1 0 1 1 0 1 0 1 0 0 0 1 0 0 0 0 0 1 1 0 1 0 1 1 1 0 1 1 1 0 1 1 0 1 1 0 0 1 1 0 0 1 0 0 1 0 0 37 0 0 0 0 1 1 1 1 1 1 0 0 0 1 1 0 0 0 0 1 0 1 0 0 0 0 1 1 1 0 1 1 1 
0 1 1 0 0 1 1 0 0 0 1 1 1 1 1 1 1 0 0 1 1 1 1 0 0 1 1 1 1 1 0 1 0 0 0 0 1 1 0 1 0 1 0 1 0 0 0 1 0 1 1 0 1 1 0 0 1 0 0 1 0 0 0 0 1 1 1 0 1 0 1 1 1 0 1 1 0 0 1 0 1 1 0 1 0 0 1 1 1 0 1 0 0 1 1 0 1 1 0 1 1 0 1 1 0 1 1 0 1 0 0 1 1 1 1 78 0 1 0 1 1 1 0 1 1 0 1 0 0 0 0 0 1 1 0 1 0 1 0 1 0 0 1 1 1 0 1 1 
1 0 1 0 1 0 1 0 1 0 0 1 0 1 1 0 0 0 1 0 1 0 0 1 1 0 0 0 1 1 1 1 1 0 0 1 0 0 1 1 0 0 0 1 1 0 1 1 1 1 0 1 0 1 0 0 1 1 0 0 1 0 1 0 1 0 1 0 1 1 0 1 0 1 0 0 0 0 1 1 0 0 0 0 0 0 0 0 1 0 1 1 1 0 1 1 0 1 1 1 1 1 0 1 0 1 1 1 1 0 1 1 0 0 0 0 54 1 0 0 0 1 0 0 1 1 0 0 0 0 1 1 1 0 1 0 0 1 1 1 0 1 1 1 0 0 1 1 
0 0 1 1 1 0 1 0 0 1 1 1 0 0 1 0 0 0 0 1 0 0 1 0 1 0 0 0 0 1 1 0 0 1 0 1 1 0 1 0 1 0 1 1 0 1 0 0 1 1 1 1 1 1 1 1 0 1 1 1 0 1 0 0 0 0 0 0 1 1 0 1 0 1 0 0 0 1 1 1 0 0 1 0 0 1 1 0 1 0 0 1 0 1 0 1 1 1 0 1 0 1 1 0 1 0 1 0 0 1 1 1 1 1 1 1 0 61 1 0 1 1 1 0 1 1 0 1 1 1 0 0 1 0 1 1 0 0 1 1 1 1 1 0 1 1 0 0 
1 1 1 0 0 1 0 1 1 1 1 1 1 0 0 0 1 1 1 1 0 0 1 0 0 1 1 1 0 1 0 1 1 1 1 1 1 1 1 0 1 0 1 1 0 1 0 0 1 0 0 0 0 1 1 0 0 1 1 0 1 1 0 0 0 0 0 0 0 1 0 0 0 0 0 1 1 0 0 0 0 1 0 1 0 1 0 1 0 1 0 1 0 1 1 0 0 1 0 0 0 0 0 0 0 1 1 0 0 1 0 0 0 1 1 1 0 1 14 1 0 1 0 0 0 1 1 1 0 0 0 1 0 1 1 1 0 0 1 1 0 0 1 0 1 0 1 0 
0 1 1 0 1 1 0 0 0 0 0 1 0 0 0 1 1 0 1 0 0 1 0 0 1 1 0 0 0 0 0 0 1 0 1 0 0 0 0 0 0 0 1 1 1 1 1 1 1 1 1 0 1 0 1 1 1 0 0 0 1 0 1 0 0 0 0 1 0 1 0 1 1 0 1 1 0 1 0 0 0 0 1 0 0 1 0 1 1 0 1 0 0 0 1 1 1 0 0 0 0 1 1 0 1 0 1 0 1 0 1 1 1 1 0 0 1 0 1 86 1 1 1 1 1 1 0 0 0 0 1 1 1 1 1 0 1 1 1 1 0 0 1 0 0 1 1 1 
1 1 0 0 0 1 1 0 0 1 0 1 1 1 1 1 0 0 0 0 0 0 1 0 0 0 0 1 0 1 0 1 1 1 1 1 1 0 1 1 0 0 1 0 0 1 1 1 0 1 1 0 1 0 0 0 0 0 0 0 1 1 0 1 0 0 0 1 0 1 0 1 0 1 1 1 1 1 0 1 0 1 1 1 1 1 0 1 1 1 0 1 0 0 0 1 0 0 1 0 0 0 1 0 0 0 1 0 1 1 0 0 0 1 0 1 0 1 1 0 16 0 0 1 0 1 0 0 0 1 1 0 1 0 1 0 1 0 0 0 0 0 0 1 0 1 0 0 
1 1 0 1 1 1 0 0 1 1 0 0 0 0 0 0 1 1 0 1 0 1 1 0 0 1 0 1 1 1 0 0 1 1 0 1 1 0 1 0 0 0 0 1 1 0 0 1 1 1 1 0 0 1 0 0 1 0 0 0 0 0 0 0 1 0 0 1 0 0 0 1 1 0 1 0 1 0 1 0 0 1 0 1 1 1 0 0 0 0 0 1 0 0 0 1 0 1 1 0 1 1 1 1 1 1 1 1 0 0 1 1 1 1 1 1 1 0 0 1 1 3 0 0 0 0 0 0 1 0 1 0 0 0 0 0 1 1 0 1 1 1 0 1 0 0 0 0 
1 1 1 0 1 1 1 0 0 0 1 0 0 1 0 1 1 1 1 1 0 1 0 0 1 0 0 0 1 0 1 0 0 1 0 0 1 0 1 1 1 0 0 0 0 1 1 1 0 1 0 0 0 0 1 1 1 0 1 0 0 0 1 1 0 0 1 0 1 0 0 0 0 0 0 1 1 0 0 1 0 0 0 1 1 1 1 1 0 1 0 1 1 0 0 1 1 0 0 1 0 1 0 1 0 0 1 0 1 0 1 1 1 0 0 1 0 0 1 1 1 0 98 0 0 1 0 0 1 1 0 0 1 1 1 0 0 0 0 0 0 0 1 0 1 0 0 0 
1 1 1 1 0 1 1 1 1 0 1 0 0 0 1 1 1 0 0 0 0 1 1 1 0 1 1 1 1 0 1 0 0 0 0 1 0 0 0 1 0 1 0 0 1 1 1 0 1 1 1 0 1 0 0 1 0 1 1 1 1 1 0 0 0 1 1 1 1 1 1 1 1 0 1 1 1 0 1 1 1 1 1 0 0 1 1 1 0 0 1 1 0 1 0 0 0 1 1 1 1 0 0 1 1 0 0 0 0 1 0 1 0 1 0 0 1 0 0 0 0 0 0 28 1 0 1 0 1 1 0 1 0 0 0 1 0 0 0 1 1 0 1 1 1 0 0 1 
1 0 1 0 1 0 1 1 1 0 1 0 0 0 1 0 0 0 0 1 1 0 0 1 1 1 0 1 0 0 0 1 0 1 1 1 1 1 0 1 0 1 1 1 0 0 0 1 0 0 0 0 0 1 1 0 1 1 1 1 0 0 0 1 1 1 1 1 0 0 0 1 0 0 0 1 0 0 1 1 1 1 0 1 1 1 1 1 1 0 1 0 0 1 0 0 0 1 1 0 1 0 0 1 0 0 1 1 1 0 0 1 1 0 0 0 0 1 1 0 0 0 0 0 88 1 0 1 1 0 1 1 1 0 0 0 0 0 0 0 0 1 0 0 0 1 0 0 
0 0 0 0 1 0 0 0 1 1 0 0 0 0 1 0 0 0 0 1 0 0 1 0 1 1 0 1 0 0 0 0 0 0 1 0 0 1 1 1 0 1 0 1 1 1 0 1 1 0 0 1 0 0 0 1 0 1 1 1 0 0 1 1 1 0 0 1 1 1 1 1 0 1 1 1 0 1 0 0 0 0 1 1 1 0 1 1 1 0 0 0 1 0 0 0 0 0 0 1 0 1 0 1 1 1 1 0 1 1 1 0 1 0 1 1 0 1 0 1 1 1 1 0 1 18 0 1 0 0 0 1 1 0 0 0 1 1 0 0 0 0 1 0 0 0 1 1 
0 0 1 0 1 0 0 1 1 0 1 0 1 0 1 1 0 0 0 0 1 0 0 1 0 0 0 0 1 1 0 0 1 0 0 1 1 1 1 0 0 0 0 0 0 1 0 1 0 0 1 1 0 0 1 0 0 1 0 0 1 1 1 0 0 1 1 1 0 1 0 1 0 1 1 0 1 1 1 0 0 0 0 0 1 0 0 1 0 0 0 0 1 1 1 1 1 0 1 0 1 1 0 0 1 0 0 1 1 1 0 0 1 1 0 1 0 1 0 1 0 0 1 1 0 0 53 1 1 0 1 1 0 0 1 1 1 0 1 1 1 1 0 1 1 0 1 0 
0 1 0 1 0 1 0 1 0 0 0 1 0 1 1 1 1 0 0 0 1 0 1 0 1 1 1 1 1 0 1 1 1 0 0 1 0 0 1 0 1 1 1 0 0 1 0 0 0 0 0 1 0 0 1 1 1 1 1 0 0 1 1 1 0 1 0 1 0 0 0 1 0 0 1 1 0 1 0 1 1 0 1 1 0 1 1 1 1 1 0 1 1 1 1 0 1 0 0 0 0 1 0 0 0 0 0 1 0 1 0 0 1 1 0 0 0 0 0 0 1 0 1 0 1 1 1 8 0 1 1 1 0 0 0 1 0 1 1 1 1 0 1 0 0 1 1 0 
0 0 1 1 1 0 0 1 0 1 1 1 0 0 0 0 1 0 0 0 0 1 1 0 1 1 1 0 1 0 0 0 0 0 1 0 1 1 0 0 0 0 0 0 0 1 1 0 0 1 0 1 1 1 1 0 1 0 0 0 1 0 0 0 0 0 0 1 0 0 1 1 1 0 1 1 0 1 0 1 0 0 0 1 1 0 0 1 1 1 0 1 1 1 0 0 1 0 0 1 0 0 0 0 0 0 1 1 0 1 1 1 1 0 0 1 1 1 1 0 0 0 1 0 1 1 0 1 33 0 1 0 0 1 1 0 0 1 0 0 0 1 0 1 1 1 1 1 
0 1 1 0 1 1 0 0 1 1 0 0 0 0 1 0 1 1 1 0 1 0 0 0 0 0 0 0 0 0 1 1 0 0 0 1 1 0 1 0 1 0 0 0 1 1 1 1 0 1 1 0 0 0 0 1 0 1 1 0 1 1 1 0 1 0 1 0 0 1 1 0 1 1 1 0 1 1 1 0 1 0 1 0 0 1 0 0 0 1 0 1 0 0 0 1 1 1 1 1 0 1 0 0 1 1 1 1 1 1 0 1 1 0 0 0 1 0 1 0 1 0 1 1 1 1 0 1 1 61 1 0 1 1 0 1 0 1 1 1 0 1 0 0 1 0 1 1 
0 1 1 0 0 1 0 0 1 0 1 0 1 0 1 1 0 0 0 1 1 1 1 1 0 0 0 1 0 0 1 0 0 1 0 0 0 1 1 0 1 0 0 0 0 1 0 0 1 1 0 1 0 1 1 0 0 1 0 1 1 1 1 1 1 0 0 1 1 0 1 0 1 1 1 0 0 0 1 0 0 1 0 0 0 1 1 0 1 0 1 1 0 0 1 1 1 0 0 1 1 1 1 1 0 1 1 0 0 0 0 1 1 0 1 1 1 1 1 0 1 0 0 1 0 1 1 0 0 0 27 1 0 0 1 0 1 1 0 0 1 1 0 1 0 1 1 0 
1 0 1 1 1 1 1 0 1 1 0 1 0 1 0 0 0 0 0 1 1 1 1 0 0 0 1 0 1 0 0 0 1 1 1 1 1 0 1 1 0 0 1 0 0 1 1 0 0 1 1 1 1 1 0 1 1 0 0 0 1 0 0 0 0 1 0 1 1 0 0 1 0 1 1 1 1 0 1 0 0 0 0 0 1 0 1 1 0 0 0 1 1 0 1 0 1 0 0 1 1 0 0 1 1 1 1 0 1 0 0 1 1 0 0 0 0 1 1 0 1 1 0 0 0 0 1 0 0 0 1 7 0 1 0 0 1 1 1 0 1 0 0 1 0 1 1 1 
1 1 0 0 0 1 0 1 1 1 1 0 1 0 0 1 1 1 1 1 0 1 1 1 0 0 1 1 1 0 1 1 0 1 1 0 1 0 1 0 1 0 1 0 0 0 1 1 0 1 0 0 0 0 1 1 1 0 1 0 0 1 1 1 1 0 0 0 1 0 0 1 0 0 1 1 1 1 1 1 1 1 0 1 0 1 0 0 0 0 1 0 1 0 1 0 0 0 0 1 1 1 0 0 0 1 0 1 1 1 0 1 1 0 0 0 1 1 0 0 1 0 0 0 1 1 0 1 0 0 1 1 86 0 0 1 1 1 1 0 0 1 0 1 0 0 0 1 
0 1 0 1 1 1 0 0 1 0 1 1 0 0 1 0 0 0 0 0 0 0 1 0 0 1 0 0 0 1 0 1 0 1 1 0 1 1 1 0 0 0 0 1 1 0 0 0 0 0 0 1 1 0 0 0 1 1 0 1 1 1 1 1 1 1 1 1 1 1 0 1 0 1 1 0 1 1 1 0 1 0 0 1 0 1 1 0 0 1 1 0 0 0 0 1 0 1 1 1 0 0 0 1 0 1 1 1 0 0 1 0 0 1 1 1 0 0 1 1 0 0 0 0 1 0 1 0 1 0 0 1 1 89 0 1 1 0 1 0 1 1 1 0 1 0 0 0 
0 0 1 0 0 0 0 1 0 0 0 1 0 0 1 0 1 0 1 0 1 1 1 0 0 1 1 1 1 1 1 0 0 0 1 0 0 0 1 1 1 1 0 0 0 0 0 0 1 1 0 0 1 0 1 1 0 1 1 0 1 0 0 1 1 1 1 1 1 0 0 1 0 1 0 1 0 0 0 1 1 1 0 0 0 0 1 0 0 1 0 1 0 1 1 0 1 0 1 1 0 0 1 1 0 0 0 1 0 0 0 0 0 1 0 0 0 1 1 1 0 0 1 0 0 0 0 1 1 1 1 0 1 0 73 1 0 1 0 0 0 0 0 0 0 1 1 0 
0 0 1 0 0 0 1 0 0 0 1 1 1 1 1 1 0 0 0 1 1 1 0 0 1 1 1 1 0 1 1 0 1 1 1 1 1 1 0 1 0 1 1 1 1 0 0 0 1 0 1 0 0 0 1 1 0 1 0 1 0 0 0 0 1 0 1 1 0 1 0 1 0 1 0 1 0 0 0 1 1 1 0 0 0 1 1 0 1 1 1 0 1 0 0 0 1 1 0 1 0 0 1 1 0 0 1 1 0 0 0 0 1 1 0 0 1 1 0 1 1 0 0 0 0 0 1 0 0 1 0 1 1 1 1 42 1 1 0 0 1 1 0 1 0 1 1 1 
0 1 0 1 1 1 0 0 1 0 0 1 0 1 1 1 0 1 1 0 1 1 0 1 0 1 0 0 1 1 1 1 0 1 0 1 1 0 1 1 1 0 0 1 0 1 1 1 1 0 1 0 0 1 0 0 0 1 0 1 0 1 0 1 1 0 0 1 0 1 1 0 0 0 0 0 1 0 0 0 1 0 1 1 0 1 1 0 0 1 1 1 0 0 0 1 1 0 0 0 0 0 1 0 1 0 1 1 1 1 0 1 1 0 1 0 0 0 1 0 1 0 1 0 1 0 0 0 0 1 0 0 0 1 1 0 19 1 1 0 1 1 0 1 0 0 0 1 
1 0 0 0 1 0 0 0 1 0 1 0 0 0 0 1 0 0 0 1 0 0 0 0 0 0 0 0 0 1 1 1 0 1 1 1 1 0 0 0 1 0 0 1 0 1 0 1 1 0 0 0 1 1 0 1 1 1 1 0 0 0 1 1 0 1 0 1 0 0 0 0 0 0 1 1 0 1 1 1 0 1 0 1 0 1 0 1 1 1 1 1 1 1 1 1 1 1 1 0 0 0 1 0 0 0 1 1 0 1 0 0 1 0 1 0 1 0 1 0 0 1 1 0 1 0 0 0 0 1 0 1 0 1 0 0 0 6 1 0 0 0 0 0 0 0 0 0 
1 0 0 0 1 0 0 1 1 1 0 1 0 0 0 0 1 1 1 0 1 1 1 0 1 1 0 0 0 0 0 1 1 0 1 1 1 1 0 1 1 1 0 1 1 0 1 1 0 1 0 1 0 1 1 1 1 1 0 1 1 0 1 0 1 0 1 1 1 1 0 0 0 1 1 0 0 1 0 0 1 0 0 0 0 0 1 0 0 1 1 1 0 0 0 0 0 1 1 0 0 1 1 0 1 0 1 0 1 1 0 0 1 0 0 0 1 0 1 0 1 0 1 0 0 0 0 0 0 0 0 1 0 1 1 0 1 1 70 1 0 0 1 1 0 0 1 1 
0 0 0 1 1 1 0 1 0 1 1 0 0 1 0 0 0 0 0 1 1 0 0 1 0 0 1 0 0 0 1 1 1 1 0 1 0 1 1 1 0 1 1 1 0 1 1 1 1 1 1 0 0 1 1 1 0 1 1 1 0 1 1 0 1 1 0 1 0 1 0 1 0 1 0 0 1 0 1 1 0 0 0 1 1 1 0 0 0 1 1 1 0 0 1 1 0 0 1 1 0 1 1 0 1 0 1 1 0 0 1 1 1 1 0 1 1 0 1 1 1 1 1 1 0 0 1 0 1 1 1 1 1 1 1 1 0 0 0 2 0 0 0 0 1 0 0 1 
1 0 1 0 1 0 0 1 0 0 1 0 1 0 0 0 1 1 0 1 0 0 0 1 0 1 0 1 0 1 1 1 0 0 1 0 1 1 0 1 1 1 0 1 1 1 0 1 1 0 0 1 0 0 0 1 0 0 1 0 1 0 1 1 0 0 0 1 1 0 0 1 0 1 0 1 0 0 1 1 0 1 1 0 1 0 1 1 1 0 1 1 1 0 1 1 0 1 0 1 0 0 0 1 0 1 1 1 1 0 0 0 0 0 1 1 0 0 1 0 0 0 0 1 1 0 1 0 1 1 0 1 0 0 0 0 0 0 1 0 92 0 0 0 1 1 1 0 
1 0 1 1 0 1 0 0 1 0 1 1 1 0 1 0 0 1 0 0 1 1 1 1 1 0 0 1 0 0 0 0 1 0 0 1 1 1 0 1 1 1 1 0 0 0 0 1 1 0 0 1 1 1 1 0 1 1 1 1 0 0 0 1 1 1 1 0 0 0 1 0 0 1 1 1 1 1 0 0 1 1 1 0 0 1 1 0 0 1 0 1 0 0 1 1 1 0 0 1 1 1 1 0 0 1 1 1 0 1 0 0 1 1 1 0 1 1 1 1 1 1 1 0 1 1 0 1 0 0 1 0 0 1 1 1 0 0 1 0 1 58 0 1 0 0 1 0 
1 1 1 0 1 1 0 0 0 1 1 0 0 1 0 0 1 1 0 1 1 0 0 0 0 0 1 1 0 1 1 1 1 0 1 1 1 1 1 0 0 0 0 1 1 1 0 1 1 1 1 0 1 0 1 0 1 0 1 0 1 1 0 1 0 0 1 0 0 0 0 1 1 1 1 0 0 0 1 1 0 0 1 0 0 1 0 1 0 0 0 0 1 0 0 0 1 1 0 0 1 1 0 1 0 1 0 1 0 0 1 1 0 0 1 1 1 1 0 0 0 0 0 1 1 0 1 1 1 1 0 1 0 0 0 0 0 0 0 1 0 0 47 1 1 0 1 0 
1 0 1 1 1 0 0 1 1 1 1 0 1 0 1 1 0 1 1 1 1 0 0 1 1 0 1 0 1 1 0 0 1 0 1 0 1 1 0 0 1 1 0 1 0 0 1 1 1 1 0 1 0 1 1 0 0 1 1 0 0 1 0 1 0 0 0 1 0 1 1 1 0 0 1 0 1 0 0 1 1 0 1 1 1 0 0 0 1 0 1 0 0 1 0 1 0 0 0 1 0 0 0 0 0 1 1 1 1 0 1 1 1 1 1 0 0 1 0 0 1 0 0 0 1 1 0 1 1 1 0 1 0 0 1 1 0 1 1 1 0 0 0 1 0 1 1 1 
1 0 1 1 1 0 1 0 0 0 0 1 0 0 0 0 1 0 0 1 1 0 1 0 0 1 0 0 1 0 1 1 0 1 0 1 1 0 0 0 1 0 0 0 1 0 0 0 1 1 0 1 1 0 0 1 0 0 0 1 0 0 0 1 0 1 0 1 1 1 1 0 0 1 0 1 1 1 1 1 1 0 1 0 0 1 1 1 0 0 1 1 0 1 0 1 0 0 1 0 0 0 0 1 0 0 0 0 1 0 0 1 1 0 0 1 0 1 1 0 0 1 0 1 0 1 1 1 0 1 1 1 1 1 1 1 0 1 1 1 0 0 1 0 39 0 0 1 
1 0 0 0 0 0 1 0 1 1 1 0 1 0 0 1 1 1 0 0 1 1 0 1 1 0 0 1 0 0 0 1 1 0 1 1 0 1 0 0 0 0 0 0 1 0 0 0 1 1 0 1 1 0 0 0 1 1 1 0 1 0 1 1 1 0 1 0 1 1 0 0 1 0 0 1 1 0 1 0 1 1 1 0 0 1 1 1 0 0 1 0 1 1 0 1 0 1 0 0 0 1 1 1 1 0 1 0 1 1 0 1 1 1 1 0 0 1 0 0 1 0 0 0 0 0 1 1 1 1 0 1 0 1 1 0 1 1 0 1 1 1 1 0 0 54 0 1 
0 1 0 1 1 0 1 1 1 0 1 1 1 0 0 0 1 0 0 0 0 1 0 1 1 0 1 1 1 1 1 0 0 1 1 0 0 1 1 1 1 0 1 0 1 0 0 0 1 0 1 0 0 1 1 0 0 0 1 0 0 0 0 0 1 0 0 1 1 0 0 0 0 0 1 1 0 0 1 1 0 0 0 1 1 0 1 0 0 1 0 0 1 0 1 1 1 0 0 1 1 1 1 0 1 1 1 1 0 0 1 1 0 1 1 0 0 0 0 0 0 0 1 1 0 0 0 1 0 1 0 0 1 1 0 0 0 1 1 1 1 1 1 1 1 0 94 1 
0 0 1 0 1 1 1 1 0 0 0 1 0 0 1 0 1 1 0 0 0 0 1 0 1 1 1 1 0 1 1 0 1 1 0 0 1 1 1 0 1 0 0 0 1 0 0 1 0 1 1 1 1 1 0 0 0 0 1 0 0 0 0 0 0 1 1 1 1 1 1 0 1 0 0 1 0 0 1 1 0 0 0 0 1 1 0 0 1 1 1 1 1 0 1 0 1 1 1 1 0 0 1 1 0 0 0 1 1 1 0 0 0 0 0 1 0 0 0 0 1 1 1 0 1 1 0 0 1 0 0 0 1 0 1 0 0 0 1 0 0 0 0 0 0 0 1 78 
