100
4 1 1 0 1 0 1 1 0 0 0 1 0 1 1 0 0 1 1 0 0 1 1 0 0 1 0 0 1 0 0 1 0 1 0 1 1 1 1 1 1 0 0 0 0 1 1 0 1 0 1 0 0 0 1 0 0 1 1 1 1 1 1 1 1 1 1 0 1 1 0 1 1 1 0 1 1 1 0 0 0 1 0 0 1 1 1 1 1 0 0 1 0 1 1 1 1 0 1 0 
1 25 0 1 1 1 0 0 0 0 1 1 1 0 0 0 1 0 1 1 0 1 1 0 0 1 1 0 0 1 0 0 0 1 1 1 0 1 0 1 0 0 0 0 1 0 1 1 1 0 0 0 0 0 1 0 1 0 0 1 1 0 0 1 0 0 1 1 1 1 0 1 0 0 1 0 0 1 0 0 0 0 0 1 0 0 0 0 1 0 1 0 1 1 1 1 0 1 1 1 
1 0 18 1 0 0 1 1 0 1 0 0 0 0 1 1 1 0 1 0 1 1 1 0 1 1 0 0 1 1 0 1 1 0 1 1 0 1 1 1 0 0 0 0 1 1 1 0 0 1 0 1 1 0 1 0 0 0 1 0 0 0 1 1 0 1 0 1 0 0 1 0 0 1 1 0 0 1 1 1 0 0 1 1 1 0 0 0 0 1 1 0 0 1 0 1 0 1 1 0 
1 1 1 59 1 0 0 0 0 1 0 1 0 1 1 1 0 1 1 1 1 1 0 0 0 1 0 1 0 1 1 1 1 1 1 1 0 1 0 1 1 1 0 0 0 0 0 0 1 1 0 0 0 1 1 1 1 1 0 0 0 1 0 1 0 1 0 1 0 0 1 1 1 0 1 0 1 0 0 1 0 0 1 1 1 0 1 0 1 1 1 0 1 0 0 0 0 0 0 1 
0 0 0 1 88 1 1 1 1 1 0 0 0 0 1 0 0 1 0 0 1 1 1 1 1 1 1 1 1 1 1 1 0 1 1 1 1 0 1 0 1 0 1 1 1 0 0 1 0 0 0 1 1 1 1 1 1 1 0 1 1 0 1 1 1 0 1 1 1 0 1 1 1 0 1 0 0 0 0 0 1 0 0 0 0 0 0 1 0 0 1 1 1 1 1 0 1 0 1 0 
0 1 0 0 0 88 0 1 0 1 1 1 0 0 1 0 0 0 0 0 0 1 1 1 0 0 1 1 0 0 0 0 1 1 0 1 1 0 0 0 0 1 1 1 0 0 1 0 1 0 0 0 0 1 1 1 0 0 1 0 1 1 0 0 1 1 1 0 1 0 0 1 0 1 1 0 0 0 0 0 1 0 1 0 0 0 1 1 0 0 0 0 0 1 0 0 0 0 0 0 
1 0 0 1 1 1 42 0 1 1 0 1 1 0 0 1 1 1 1 0 1 0 0 1 0 1 1 1 1 0 1 1 1 1 0 0 1 1 0 1 0 1 1 0 1 1 0 0 1 0 1 0 1 1 0 1 0 0 1 1 0 1 1 0 1 1 1 1 1 0 1 0 0 0 0 1 0 0 0 1 0 0 1 0 0 0 1 0 1 1 1 0 0 0 1 0 1 0 1 0 
0 1 1 0 0 1 0 51 0 1 1 1 0 1 0 1 1 1 0 1 0 1 1 0 0 1 0 1 1 1 1 1 0 1 0 0 0 1 0 1 1 0 1 1 0 1 0 1 0 0 1 0 0 1 1 0 0 1 1 0 0 0 1 1 0 0 0 0 1 0 0 0 1 0 1 1 0 0 1 1 0 1 0 1 1 1 1 0 1 0 1 1 1 1 1 0 0 0 0 1 
0 1 0 1 1 0 0 0 80 1 0 1 1 0 0 0 1 1 0 1 0 1 0 0 1 1 1 1 1 0 1 1 1 0 1 0 0 1 1 1 0 1 0 1 1 1 0 0 1 0 1 0 1 0 1 1 0 0 1 0 1 0 0 0 1 1 1 0 1 0 0 0 1 1 1 0 1 0 1 0 0 1 1 1 0 1 0 0 0 0 0 0 0 1 0 1 1 0 1 0 
0 0 0 0 1 0 0 1 1 27 1 0 1 0 0 1 0 0 1 0 1 0 1 0 1 0 0 0 1 0 1 0 0 1 0 0 1 0 0 1 1 1 0 1 0 1 0 1 0 1 0 1 0 1 0 0 0 1 0 0 0 0 1 0 1 1 0 1 1 0 0 1 1 0 0 0 0 0 1 1 1 1 1 1 1 0 0 1 0 0 0 1 1 0 0 0 1 0 0 1 
0 0 0 0 1 0 0 1 0 0 93 0 0 1 0 0 1 0 0 0 1 1 1 1 1 0 0 1 1 0 1 1 0 0 1 0 0 1 1 1 1 0 1 0 0 1 0 1 1 0 1 1 0 0 0 1 0 0 1 1 1 1 0 1 1 0 0 0 1 0 1 0 1 0 1 0 0 0 1 0 0 0 0 0 0 1 0 1 0 0 1 1 0 1 0 1 1 0 0 1 
1 0 0 1 0 0 1 0 1 0 1 73 1 1 0 1 1 1 1 1 0 0 0 0 0 0 1 1 1 0 1 1 1 1 1 0 0 0 1 0 1 1 0 0 1 0 1 0 0 0 1 1 0 1 1 0 0 1 1 1 1 1 0 0 1 0 0 0 0 1 1 0 0 0 0 1 1 1 1 0 0 0 0 0 0 1 1 0 1 1 1 0 1 0 1 1 0 0 1 0 
0 1 1 1 0 1 0 0 1 0 0 0 9 1 1 1 1 1 0 0 1 1 1 1 0 0 1 1 0 1 0 0 0 0 0 0 1 0 1 0 0 0 1 1 1 1 1 1 0 0 0 1 0 1 1 0 0 0 0 1 0 0 0 1 1 0 1 1 1 1 1 0 0 0 1 0 1 1 1 0 0 0 1 1 1 0 0 1 1 1 0 0 0 1 1 0 0 0 0 1 
1 0 0 1 1 0 0 1 1 0 0 1 0 55 0 0 0 0 0 1 1 0 0 0 1 1 1 1 0 1 0 1 1 0 0 0 0 0 0 1 0 0 0 0 1 0 0 0 1 0 0 0 1 0 1 0 1 0 1 1 0 1 1 0 0 0 1 1 0 1 1 1 0 0 0 1 1 1 0 1 1 0 1 0 1 1 0 1 0 1 0 0 1 1 0 0 1 0 0 1 
0 1 1 1 1 1 1 0 1 0 1 1 1 0 55 1 1 1 1 1 1 0 0 1 1 0 0 1 0 0 0 0 0 0 0 0 0 0 0 0 1 0 0 1 1 1 0 0 0 0 0 1 1 1 0 0 0 1 0 0 0 0 0 1 0 1 0 0 1 1 0 1 1 0 1 0 0 0 1 0 0 0 0 0 1 1 1 0 0 0 1 1 0 0 1 1 1 1 0 0 
0 1 0 0 0 1 1 1 1 1 0 0 1 1 0 66 0 1 0 0 0 1 1 0 0 1 0 0 0 1 0 1 1 0 1 0 0 0 1 0 0 1 1 1 1 1 0 1 0 1 1 0 0 1 1 1 1 1 0 1 0 1 0 0 0 1 0 0 1 1 1 0 1 1 0 0 1 0 0 1 0 1 1 1 1 0 0 1 1 1 1 1 1 1 1 1 1 0 1 1 
0 1 0 1 1 0 1 1 0 0 0 1 0 1 0 0 42 0 1 0 0 1 0 0 1 0 1 1 0 0 0 0 1 1 0 1 1 0 0 1 0 1 0 1 0 0 1 0 1 0 0 0 1 0 0 0 1 0 0 1 0 0 0 1 1 0 1 1 0 1 0 1 1 1 0 0 0 1 1 0 0 0 0 1 1 0 1 1 0 1 1 1 0 1 0 0 1 0 1 1 
1 0 0 1 0 0 1 1 1 0 1 1 0 1 1 1 1 56 0 0 1 1 1 0 1 0 0 1 1 1 0 0 1 0 0 0 1 1 0 1 0 0 1 1 0 0 1 1 1 0 1 1 0 0 0 1 1 1 0 0 0 0 0 1 0 1 1 0 1 1 0 1 0 1 1 1 1 0 1 1 0 0 1 1 1 1 1 1 0 0 1 1 1 1 0 1 1 0 0 0 
0 0 0 0 1 1 1 0 0 0 1 1 1 1 1 1 1 0 90 1 0 1 0 1 0 1 1 1 0 1 0 1 0 1 1 0 0 1 1 1 1 0 0 0 1 1 1 0 0 1 1 1 1 1 0 1 0 1 1 0 0 0 1 0 0 0 1 1 1 0 1 1 0 0 0 1 0 0 0 1 0 1 0 0 1 0 1 0 1 1 0 0 0 1 1 1 0 1 0 0 
0 1 0 0 1 1 0 1 1 0 0 1 1 0 1 1 1 1 0 56 1 1 1 1 0 1 1 1 0 0 0 1 0 1 1 1 0 0 1 0 1 0 0 0 1 1 1 0 1 1 1 1 0 1 1 0 1 0 0 1 1 1 1 0 1 0 1 1 1 1 1 1 1 0 1 1 1 0 1 1 1 1 0 0 1 1 1 1 1 0 0 1 0 1 1 1 0 1 0 0 
1 0 1 0 0 0 0 0 0 0 1 0 0 1 0 1 1 1 1 0 93 1 1 0 0 1 0 1 0 1 1 1 0 0 1 1 0 1 0 1 1 0 0 1 0 1 0 0 1 0 1 1 0 1 1 0 1 0 0 0 1 0 0 1 0 0 1 0 0 1 0 1 0 1 1 1 0 1 1 1 1 1 1 0 0 1 1 0 0 1 0 1 1 1 1 0 1 1 0 1 
1 1 0 1 0 0 1 0 0 1 0 0 0 1 0 1 1 1 0 1 0 56 1 0 1 0 1 0 1 1 1 1 0 1 1 1 0 1 1 1 0 0 0 0 0 1 1 1 0 1 0 0 0 1 0 1 1 1 1 1 1 0 1 0 1 0 0 0 0 1 1 1 0 0 0 0 0 1 0 1 0 1 0 1 0 0 1 1 0 1 1 0 1 1 1 1 1 1 0 0 
1 1 1 1 1 0 0 1 1 0 1 0 0 0 0 0 1 0 1 1 1 1 18 1 0 1 0 1 0 1 1 1 0 0 0 0 0 0 1 1 0 1 1 0 1 1 0 1 0 0 0 0 1 1 1 1 0 1 1 1 1 0 0 1 1 1 1 1 1 1 1 0 1 1 1 0 0 0 1 1 0 1 1 0 0 0 1 0 1 1 0 0 1 1 0 1 1 1 0 0 
1 0 1 0 1 1 1 0 1 0 0 0 1 1 0 1 0 1 0 0 0 0 0 56 1 1 0 0 0 0 1 1 0 1 0 0 0 1 0 1 0 0 1 0 1 1 0 0 1 0 0 1 0 1 0 1 0 1 0 0 1 0 0 0 1 0 1 0 0 0 1 1 0 1 1 0 0 1 1 0 0 0 0 1 0 1 1 1 0 0 1 1 0 1 1 0 0 1 1 0 
1 1 0 0 1 0 1 0 0 0 0 0 0 0 0 1 1 0 0 1 0 0 1 0 56 1 0 1 1 1 0 1 1 0 0 0 1 0 1 0 1 1 1 1 1 1 0 1 1 1 0 1 0 0 1 1 1 0 1 0 1 0 0 0 1 0 1 0 0 0 1 0 0 0 1 0 1 0 0 0 0 1 1 0 1 0 0 1 0 1 0 1 1 1 1 1 1 1 0 0 
1 1 1 1 0 0 1 1 0 0 0 0 0 1 1 0 0 0 0 0 1 1 1 0 1 27 1 1 0 1 0 1 0 1 1 1 0 1 1 0 1 1 1 1 1 0 0 1 1 1 0 1 0 0 1 0 0 0 1 1 1 0 0 0 1 0 1 0 1 0 1 1 0 1 1 1 1 0 0 1 1 0 0 0 0 1 0 0 0 0 1 1 1 0 0 1 0 1 0 0 
0 1 1 1 0 0 1 0 0 1 1 0 0 1 0 0 0 1 0 0 0 0 1 1 1 0 56 1 0 1 0 1 0 1 0 1 0 0 0 0 1 0 0 1 0 0 0 1 1 0 1 1 1 0 1 0 0 1 1 1 1 1 1 1 0 1 1 0 0 1 0 1 1 0 0 1 0 1 0 0 1 1 1 1 1 0 0 1 0 1 0 1 1 1 1 1 0 1 1 0 
0 1 0 0 0 1 1 1 0 1 1 0 0 0 1 0 0 0 0 0 1 1 0 0 0 0 1 84 0 1 1 0 1 0 1 0 0 0 1 1 1 0 0 0 0 0 1 1 1 1 0 0 0 0 1 1 0 1 0 1 1 1 0 1 0 0 0 0 0 1 1 1 1 0 0 0 1 0 1 0 1 1 0 1 1 1 1 0 1 1 1 0 1 0 0 1 0 1 1 1 
0 1 1 0 1 1 1 1 1 1 1 0 1 0 1 0 0 0 1 0 0 0 1 1 0 1 1 0 25 0 1 0 0 1 1 1 1 0 0 0 0 0 1 1 0 0 0 1 1 1 0 1 1 1 1 0 1 1 1 0 0 0 1 0 1 1 0 1 0 0 1 0 1 1 0 0 0 1 0 1 1 0 0 0 0 0 1 0 1 1 1 1 1 1 1 0 0 1 1 0 
1 1 1 0 1 0 1 0 0 0 0 0 1 0 1 0 1 1 1 0 1 0 1 0 1 1 1 1 1 56 0 1 1 1 1 0 0 1 0 0 0 1 0 1 1 1 0 1 1 1 0 1 0 1 0 0 1 0 0 0 0 1 1 0 1 0 1 0 0 1 0 1 1 1 0 1 0 1 0 1 1 0 1 0 1 1 0 1 0 0 1 1 0 1 0 1 0 0 0 1 
1 1 0 1 0 0 1 0 0 1 0 1 1 1 0 1 0 1 1 1 0 1 0 0 1 1 0 0 1 1 16 0 0 1 0 0 0 1 1 0 1 1 0 1 1 0 0 0 0 1 1 0 1 1 0 1 1 1 1 0 1 0 0 1 0 0 1 0 1 0 1 0 1 0 0 1 0 0 0 1 1 1 1 1 1 1 0 1 0 1 0 0 0 0 0 1 0 1 0 0 
0 0 1 0 0 1 0 0 1 0 0 0 1 1 1 1 0 0 1 0 1 0 1 1 1 0 0 0 0 1 0 17 0 1 0 1 0 0 1 0 1 0 0 0 1 0 0 1 1 1 0 1 0 0 1 1 1 1 1 0 0 0 0 0 1 1 0 1 0 0 0 1 0 0 0 0 0 1 1 1 0 1 0 0 1 0 1 0 1 1 0 1 0 0 1 0 0 1 1 0 
0 1 0 0 0 1 0 0 1 0 1 1 1 0 0 0 1 1 0 1 1 0 1 1 0 0 0 1 1 1 1 0 56 1 0 0 0 0 0 1 0 0 0 1 0 0 1 0 0 1 0 1 0 1 1 1 1 1 1 0 1 0 0 0 0 0 1 0 0 0 0 1 0 1 0 0 0 1 0 0 0 0 1 0 1 0 0 0 0 0 1 1 0 1 1 1 1 1 1 1 
0 0 0 1 0 0 1 1 0 1 0 1 1 0 0 0 0 1 1 1 0 1 0 0 0 1 1 1 1 0 1 1 0 13 1 1 0 1 1 1 1 1 0 1 0 1 0 0 0 1 1 0 1 1 1 1 1 1 1 1 1 1 0 0 0 0 0 0 0 1 1 1 0 0 1 0 1 0 0 0 0 0 1 0 1 1 0 1 1 1 0 0 1 0 1 0 0 1 1 0 
1 1 1 1 1 1 1 0 1 0 1 0 1 0 0 0 1 0 1 0 0 1 0 1 1 1 1 0 0 0 0 1 1 1 18 0 0 0 0 1 1 1 0 0 0 0 1 0 1 1 1 1 0 0 0 1 1 0 0 0 0 0 0 0 0 0 0 0 0 1 0 0 1 0 0 0 1 0 0 1 1 1 0 1 1 1 1 1 0 1 1 1 1 0 0 1 1 0 1 1 
0 0 1 1 1 1 0 1 0 1 1 0 1 1 1 0 0 1 1 1 0 1 1 1 1 1 0 0 0 0 0 0 1 0 1 44 1 0 0 0 0 1 1 0 0 1 0 1 0 0 0 1 1 1 1 0 0 0 0 0 0 1 1 0 0 0 1 1 0 1 0 1 1 0 1 1 1 0 1 0 1 1 1 1 1 1 0 0 1 1 0 1 0 0 0 0 0 0 1 1 
1 0 1 1 0 1 1 1 1 0 1 1 0 1 1 1 1 0 0 1 0 1 0 0 1 1 0 1 1 1 1 0 0 1 0 0 56 1 0 0 0 1 1 0 0 1 1 0 1 1 0 0 0 0 0 1 1 0 0 1 0 0 1 1 1 1 0 1 1 0 0 1 0 1 1 0 0 0 0 1 0 0 1 1 1 0 1 0 1 1 0 1 0 0 0 1 0 1 1 1 
1 1 0 0 1 1 0 0 0 0 1 1 1 1 1 0 0 0 0 0 0 0 0 1 0 1 1 1 0 0 0 1 0 1 1 1 1 34 1 0 0 1 1 1 1 0 0 1 0 0 0 1 1 1 0 1 0 0 1 0 0 1 1 0 1 0 1 1 1 0 0 0 0 1 1 0 0 0 0 0 1 1 0 1 0 0 1 1 0 1 0 0 0 0 0 0 0 0 1 1 
1 1 0 0 0 1 0 1 1 0 1 1 0 0 0 1 1 1 0 0 0 0 0 0 0 0 0 1 1 1 0 0 0 1 0 1 0 0 41 0 0 1 1 0 1 1 0 1 1 1 1 1 1 0 0 1 0 1 0 1 1 1 1 1 0 1 0 1 1 0 1 0 1 1 1 1 0 1 0 1 1 0 0 0 1 1 0 0 0 0 0 1 0 0 0 1 1 0 0 0 
1 0 0 1 0 1 0 0 1 0 1 1 0 0 0 1 0 0 1 1 1 1 0 0 0 1 1 1 0 1 0 1 1 1 1 0 1 1 0 77 1 1 1 1 0 1 0 1 1 1 0 1 0 1 0 1 0 0 1 1 0 0 0 1 1 1 0 0 0 0 1 0 0 1 1 1 0 0 1 0 0 0 1 1 1 0 0 0 0 1 0 0 1 0 0 1 1 0 0 1 
1 0 0 0 0 1 1 1 0 1 0 1 1 0 0 1 1 1 0 0 1 0 0 1 1 0 1 1 0 1 0 0 0 1 1 1 1 1 0 1 7 0 1 1 1 1 0 1 0 0 1 0 0 0 1 1 0 0 1 1 0 1 1 0 0 1 1 1 0 0 1 0 0 0 0 1 0 0 0 0 1 0 0 1 0 1 0 1 1 1 1 1 1 0 1 1 1 1 0 0 
0 1 0 1 1 0 1 0 1 0 0 1 0 1 1 1 0 0 0 1 1 1 1 1 1 0 0 0 0 1 1 0 0 0 0 1 0 0 0 1 1 0 0 1 0 0 1 0 0 0 1 0 0 1 1 1 1 1 1 0 1 1 1 1 0 1 0 1 0 0 1 0 1 1 0 0 1 0 1 1 1 0 0 1 1 0 1 1 1 1 0 1 1 1 0 1 0 1 1 0 
0 1 0 0 1 0 1 0 0 0 1 1 1 0 0 1 0 1 1 0 1 1 1 1 0 1 1 1 0 0 1 1 0 1 0 1 0 1 1 0 1 1 17 1 1 0 1 1 1 0 0 0 1 1 1 0 1 1 1 0 0 1 1 1 0 0 0 0 1 0 1 1 0 1 1 0 1 0 1 1 0 1 0 1 1 1 0 0 1 0 0 1 1 1 0 1 1 0 0 0 
1 1 1 1 0 0 1 1 0 1 0 0 1 1 0 1 1 1 1 1 0 0 0 1 0 1 1 1 1 0 0 0 1 0 1 0 1 0 0 0 0 0 1 77 0 0 0 1 1 1 1 0 0 0 1 1 0 0 0 1 0 0 0 0 1 1 0 0 0 0 1 1 0 0 1 1 0 0 1 0 0 1 0 1 0 1 1 0 0 1 1 1 0 1 1 1 1 1 1 0 
0 1 1 1 1 1 1 1 1 0 0 0 1 0 0 1 1 0 0 0 0 1 1 0 1 0 0 0 1 1 1 1 0 1 1 1 1 0 1 1 1 1 0 1 56 1 1 1 1 1 1 0 1 0 1 1 1 0 0 1 0 1 1 0 0 0 0 1 1 1 1 1 1 0 1 1 1 0 1 1 1 1 1 0 0 0 1 0 1 1 1 0 1 0 0 1 1 0 0 0 
1 0 1 1 1 1 1 1 0 0 0 0 1 1 1 0 1 1 1 1 0 0 1 0 0 1 1 0 0 1 1 1 1 0 1 0 1 1 1 0 0 0 1 1 1 53 0 0 0 1 0 1 1 0 0 0 1 1 1 0 1 0 1 0 0 1 0 0 1 0 1 0 1 0 0 0 0 0 1 1 0 1 1 1 1 1 0 0 0 0 1 1 1 1 0 1 0 1 0 1 
0 0 1 1 1 0 1 0 1 1 1 0 0 0 0 0 0 1 0 0 1 1 1 0 1 1 1 1 0 0 1 1 0 1 1 1 1 0 0 1 0 0 1 0 1 1 98 0 1 0 1 0 1 0 0 1 0 1 1 1 0 1 1 1 1 0 0 0 0 1 1 1 1 1 0 0 1 0 0 1 0 1 1 0 1 0 1 1 0 0 1 1 0 0 1 1 0 1 0 0 
0 1 1 0 1 0 1 0 1 0 0 1 1 0 0 1 1 1 1 1 0 1 0 0 1 0 1 1 0 0 0 0 0 0 0 1 1 0 0 1 1 1 1 1 0 1 0 56 0 0 1 1 1 1 0 1 0 0 1 1 1 0 1 1 1 0 0 0 1 1 0 0 1 1 1 0 1 0 0 1 1 0 0 0 0 0 0 0 1 0 0 1 1 1 0 0 1 1 0 0 
1 0 1 1 0 0 0 0 0 0 0 0 1 1 0 0 0 1 1 0 0 0 1 1 1 1 0 1 1 0 0 1 1 1 0 0 0 1 0 1 1 0 0 0 0 1 1 1 86 1 0 0 1 0 0 0 1 0 1 0 0 1 0 1 0 0 1 0 0 0 1 0 0 1 0 1 0 1 0 1 1 0 1 0 0 1 1 0 1 0 0 0 1 1 1 1 0 0 0 0 
0 1 0 1 1 1 1 1 1 0 1 0 0 0 1 0 0 1 1 0 1 1 0 1 1 0 1 0 1 0 1 0 0 1 0 0 1 0 1 1 1 0 0 1 0 0 1 1 1 12 0 0 1 1 1 1 0 1 1 0 0 1 1 1 0 1 1 1 1 1 1 1 0 0 1 1 0 1 1 1 1 1 1 1 0 0 1 0 0 1 0 1 0 0 1 0 1 1 1 0 
0 1 0 0 1 1 0 1 1 1 0 0 0 0 0 0 1 0 1 1 0 1 0 1 0 0 1 1 1 1 1 0 0 1 1 1 0 1 1 0 0 0 0 0 0 1 0 0 1 0 55 0 0 0 1 1 0 0 1 0 1 1 0 1 1 0 1 1 0 0 0 1 1 1 0 1 1 0 1 1 0 1 0 1 1 1 0 0 1 0 1 0 0 1 0 1 0 0 0 0 
0 1 1 1 1 0 1 0 0 1 0 0 1 0 1 0 1 1 1 0 0 0 0 0 1 0 0 0 0 1 1 0 0 1 1 0 1 1 1 0 1 1 0 1 0 1 0 0 0 0 0 36 1 0 0 1 1 1 1 0 1 0 1 0 1 0 1 1 1 0 0 1 0 1 0 1 0 0 0 1 1 1 1 0 0 1 1 0 0 0 0 0 1 0 1 0 0 0 0 0 
1 1 1 0 0 0 1 0 1 1 0 0 0 0 1 1 0 0 1 0 1 0 0 1 1 0 1 0 0 0 1 1 0 0 1 1 1 0 1 0 0 0 0 1 0 1 1 1 1 0 1 0 38 0 1 1 1 0 0 1 0 0 1 1 1 1 0 1 1 1 1 1 1 1 1 1 1 0 0 1 0 1 1 1 0 1 1 1 1 1 1 0 1 0 0 1 0 0 0 0 
1 1 1 1 1 0 1 0 0 1 1 0 0 1 0 1 0 1 0 1 1 0 0 1 0 0 1 1 1 1 1 0 0 0 1 0 0 1 1 0 0 0 1 0 1 1 1 0 0 0 0 0 1 56 1 0 0 1 1 1 1 0 1 1 0 0 0 1 1 0 0 1 0 0 0 0 1 1 1 0 1 1 1 0 0 0 0 1 1 0 0 1 0 1 1 0 1 0 0 1 
1 1 0 1 1 1 1 1 1 0 0 0 0 0 1 0 0 0 0 1 1 0 0 1 1 0 0 0 0 1 1 1 1 0 0 0 1 1 1 0 1 0 1 1 0 1 1 0 1 0 1 0 1 1 38 0 1 0 1 0 0 1 0 0 0 1 0 0 0 0 0 1 1 0 0 0 1 1 1 1 1 0 0 0 1 1 1 1 0 0 0 0 1 0 1 0 0 0 1 1 
1 1 1 0 0 1 1 0 0 0 0 1 0 0 1 1 0 1 0 0 0 1 1 1 0 0 0 0 1 1 1 1 1 0 0 1 1 1 0 1 1 0 0 0 0 0 0 1 0 1 0 0 0 0 1 6 0 1 0 1 0 1 0 1 0 1 1 0 0 1 0 0 0 0 1 0 1 1 0 1 1 0 1 0 0 0 0 0 1 0 0 1 0 0 1 0 1 0 1 0 
1 0 0 0 0 0 1 0 0 0 1 0 0 1 0 1 0 0 0 1 0 0 1 1 0 1 1 1 1 1 1 1 1 1 0 0 1 1 0 1 0 1 1 0 1 0 1 0 1 1 0 1 0 0 1 1 68 1 1 1 0 1 1 1 1 1 0 1 0 1 0 1 0 0 0 0 1 1 1 0 1 1 0 1 0 1 1 1 0 1 0 0 1 1 1 1 1 1 0 1 
0 0 0 1 1 0 0 0 1 1 0 1 0 0 1 1 1 1 0 0 0 1 0 1 1 1 1 0 1 0 0 0 1 0 0 0 1 1 0 0 1 1 0 1 0 0 0 1 1 0 0 1 0 1 1 1 0 56 0 1 0 1 1 1 1 0 1 1 0 1 0 0 1 1 1 0 1 0 0 0 1 1 1 1 0 0 0 0 0 0 1 1 1 0 0 1 0 0 1 1 
0 1 0 0 0 0 0 1 0 0 1 1 1 1 1 0 1 0 0 1 0 1 0 0 1 1 0 0 1 1 1 1 1 0 0 1 0 0 1 0 0 0 0 0 1 0 1 0 0 0 1 0 1 1 0 0 1 0 79 0 0 0 1 0 1 0 0 0 0 1 1 0 0 1 1 1 0 0 0 0 0 1 0 0 0 0 1 1 1 1 0 0 1 1 1 1 0 1 1 0 
1 1 0 0 1 1 0 1 1 1 0 0 0 1 1 0 1 1 0 0 1 1 1 1 1 1 1 1 1 1 0 0 1 1 1 1 1 1 1 1 0 1 0 1 0 0 1 0 1 1 0 1 0 1 1 1 0 1 1 50 0 0 1 0 0 1 0 1 0 1 0 0 0 0 1 1 1 1 0 1 1 0 1 0 1 1 1 0 0 0 0 0 1 0 0 1 1 1 1 1 
1 1 1 1 1 0 1 0 0 1 0 0 0 1 0 0 1 0 1 1 0 0 0 1 1 0 0 0 1 0 0 0 0 0 0 0 0 0 0 0 0 1 1 1 1 0 0 1 1 0 1 0 1 1 0 0 1 0 1 1 49 0 1 0 1 0 1 1 0 1 0 0 1 1 0 0 0 1 1 0 1 1 1 1 0 0 1 1 0 0 0 0 0 1 1 1 1 0 0 0 
1 1 1 0 0 0 1 1 1 1 0 0 0 1 1 1 0 0 0 0 1 0 0 1 1 0 0 1 0 1 0 0 0 0 1 1 0 1 1 1 0 0 1 0 1 0 1 1 1 1 0 1 1 1 1 1 1 0 0 1 1 56 0 1 0 1 1 0 1 1 0 1 0 0 0 1 1 1 0 0 0 1 0 0 1 1 1 0 1 1 0 0 1 1 0 1 0 0 1 1 
1 1 1 0 0 0 0 0 1 0 1 1 1 0 0 0 0 0 1 1 0 0 0 0 1 1 1 0 0 1 0 1 1 0 1 0 0 0 1 1 1 0 1 1 1 1 1 1 1 1 0 0 1 0 0 1 0 0 1 1 1 1 22 1 0 1 1 1 0 0 1 1 1 0 0 1 1 0 0 0 1 1 0 0 1 0 1 1 1 0 1 0 1 1 1 0 1 1 0 1 
0 1 1 0 0 1 1 0 0 0 1 1 1 1 0 1 0 0 1 1 0 1 1 0 1 1 1 0 0 0 1 0 1 1 1 0 0 0 0 0 1 0 1 1 1 0 1 1 0 1 0 0 0 0 0 0 0 1 1 1 0 1 1 56 1 0 0 0 0 0 1 1 1 0 0 0 1 1 1 1 0 1 1 0 0 1 0 1 1 0 0 1 1 0 1 0 0 1 1 1 
1 1 0 1 1 0 1 1 0 0 0 1 1 1 1 0 1 0 1 0 0 0 1 1 0 1 1 1 0 1 0 1 1 0 0 1 1 1 0 0 1 0 0 0 1 1 1 0 1 1 1 0 1 0 0 1 0 0 1 1 0 1 1 0 58 0 1 1 1 0 1 1 1 1 0 1 0 1 0 0 1 1 1 1 1 1 0 1 0 1 0 0 1 1 0 0 1 0 0 1 
1 0 1 1 1 0 0 0 0 1 0 0 0 1 0 1 0 1 0 0 1 1 0 0 1 1 0 1 0 1 1 0 0 0 0 0 1 0 0 1 0 0 1 0 0 0 1 0 1 0 0 0 0 1 0 1 0 0 1 1 1 1 1 1 1 9 1 1 1 0 0 0 1 1 1 0 0 0 1 1 0 0 1 1 1 0 0 1 0 1 1 1 1 0 0 1 1 1 1 0 
0 1 1 1 0 0 0 0 1 0 1 0 0 0 1 1 0 0 1 1 1 0 1 0 0 0 1 1 0 0 0 1 0 1 0 1 1 1 0 0 1 1 1 1 1 1 0 1 0 1 1 1 0 1 1 0 0 1 1 1 1 1 0 0 1 1 38 1 0 0 1 0 0 0 0 0 1 1 0 0 1 1 1 1 0 0 0 0 0 1 0 1 0 1 0 1 1 1 0 1 
1 1 0 1 1 1 1 1 1 1 0 1 1 1 0 1 1 1 1 0 1 1 0 1 0 1 1 0 0 0 0 0 0 0 1 0 1 1 1 1 0 1 0 0 0 0 0 0 0 1 0 1 1 0 1 0 0 1 0 1 0 1 1 0 1 1 1 56 0 0 1 0 0 0 0 1 1 0 0 1 0 1 0 1 0 1 1 0 0 1 0 1 0 1 0 1 0 1 0 1 
1 0 0 0 0 0 0 0 1 1 0 0 1 1 0 0 1 1 1 1 0 0 1 0 0 0 1 1 1 1 0 0 0 1 1 1 1 0 0 0 1 1 1 0 1 0 1 0 1 1 0 1 0 0 0 0 0 0 1 1 0 1 1 1 0 1 0 0 65 1 0 1 0 0 0 0 0 0 0 0 1 0 1 1 0 0 1 1 1 1 1 1 0 1 0 1 0 1 1 1 
0 0 1 1 1 0 1 1 0 0 0 0 0 0 1 1 0 1 0 1 0 1 1 0 1 0 1 0 0 1 1 1 0 1 1 0 1 1 0 1 1 1 0 1 1 0 1 0 1 0 0 1 1 1 0 0 1 0 0 1 1 1 1 1 0 0 0 0 0 71 0 0 0 1 1 0 0 1 1 0 1 0 1 1 0 1 0 1 1 0 0 0 1 1 1 0 1 0 1 0 
1 1 0 0 0 0 1 1 0 1 1 0 0 0 0 1 0 1 1 1 1 0 1 1 0 1 0 0 0 1 1 0 0 0 1 1 0 1 0 0 1 1 1 1 0 1 0 0 0 0 0 0 1 0 0 0 1 1 1 0 0 0 0 0 0 1 1 1 0 0 56 1 0 0 1 1 1 1 0 0 0 0 0 0 0 1 0 0 1 1 0 1 0 0 0 1 0 1 0 1 
0 1 1 1 0 1 1 1 1 0 1 0 0 0 1 1 1 0 0 1 0 0 0 1 1 0 0 0 0 0 1 1 1 1 1 0 1 0 1 0 1 1 1 0 1 0 1 0 1 0 0 1 0 0 0 1 1 0 0 0 0 1 0 1 0 0 0 0 1 0 0 40 0 1 0 1 1 0 1 0 0 1 0 1 1 0 0 1 1 0 1 0 1 0 1 0 0 0 0 1 
0 1 1 0 0 0 0 0 1 0 0 1 0 1 0 0 1 0 0 1 0 0 1 1 1 1 0 0 1 0 1 0 0 0 0 1 0 1 0 1 1 0 0 1 0 0 1 1 1 0 0 0 1 1 1 0 1 0 1 0 0 1 0 1 1 1 1 1 0 0 0 1 56 0 1 1 1 0 1 1 0 0 1 1 1 0 1 1 0 0 0 1 0 1 0 1 0 1 0 0 
0 1 1 1 0 1 1 1 1 0 0 0 1 1 0 1 0 0 0 1 0 0 0 0 1 0 0 0 1 0 0 0 0 0 0 1 1 1 0 0 0 1 1 1 1 0 0 1 1 1 0 1 0 0 1 1 0 1 1 0 0 0 0 1 1 1 0 1 0 1 0 1 0 14 0 1 0 1 1 0 0 1 0 1 0 0 1 1 1 1 0 0 1 0 1 0 0 1 0 0 
1 1 0 0 0 1 0 0 1 0 1 1 1 1 1 0 1 1 1 0 1 0 1 0 0 0 0 0 0 1 0 0 1 0 0 0 0 0 1 1 1 1 0 1 0 0 0 1 0 1 1 1 0 1 0 1 1 0 1 0 1 0 0 0 1 0 1 0 1 1 1 1 1 1 4 1 0 0 1 1 1 1 1 0 0 0 1 0 1 1 0 0 0 0 0 0 1 0 1 0 
1 0 0 0 0 0 1 1 0 1 1 0 1 1 0 0 0 1 1 1 0 0 0 1 0 0 0 1 1 0 1 1 0 0 0 1 1 1 1 1 0 0 0 1 1 1 1 0 1 0 1 0 0 0 1 1 0 0 0 0 0 0 1 0 0 0 1 1 1 0 0 1 0 0 1 56 0 1 0 1 0 0 0 1 1 0 0 1 1 1 1 0 1 0 0 1 0 1 1 0 
0 0 1 1 0 0 0 0 0 1 1 1 0 1 0 1 0 1 0 1 0 0 0 1 0 0 1 0 1 0 0 0 0 1 1 1 1 0 0 1 0 0 0 0 0 0 0 1 1 0 1 0 0 1 0 1 0 0 1 0 1 0 0 1 1 0 1 0 0 0 0 1 1 0 1 1 74 0 1 1 0 1 1 1 1 0 1 1 0 1 0 0 1 1 0 0 1 1 1 0 
0 0 0 0 0 1 1 0 0 0 1 0 0 0 1 0 1 1 1 0 1 0 1 0 1 1 1 0 0 1 0 0 1 1 1 0 0 1 0 1 1 1 1 1 0 0 1 0 0 1 1 1 1 0 0 0 1 0 1 1 1 0 0 1 1 1 0 0 0 0 1 0 1 1 0 1 1 77 1 0 1 1 1 1 1 0 0 1 1 0 1 1 0 0 1 0 0 0 1 1 
0 0 0 1 0 0 1 0 0 0 0 1 1 1 1 0 1 1 0 0 0 1 1 0 1 0 1 1 1 0 1 0 1 1 1 1 0 1 0 1 1 0 0 1 0 0 1 0 0 0 1 1 1 1 1 1 0 1 0 0 0 0 1 0 0 1 1 0 0 1 0 1 1 1 1 1 0 1 1 0 0 0 1 1 1 0 0 0 0 0 1 0 1 0 0 1 0 1 1 1 
0 0 0 0 1 0 0 0 0 0 1 0 0 0 0 1 0 0 1 0 1 0 1 0 1 1 1 1 1 0 0 1 0 1 1 0 0 0 1 0 1 0 0 0 1 0 1 0 1 0 0 1 0 0 0 0 1 0 0 0 0 1 1 0 0 0 1 0 0 0 1 1 1 0 1 0 1 1 1 56 1 1 0 1 1 1 1 1 1 1 1 1 0 0 1 0 1 0 0 1 
1 1 1 1 1 0 1 0 1 0 1 1 1 1 1 0 1 0 0 1 0 0 1 1 1 0 0 1 0 1 0 1 1 0 0 1 0 1 0 1 0 0 1 0 0 0 0 0 1 0 0 1 0 0 1 0 0 0 0 1 0 0 0 0 0 0 0 0 1 0 1 1 0 0 0 0 0 1 0 0 68 0 0 0 1 0 0 1 0 1 1 1 1 1 0 0 1 0 0 0 
1 1 0 0 1 0 0 0 0 0 1 1 1 0 0 1 1 1 1 1 0 1 1 0 1 0 0 1 1 1 0 1 1 1 1 1 1 1 0 0 1 0 0 1 1 1 1 0 1 1 0 0 1 0 0 0 0 1 1 1 0 1 0 1 0 1 1 1 1 1 0 1 0 1 1 0 0 1 1 1 0 56 0 1 1 0 1 0 1 1 0 1 0 0 0 1 1 0 1 0 
0 0 0 0 1 0 1 0 1 0 1 0 0 0 1 1 0 0 1 0 1 1 0 0 0 0 1 1 0 1 0 0 1 1 1 1 1 1 0 0 1 1 0 1 1 0 1 0 0 1 0 0 0 0 0 0 1 0 1 1 1 1 1 0 0 1 0 1 0 0 1 1 0 1 0 0 1 1 1 1 0 1 52 0 1 1 0 0 1 1 1 0 1 0 0 0 0 0 0 1 
0 1 1 0 0 1 1 0 0 0 0 1 1 1 1 0 0 0 0 0 0 1 1 1 1 0 1 1 1 0 0 1 0 1 0 1 0 1 1 1 0 0 0 1 0 1 1 0 1 1 0 1 1 1 0 1 1 1 1 1 1 1 1 0 1 1 0 1 1 0 1 1 0 0 1 0 1 0 0 0 0 0 1 63 1 0 0 1 1 0 1 0 0 0 0 1 0 1 1 0 
1 0 0 1 1 0 1 0 1 1 1 0 0 1 0 0 1 0 1 0 1 0 1 1 0 0 1 1 1 1 1 1 0 1 0 0 0 0 0 0 0 1 1 0 0 0 0 0 0 1 0 0 0 0 1 0 1 1 0 0 0 1 1 0 1 1 1 0 1 0 1 1 0 0 0 1 1 0 1 0 1 0 1 1 16 1 0 0 0 1 0 1 1 0 1 1 0 0 1 0 
1 1 0 1 1 0 0 0 0 0 1 0 1 1 1 0 0 0 0 0 0 0 0 0 0 0 1 1 0 1 0 1 1 0 1 0 0 0 1 1 1 1 0 0 0 0 1 0 0 0 0 1 1 0 1 1 0 0 1 1 1 1 1 1 0 1 1 1 0 0 0 1 0 1 1 1 1 1 0 0 1 0 1 1 0 56 0 0 1 0 0 1 0 1 1 1 1 0 0 1 
0 1 0 1 1 1 1 0 0 1 0 1 0 0 1 1 0 1 1 1 0 0 0 0 1 0 0 0 1 0 1 1 1 1 0 0 0 1 1 1 1 0 1 1 1 0 0 1 1 0 1 0 1 1 0 1 0 0 0 1 0 0 0 0 1 1 1 1 1 0 0 1 1 1 0 0 0 1 0 0 0 1 0 0 0 1 56 0 1 1 1 1 1 0 0 1 1 0 1 0 
0 0 1 0 1 0 1 0 1 1 1 0 1 1 0 0 1 0 0 0 1 1 0 1 0 0 0 0 1 1 0 0 0 0 1 1 1 1 1 0 1 0 0 1 1 0 1 1 1 1 0 0 1 0 1 1 1 0 0 0 0 0 0 0 0 1 1 0 0 1 0 0 1 1 1 0 0 0 1 0 0 1 1 0 1 1 1 64 1 1 1 0 0 1 0 1 1 1 0 1 
0 0 0 1 1 1 1 0 1 1 1 0 0 1 1 1 1 1 1 0 0 0 1 0 1 1 1 1 1 0 0 1 0 0 0 1 1 0 1 1 0 1 0 1 0 0 0 1 0 0 0 0 1 0 1 0 1 1 0 1 1 0 0 0 0 0 0 0 1 0 0 0 0 1 1 1 1 0 1 1 0 0 1 1 0 0 1 0 92 0 0 1 1 1 0 1 1 0 1 0 
0 0 0 0 1 1 1 1 1 0 0 1 0 1 1 1 1 1 1 1 0 0 1 0 1 0 1 0 1 0 0 1 1 0 1 1 1 0 1 1 1 1 0 1 1 1 0 1 1 1 0 0 1 0 1 0 0 1 0 0 1 0 0 0 0 0 0 1 0 0 0 1 0 1 0 1 1 1 0 1 0 0 0 0 0 1 1 1 0 82 1 1 1 0 1 1 1 0 1 0 
0 1 0 1 0 1 0 0 0 1 1 1 1 0 0 0 1 0 0 0 1 1 1 0 1 1 0 1 0 0 1 0 1 0 1 1 0 1 1 1 0 1 1 0 0 0 0 1 1 0 1 1 0 1 0 0 1 0 1 1 0 1 1 1 0 0 0 0 0 1 1 1 0 0 0 0 0 1 1 0 0 1 1 1 1 1 1 0 1 0 56 0 1 0 0 1 1 0 0 1 
1 0 1 1 0 1 0 0 0 0 1 0 1 1 1 0 0 0 0 0 0 0 1 1 1 0 0 0 1 1 0 0 0 0 1 0 0 0 1 0 1 0 0 0 1 0 0 1 0 0 1 1 0 1 0 1 1 1 1 0 1 1 0 0 0 1 0 1 0 1 1 1 0 0 0 1 1 1 1 1 0 1 1 0 1 1 1 1 1 1 1 26 0 1 1 0 1 0 0 1 
0 0 0 1 0 0 0 1 0 1 1 0 1 0 1 1 0 0 0 0 0 0 0 1 0 1 0 0 0 1 0 1 0 1 1 0 1 1 1 1 0 1 1 1 1 1 1 0 1 1 1 1 1 1 0 0 0 1 0 1 1 0 0 0 1 1 1 0 1 0 1 1 0 1 1 1 0 0 1 1 1 1 1 0 0 0 0 1 0 0 1 0 51 1 1 0 1 1 1 0 
1 1 1 0 0 1 0 0 0 1 1 1 0 0 0 1 1 1 0 1 1 0 0 0 0 1 1 0 0 0 0 1 0 0 1 1 0 0 1 1 1 1 0 1 0 1 1 0 0 0 0 1 1 1 1 0 1 0 1 1 1 1 0 1 0 1 1 1 1 1 1 1 0 1 1 1 0 0 1 1 0 0 0 0 1 1 1 0 1 0 0 0 1 64 0 1 1 1 0 0 
1 1 1 0 0 1 0 0 1 0 1 0 1 1 1 1 0 0 0 0 1 1 1 0 0 1 1 1 1 0 0 0 1 1 0 1 1 1 0 0 1 0 0 0 1 0 0 1 0 0 0 1 0 0 1 0 0 1 1 0 1 0 1 1 1 0 1 1 1 1 0 0 1 1 0 1 0 0 1 1 1 1 1 0 0 0 0 0 1 1 1 0 1 0 72 1 0 0 1 1 
1 0 0 1 0 0 0 1 1 0 0 0 1 0 0 1 1 0 0 0 1 0 1 0 0 1 1 0 1 1 0 0 0 0 1 0 1 0 0 1 0 1 0 1 1 0 1 1 0 1 1 1 1 0 1 0 0 0 0 1 1 1 1 0 1 1 0 0 0 1 1 1 1 0 1 1 1 1 0 1 0 0 1 1 1 0 1 1 1 1 1 1 1 1 0 56 0 1 0 0 
1 1 1 1 1 1 0 0 0 0 0 1 0 0 0 0 0 0 0 0 1 1 1 0 1 0 0 1 0 1 0 0 1 0 1 0 0 1 0 0 0 1 0 1 0 1 1 0 1 0 0 1 0 1 1 1 1 0 0 1 0 1 0 0 1 0 1 1 0 0 0 0 0 1 0 1 1 1 0 0 0 0 1 1 0 0 0 0 1 0 0 0 0 0 1 0 74 1 0 0 
0 1 1 0 0 0 1 0 1 1 1 1 0 1 0 0 1 0 1 1 0 0 0 0 1 1 1 1 1 1 0 1 0 1 1 1 0 0 1 1 0 0 1 0 0 0 1 1 1 0 1 1 0 0 0 0 0 1 1 0 0 0 0 0 0 1 0 0 0 1 1 0 0 0 0 0 1 1 1 1 0 1 1 0 1 1 0 1 1 0 0 1 1 1 0 0 0 56 1 0 
0 1 1 0 1 0 0 0 1 0 1 0 0 0 0 1 0 1 0 1 1 0 1 1 0 0 1 0 0 1 1 0 0 0 1 1 1 1 1 0 1 1 0 1 1 1 0 0 1 0 1 0 0 0 1 1 0 1 0 1 1 0 0 1 1 1 0 1 1 1 1 0 0 0 1 1 0 1 0 1 1 1 1 1 0 1 0 0 0 1 1 0 1 0 0 1 1 0 56 1 
1 0 1 0 1 1 0 1 1 0 1 1 0 1 1 0 1 1 1 0 1 1 0 0 0 0 0 0 1 0 0 1 1 1 0 0 1 1 1 0 0 0 1 1 1 1 1 1 0 0 1 0 0 0 1 0 0 0 1 0 0 0 1 1 0 0 0 0 1 0 1 0 0 0 1 0 1 0 0 1 0 1 1 1 1 1 0 1 1 0 1 1 0 0 1 0 1 1 0 81 
