100
59 1 0 0 0 0 0 1 1 0 1 0 1 1 1 1 1 1 1 0 1 1 0 1 1 1 0 0 0 0 0 0 0 0 1 0 1 0 1 0 1 0 0 1 0 0 1 0 0 0 1 0 1 0 1 0 0 0 0 0 0 1 1 0 0 0 0 1 0 1 0 0 0 0 1 1 0 0 0 1 1 0 0 0 1 1 0 0 0 0 1 0 1 1 0 1 1 1 0 0 
0 82 1 1 1 0 0 0 1 1 1 0 1 0 1 1 0 1 0 0 1 0 1 0 0 1 0 0 0 1 0 1 1 0 0 0 0 1 0 1 1 1 1 0 0 1 0 1 0 0 0 1 1 1 1 1 1 0 0 1 0 0 0 1 1 0 1 0 1 0 1 1 0 1 0 0 0 0 1 0 0 0 0 0 1 1 1 1 1 0 1 0 1 0 1 1 1 0 1 0 
0 1 73 1 0 0 1 1 1 0 0 0 1 0 1 1 1 0 0 1 1 0 0 1 0 1 0 0 0 0 1 1 1 1 1 1 0 1 1 1 1 1 0 0 0 1 0 1 0 1 0 1 0 0 0 0 1 0 1 0 0 0 1 1 1 1 1 0 1 0 1 1 1 0 0 0 1 0 0 1 0 0 1 1 1 1 0 1 1 1 0 0 0 1 0 0 1 1 1 1 
1 1 0 19 1 0 0 0 1 1 0 0 1 1 0 0 1 0 0 0 1 1 1 0 0 0 1 1 1 0 0 0 0 0 0 1 0 1 1 1 1 0 1 0 1 0 0 1 1 1 1 0 1 0 1 0 1 0 0 1 0 0 0 0 0 1 0 0 0 1 0 0 1 0 0 0 0 1 1 0 1 1 1 0 0 1 1 0 1 0 1 1 1 0 1 0 0 1 0 0 
1 0 1 1 61 0 1 1 1 1 0 1 0 1 0 1 0 0 0 1 1 0 1 0 0 0 0 0 0 0 1 0 1 0 1 1 0 0 1 0 0 1 1 1 0 0 1 1 1 1 1 0 1 0 0 0 1 0 0 0 1 0 0 1 0 0 1 0 1 1 1 0 0 0 1 1 1 1 0 0 1 1 0 0 0 1 1 1 0 0 1 1 0 1 1 0 1 1 0 1 
0 0 0 0 0 3 0 1 1 1 1 1 1 0 1 0 0 1 1 0 1 0 0 0 0 0 0 0 1 1 0 1 1 1 0 1 1 0 1 1 1 1 0 0 0 0 0 1 1 1 0 0 0 0 0 0 0 1 0 0 0 0 0 1 0 0 0 1 0 1 0 0 0 0 0 1 0 1 1 1 0 1 1 0 1 0 1 0 1 0 0 1 1 1 1 0 1 1 0 0 
1 0 1 0 1 1 40 0 0 0 0 1 1 1 0 1 1 0 0 0 1 1 1 0 1 1 1 0 1 0 1 0 1 1 1 1 1 0 1 1 1 1 1 1 0 1 0 0 0 1 0 1 0 1 0 0 1 1 0 0 1 1 1 0 1 1 0 1 0 0 0 0 0 0 1 1 0 1 0 1 1 1 1 0 0 0 1 1 0 1 1 0 1 1 0 1 0 0 1 0 
0 1 1 1 0 0 0 19 1 1 0 0 1 0 0 1 1 1 0 1 1 0 1 0 1 1 1 0 0 1 1 1 0 1 0 0 0 1 1 1 1 1 1 1 0 1 1 0 1 1 1 0 1 1 0 1 1 0 0 1 1 1 1 0 0 1 0 0 0 1 1 1 0 0 1 1 0 1 0 1 1 1 0 1 0 1 0 0 0 0 0 1 0 1 1 1 0 0 1 1 
0 1 0 1 0 1 1 0 10 0 1 1 0 0 0 0 0 1 0 0 1 0 1 0 0 1 1 1 0 1 0 0 1 0 1 1 0 1 1 0 1 0 0 0 0 1 1 0 1 0 1 0 0 0 0 0 0 0 1 0 1 1 0 0 1 1 1 0 1 1 1 1 1 0 1 0 1 1 1 0 0 1 0 1 0 1 1 1 1 1 1 1 0 1 1 1 0 1 0 0 
0 1 1 0 0 1 0 0 1 47 1 1 1 1 0 1 0 1 0 0 1 0 1 1 0 0 1 1 0 0 1 1 1 1 0 1 0 0 0 0 0 0 1 0 1 0 0 0 0 0 0 0 0 1 1 1 1 0 0 0 1 0 0 0 1 1 0 1 1 1 1 0 0 1 1 0 1 0 0 0 1 0 0 0 1 1 1 1 1 1 0 0 0 1 0 0 1 0 1 1 
0 1 0 1 0 0 0 0 0 1 55 1 0 0 1 0 0 1 0 0 0 1 1 1 0 1 0 0 0 1 0 1 1 0 0 0 1 0 0 1 1 0 1 1 1 0 0 1 1 1 0 1 0 1 0 0 0 0 0 0 0 1 0 0 0 0 1 1 1 0 1 0 0 1 1 1 1 1 1 1 0 0 1 0 0 1 1 1 0 0 1 0 1 0 0 0 1 1 1 0 
0 0 1 0 1 0 0 0 0 0 0 42 1 1 0 1 0 0 1 0 0 0 0 1 1 1 1 0 0 0 0 0 1 1 0 0 1 1 1 0 0 1 1 1 1 0 0 1 0 0 0 0 1 0 1 1 0 1 0 1 1 0 1 0 0 1 0 0 1 1 1 0 0 0 0 1 0 1 0 0 1 0 0 1 1 1 1 0 0 1 0 1 1 1 1 0 1 1 0 1 
0 0 1 1 0 0 1 1 0 1 0 1 81 0 0 0 1 0 0 0 0 1 0 1 1 0 1 0 0 0 1 1 1 0 1 0 0 0 1 1 1 0 0 0 0 0 1 0 0 1 0 0 1 1 0 0 1 0 1 0 1 0 0 0 0 1 1 1 0 0 0 0 1 1 1 1 0 0 0 1 0 0 0 0 1 0 0 0 1 1 0 0 0 1 0 0 0 1 0 0 
1 0 0 0 1 1 0 1 0 0 0 1 1 1 0 0 0 1 0 0 1 1 1 1 1 0 1 0 0 1 1 0 0 1 0 0 1 0 0 1 0 0 0 0 0 1 1 0 0 1 0 0 0 1 1 0 0 0 1 1 0 0 1 0 1 1 0 1 1 1 0 0 0 1 1 1 1 0 0 1 1 1 1 0 1 1 0 0 1 0 1 1 1 0 0 0 1 0 1 0 
0 1 0 1 1 1 0 0 0 0 1 0 0 1 58 0 0 1 1 1 0 1 0 0 1 1 1 0 0 0 0 0 1 0 0 1 1 0 1 0 1 0 0 0 1 0 1 1 0 0 1 0 0 1 0 1 1 1 1 1 1 1 1 0 1 1 0 1 0 0 0 0 0 0 1 1 0 1 1 0 1 1 0 1 0 0 0 1 1 0 1 1 1 1 0 0 1 0 0 1 
0 1 0 1 1 1 1 1 1 0 0 0 0 0 0 53 1 1 0 0 1 1 0 1 0 1 0 1 0 0 0 0 1 0 0 0 0 1 1 1 1 0 1 1 1 0 1 0 1 1 1 1 0 1 1 1 0 1 0 0 0 1 1 0 0 1 1 0 1 0 0 0 1 1 1 0 1 1 1 1 0 0 1 1 1 0 1 1 1 0 0 0 0 0 0 1 1 1 0 1 
0 0 1 1 0 1 0 0 0 0 0 0 1 0 0 0 99 1 1 0 1 0 1 1 0 0 0 1 0 0 1 1 1 0 1 1 0 0 1 0 0 1 0 1 0 1 0 1 1 0 0 0 0 0 0 1 1 1 1 1 1 1 0 0 0 0 1 1 1 0 0 1 0 1 1 1 1 1 1 1 0 1 1 1 1 0 0 0 1 0 0 0 1 1 0 1 1 0 0 0 
0 0 0 0 1 0 1 0 1 1 0 1 0 1 0 0 1 16 0 1 1 1 0 0 1 1 1 1 0 0 1 0 0 1 0 0 1 1 0 1 1 0 1 1 1 0 1 0 0 1 0 1 0 1 1 1 0 1 1 0 1 0 1 0 0 1 1 1 1 0 0 1 0 0 0 0 1 1 1 0 0 1 0 0 1 1 1 1 0 0 1 1 1 1 1 0 0 0 1 0 
1 1 1 0 1 0 1 1 1 0 1 0 1 1 1 1 1 0 0 0 0 1 0 0 0 0 0 0 0 0 1 0 1 0 1 1 0 0 0 0 0 0 0 1 0 1 1 1 1 0 1 0 1 0 0 1 0 1 1 0 0 0 1 0 1 1 0 0 1 1 1 0 1 1 1 1 1 0 1 0 1 1 0 0 0 1 1 1 1 1 0 1 1 0 1 0 0 1 0 0 
0 1 1 1 0 0 1 1 1 0 1 0 1 0 0 1 1 1 0 12 0 1 1 1 1 0 1 0 0 1 1 0 0 1 1 0 0 1 0 0 0 1 1 0 0 1 0 1 1 0 1 1 1 0 1 1 0 1 1 0 1 1 0 1 0 0 1 1 0 1 1 1 1 1 0 0 1 0 0 1 0 1 1 1 0 1 0 1 1 1 1 1 0 0 0 0 0 0 1 0 
0 1 1 0 0 1 1 0 1 0 0 0 0 0 0 0 0 0 1 0 27 0 1 1 0 1 1 1 0 0 1 1 1 0 0 0 0 0 0 0 0 0 1 0 0 0 0 1 1 0 1 1 0 0 1 1 0 0 0 1 1 0 0 1 0 0 1 0 1 0 1 1 0 1 0 0 0 0 1 0 1 0 1 1 0 1 0 1 0 1 1 1 1 1 0 1 0 0 0 1 
0 1 1 0 1 1 1 0 0 0 1 0 1 1 0 1 0 1 1 1 0 44 0 1 1 1 0 1 1 0 0 0 0 1 0 0 0 1 1 1 1 0 0 0 1 0 0 0 0 0 1 0 0 1 0 0 0 1 1 0 0 1 0 0 0 0 1 1 1 0 0 1 1 1 0 0 0 0 0 0 1 1 1 0 1 1 1 1 0 0 1 0 0 0 1 0 0 0 1 1 
1 0 0 1 0 1 1 0 1 1 0 1 0 1 0 0 0 1 1 0 0 0 72 1 1 1 1 0 1 1 0 0 1 1 1 0 1 0 0 1 0 0 0 0 1 0 1 1 1 0 0 0 1 1 0 0 1 0 0 1 0 1 1 1 0 0 0 1 1 0 1 0 1 1 1 0 0 0 0 1 1 0 0 1 1 0 1 1 1 1 0 1 0 0 0 1 1 1 1 0 
0 0 1 1 1 1 0 1 1 1 1 1 1 0 1 0 0 0 0 0 1 0 0 97 1 0 1 0 0 0 0 0 0 1 1 0 0 1 1 0 1 1 0 1 0 1 1 1 0 0 0 1 0 0 1 0 0 1 0 1 0 0 0 0 0 1 0 0 1 0 1 0 1 0 1 1 0 0 1 0 1 0 1 1 0 1 0 1 0 0 0 0 1 1 1 1 1 1 1 1 
1 0 0 1 0 1 1 1 0 1 0 0 0 0 1 1 1 0 1 0 0 1 0 0 63 1 1 0 1 0 1 0 0 0 1 1 1 1 1 1 0 0 0 0 1 1 1 0 0 1 0 0 0 1 1 1 1 1 0 1 0 1 1 0 0 1 0 1 0 1 1 0 0 0 1 1 1 1 0 0 0 1 1 1 0 1 0 0 0 1 0 1 1 0 1 1 0 0 1 0 
1 1 0 1 0 1 0 0 0 0 1 0 0 0 0 1 0 1 0 1 0 0 1 0 1 40 0 0 1 1 0 1 0 1 1 1 1 0 1 0 0 1 1 1 1 1 1 1 1 0 0 1 1 0 0 0 1 1 0 0 1 1 1 1 0 1 1 1 0 1 0 1 0 1 0 1 1 1 1 1 0 1 0 0 0 0 0 0 0 1 0 0 0 0 1 0 1 0 1 1 
0 1 0 0 1 0 0 1 0 0 1 0 1 1 1 1 0 0 1 1 1 0 1 0 0 1 99 1 0 0 1 0 0 1 1 0 1 0 0 0 0 0 1 1 0 1 0 0 0 1 1 1 0 0 0 0 0 0 1 0 0 1 1 0 1 0 0 1 0 1 1 1 1 0 0 1 0 0 1 1 1 1 1 1 1 0 1 1 0 0 1 0 0 1 0 0 1 0 0 1 
0 1 1 0 0 1 0 1 1 0 0 1 0 0 0 0 1 0 0 0 0 1 1 1 0 1 0 88 1 0 1 1 0 1 0 1 1 1 0 1 1 1 0 0 1 0 0 0 0 1 0 0 1 0 0 0 1 1 1 1 1 1 0 0 1 0 0 0 1 0 1 0 1 0 1 0 0 0 1 0 0 1 1 1 1 1 1 0 1 0 1 0 1 1 0 0 0 0 0 0 
1 1 1 0 0 0 1 1 1 1 0 1 0 1 1 1 1 0 0 0 0 1 0 1 1 0 0 0 98 0 0 0 0 1 0 0 1 0 1 0 0 0 1 1 1 1 1 0 0 0 1 1 1 1 0 1 0 0 0 0 0 1 0 1 0 0 1 1 0 0 0 1 1 1 1 1 0 1 1 1 0 1 1 0 0 1 1 1 0 0 0 0 0 0 0 0 1 1 1 1 
1 1 1 1 1 0 1 1 1 1 1 1 0 1 0 0 1 0 1 0 1 1 1 0 1 0 1 1 1 74 1 1 0 0 0 0 0 1 0 0 1 1 1 1 0 0 1 1 1 1 1 0 1 0 0 0 1 0 0 1 1 1 1 0 1 1 1 1 0 0 1 0 0 0 1 0 0 0 0 1 1 1 1 0 0 0 0 0 0 0 1 0 1 0 1 0 1 1 0 1 
0 0 1 1 0 0 1 1 1 1 0 0 1 1 0 0 0 0 1 0 0 0 1 1 0 0 1 1 0 1 41 1 1 1 1 1 0 1 0 1 0 0 0 0 0 1 0 0 0 1 0 1 1 0 1 0 0 0 1 0 0 1 1 1 0 1 0 1 0 1 0 1 1 1 1 1 1 1 1 1 1 1 1 1 0 1 1 1 1 0 1 1 1 0 0 0 0 0 1 0 
0 0 1 1 0 0 0 1 1 1 1 1 0 0 0 1 0 1 0 1 0 0 0 1 0 0 1 1 0 1 1 37 1 0 1 1 1 0 1 1 0 0 1 0 1 0 0 1 0 1 0 1 0 0 1 0 1 0 1 1 0 1 0 1 1 1 0 1 1 1 1 1 1 0 1 0 0 1 1 1 0 0 0 1 1 1 0 1 0 1 1 1 0 1 1 0 0 0 0 1 
1 0 1 1 0 1 1 1 0 1 0 1 0 0 0 1 1 1 0 1 0 0 1 1 1 1 1 1 0 1 1 0 90 1 0 0 1 1 0 1 1 1 1 0 0 0 1 0 0 1 1 1 0 0 1 1 0 1 0 0 0 1 0 0 1 1 1 1 1 0 1 0 0 0 1 0 1 0 0 0 1 1 1 0 1 0 0 0 1 0 0 1 0 0 0 0 0 0 1 0 
0 1 1 1 1 1 0 0 0 0 1 1 1 0 0 0 0 1 1 0 0 1 0 1 1 1 0 0 0 1 0 0 1 25 1 1 0 0 1 0 1 0 0 0 1 1 1 0 1 0 1 0 0 1 0 1 1 0 1 1 0 0 0 1 0 1 1 1 1 1 0 1 0 0 0 1 1 0 0 0 0 0 1 1 1 1 0 0 1 0 0 0 0 0 1 0 1 1 1 1 
0 1 1 1 0 1 1 1 1 0 0 1 0 1 1 1 1 0 1 0 1 0 0 0 0 1 0 0 0 1 0 0 0 0 3 0 1 1 1 0 1 0 1 1 1 1 1 0 0 1 0 1 1 0 1 0 0 0 0 1 0 0 1 0 0 1 1 0 0 1 0 1 1 0 1 1 0 1 0 0 0 0 0 0 1 1 0 1 1 0 0 0 0 0 0 0 0 0 1 0 
0 1 1 1 1 0 1 0 0 0 0 0 0 1 1 1 0 0 1 1 1 1 1 0 1 0 0 0 1 0 0 1 1 0 1 6 0 0 0 0 0 1 1 1 0 0 1 0 1 0 0 1 1 1 0 0 1 0 1 0 1 0 0 1 0 0 0 0 0 1 0 1 1 0 1 1 0 1 1 0 0 0 0 1 0 0 1 1 1 1 1 1 1 1 0 0 0 1 0 0 
0 0 0 1 0 0 0 0 0 1 1 0 1 0 1 0 1 1 1 1 0 0 0 0 0 1 1 0 1 0 1 0 1 1 1 0 96 1 0 1 1 0 1 1 0 1 1 0 0 0 1 1 0 1 1 0 1 1 0 0 0 1 1 1 0 0 1 1 0 0 1 1 0 1 1 0 1 1 0 1 0 1 1 0 1 1 1 1 0 1 1 0 0 1 1 0 0 0 1 1 
0 0 0 1 0 1 0 1 1 1 1 0 0 1 0 0 0 1 0 0 0 0 1 1 0 1 1 1 0 1 0 1 0 0 1 1 0 52 0 0 1 1 1 1 1 0 0 0 1 0 1 0 1 0 0 1 0 1 0 0 0 0 1 1 1 0 0 0 1 0 0 0 1 1 1 1 0 0 0 0 1 0 0 0 1 0 1 0 1 0 1 0 0 1 0 0 0 1 0 0 
0 1 0 0 1 1 1 0 0 0 0 1 1 0 0 1 1 1 0 0 1 0 0 0 0 0 1 1 1 1 1 0 0 1 1 1 0 0 60 1 1 0 0 1 1 1 0 0 1 1 0 1 1 1 0 1 0 1 1 0 1 1 1 0 0 1 0 1 0 0 0 1 0 1 0 0 0 0 0 1 0 1 1 1 1 0 1 0 0 0 1 1 0 0 1 0 0 0 0 0 
1 1 1 1 0 0 1 0 0 1 0 0 0 0 1 1 0 0 1 1 0 0 0 1 1 1 0 0 0 1 1 0 0 0 0 1 0 0 0 97 1 0 0 0 1 0 1 1 0 0 0 1 1 0 0 1 1 1 1 0 0 1 1 0 0 1 0 1 0 0 1 1 0 0 0 0 0 0 1 1 0 0 0 0 0 0 0 0 0 0 1 1 1 0 1 0 0 1 0 0 
1 1 1 1 0 0 0 0 0 1 0 0 1 0 0 0 1 0 1 0 1 0 1 1 0 0 1 1 1 1 1 0 1 1 0 0 0 1 0 0 6 1 0 1 1 1 1 1 1 0 1 0 1 1 0 0 0 1 1 0 1 1 0 0 0 0 1 1 1 1 1 0 0 1 0 1 0 1 1 1 0 1 0 0 1 0 1 0 0 0 1 0 0 0 0 0 0 1 1 1 
0 0 0 0 1 0 0 0 0 0 1 0 1 0 0 0 1 1 1 1 0 1 1 0 1 1 0 1 0 0 0 1 1 1 0 0 1 0 1 1 1 65 0 0 0 1 1 1 1 1 0 0 1 0 1 0 0 0 1 1 1 0 0 0 0 0 0 1 0 1 1 0 0 1 1 0 1 1 0 1 1 1 1 0 1 1 0 0 0 0 0 0 1 1 1 1 1 1 0 1 
1 0 0 1 0 1 0 0 1 1 1 1 0 1 1 1 0 0 0 0 0 1 1 1 1 1 0 1 0 0 0 0 1 1 0 0 1 1 0 1 0 0 55 1 1 1 0 0 0 0 0 1 1 0 1 0 0 1 1 0 0 0 0 1 1 0 0 0 1 0 0 0 1 1 0 0 0 0 1 0 1 0 0 0 1 1 1 0 0 1 0 1 1 0 0 1 0 1 1 1 
1 1 1 1 1 0 0 0 1 0 1 1 1 1 1 1 1 0 0 0 0 1 0 0 0 0 1 1 1 1 1 1 1 1 1 0 0 0 0 1 0 1 1 69 0 0 0 0 1 1 1 0 1 0 0 1 0 1 1 0 1 1 1 1 0 1 0 0 1 0 1 1 1 0 0 1 0 1 0 0 0 1 0 0 1 0 1 1 1 1 1 0 1 1 1 0 1 0 1 0 
0 1 0 1 0 1 0 0 1 1 0 1 0 1 1 1 0 1 0 1 0 0 1 1 1 0 1 0 1 0 0 1 1 1 1 1 0 1 1 0 1 0 0 0 3 0 0 0 0 0 0 1 1 0 0 1 1 0 1 0 0 0 1 1 0 0 1 1 1 1 1 1 0 1 0 1 0 1 1 0 1 1 1 1 0 1 1 1 1 0 1 1 0 1 0 1 0 0 0 0 
0 1 1 0 1 0 0 0 0 1 1 1 0 0 0 1 1 1 1 1 0 0 0 1 0 1 0 0 0 1 0 1 0 1 0 0 0 1 1 1 1 0 0 0 0 42 1 1 0 1 0 0 0 1 1 0 0 1 0 0 0 1 0 1 0 0 1 0 1 1 1 0 0 0 0 0 1 0 0 1 0 1 1 1 1 0 0 1 1 0 0 0 0 1 1 0 0 0 0 1 
1 0 0 1 0 0 1 0 0 0 0 0 1 1 0 1 1 0 1 0 0 1 1 0 0 0 0 1 1 0 0 0 0 0 0 0 0 0 1 0 0 1 0 0 0 0 93 1 1 1 1 0 0 1 1 1 0 1 1 1 1 1 0 1 0 1 0 1 0 1 1 0 1 1 1 0 1 1 0 0 1 0 0 0 0 1 1 1 1 0 1 1 1 1 0 0 0 1 0 1 
0 0 0 0 1 0 0 0 1 0 1 1 1 0 0 1 1 0 0 0 1 1 0 1 1 0 0 0 0 1 0 0 0 1 1 0 1 1 1 0 0 0 1 1 0 0 1 70 1 1 1 1 0 1 1 1 1 1 1 1 1 1 0 0 0 0 0 0 0 1 1 1 1 0 0 1 0 0 0 0 1 1 1 0 0 0 1 0 1 1 1 1 0 1 1 0 0 1 0 1 
1 1 1 0 0 0 1 0 0 0 1 1 0 1 1 1 0 1 0 0 0 0 0 0 0 0 1 1 0 1 1 0 1 1 1 0 0 0 1 1 1 1 0 0 0 1 0 0 91 0 0 1 1 1 1 1 1 0 0 1 1 0 0 0 1 1 1 0 0 1 0 0 1 1 0 1 0 0 1 0 0 0 1 1 0 1 0 1 1 1 0 0 0 1 1 0 1 0 0 1 
0 1 1 0 1 0 1 1 0 0 1 1 0 1 1 1 0 0 1 1 0 1 1 1 1 1 0 1 0 0 0 0 0 0 1 0 1 1 0 1 0 0 1 1 1 1 1 0 1 55 0 1 0 0 1 0 0 0 0 0 1 0 1 0 1 1 1 0 1 1 1 1 1 0 0 0 1 0 0 0 0 1 0 0 1 0 0 0 1 0 0 1 1 0 0 0 1 1 1 1 
0 0 1 1 1 0 0 1 1 1 1 1 1 0 1 0 1 1 1 0 0 0 0 0 0 1 0 0 1 1 1 1 0 0 0 1 1 1 1 0 0 1 1 1 0 0 0 1 0 0 80 1 1 0 1 0 1 0 0 1 0 0 1 1 0 0 1 1 0 1 0 1 1 0 0 1 0 1 1 0 0 0 0 1 1 1 1 0 1 1 1 0 1 0 1 0 0 1 1 0 
1 0 1 1 1 0 0 1 1 1 0 0 1 0 0 0 1 0 1 0 0 1 1 1 0 1 1 0 1 1 0 1 1 0 1 0 0 0 0 0 0 0 0 0 1 0 0 1 0 0 0 78 1 0 1 0 0 0 1 1 0 0 0 0 0 0 1 0 1 0 1 0 0 1 0 1 1 0 1 0 1 1 0 0 0 0 1 1 1 1 0 0 1 0 1 1 1 1 1 0 
0 1 0 0 0 1 0 1 0 1 1 0 1 1 0 1 0 0 0 1 0 0 1 0 0 1 1 0 0 1 1 1 1 1 0 1 0 1 1 1 0 1 0 0 0 1 0 0 0 1 0 0 14 0 0 0 0 0 1 0 1 0 1 0 0 0 0 1 0 1 0 1 1 0 1 0 0 0 0 1 1 1 1 1 1 1 0 1 1 1 0 1 0 0 0 1 0 1 0 0 
0 0 0 1 1 0 0 0 1 0 0 1 0 0 0 0 0 1 1 1 1 0 1 0 0 0 1 0 0 1 0 1 0 0 1 1 1 1 1 0 0 0 1 0 0 0 0 0 1 0 1 0 0 1 0 1 1 1 0 1 0 0 0 1 1 0 1 0 0 1 0 1 0 0 0 0 1 0 0 1 1 0 1 1 1 0 1 1 1 1 1 1 1 1 1 0 1 0 0 1 
1 0 1 1 0 1 1 0 1 0 1 1 1 1 1 0 0 1 1 1 1 1 0 1 1 0 1 0 1 1 0 1 1 0 1 1 1 0 0 1 0 1 0 0 1 1 1 0 1 1 1 1 0 0 54 1 1 1 1 1 1 0 1 0 0 0 1 1 1 0 0 1 0 1 1 1 0 1 0 0 1 0 0 0 0 0 1 1 0 1 0 1 0 0 1 1 1 1 0 0 
1 1 1 1 0 0 1 1 0 1 0 1 0 0 1 1 1 0 0 1 1 0 0 1 0 1 1 1 0 0 1 1 0 1 1 0 1 1 1 0 0 1 0 0 0 1 1 0 1 1 0 1 0 0 0 89 0 1 0 1 0 0 0 0 0 0 0 0 1 0 1 1 0 1 0 1 0 1 1 0 1 0 1 0 0 1 1 0 1 0 0 0 1 0 0 0 1 1 0 1 
0 1 0 0 1 0 0 1 0 1 1 0 1 0 0 1 0 0 1 1 0 1 1 0 1 1 1 0 0 1 1 1 1 1 1 0 0 0 1 0 0 1 1 1 1 0 1 0 1 0 1 1 1 1 1 1 16 0 1 0 0 0 1 1 1 1 1 1 0 1 0 0 0 1 1 1 1 0 0 0 0 1 1 1 1 1 1 0 1 0 0 0 0 1 0 0 1 0 1 0 
1 1 0 0 0 1 0 0 1 0 0 1 0 1 0 1 1 1 0 0 1 1 0 1 0 1 1 0 1 0 0 0 0 1 0 0 1 1 0 1 0 1 0 1 1 1 1 1 1 1 0 0 0 0 0 1 1 36 0 0 1 1 1 1 1 1 1 1 0 1 1 1 1 0 0 0 1 0 1 1 0 1 1 1 0 0 0 1 1 0 1 0 0 0 0 0 1 0 1 0 
0 0 1 1 1 1 1 1 0 1 0 0 0 1 0 0 1 1 0 1 0 1 0 0 1 1 0 0 1 1 1 1 1 0 1 1 0 0 0 0 0 1 0 0 0 0 1 1 0 1 1 1 0 0 0 0 0 0 53 1 1 0 0 0 0 1 1 0 0 1 0 0 0 0 1 1 0 0 0 1 0 1 1 0 1 0 0 0 1 1 1 1 0 0 0 0 0 0 1 1 
1 0 0 1 0 0 1 0 0 0 1 1 0 1 1 0 1 1 1 0 1 0 1 1 0 0 0 1 0 1 0 1 1 0 1 1 0 0 1 0 0 1 0 1 1 1 0 0 1 1 1 1 1 1 0 1 0 1 1 40 0 0 0 1 1 0 0 0 0 1 1 1 1 0 0 0 1 0 1 0 0 0 0 0 0 0 0 1 0 0 1 0 0 1 1 0 1 1 1 0 
0 1 1 0 0 0 0 1 1 1 0 0 0 1 1 1 0 1 1 1 0 1 0 0 0 1 0 0 1 1 1 1 0 1 0 0 0 1 0 0 0 1 1 1 0 0 1 1 0 1 1 1 1 0 1 1 0 1 1 0 74 1 0 1 1 0 1 1 0 1 1 1 1 0 1 1 1 0 0 1 0 0 0 0 0 0 0 0 1 1 1 1 1 1 1 1 0 0 1 0 
1 0 0 0 0 1 0 1 0 1 1 1 1 0 1 1 1 0 0 0 0 0 0 1 1 1 0 1 0 1 0 0 0 0 1 1 0 1 1 1 0 0 0 1 0 1 1 1 1 1 0 1 0 1 1 1 0 0 1 0 0 37 1 0 1 0 1 1 1 1 0 0 1 0 0 1 1 1 1 1 1 1 1 0 1 0 0 1 1 0 0 1 0 0 1 0 1 1 0 1 
1 0 1 0 1 0 1 1 1 1 1 1 0 0 0 1 0 0 1 1 0 0 1 0 0 1 0 1 0 1 0 0 1 1 1 1 1 1 1 0 0 0 1 0 0 1 0 1 0 1 1 1 0 0 0 0 1 1 0 1 1 0 43 1 0 1 0 1 1 1 1 0 0 1 0 0 1 0 0 0 1 1 1 0 0 1 1 1 0 0 1 0 1 0 0 0 0 0 1 0 
0 1 1 0 0 1 0 1 1 1 1 0 1 1 1 0 0 0 1 0 0 0 0 1 1 0 1 0 1 1 1 0 0 0 1 0 1 0 0 0 0 1 1 1 0 1 0 1 1 0 1 0 1 1 1 0 0 1 0 0 0 1 0 82 1 0 1 1 1 0 1 0 1 0 1 1 1 1 0 1 0 0 1 0 1 0 0 1 1 0 0 0 1 1 0 0 0 1 1 0 
0 0 1 1 1 1 1 1 1 1 0 0 1 0 1 1 1 1 1 1 1 1 1 0 0 1 0 0 0 1 1 1 0 0 1 0 0 1 1 1 0 0 0 1 0 0 0 0 0 0 1 0 0 0 1 0 0 0 1 0 0 0 1 1 0 1 1 1 1 0 1 1 1 1 0 0 0 1 0 0 0 0 0 1 0 1 1 1 1 0 1 1 1 1 0 1 1 1 0 0 
1 0 1 1 1 1 1 0 1 1 1 1 1 0 0 0 0 0 0 1 0 1 1 1 1 0 1 1 0 0 0 0 1 0 1 0 1 0 0 1 0 1 1 0 1 1 1 1 1 0 1 0 1 1 1 0 0 0 1 0 0 0 1 1 1 60 0 0 1 0 0 1 1 1 1 0 1 0 0 0 1 1 0 0 0 1 1 1 0 0 1 0 1 1 0 0 0 0 0 1 
1 1 1 1 0 0 1 0 0 0 1 1 1 0 1 1 1 0 0 0 0 0 1 1 0 0 1 0 1 0 0 1 1 1 0 0 1 1 1 1 1 0 0 1 0 0 0 1 1 1 1 1 1 1 0 1 0 1 0 1 1 1 1 0 1 1 79 1 0 0 0 1 1 1 1 0 0 1 1 1 1 0 1 1 0 0 1 0 0 0 1 1 0 0 0 1 1 1 0 0 
1 1 0 0 0 1 1 1 0 1 0 0 1 0 1 0 1 1 1 0 0 1 1 1 1 0 1 0 1 0 0 0 1 0 0 0 0 1 1 1 1 1 1 1 1 0 1 0 0 1 0 1 0 1 0 1 0 0 0 1 1 1 0 0 1 0 0 4 1 1 1 0 1 1 1 1 0 1 1 1 0 0 0 1 1 1 0 1 0 1 0 0 0 1 1 0 0 1 0 0 
1 0 0 1 1 0 0 0 0 1 1 1 0 1 1 0 0 0 0 1 0 0 1 1 0 0 0 1 1 1 1 1 1 1 0 0 0 1 1 0 0 0 1 1 1 1 0 1 1 0 0 1 1 1 1 0 0 1 0 0 1 1 0 0 0 1 1 0 1 0 1 1 0 0 0 0 1 1 1 0 0 0 1 0 0 1 1 1 0 1 0 1 0 1 0 0 0 1 0 1 
0 0 1 0 0 1 1 1 1 0 1 0 0 1 1 1 1 1 1 0 1 1 1 1 1 1 1 0 0 1 0 0 0 0 1 1 0 0 0 1 0 0 0 0 0 1 0 1 1 0 1 0 1 0 0 1 1 0 1 1 0 1 0 1 1 0 0 0 0 98 0 0 1 0 1 0 0 1 1 1 0 0 0 0 1 0 1 1 0 1 1 0 1 0 0 1 1 0 1 0 
0 1 0 0 0 0 0 0 0 1 1 0 0 1 0 1 0 1 1 1 1 0 1 0 0 1 1 0 1 1 0 0 0 0 1 1 0 1 1 0 1 1 0 0 1 0 0 0 1 1 1 1 0 1 1 0 1 0 0 1 1 0 0 0 1 0 1 0 0 1 6 1 0 1 0 0 1 1 1 0 0 1 0 1 1 0 1 1 1 0 1 1 0 1 0 0 1 1 1 1 
0 1 0 1 0 1 0 1 1 0 0 0 1 1 0 1 1 1 1 1 1 1 0 1 1 0 0 0 0 1 0 1 0 1 0 0 0 1 1 0 1 1 1 1 0 0 0 1 1 0 0 0 0 0 1 1 0 1 0 1 1 0 1 0 0 1 0 0 0 0 1 31 1 1 0 1 1 1 1 1 1 1 1 0 1 0 0 0 1 1 0 1 0 0 1 0 1 0 1 0 
1 1 0 0 0 1 1 1 0 1 0 0 0 0 1 0 0 1 1 0 1 1 0 0 0 1 0 1 1 0 0 0 0 1 0 0 0 0 0 0 0 0 1 0 0 1 1 0 1 0 1 0 0 0 1 0 1 1 1 1 1 0 1 1 1 1 0 1 1 1 1 1 69 1 1 1 1 1 1 1 1 0 0 0 1 0 0 0 0 1 1 0 0 0 0 1 1 1 0 0 
0 0 0 1 0 1 0 1 1 0 0 0 1 0 1 0 1 1 0 1 0 1 0 1 1 1 0 0 0 1 0 1 1 1 1 0 1 0 1 1 0 0 1 1 0 1 1 1 1 0 1 0 0 1 0 0 0 1 1 0 0 0 1 0 1 0 0 0 0 1 1 1 1 89 1 0 0 1 0 0 0 0 0 1 0 1 1 1 1 1 1 0 0 0 1 0 1 1 1 0 
1 1 0 1 1 1 1 0 0 1 0 1 1 0 1 0 1 1 0 1 0 0 1 1 0 0 0 1 1 1 0 1 0 0 1 1 1 0 1 1 0 1 1 0 0 0 1 0 0 0 1 1 0 1 1 1 0 1 1 1 0 1 1 0 0 0 0 1 0 1 1 1 1 0 59 0 1 0 1 0 0 0 0 1 0 0 0 1 0 0 0 1 1 1 1 1 1 1 1 0 
0 0 0 0 0 1 1 0 1 0 0 0 1 0 1 0 1 1 0 1 0 1 0 0 0 0 1 1 0 1 0 1 1 1 0 1 1 1 0 0 0 0 0 0 1 0 1 1 0 1 0 0 0 1 0 1 0 0 0 1 1 0 1 0 1 1 1 0 1 1 0 1 1 1 1 12 1 1 0 1 1 0 1 1 0 1 0 1 0 0 1 1 1 1 1 1 0 0 1 1 
0 1 1 1 0 0 1 0 0 0 1 1 1 0 1 0 1 0 0 0 0 1 0 0 1 1 1 1 0 1 0 1 0 0 0 0 1 0 1 1 0 0 1 0 0 1 1 1 0 1 0 1 1 1 0 1 1 0 0 1 1 1 0 1 0 0 0 1 0 1 0 0 0 1 0 0 43 1 0 0 1 1 0 1 0 1 1 0 0 0 1 0 0 1 0 1 0 1 0 0 
1 1 1 0 1 0 0 0 1 1 0 1 0 0 0 1 1 0 0 1 1 1 0 1 1 0 1 1 0 0 1 1 0 1 0 1 1 0 0 1 1 0 0 1 0 1 1 0 1 1 1 1 1 1 0 1 0 0 0 0 1 1 0 1 0 0 1 1 1 0 0 1 1 0 1 0 1 86 1 1 0 0 0 1 1 0 0 0 0 0 1 0 1 1 1 0 1 0 1 1 
0 0 1 0 0 1 1 1 1 0 0 1 0 0 1 0 1 0 0 0 1 1 1 0 0 0 1 1 0 0 1 1 1 0 0 1 1 1 0 1 1 0 0 1 0 1 0 1 0 1 1 0 1 0 1 0 0 0 0 1 1 0 0 1 0 1 0 1 1 1 0 0 0 1 0 1 1 1 8 1 0 1 0 0 1 1 1 0 1 0 1 0 1 0 1 0 1 0 1 1 
0 0 0 1 1 0 1 1 0 1 1 1 1 0 0 1 0 1 1 1 0 0 1 0 0 1 0 1 0 1 0 1 1 0 0 0 1 0 0 1 0 0 1 1 0 1 0 0 1 0 1 1 1 0 0 1 0 0 0 0 0 0 1 0 0 1 1 1 1 0 1 0 0 1 1 1 0 0 0 61 1 0 1 0 1 0 1 1 0 1 0 1 1 0 0 1 0 0 1 1 
1 1 0 1 0 0 0 0 1 0 1 1 0 0 0 1 0 0 0 1 0 0 1 0 1 1 1 1 1 1 0 1 1 1 0 0 0 1 0 0 0 1 1 1 0 1 0 0 0 0 0 1 1 0 1 0 1 0 1 0 1 1 0 1 1 0 0 0 0 1 1 1 1 1 1 0 1 1 0 1 3 1 0 0 0 0 0 0 1 0 0 0 0 1 1 0 1 0 0 1 
1 0 0 0 1 1 1 0 0 1 1 1 1 1 0 1 0 1 0 0 1 1 1 0 1 0 0 1 0 1 0 0 0 0 1 1 1 1 1 1 1 0 1 1 0 1 0 1 0 1 1 0 1 0 0 0 0 0 1 0 1 1 1 1 1 0 1 1 1 0 0 1 0 0 1 0 1 1 1 0 1 24 1 0 1 1 1 0 0 0 1 0 0 1 1 0 1 0 0 1 
1 0 0 1 1 1 0 1 1 0 0 0 1 0 0 1 1 0 0 1 0 0 0 1 0 0 0 1 0 1 0 1 0 0 1 0 1 0 1 0 0 1 1 1 1 1 1 1 0 1 1 0 0 1 1 0 1 1 0 0 0 1 0 0 1 0 0 0 0 0 0 1 1 0 1 1 1 1 1 1 1 0 78 1 1 0 1 1 0 1 1 0 0 1 1 1 1 1 1 0 
0 1 1 0 1 1 1 0 1 0 0 1 0 0 0 0 0 0 0 0 1 0 1 1 0 0 0 0 1 0 1 1 0 0 0 1 1 1 0 0 1 1 0 1 1 1 1 0 1 0 1 1 1 0 0 1 0 0 0 0 1 0 1 0 0 1 0 1 0 1 0 0 1 0 0 0 0 1 0 1 1 1 1 14 0 0 0 1 0 1 0 1 1 1 0 0 0 0 1 1 
0 0 1 1 1 0 1 0 0 1 1 1 0 1 0 1 1 0 0 0 1 1 1 1 0 0 0 1 0 0 1 1 0 1 0 0 0 0 0 1 1 0 0 1 1 1 0 0 0 1 0 0 1 0 0 0 1 0 0 0 1 1 0 0 0 0 0 0 0 0 0 0 1 0 1 0 0 0 0 0 0 1 1 0 33 1 1 0 1 0 1 0 0 0 1 0 0 0 1 0 
0 0 1 1 0 0 0 1 0 0 1 1 0 0 0 0 1 1 1 0 1 1 1 1 0 0 0 0 0 1 0 0 0 1 1 0 0 0 1 1 1 1 0 1 0 0 0 1 0 0 0 1 0 1 1 1 0 0 1 0 0 0 0 1 1 0 0 1 1 1 1 0 1 1 1 0 1 0 1 1 1 0 1 1 1 9 1 0 0 0 1 1 1 1 1 1 1 0 0 0 
1 1 0 1 1 1 0 0 0 0 0 0 0 1 0 0 0 0 0 1 1 0 0 1 1 0 0 1 1 1 0 0 0 0 1 0 1 0 0 1 0 1 1 1 1 0 1 0 1 0 0 0 1 1 0 0 1 0 0 1 0 0 0 0 0 0 0 0 0 1 0 0 0 0 0 1 1 0 0 0 1 0 1 0 1 1 54 1 1 1 1 1 0 0 0 1 0 0 0 1 
1 1 1 1 1 0 0 1 1 1 1 1 1 0 1 0 0 1 1 1 1 0 0 1 0 0 0 0 1 1 0 0 0 1 0 0 0 0 1 0 1 1 1 1 1 0 1 1 0 0 1 0 1 1 1 0 1 0 0 0 1 1 0 1 1 0 0 0 1 1 1 0 0 1 0 1 1 0 0 1 0 0 1 1 1 0 0 90 1 0 1 0 1 1 1 1 0 0 0 1 
1 0 0 0 0 1 1 1 0 0 0 0 0 1 0 0 1 0 0 0 1 0 0 0 0 0 1 0 1 0 0 1 1 1 1 1 0 1 1 1 1 0 0 0 0 1 1 0 0 1 0 0 0 1 0 1 1 0 0 1 0 1 1 1 0 0 0 0 0 1 0 0 1 1 0 1 1 1 1 1 1 1 0 0 1 0 0 0 49 1 1 1 0 1 1 1 0 1 1 1 
0 1 1 0 1 0 0 0 0 0 0 1 1 0 1 0 0 0 0 1 0 1 0 0 1 1 1 0 1 1 1 1 0 1 1 0 1 1 1 0 1 0 1 1 1 1 0 1 0 0 0 0 0 1 0 1 0 1 0 0 1 0 0 0 1 0 0 0 0 1 1 1 0 1 0 1 1 0 1 1 0 1 1 0 0 1 0 0 0 62 1 0 0 1 0 1 0 0 0 0 
1 1 0 1 0 0 1 1 1 1 1 1 1 1 1 0 1 0 0 0 0 0 0 0 1 0 1 1 1 0 1 1 0 1 1 0 1 1 1 1 1 0 1 1 0 1 1 0 1 0 1 1 0 0 0 1 1 1 0 0 0 0 1 1 1 0 1 0 0 1 0 1 0 1 0 1 0 1 0 1 1 0 1 0 1 1 1 0 1 0 45 0 0 1 0 1 1 0 1 1 
0 0 0 1 1 0 0 1 1 1 0 1 1 0 0 0 0 1 1 0 1 1 1 1 1 1 1 0 1 1 1 1 0 1 1 0 1 1 0 0 0 0 1 0 0 1 1 0 1 1 1 0 1 1 0 1 1 0 1 1 1 1 1 0 0 1 1 0 0 0 0 1 1 0 1 1 1 0 0 0 0 1 0 0 1 1 0 1 1 1 1 95 1 1 1 0 1 1 0 1 
0 0 1 0 0 0 0 1 1 1 0 0 0 0 1 1 1 0 1 1 1 0 1 0 0 1 0 1 1 0 0 0 1 0 1 1 0 0 1 0 0 0 0 0 0 0 0 0 1 1 1 0 1 1 1 1 1 1 1 1 0 0 0 0 1 1 0 0 1 0 0 0 1 0 1 0 0 0 1 1 0 0 0 0 0 1 0 0 1 0 0 1 4 0 0 0 1 0 1 0 
1 1 1 1 0 0 1 0 1 1 0 0 1 1 0 0 1 1 1 1 0 1 0 1 1 1 1 1 1 1 1 1 1 1 1 1 1 0 1 0 1 1 1 0 1 1 1 1 0 1 0 0 1 0 0 0 0 0 1 1 0 1 1 1 0 0 0 1 1 1 0 0 0 1 1 1 1 1 1 0 1 1 1 1 1 1 0 1 1 1 1 0 0 59 0 1 1 0 1 1 
0 1 0 1 1 0 1 0 1 0 0 1 0 0 0 0 1 1 0 0 0 0 1 1 0 1 0 0 0 1 0 0 0 1 1 0 1 0 1 1 0 0 1 0 1 1 0 1 0 1 1 0 1 0 1 0 0 0 0 0 1 0 0 1 1 0 0 0 0 1 1 0 0 0 1 0 0 1 1 1 0 0 1 0 1 1 1 1 1 0 0 1 1 0 97 0 1 1 0 1 
1 0 0 0 0 0 1 1 1 0 1 0 1 0 1 1 0 0 0 1 1 1 1 0 1 0 0 0 0 0 0 1 0 0 0 1 0 1 0 1 0 0 0 0 0 1 1 1 0 1 1 0 0 1 1 0 0 1 0 0 1 0 1 0 0 1 0 1 1 0 0 0 0 1 1 0 1 0 0 0 0 1 0 1 1 1 0 1 1 1 1 1 0 0 0 8 0 0 0 0 
1 1 0 0 0 1 0 0 0 0 1 0 1 0 0 0 1 0 0 0 1 0 0 1 0 1 1 1 1 1 0 1 0 1 1 0 0 0 0 0 0 0 1 1 1 1 0 1 0 0 1 1 1 0 1 1 0 1 1 1 0 0 1 1 1 0 1 0 0 0 0 1 1 0 1 1 1 0 0 0 1 1 1 0 0 1 0 1 1 1 0 1 0 1 1 0 29 0 1 1 
1 0 1 1 1 0 0 0 1 0 1 0 1 1 0 1 1 0 1 1 1 1 0 0 0 0 0 1 0 1 0 1 0 0 1 1 0 0 0 1 1 1 1 0 0 0 0 1 0 1 1 0 0 1 1 0 0 1 1 0 1 1 1 0 1 0 1 0 1 1 0 0 1 1 0 1 0 1 0 1 1 1 0 1 1 0 0 1 1 0 0 0 0 0 1 0 0 98 1 1 
0 0 0 0 1 1 0 0 0 1 1 0 1 0 0 1 0 0 1 1 0 1 0 0 1 1 1 0 0 0 0 1 0 0 0 1 0 0 0 0 0 0 1 0 0 0 1 1 0 1 1 1 0 1 0 0 0 1 1 1 0 1 1 0 0 0 0 0 0 1 1 0 1 0 1 1 0 1 1 0 0 0 1 0 1 0 0 1 1 1 0 0 0 1 1 1 1 1 61 1 
0 1 0 1 1 0 1 0 0 0 1 0 0 0 1 0 1 0 1 1 0 1 0 0 1 0 1 1 0 1 0 0 1 1 1 1 0 1 0 0 1 0 1 1 1 0 0 0 0 1 0 0 1 0 1 1 0 0 0 0 0 0 1 1 0 1 1 0 1 1 0 0 0 0 0 0 0 0 0 1 0 0 1 0 1 0 1 0 1 1 0 0 0 0 1 0 1 0 1 84 
