100
93 1 1 0 1 0 1 1 1 0 1 1 0 1 0 0 0 0 1 1 1 1 1 0 0 0 1 0 0 1 1 0 0 0 1 1 0 1 1 0 0 0 1 1 0 1 0 1 1 0 1 0 0 0 1 1 0 0 0 0 0 1 0 1 0 1 1 0 1 0 0 0 1 0 1 1 1 1 1 1 0 1 1 1 1 0 0 1 1 1 0 0 0 1 0 0 1 1 0 1
1 94 1 0 1 0 1 1 0 0 0 1 0 0 0 1 0 0 0 0 1 0 0 1 1 0 0 0 0 0 1 1 1 1 0 0 1 0 1 0 0 1 1 0 0 1 0 0 1 1 1 1 1 0 1 1 0 1 0 0 0 1 0 0 1 1 0 0 0 0 1 1 0 1 0 1 1 1 0 1 1 0 1 1 0 1 0 1 1 1 0 1 1 0 0 0 0 1 1 1
0 0 21 1 1 0 0 1 1 1 1 1 0 1 1 1 1 1 1 0 0 1 1 1 0 0 1 1 0 0 1 1 0 0 1 1 0 1 1 0 1 0 1 0 1 0 0 1 1 1 1 0 1 0 0 1 1 0 1 0 1 1 1 0 0 1 0 0 0 0 0 0 0 1 1 0 0 1 1 0 1 1 1 0 0 1 0 0 0 0 0 1 0 0 1 1 0 0 1 1
1 0 0 67 0 0 1 0 0 0 1 0 0 0 1 1 1 1 1 0 0 1 1 1 1 1 1 0 1 1 0 1 1 1 0 0 0 1 0 0 1 0 0 0 1 0 1 0 0 1 1 0 1 1 1 1 1 0 0 1 0 1 0 0 1 1 0 0 0 0 0 1 0 0 1 0 0 0 1 0 0 0 0 0 0 0 1 0 1 0 1 1 1 1 0 0 1 1 0 0
1 0 0 0 82 1 1 0 1 0 0 0 0 1 0 0 1 1 0 1 0 1 0 1 0 0 1 1 1 0 1 1 0 1 0 0 0 1 0 1 1 1 1 0 0 0 1 0 0 1 1 1 1 1 1 0 0 1 1 0 1 0 0 0 1 1 1 1 0 1 1 0 0 0 0 0 0 0 1 0 0 0 0 0 0 1 1 0 0 0 0 0 1 0 0 1 0 0 1 1
0 1 1 1 0 87 0 0 1 0 0 1 1 0 1 1 0 0 1 0 1 0 1 1 0 0 0 1 1 1 1 1 1 0 0 0 1 0 1 0 1 1 0 1 0 1 1 0 1 0 1 1 0 0 0 1 0 1 1 1 0 1 0 1 0 0 1 0 0 1 1 0 1 1 1 0 1 1 0 1 1 1 1 0 1 0 0 1 0 0 0 1 0 0 1 1 1 1 0 1
0 0 1 0 0 1 51 1 0 1 1 0 1 1 0 0 1 1 0 0 1 1 0 0 1 1 0 0 1 0 0 0 0 0 1 0 1 1 0 0 0 1 1 0 1 1 0 0 0 0 1 0 0 1 1 1 1 1 1 1 1 0 1 1 0 0 0 0 1 0 1 1 0 1 1 1 0 0 0 0 1 0 1 1 0 0 0 0 1 0 0 1 1 1 1 0 0 1 1 1
1 0 0 1 1 1 1 76 0 1 1 0 1 1 0 1 1 1 1 0 1 0 1 0 1 1 1 1 0 0 1 1 1 0 0 0 1 0 0 0 0 0 0 1 0 1 1 1 1 0 0 0 1 1 1 0 1 0 0 0 0 1 1 0 0 0 1 1 0 0 0 0 1 0 0 0 0 1 1 1 0 0 1 0 1 1 1 0 0 0 0 1 1 0 0 0 0 1 0 1
0 0 0 0 1 0 1 0 84 1 0 0 0 0 1 1 0 1 1 1 1 1 0 1 1 1 1 0 1 1 0 1 0 0 0 1 1 1 1 1 1 0 0 0 0 0 0 1 0 1 0 1 1 0 0 1 1 0 1 0 1 0 1 1 1 0 0 0 1 0 0 0 0 1 1 1 1 0 1 0 1 0 0 1 0 1 0 0 1 0 0 0 1 0 1 1 1 1 0 0
1 1 1 0 0 0 1 1 0 86 1 1 1 0 0 0 1 1 1 1 1 1 0 1 1 0 1 0 0 1 1 1 0 1 1 1 1 1 1 0 0 1 0 1 1 1 1 0 1 0 0 0 0 0 1 1 0 1 1 0 1 1 0 1 1 0 1 1 1 1 1 1 1 0 0 0 1 0 1 0 1 1 0 0 1 0 1 1 0 1 0 0 0 0 0 0 0 0 1 0
1 0 0 0 1 0 0 0 1 0 91 0 1 0 1 1 0 1 0 0 1 0 0 1 1 1 1 1 1 1 1 0 1 1 1 0 1 0 1 0 1 0 1 0 0 0 1 1 0 0 1 1 1 1 1 1 1 0 1 0 1 1 1 1 1 1 0 0 1 0 1 1 0 1 0 1 0 0 0 0 0 0 0 1 0 0 0 0 1 0 0 1 0 1 1 1 1 1 0 1
1 0 1 1 0 0 1 1 1 0 0 15 0 1 0 0 0 1 1 0 0 0 0 1 1 1 0 1 1 0 0 0 1 1 0 1 1 1 0 1 0 0 0 0 1 0 0 1 0 1 1 1 1 1 1 1 1 1 0 1 0 0 1 1 0 1 0 0 0 0 1 0 0 1 1 1 1 1 0 1 1 1 1 0 1 1 1 0 0 1 1 0 0 0 1 0 0 1 0 1
0 0 1 1 1 1 0 0 0 0 1 0 71 0 0 1 0 1 0 0 1 1 1 0 1 1 1 1 0 0 1 1 0 0 1 0 0 1 0 1 1 1 1 0 0 0 0 0 0 1 1 0 0 1 1 0 1 0 1 0 1 1 1 1 1 1 1 0 0 0 0 0 0 1 0 1 0 1 0 1 1 0 1 1 0 0 0 1 0 0 1 0 1 1 1 0 1 0 1 1
0 0 1 0 1 1 1 1 0 1 1 0 1 69 1 1 1 1 0 1 0 1 1 0 0 1 0 0 0 0 1 0 0 0 0 1 0 0 0 0 1 1 0 0 0 1 0 1 1 0 1 0 0 1 0 0 0 1 1 0 0 1 0 0 0 1 0 0 0 1 0 1 0 0 0 0 0 1 1 1 0 1 0 0 1 0 0 1 1 0 0 0 1 1 1 0 0 0 0 1
0 0 0 1 1 1 0 0 0 1 1 1 0 1 20 0 0 0 1 0 0 1 0 0 1 1 1 1 0 0 1 0 1 1 0 0 1 1 0 1 0 1 1 1 0 0 1 0 0 1 0 1 1 0 1 0 0 0 0 1 0 0 0 1 0 0 0 1 1 0 1 0 1 1 1 0 0 0 0 1 0 1 1 1 1 1 1 0 0 1 1 0 1 1 1 0 0 1 1 0
1 0 1 1 0 0 1 1 1 1 0 0 0 1 0 88 1 0 1 0 1 0 0 0 0 1 1 1 0 0 0 0 1 1 0 1 1 1 1 0 0 0 1 1 0 1 1 1 1 0 0 0 1 1 1 1 1 0 1 1 1 1 0 0 0 1 0 0 0 1 0 1 1 0 0 1 0 1 0 1 0 1 1 0 1 0 0 0 1 1 1 1 0 1 1 0 0 1 0 0
1 1 1 0 1 1 1 0 1 0 1 0 1 1 0 0 56 0 0 0 0 0 1 0 1 1 1 1 0 0 1 1 1 0 0 1 1 1 0 0 0 0 1 0 0 0 1 0 0 1 0 0 0 1 0 1 0 0 1 1 1 0 0 1 1 1 1 1 0 0 0 1 0 0 0 0 1 1 1 0 0 0 0 0 0 0 1 1 1 1 1 1 1 0 1 1 0 0 0 0
0 0 1 1 0 1 1 0 0 1 0 0 1 0 0 1 1 2 1 0 1 1 0 0 1 1 1 0 0 1 1 1 1 1 1 1 0 0 1 1 0 0 0 1 1 1 1 1 1 1 1 1 1 1 1 1 1 0 1 1 1 0 0 1 1 0 0 1 1 1 1 1 0 0 1 0 1 1 0 0 0 0 1 1 1 1 1 1 1 0 0 1 0 1 0 1 0 0 0 1
1 1 1 1 0 1 1 1 1 0 0 1 0 1 1 1 0 0 62 0 0 1 0 1 0 0 0 0 1 1 1 1 0 1 1 0 0 0 1 0 0 1 1 1 0 0 0 1 0 0 0 1 1 1 0 0 1 0 1 1 0 1 0 1 1 1 1 1 1 0 1 1 0 0 1 1 0 0 1 1 1 1 0 0 1 1 0 1 0 1 0 0 1 1 1 0 0 0 1 1
1 1 0 1 0 0 1 0 1 0 0 1 0 0 1 0 1 1 0 77 1 0 1 1 1 0 1 0 0 1 0 1 0 0 1 1 1 0 1 0 0 1 1 0 0 0 0 0 1 1 1 0 0 0 1 1 1 1 0 1 1 0 0 0 1 1 0 0 0 0 0 0 1 1 0 1 1 0 0 0 1 0 1 1 0 1 0 1 0 0 0 0 0 0 1 1 1 1 0 0
1 0 1 0 0 0 1 0 0 0 0 1 1 1 1 1 0 1 1 1 49 0 1 0 0 0 1 0 0 0 1 1 1 0 0 1 0 1 0 1 1 1 1 0 0 0 1 0 0 0 1 0 1 1 1 0 1 0 1 0 0 1 1 0 0 0 1 1 0 0 0 0 0 1 1 0 0 1 0 1 1 1 1 0 0 1 0 0 1 1 1 1 0 0 1 0 1 0 0 1
1 0 1 0 0 1 0 0 0 0 1 1 0 0 1 1 1 1 1 1 1 24 1 1 0 0 1 1 0 0 0 1 0 1 1 1 0 0 0 1 0 1 1 0 1 0 0 1 1 1 1 1 1 0 0 0 1 1 1 1 0 0 0 1 0 0 0 0 1 1 0 0 1 0 0 0 0 1 1 0 1 0 1 0 0 0 1 1 1 0 0 0 1 1 1 1 0 1 1 1
1 0 1 0 0 0 0 1 1 1 0 0 0 1 1 0 0 1 0 1 1 1 32 0 1 1 0 1 1 1 0 0 0 0 0 1 0 1 0 0 1 1 0 0 0 0 1 0 0 0 1 1 1 1 0 1 0 0 0 0 1 1 1 0 1 0 0 0 0 0 0 0 0 1 0 0 0 1 1 0 1 0 1 1 1 1 0 0 1 0 0 0 0 1 0 1 0 1 1 0
0 0 0 0 1 0 1 1 0 0 1 0 1 0 0 0 0 0 1 1 1 1 0 77 0 0 0 1 1 1 0 0 0 0 1 0 0 0 0 1 1 1 0 1 0 0 1 0 0 0 1 1 0 0 0 1 1 1 0 1 1 1 1 1 1 0 1 1 0 1 1 0 0 1 1 1 1 1 1 0 1 1 0 0 0 1 1 0 1 1 1 0 1 0 0 0 1 0 0 1
1 0 0 1 1 0 1 0 0 1 0 1 1 1 0 1 0 0 1 1 0 1 1 0 49 0 0 0 1 1 0 0 1 1 1 0 1 0 0 0 1 0 1 1 1 0 0 1 1 0 0 0 0 1 1 0 1 1 0 1 1 1 1 0 1 0 0 0 0 1 0 1 1 0 1 1 1 1 0 1 0 1 1 0 1 1 1 1 1 0 1 0 1 1 1 1 1 1 0 1
0 0 1 1 1 0 1 1 0 1 1 0 0 0 0 0 0 1 1 0 0 1 0 1 1 8 0 1 0 0 0 0 0 0 1 0 1 1 1 0 0 0 0 0 1 0 0 0 1 0 0 1 1 0 1 0 0 0 0 1 0 0 1 0 1 1 1 1 1 1 0 0 1 0 1 1 0 0 1 0 1 0 1 0 1 0 0 1 1 0 1 1 0 1 0 0 1 1 0 1
0 0 0 1 0 1 0 1 1 1 0 0 1 0 1 0 0 0 0 1 0 1 1 0 1 1 12 0 1 0 1 1 1 0 1 1 0 0 1 1 0 0 1 1 0 0 0 1 1 1 1 1 1 0 0 1 0 0 1 0 1 1 1 1 1 0 1 0 0 0 1 0 0 0 1 0 0 1 0 1 1 0 1 1 1 1 1 0 0 1 0 1 1 0 0 0 0 0 0 1
0 0 1 0 1 1 1 1 1 0 1 0 0 0 1 0 1 1 1 1 0 1 1 1 0 0 0 92 0 0 0 0 1 1 1 1 1 0 0 1 0 0 0 0 0 0 0 1 1 1 0 0 0 0 1 0 0 1 0 1 1 0 1 0 1 1 0 1 0 0 0 0 0 1 1 0 1 0 0 1 1 1 0 0 1 0 1 1 0 0 1 0 0 0 0 0 0 0 1 1
1 0 0 0 1 1 1 0 1 0 0 0 0 0 1 1 0 0 1 0 1 1 1 0 0 0 0 1 34 0 0 0 1 1 0 0 0 0 1 1 0 0 0 0 1 1 1 0 0 0 1 0 0 0 1 0 1 1 0 1 1 0 1 1 0 0 1 1 0 1 0 0 1 1 0 1 1 1 0 0 0 0 0 1 0 1 1 0 1 0 1 0 0 1 1 1 1 0 0 0
0 1 1 0 0 0 1 0 1 0 1 1 0 0 1 0 1 1 1 0 1 1 1 0 1 1 0 1 1 25 1 1 1 1 1 1 1 1 1 0 0 1 0 1 0 0 1 1 0 1 0 0 0 1 0 1 1 1 0 0 0 1 0 1 0 0 0 0 0 1 0 0 0 0 1 0 0 1 1 1 0 0 1 0 0 0 0 1 1 0 0 1 0 1 1 0 0 0 0 0
0 0 1 0 1 0 1 0 0 1 1 1 1 0 1 0 1 0 1 0 0 1 0 0 1 0 0 1 0 0 48 1 1 1 0 0 0 1 1 0 0 0 1 1 1 1 1 1 0 0 1 0 0 1 0 1 0 0 0 1 1 1 0 1 0 1 1 0 1 0 1 0 0 0 1 1 0 1 1 0 1 0 1 0 1 1 0 0 1 1 1 0 1 1 1 0 0 0 1 0
1 0 1 0 1 0 0 1 1 0 0 1 1 0 0 1 0 1 0 0 0 1 0 0 0 1 0 1 0 0 1 56 1 0 0 0 1 1 0 1 0 1 0 0 0 1 1 0 1 1 0 1 0 1 0 0 1 0 0 1 0 1 0 0 0 0 1 1 1 0 0 1 0 1 0 1 1 1 1 1 1 0 1 0 0 0 1 1 1 0 1 1 1 0 0 0 0 0 1 0
1 1 1 1 1 1 1 1 0 0 1 1 1 1 0 1 0 0 1 0 0 0 0 0 1 1 1 0 0 0 1 0 56 0 0 0 0 0 1 0 1 0 0 0 0 0 0 0 1 0 1 1 1 1 0 1 0 1 0 1 0 1 1 0 0 1 1 0 1 1 0 0 0 1 0 0 1 1 1 0 0 0 0 0 0 0 0 0 1 0 0 0 0 0 0 1 0 1 1 0
1 1 1 1 1 1 1 0 1 1 1 0 1 0 1 1 1 0 1 1 1 0 0 1 1 0 0 1 1 0 0 1 0 27 1 1 1 1 0 0 0 1 1 1 0 1 0 1 0 1 1 0 0 1 1 1 0 1 1 0 0 1 1 0 0 0 0 0 0 0 0 1 0 1 1 1 1 0 0 1 0 1 0 0 1 1 0 0 1 1 1 0 0 1 1 0 1 0 1 1
0 0 1 0 0 1 0 0 1 1 0 1 0 0 1 1 0 0 0 1 0 0 1 0 0 1 1 1 0 1 1 1 1 1 22 0 1 0 0 0 1 0 1 0 1 1 1 0 0 0 1 1 0 1 1 0 1 0 1 0 1 0 0 1 1 0 1 0 0 1 1 1 1 0 0 0 0 1 1 1 1 1 0 0 0 0 0 1 0 0 1 0 1 1 1 0 1 0 1 0
1 0 1 1 0 1 1 1 0 1 0 1 0 0 1 0 1 0 1 0 0 0 0 0 1 1 1 1 0 1 0 0 0 0 0 53 1 1 1 1 1 0 1 1 1 0 1 0 1 1 1 1 1 0 1 1 1 1 1 1 1 0 1 1 0 0 1 1 1 0 1 1 1 0 1 1 1 0 0 1 1 0 0 0 1 1 1 0 1 0 0 1 1 1 0 0 1 0 1 1
1 1 0 1 0 1 0 0 1 1 0 0 0 1 1 0 1 1 1 1 1 1 0 1 1 0 0 1 0 0 0 1 1 1 0 0 19 0 1 1 0 0 1 1 0 0 1 0 0 1 1 1 1 0 0 0 1 1 1 0 0 0 0 1 1 1 1 0 0 1 0 0 0 1 1 1 1 0 0 1 1 0 0 1 1 1 0 1 0 0 0 1 0 1 1 1 0 0 1 1
1 1 0 1 0 0 1 1 1 0 0 0 0 1 1 0 1 0 0 0 0 1 1 1 0 0 1 1 1 1 0 0 1 1 0 0 1 17 1 0 0 0 1 1 1 0 0 0 1 1 1 0 0 1 0 0 1 0 1 1 0 0 0 0 1 0 1 1 0 1 0 1 0 0 0 0 1 0 1 1 0 1 1 1 0 0 1 0 0 0 1 1 0 1 1 0 1 0 1 1
1 0 1 0 1 0 0 0 0 0 1 0 0 1 1 1 1 0 0 0 0 1 1 0 0 0 0 0 1 0 1 1 0 0 1 0 1 0 18 1 1 1 1 1 1 0 1 0 0 1 0 0 1 1 0 0 0 0 1 0 0 1 0 1 0 0 0 0 0 0 0 1 0 0 1 1 1 0 1 0 0 1 0 0 1 1 1 1 0 0 0 0 0 1 0 1 0 1 1 0
0 1 1 0 0 1 1 0 1 1 0 1 0 0 1 0 1 1 0 0 0 1 0 1 0 1 1 0 1 0 0 0 1 1 1 0 1 0 1 10 0 1 1 0 0 1 0 0 0 1 1 1 1 1 1 0 1 1 1 0 1 0 1 0 0 1 0 1 0 0 0 1 1 0 0 0 0 1 0 0 1 0 0 0 0 1 1 1 0 0 0 1 0 0 1 0 0 1 0 1
0 0 0 1 1 0 0 0 1 0 1 0 1 0 1 1 1 1 0 0 1 0 0 1 1 0 1 0 0 1 0 0 0 0 1 1 1 0 1 0 66 0 0 0 0 1 0 1 0 0 1 0 1 1 1 1 1 1 1 0 1 0 1 0 1 0 1 1 0 0 0 0 1 1 1 1 1 1 1 1 1 1 0 0 1 0 0 0 0 0 1 0 0 1 0 0 1 0 1 1
1 0 1 0 0 1 1 1 0 0 0 0 1 0 0 0 0 0 0 0 1 1 1 0 0 1 1 0 0 0 1 1 0 0 0 1 0 0 0 1 0 49 0 0 1 1 1 0 0 0 0 1 1 0 0 1 0 0 0 1 1 1 1 0 1 1 1 1 1 0 1 0 1 0 0 0 1 1 0 0 0 0 0 1 0 1 1 0 1 1 0 1 1 1 1 1 0 1 1 1
1 0 0 0 0 1 0 1 0 1 0 0 0 0 1 0 0 0 0 1 0 1 1 0 1 1 0 0 1 0 0 1 0 1 1 0 1 0 1 0 0 0 71 1 0 0 0 1 1 0 1 1 1 0 1 1 1 1 1 1 0 1 1 1 0 0 1 1 0 0 1 1 0 1 0 0 0 1 0 1 0 1 0 1 0 0 1 0 0 0 0 1 1 0 1 1 0 0 0 0
0 1 0 1 0 1 0 0 0 0 0 0 0 0 0 1 1 1 1 0 0 1 0 0 1 1 1 0 1 0 0 0 0 0 0 0 1 1 0 1 0 1 1 91 0 1 0 0 1 1 1 1 0 1 0 1 1 0 0 0 0 0 0 1 0 1 1 1 0 0 0 1 1 0 1 0 1 0 0 0 1 0 0 1 1 0 1 1 1 0 0 1 0 1 0 1 1 1 1 1
0 1 0 1 0 0 1 1 1 0 1 0 1 0 1 1 1 1 0 1 0 0 0 1 1 0 1 1 0 1 1 1 0 0 0 1 0 1 0 0 0 0 1 0 56 1 0 0 0 1 1 0 0 0 1 0 0 1 1 0 0 1 0 1 1 0 1 0 0 0 0 1 1 0 0 0 1 1 0 0 0 0 1 1 0 0 1 0 0 0 0 1 0 1 1 1 0 0 1 1
0 1 1 0 1 0 1 1 0 1 0 0 1 1 1 0 0 1 0 1 1 0 0 0 0 1 0 0 0 1 0 0 1 1 1 1 0 1 1 1 1 1 0 0 0 11 0 0 0 0 0 1 0 1 1 0 1 1 0 1 0 0 1 1 1 0 1 1 0 1 1 1 1 0 1 1 1 1 1 1 1 0 0 0 0 1 1 1 0 0 1 1 0 1 0 1 0 0 0 0
0 0 0 0 0 0 0 1 0 0 1 1 0 0 1 0 0 1 0 0 1 0 0 1 1 1 0 0 1 0 1 0 0 0 0 0 1 0 0 0 1 1 0 0 1 1 98 1 1 1 1 1 0 0 1 1 0 1 0 0 1 0 0 0 1 1 0 1 0 1 1 1 1 1 1 1 1 1 0 1 0 0 1 1 0 0 1 0 1 0 0 1 0 1 0 0 1 1 0 0
1 0 0 1 1 0 1 0 0 0 0 0 0 1 1 0 0 1 1 0 1 0 0 0 0 1 1 0 1 1 1 0 0 0 1 1 1 1 1 1 0 0 1 0 1 1 0 31 0 0 0 0 0 1 0 1 0 0 0 1 0 1 0 0 0 0 1 1 0 0 0 0 0 0 1 0 1 1 0 0 0 0 0 1 0 1 1 1 1 1 0 0 1 1 1 1 0 0 1 0
0 0 0 0 1 1 1 0 1 0 0 0 0 1 1 1 0 0 0 1 0 0 1 0 1 0 1 0 0 1 1 0 1 0 0 0 0 0 1 0 1 1 0 1 0 1 0 1 64 0 1 1 1 1 1 0 0 1 1 0 1 0 1 0 0 0 0 0 0 0 0 1 0 0 0 0 0 1 0 0 0 1 1 1 0 1 0 1 0 1 1 0 0 1 1 0 0 0 0 0
1 0 1 0 1 0 0 0 0 0 0 0 0 1 1 1 0 1 1 1 0 0 0 1 1 1 1 1 0 1 1 1 0 0 1 0 1 0 1 0 0 0 1 0 1 1 0 0 1 6 1 1 1 0 1 1 0 0 0 1 0 1 0 1 0 1 0 1 1 1 0 1 0 0 0 1 1 1 1 0 0 1 1 1 0 0 1 1 1 1 0 1 0 1 1 1 0 1 1 0
0 1 1 1 1 0 1 0 1 1 0 0 1 1 1 0 0 0 0 1 0 0 0 0 0 0 0 1 0 1 1 1 0 0 1 0 1 0 1 0 0 1 1 0 1 1 0 0 0 0 40 1 1 1 1 0 1 0 0 1 0 1 1 1 1 1 1 0 0 1 1 1 0 1 1 0 0 0 0 0 1 0 1 0 1 0 1 1 0 1 1 0 1 1 1 0 0 1 0 1
1 0 1 1 0 0 1 0 0 1 1 1 0 1 0 1 0 0 0 0 1 1 0 1 1 0 1 0 1 1 1 0 1 0 1 1 1 1 0 1 0 0 0 1 1 0 1 0 1 0 0 67 0 0 0 0 1 1 0 0 0 0 1 0 1 0 1 1 1 0 0 1 1 1 0 1 1 0 1 0 0 1 1 0 0 1 1 1 0 0 1 1 0 1 1 0 0 0 1 0
0 1 1 1 0 1 1 0 1 0 1 0 0 1 0 1 0 0 1 0 0 1 0 0 1 0 1 0 1 1 0 0 1 0 1 1 1 1 0 0 0 0 1 0 1 0 1 0 0 1 0 1 56 1 1 0 1 0 1 0 0 0 1 1 0 0 0 0 0 0 0 0 0 0 0 1 1 0 0 1 1 1 0 1 0 1 0 0 1 0 1 1 0 0 0 1 0 0 0 1
1 1 1 1 0 1 1 0 1 1 0 1 1 0 0 1 1 0 1 1 1 1 1 1 1 1 0 1 1 0 0 0 1 1 1 0 1 1 1 0 0 0 0 0 1 0 0 1 1 1 1 1 1 60 1 0 1 1 0 0 0 1 1 0 0 0 1 0 1 1 0 0 1 1 0 0 1 0 1 1 0 0 0 1 1 0 0 1 0 0 0 0 0 0 1 1 0 0 0 0
1 0 0 0 0 0 1 1 1 1 1 1 1 1 0 1 1 1 1 0 1 0 1 1 1 1 0 1 0 1 0 1 1 0 1 0 0 0 0 1 0 1 0 1 1 0 1 0 0 1 0 1 0 0 65 0 0 0 0 1 0 0 1 1 1 1 0 0 0 1 0 1 0 1 0 0 0 1 0 0 0 1 0 0 1 0 0 1 1 1 1 1 1 1 0 0 0 1 0 1
0 0 1 0 0 0 0 0 0 1 1 0 1 0 0 1 0 0 0 1 1 0 1 0 0 1 1 1 1 0 0 1 1 1 1 1 1 0 0 0 1 1 0 1 0 1 1 0 0 0 1 1 0 0 0 98 0 0 1 0 0 1 0 1 0 0 1 1 0 1 0 0 0 0 0 0 1 0 0 1 1 1 1 0 0 0 1 1 0 0 1 1 1 1 0 1 1 0 1 1
1 0 0 0 1 1 0 0 1 1 1 0 0 1 1 0 0 0 1 0 1 0 1 1 1 1 1 0 0 0 1 1 1 0 1 1 0 1 1 1 1 1 0 0 0 0 0 1 0 0 1 1 0 0 1 0 96 1 0 1 0 0 0 1 0 1 0 0 1 0 0 0 1 1 0 0 0 0 0 1 0 0 1 1 0 0 1 0 0 1 0 1 0 1 0 1 0 0 1 0
0 0 0 1 0 0 0 0 1 1 0 1 0 0 0 1 1 1 0 1 1 0 1 0 0 1 0 0 1 0 1 1 1 0 0 0 0 0 1 0 1 0 1 0 1 1 0 0 0 0 1 1 0 1 1 1 1 20 0 0 0 1 1 1 1 1 1 1 0 1 1 1 1 0 1 0 0 1 0 1 1 0 1 0 1 1 1 1 1 0 0 1 0 1 0 0 1 0 1 0
1 1 1 0 0 1 0 1 1 0 1 0 0 1 1 0 0 0 1 0 1 1 0 1 0 1 1 0 0 0 1 1 0 1 1 1 0 1 1 0 1 1 0 1 0 1 0 0 1 0 1 1 1 1 0 1 0 1 29 0 1 1 0 1 1 1 0 0 0 0 0 1 0 0 0 0 1 1 1 0 0 0 1 1 0 1 1 0 1 1 0 0 1 1 0 0 1 0 1 0
0 1 1 1 1 1 1 0 0 1 0 0 0 1 1 0 1 1 1 1 1 0 0 0 1 1 1 0 1 0 1 1 0 0 0 0 0 1 1 1 0 0 1 1 0 1 0 1 0 1 1 1 1 0 0 1 1 1 1 52 1 1 0 1 0 1 0 1 0 1 0 0 1 1 0 1 1 0 1 0 1 1 0 0 1 0 1 0 1 0 0 0 0 1 0 1 1 0 1 1
0 1 0 1 1 1 1 0 1 0 0 0 0 1 1 1 1 0 0 1 1 1 1 0 0 0 1 1 0 1 0 0 1 0 1 1 0 0 1 0 1 1 1 1 0 1 1 0 1 1 1 0 0 1 1 1 1 0 1 0 83 1 1 1 1 1 0 1 1 0 1 1 1 0 1 1 1 0 0 1 1 1 1 1 0 1 0 1 0 1 0 1 1 0 0 0 1 0 1 0
1 0 0 0 0 0 0 1 1 1 1 0 1 0 1 1 1 1 0 1 0 0 0 0 0 0 0 1 1 0 0 1 0 0 0 1 0 1 0 0 1 1 1 0 0 1 1 0 0 1 1 0 0 0 1 0 0 0 0 1 1 8 0 0 1 0 0 0 0 1 0 1 1 1 1 1 0 1 1 0 1 1 0 0 0 1 0 1 0 1 0 0 1 1 0 1 0 0 0 1
0 1 1 1 0 0 1 1 0 0 1 0 1 1 1 0 1 0 1 0 0 1 1 0 0 1 1 0 1 0 0 1 0 0 1 0 1 1 1 1 0 1 1 0 0 1 0 0 0 0 1 0 1 0 0 1 0 1 1 1 1 0 51 1 1 0 0 1 1 0 0 1 0 0 1 1 0 1 1 1 1 0 1 0 1 0 0 0 1 1 0 1 1 0 1 0 1 0 0 0
1 1 1 0 0 0 1 0 1 1 1 0 1 0 0 1 1 0 1 1 1 1 1 1 1 1 1 1 1 1 0 0 0 1 0 1 1 0 1 1 0 0 1 1 1 1 0 1 0 1 0 1 1 1 0 0 1 0 1 1 1 0 0 74 1 1 1 0 0 0 1 1 1 1 0 0 1 1 0 1 0 0 1 0 0 1 1 0 1 1 1 1 0 1 1 0 0 0 1 1
1 1 0 0 0 0 0 0 1 0 0 0 1 0 1 0 0 0 1 1 0 1 1 1 1 1 1 1 0 0 1 1 1 0 1 0 0 0 0 1 0 0 1 0 0 0 1 0 1 1 0 0 1 0 1 0 1 1 0 0 0 1 0 1 1 0 1 0 0 1 0 1 1 0 1 0 1 1 1 0 0 0 0 1 1 0 1 0 1 0 1 1 1 1 1 1 1 0 0 0
1 1 0 0 1 0 1 0 0 0 1 0 1 1 1 1 0 0 0 1 1 1 1 1 1 1 1 1 0 0 1 1 0 0 0 1 1 1 1 1 1 1 0 0 0 1 1 1 0 0 0 0 0 1 1 0 0 1 0 1 0 0 0 0 0 24 0 0 1 1 1 1 0 1 0 1 0 0 0 0 0 0 0 0 0 0 1 1 1 0 1 0 1 0 0 0 0 1 0 1
0 1 1 0 0 0 1 0 1 1 0 0 1 1 1 1 0 1 1 0 0 0 1 0 1 1 0 1 1 0 0 0 1 0 0 1 1 0 1 1 1 1 0 1 1 0 1 1 0 1 0 1 0 1 0 0 1 1 1 0 1 0 0 1 1 0 77 0 1 1 0 0 0 0 1 1 0 0 0 1 0 1 0 0 0 1 1 0 1 1 1 1 0 1 0 0 0 0 0 1
1 0 1 1 1 0 0 1 1 1 1 0 1 1 1 1 0 0 1 0 0 1 0 0 0 0 0 1 1 0 0 0 0 1 1 1 0 0 1 1 0 0 1 0 0 1 1 1 1 1 1 0 0 1 0 1 1 0 0 1 1 1 1 1 1 1 1 61 0 0 0 1 1 1 0 1 1 1 0 1 1 0 0 1 0 0 1 1 0 0 0 1 1 0 1 1 0 1 1 0
1 1 0 0 0 1 0 1 1 1 1 1 1 0 0 1 0 0 1 0 1 0 1 0 1 1 0 1 0 0 1 1 1 0 0 1 1 0 1 0 1 0 1 0 0 0 1 1 0 1 0 1 0 0 0 0 0 0 1 0 1 0 1 0 1 1 1 0 73 1 1 1 1 0 0 1 1 0 1 1 0 0 0 0 1 0 1 0 0 0 0 1 0 1 0 0 1 1 0 0
0 1 0 1 0 0 1 1 1 1 1 1 1 0 1 1 0 1 0 0 1 0 1 1 0 1 0 0 1 0 0 0 1 1 1 0 1 0 1 1 0 1 0 1 0 0 0 1 1 0 0 1 1 1 0 1 0 0 0 0 1 0 1 1 0 1 1 1 0 99 0 1 0 1 0 0 0 1 1 0 1 0 0 1 1 1 1 1 1 0 1 0 0 1 1 1 0 0 0 0
0 1 0 1 0 0 1 1 1 1 1 1 0 1 1 0 1 1 1 1 0 1 1 1 0 0 1 0 0 0 1 0 0 0 0 1 1 0 1 1 0 1 1 1 1 0 1 1 0 1 1 1 1 1 0 0 1 0 0 1 0 1 1 1 0 0 0 1 0 0 33 1 1 0 0 0 1 1 1 1 0 0 0 0 1 1 1 0 0 0 0 0 1 1 0 0 1 1 0 0
1 1 0 1 1 0 1 0 0 0 0 1 0 1 0 1 0 1 1 0 0 1 1 1 1 1 1 1 0 0 0 1 0 1 1 0 1 1 0 1 1 0 0 0 0 1 1 1 0 1 0 1 1 0 0 1 0 0 1 0 0 1 1 1 1 0 1 1 1 0 0 64 0 0 1 0 1 0 1 1 1 1 1 1 1 1 1 1 1 1 0 1 1 1 0 0 1 0 1 1
0 0 0 1 0 0 1 1 1 0 1 1 1 0 0 1 0 1 1 1 0 0 1 1 0 0 0 1 0 1 0 0 0 0 0 1 1 0 1 0 0 0 0 0 1 0 1 0 0 0 0 1 1 1 0 1 1 1 1 0 0 0 1 0 0 0 1 1 1 1 1 0 92 0 0 0 0 1 0 1 1 0 1 0 0 0 1 1 1 1 1 1 0 1 1 1 1 1 1 1
1 0 0 1 1 1 1 1 0 0 0 1 0 0 0 0 0 1 0 1 0 0 1 0 0 1 0 1 1 1 1 0 1 0 0 0 0 1 1 0 1 0 1 0 1 1 0 0 1 1 1 1 0 0 1 1 1 0 1 0 0 1 1 1 1 1 1 0 0 1 0 0 1 76 1 0 1 1 0 0 0 1 1 0 0 1 1 0 0 1 0 1 0 1 1 1 0 0 1 1
1 1 0 0 0 1 1 1 1 1 0 0 0 0 0 1 1 0 0 0 1 1 1 1 1 0 1 1 0 1 1 1 0 1 1 0 1 0 1 0 0 1 1 1 1 1 1 1 0 1 1 0 0 0 0 1 1 0 0 0 1 1 1 0 0 1 1 0 1 1 0 0 0 1 99 1 0 1 0 0 0 1 0 0 0 0 0 1 1 0 0 0 0 1 0 1 0 1 0 1
0 0 0 1 1 1 1 1 0 0 0 1 1 0 0 1 1 1 1 1 1 0 0 0 1 1 0 0 1 1 0 1 1 0 1 0 1 1 1 0 1 0 1 0 0 0 1 0 0 0 1 0 1 0 1 0 1 0 0 1 0 1 0 0 1 1 1 1 1 1 0 0 0 1 0 63 1 1 1 0 0 1 1 1 1 0 1 1 0 1 0 0 0 0 1 1 0 0 0 1
0 1 1 0 0 0 0 0 1 0 1 0 0 1 0 0 0 1 1 0 0 1 0 1 1 1 1 1 1 1 0 0 0 1 0 1 0 0 0 1 0 1 0 1 1 0 1 1 0 0 1 0 0 0 0 0 0 0 0 1 1 0 1 0 1 1 1 0 0 0 0 0 1 0 1 0 51 1 0 0 0 1 0 0 0 1 1 0 1 1 1 0 1 0 0 1 0 0 0 1
1 1 0 1 1 0 1 0 1 0 0 1 1 0 1 1 0 0 0 1 1 1 1 0 1 0 1 0 0 0 0 0 1 1 0 1 0 1 0 1 0 0 1 1 0 1 1 0 0 1 0 1 1 1 0 0 0 0 0 1 0 0 0 0 0 1 1 1 1 1 0 0 1 0 1 1 0 38 1 0 1 0 0 1 1 1 1 1 0 0 0 0 0 1 1 1 1 1 1 1
1 0 0 0 0 1 1 0 1 1 1 1 1 0 1 0 0 0 0 1 0 1 0 1 1 0 0 1 0 1 0 1 0 0 0 1 1 1 1 1 0 0 1 0 0 0 1 0 0 0 0 0 1 1 1 0 1 0 1 1 1 0 0 0 1 1 1 0 0 1 0 0 1 1 1 0 1 0 62 1 1 0 0 0 0 0 1 1 1 1 1 0 0 1 1 1 0 0 0 0
0 1 1 0 0 0 0 1 0 1 1 1 0 0 0 1 1 0 0 0 0 1 0 1 0 0 1 1 0 1 0 0 0 1 0 0 1 0 0 0 1 0 1 1 1 1 1 0 0 0 0 1 0 0 1 0 1 0 1 1 1 1 0 0 1 0 1 0 0 0 0 0 1 1 1 1 1 0 0 59 1 0 0 1 1 1 0 0 0 1 0 0 1 0 0 0 1 0 1 0
1 0 1 1 1 1 0 0 1 0 0 0 0 0 0 1 1 1 0 1 1 1 1 0 0 0 0 1 1 0 1 0 1 0 0 0 1 0 0 0 0 1 0 1 1 1 1 0 0 0 1 0 1 1 0 1 0 1 1 1 1 1 0 0 1 0 0 0 1 0 0 0 0 0 1 1 1 0 1 0 49 1 1 0 1 1 1 0 0 0 1 0 1 0 1 0 1 1 1 0
0 1 0 1 1 1 1 0 1 1 1 0 1 0 0 0 0 1 1 1 1 1 1 1 1 0 1 0 1 0 0 0 0 1 1 1 0 1 0 0 1 0 0 0 0 1 1 1 0 0 1 0 0 0 1 0 1 1 0 1 0 0 0 0 1 0 1 0 1 1 0 0 0 1 0 0 1 1 1 0 1 75 0 1 1 0 1 0 0 1 1 0 0 0 1 1 1 1 0 0
0 1 1 0 0 1 1 1 0 0 1 1 0 1 1 1 1 0 0 0 1 0 0 0 0 0 0 1 0 0 1 1 0 1 0 0 0 1 1 0 0 1 1 1 0 1 1 1 0 1 1 0 0 1 1 0 1 0 1 0 0 1 0 0 1 1 0 1 0 1 1 1 0 0 0 1 0 0 0 1 1 1 96 0 0 1 0 1 0 1 0 1 1 0 0 0 1 1 0 0
1 1 1 0 0 1 1 0 1 0 1 0 0 0 0 0 0 0 1 1 1 0 1 0 0 1 0 1 1 0 0 1 0 0 1 0 1 1 1 0 1 0 1 0 1 1 0 0 1 1 1 1 0 1 0 1 0 1 0 1 1 0 1 1 1 0 1 0 1 1 1 0 1 1 1 0 1 1 0 0 0 0 1 94 1 1 1 1 1 0 1 0 1 1 1 1 1 1 0 0
0 1 0 1 0 0 0 0 0 1 1 0 0 1 1 1 1 0 0 1 0 0 0 0 1 1 1 1 0 0 0 0 1 0 0 0 1 0 1 0 0 0 0 0 1 0 0 0 0 1 1 1 1 1 0 1 0 1 1 1 0 1 1 0 0 0 1 0 1 0 1 1 0 1 1 0 0 0 1 0 0 1 1 0 8 1 0 1 1 1 1 0 1 1 1 1 1 1 0 1
0 0 0 0 1 1 1 1 1 1 0 0 1 1 0 0 1 0 1 1 1 1 0 1 1 1 1 1 0 1 1 1 0 1 1 0 0 1 0 0 0 1 1 0 0 1 0 0 0 1 1 0 1 0 0 0 1 1 1 1 1 1 0 1 1 0 0 1 0 1 1 0 0 1 0 1 0 1 1 1 0 0 0 1 0 23 0 0 0 0 1 0 0 1 0 1 0 0 1 0
1 0 1 1 1 1 1 0 0 0 0 0 1 1 0 0 1 1 0 0 1 0 0 0 1 0 0 0 1 1 1 0 0 1 0 1 1 0 1 0 1 1 0 0 0 0 0 1 0 1 1 0 1 0 0 0 0 1 1 0 1 1 1 1 1 0 1 1 0 0 1 0 0 0 0 1 1 1 1 1 1 0 0 1 1 1 90 1 1 0 1 1 0 0 1 1 0 1 0 0
0 1 0 1 1 1 1 1 0 0 1 1 0 0 0 0 0 1 0 1 1 1 0 0 0 1 1 0 1 0 0 0 0 0 0 0 1 1 0 0 0 1 0 1 0 1 1 0 0 1 1 0 0 0 0 1 0 0 1 1 0 1 0 0 1 0 0 1 1 1 1 0 1 0 1 0 0 0 0 0 1 1 1 0 0 0 1 56 0 1 1 0 0 1 0 1 1 0 1 1
0 0 0 1 1 1 1 1 1 0 1 0 1 0 0 1 0 1 1 0 0 0 1 1 0 1 1 1 0 1 1 0 1 0 0 1 1 0 0 0 0 1 0 1 0 0 0 1 1 1 0 1 0 1 1 0 1 0 0 1 0 0 0 1 0 1 1 1 0 1 1 0 1 1 0 0 1 0 0 1 0 0 0 1 1 0 0 1 6 1 1 0 0 0 0 1 0 0 1 0
1 1 0 0 1 0 0 1 0 0 1 1 1 0 0 1 1 0 0 1 1 1 0 1 0 0 1 0 0 0 1 1 0 1 0 1 1 1 1 1 0 1 1 1 1 1 0 0 0 1 0 0 1 1 1 0 1 0 1 0 1 1 1 1 0 1 1 0 1 0 1 1 0 1 0 1 0 1 0 1 1 0 0 1 1 1 1 0 0 3 1 1 0 0 1 0 0 1 1 0
1 0 1 0 1 1 1 0 1 0 0 1 1 0 1 0 0 1 0 0 1 0 1 0 0 0 1 0 0 0 0 1 0 1 0 1 1 1 0 0 1 0 1 1 0 1 0 1 0 0 1 0 1 1 1 0 1 1 1 0 0 1 0 1 0 1 1 0 1 1 0 0 1 1 0 1 1 1 1 1 0 0 0 0 1 0 1 0 0 1 58 1 1 0 1 0 1 1 0 1
0 1 1 1 1 1 1 0 1 0 0 0 1 1 0 1 0 1 0 1 0 0 1 1 1 0 0 0 1 0 0 1 0 0 1 0 1 0 0 1 1 0 1 0 0 0 0 0 1 0 0 1 1 1 0 1 1 1 0 0 0 0 1 1 0 1 0 0 0 0 1 1 0 1 0 0 0 0 0 0 0 0 1 0 1 0 0 1 0 1 0 2 0 1 0 1 1 0 0 0
0 0 0 1 0 1 1 0 0 1 1 1 1 0 1 1 1 0 1 1 1 0 0 0 1 1 0 0 0 0 1 0 1 1 0 1 0 0 0 0 1 0 0 0 0 0 1 0 0 1 0 1 0 0 0 1 0 1 1 1 1 1 1 1 1 1 1 1 0 0 1 0 1 0 1 1 0 0 0 0 1 0 0 0 1 1 0 0 0 0 1 1 32 0 0 1 0 0 0 0
1 0 0 0 1 1 0 0 0 0 1 1 0 0 0 0 1 1 0 0 1 0 1 1 1 0 1 0 1 1 0 0 0 0 0 1 0 1 1 0 0 1 1 0 1 1 1 0 0 1 1 0 0 1 1 0 1 0 1 1 1 0 1 0 0 1 0 0 0 1 0 1 1 0 1 0 1 0 0 1 1 1 0 1 1 1 1 0 0 1 0 1 0 16 1 0 0 0 1 1
1 1 0 0 0 1 1 1 0 1 1 0 1 0 1 0 1 0 0 0 1 0 1 0 1 0 1 1 1 0 0 1 0 0 1 0 0 1 0 1 0 0 1 1 1 0 1 0 1 0 1 0 0 1 0 0 0 1 0 1 1 0 0 1 0 1 1 0 0 1 1 1 1 1 0 0 0 0 0 0 0 0 1 1 0 1 1 0 0 0 1 0 1 1 2 0 1 0 1 0
0 0 0 1 1 0 1 1 1 1 0 0 1 1 1 1 0 0 0 1 1 1 1 1 1 0 1 0 0 1 0 0 0 0 1 0 0 0 1 1 1 1 0 0 1 0 0 0 0 0 0 0 0 1 0 1 1 0 0 0 1 0 1 1 0 1 1 1 1 1 0 1 0 0 1 1 0 0 0 1 0 1 1 0 0 1 0 1 1 0 1 1 0 1 1 78 1 0 0 0
1 0 0 1 1 0 0 1 1 1 0 0 1 1 1 0 0 1 0 0 1 1 1 0 1 1 1 1 0 0 0 1 1 0 1 0 0 0 1 0 0 0 0 1 1 1 1 1 1 0 1 0 0 0 1 1 0 0 0 1 0 0 1 1 1 1 1 0 1 1 1 1 0 1 0 1 1 0 0 0 0 1 0 0 0 0 0 0 1 0 0 0 1 0 0 1 61 1 1 0
0 0 1 1 0 1 1 1 1 1 0 0 0 0 1 1 0 0 1 0 1 1 0 0 0 0 0 1 1 0 1 0 1 0 0 1 1 0 1 0 1 0 1 1 1 1 1 0 0 1 1 0 0 1 0 0 0 0 1 0 1 1 1 0 1 1 1 1 1 1 0 0 1 1 1 0 0 0 1 0 0 1 1 0 1 0 1 0 0 0 0 0 1 1 0 1 1 27 0 0
1 1 1 1 1 0 1 0 0 1 1 1 0 1 0 0 1 0 1 0 1 1 1 1 1 0 1 0 1 0 1 1 0 0 1 0 1 0 0 0 1 1 1 1 0 0 1 1 1 0 0 1 1 1 1 1 1 1 1 0 0 1 1 0 1 0 0 0 1 0 1 1 1 0 1 0 1 1 1 0 1 0 1 1 0 1 1 1 1 0 1 0 0 0 1 0 0 1 98 1
0 0 0 1 0 0 0 0 0 1 0 1 0 0 0 0 1 0 0 1 1 1 1 0 0 0 0 1 1 1 1 0 1 0 1 1 0 1 0 1 0 0 0 0 0 0 0 1 1 1 1 1 1 0 0 1 1 0 0 0 0 0 0 0 0 0 0 0 0 0 0 0 0 0 1 0 1 0 0 1 1 0 0 0 0 0 0 1 1 1 1 1 1 0 0 0 0 0 0 95
