50
58 0 0 1 1 1 1 0 1 1 1 0 1 0 1 0 0 0 1 1 0 0 0 1 0 1 1 1 0 1 0 0 0 1 0 0 0 1 0 0 0 0 1 0 0 1 1 1 0 0 
0 62 0 0 0 1 1 0 0 0 1 1 0 1 0 1 0 1 1 1 1 1 1 1 1 0 1 0 1 0 1 0 1 1 1 0 0 0 0 1 1 1 1 1 0 1 0 0 0 1 
1 1 56 0 1 0 1 0 1 0 0 1 1 0 1 0 1 1 0 0 1 0 0 0 1 1 1 1 0 0 0 0 1 1 1 0 1 0 1 1 1 0 0 0 0 1 0 1 0 1 
1 0 0 5 0 0 0 1 0 1 0 1 0 0 0 1 0 0 0 0 0 1 0 1 1 1 0 0 0 0 0 0 0 0 1 1 0 0 1 1 0 0 0 0 0 0 0 1 0 0 
0 0 0 1 83 1 0 1 1 0 0 0 0 0 1 1 0 0 0 0 1 1 1 1 1 0 1 1 0 0 1 1 1 0 0 1 0 1 1 1 1 0 0 1 0 0 1 0 0 1 
1 0 0 0 1 76 0 0 1 0 1 1 0 0 1 0 1 0 0 1 1 1 1 0 0 1 0 1 1 0 1 1 1 1 1 1 0 1 1 0 0 1 0 0 0 0 1 0 1 0 
1 0 0 0 0 0 78 0 0 0 1 1 0 0 1 0 1 0 1 0 0 1 1 1 1 1 1 1 0 0 1 1 1 1 1 0 1 0 1 0 1 1 0 1 1 1 1 1 1 0 
0 0 1 0 1 0 0 11 0 0 0 0 0 0 0 1 1 1 1 0 0 1 0 0 1 0 1 0 0 0 0 1 1 1 1 0 0 1 0 1 0 1 0 0 0 0 1 0 0 0 
0 1 0 0 0 0 1 1 10 0 0 0 1 0 1 1 1 0 0 1 1 0 1 1 1 0 1 1 1 1 0 0 0 0 0 1 1 0 0 0 0 0 1 0 1 0 1 1 0 0 
0 1 0 1 0 1 0 1 1 0 1 1 0 0 0 1 1 0 0 1 1 1 1 1 1 0 1 0 0 0 0 0 1 1 1 0 0 1 0 0 0 1 0 0 0 1 0 1 0 1 
1 1 1 0 1 1 0 1 1 0 82 0 0 0 0 0 1 0 1 1 1 0 0 1 1 1 1 0 1 1 1 1 0 0 0 0 1 0 0 0 1 0 0 0 1 0 0 1 1 1 
1 1 1 0 0 1 0 1 1 1 0 13 1 0 1 1 1 1 1 0 0 1 1 1 0 0 1 0 0 0 0 0 0 0 1 1 0 1 0 1 0 1 0 0 0 1 1 0 1 1 
0 0 1 0 1 1 1 1 0 0 1 0 8 0 1 0 1 1 0 0 0 0 1 1 1 0 1 1 1 1 0 0 1 1 0 1 0 0 0 1 0 1 1 1 0 1 0 1 0 0 
0 0 1 0 1 0 1 0 1 0 1 1 1 55 1 0 1 0 1 0 1 1 1 1 0 1 0 1 1 0 1 0 0 1 1 1 0 0 1 1 0 0 1 1 0 0 1 1 0 1 
0 1 0 1 1 0 0 0 1 0 0 0 0 0 44 0 1 0 1 0 0 1 0 1 1 0 0 0 0 1 1 0 1 0 1 0 1 0 1 1 0 1 1 0 0 1 1 0 1 0 
0 1 1 0 1 0 0 1 1 1 0 1 0 0 1 33 1 0 0 1 0 1 0 0 0 1 0 0 1 0 0 1 1 1 0 1 0 0 0 0 1 0 1 0 0 0 1 0 0 1 
0 0 0 0 0 1 1 1 0 0 1 1 1 1 0 0 43 0 0 0 1 1 0 1 1 0 0 1 1 1 1 0 1 1 0 1 0 1 1 1 0 0 1 0 0 0 1 0 0 1 
0 0 0 1 1 0 0 0 1 1 0 1 1 1 0 0 1 18 0 0 1 1 1 1 1 1 0 1 1 0 1 0 1 0 0 1 0 0 1 1 1 0 1 1 1 1 1 0 0 1 
0 1 1 1 1 0 0 1 1 1 0 1 1 1 0 1 0 0 94 0 1 0 0 1 1 0 1 0 0 1 1 1 1 1 1 1 1 1 0 1 1 0 0 0 1 0 0 1 1 0 
0 0 1 0 0 1 0 1 0 1 1 1 1 1 1 0 0 1 0 86 0 1 1 1 1 0 0 1 0 1 0 0 0 1 0 1 0 1 1 1 1 1 0 0 0 1 1 0 0 0 
1 1 0 1 1 1 1 0 0 0 0 0 1 1 0 1 1 0 1 0 52 0 1 1 0 1 1 0 0 0 0 0 1 0 1 1 0 1 0 1 1 0 1 0 0 0 0 0 1 0 
0 1 1 0 0 1 0 0 0 0 0 0 1 0 0 1 0 0 0 0 1 44 1 0 1 0 1 0 1 0 0 0 1 0 1 1 1 0 1 1 1 1 0 1 0 0 1 1 1 0 
0 0 0 0 1 0 1 0 0 0 1 0 1 0 1 1 1 1 1 0 1 0 21 0 0 1 0 0 1 1 0 1 1 0 1 1 1 1 0 0 1 1 1 1 0 1 0 0 0 1 
0 1 1 0 1 1 1 1 1 0 1 1 0 1 0 1 0 1 0 1 0 0 0 86 1 0 0 0 0 1 1 0 1 1 1 1 0 1 0 1 1 0 1 0 1 1 0 0 1 1 
1 0 1 1 1 1 0 0 1 1 0 0 1 1 1 0 0 1 0 0 1 0 0 0 58 1 0 0 1 1 0 0 0 0 1 1 1 0 1 1 1 0 1 1 0 0 0 0 0 0 
1 1 0 0 0 1 1 0 0 0 0 0 1 1 1 1 0 1 1 1 0 1 1 0 0 36 0 0 1 0 1 0 1 0 1 0 0 1 1 1 0 1 1 1 1 1 0 1 0 0 
0 0 1 1 0 1 1 0 0 0 1 1 0 1 1 1 1 1 0 0 1 1 0 0 1 1 86 1 0 1 0 0 0 1 1 1 0 1 1 1 1 0 0 1 0 1 1 0 1 1 
1 0 0 1 1 1 1 1 0 1 1 0 1 0 1 0 1 0 0 1 1 1 1 1 1 0 0 64 1 0 1 1 1 0 1 0 1 1 1 0 1 0 0 1 0 0 0 0 0 0 
1 1 1 0 0 0 1 0 1 0 1 1 1 1 0 1 1 1 1 0 1 1 0 1 0 1 0 0 72 1 0 1 0 1 1 0 0 0 0 1 0 0 1 0 0 1 0 1 1 1 
1 1 1 1 0 0 1 0 0 1 0 0 1 1 0 1 1 1 1 1 0 1 0 0 0 0 1 0 0 70 1 0 1 1 1 1 0 1 1 1 1 1 0 0 0 0 0 1 1 1 
0 0 0 1 0 0 1 1 0 1 1 0 0 0 0 1 1 1 1 0 1 0 0 0 1 0 1 0 0 1 26 1 1 1 0 0 0 0 1 0 1 0 1 1 0 1 0 0 0 1 
0 0 1 0 0 1 0 1 1 0 0 0 0 0 0 0 1 1 0 0 1 0 0 1 0 0 1 0 0 1 1 33 0 0 1 1 1 0 1 1 1 1 1 0 0 0 0 1 0 0 
0 1 1 1 1 0 1 0 0 1 1 0 1 1 0 0 0 0 1 0 1 1 0 1 1 0 1 1 1 0 0 0 16 0 1 0 0 1 0 0 0 1 0 0 0 0 1 0 1 0 
0 1 0 0 1 1 0 1 1 0 1 0 0 0 1 0 1 0 0 0 0 1 1 1 0 1 1 0 0 0 0 0 1 93 0 1 0 1 0 0 1 0 1 1 0 1 0 0 0 0 
1 0 0 0 0 0 0 1 1 1 1 0 0 0 0 0 0 0 0 0 1 0 1 0 1 0 1 0 0 1 0 0 0 1 85 0 1 0 1 0 1 0 0 1 1 0 0 1 0 1 
0 1 0 0 0 1 1 1 0 1 0 0 1 1 0 0 0 0 1 0 1 0 1 0 0 0 1 1 1 1 0 1 0 1 1 1 1 1 1 0 1 0 1 1 0 1 1 0 1 1 
1 0 0 0 1 0 0 1 0 0 0 1 1 0 0 1 1 0 1 0 1 1 0 1 0 1 1 0 0 1 0 0 0 1 0 1 76 1 0 1 0 0 1 1 0 0 1 1 0 1 
0 1 1 1 0 0 0 1 0 1 0 0 0 1 0 1 1 1 0 1 0 1 0 1 1 0 1 0 0 0 1 0 1 0 0 0 0 23 1 0 0 1 1 1 1 1 1 1 1 1 
1 1 1 0 0 0 0 1 0 0 1 0 0 0 0 0 1 1 0 1 0 0 1 1 0 0 0 0 1 1 0 1 0 1 1 0 1 1 17 1 1 1 0 1 0 1 1 1 1 0 
0 1 1 1 1 1 0 1 1 0 0 0 1 0 1 0 1 1 1 0 1 1 1 0 0 0 1 0 0 1 0 0 0 0 0 0 1 1 0 18 1 1 1 1 1 0 0 0 1 1 
1 0 0 0 1 0 0 1 0 0 1 0 1 0 0 1 0 0 0 1 1 1 1 0 1 0 0 1 0 1 1 0 0 0 1 0 0 1 1 1 32 1 1 0 0 1 0 1 1 1 
1 1 0 1 1 1 1 0 0 0 1 0 0 1 0 0 0 1 0 0 1 0 0 1 1 1 0 0 1 0 0 0 0 1 0 0 1 1 1 1 1 47 1 1 0 1 1 1 1 1 
0 0 1 1 1 1 0 0 1 0 0 0 1 1 0 0 1 0 1 0 0 1 1 1 1 0 1 1 0 1 1 1 0 1 1 1 1 1 1 0 1 1 54 0 0 0 0 1 0 0 
1 1 0 1 1 0 0 1 1 0 1 0 1 0 1 0 0 0 1 1 0 0 0 1 1 1 0 0 1 0 0 1 0 0 0 0 0 0 0 0 1 0 0 48 0 1 0 1 1 0 
1 1 0 1 1 0 1 0 1 0 1 0 1 1 0 1 1 1 1 1 1 1 0 0 1 0 0 0 1 0 0 1 1 1 1 1 0 0 0 0 1 1 1 0 79 0 0 0 1 1 
1 0 1 1 1 1 1 1 0 0 0 1 1 1 1 1 1 0 0 1 1 0 0 0 1 1 1 0 0 1 1 0 1 1 1 0 0 0 0 0 0 1 0 0 1 34 0 1 1 1 
0 0 1 0 1 1 1 1 0 0 0 1 0 0 0 1 1 1 1 0 0 1 1 0 1 1 1 1 0 1 1 0 1 0 1 0 0 0 0 0 1 1 1 1 0 0 34 0 1 0 
1 1 1 1 1 1 1 1 0 1 1 0 1 1 0 0 0 1 1 1 1 1 1 1 1 1 1 0 1 0 1 0 1 1 0 0 1 1 0 0 1 1 1 1 1 0 1 27 0 0 
0 0 1 0 0 0 0 0 0 0 1 1 1 0 1 1 0 0 0 0 0 1 1 0 0 0 1 0 0 0 0 0 0 1 1 1 0 1 0 1 0 0 0 0 1 1 0 1 89 0 
0 0 0 0 0 0 0 1 1 0 0 0 1 0 1 1 0 0 0 0 1 0 0 1 1 1 1 0 0 0 1 1 0 1 1 1 0 0 1 1 0 0 1 0 0 1 0 1 0 31 
