17
1 1 0 0 0 0 0 0 0 0 0 0 0 0 0 0 1 
0 1 1 0 0 1 0 0 0 0 0 0 0 0 0 0 0 
0 0 1 1 0 0 0 0 0 0 0 0 0 0 0 0 0 
0 0 0 1 1 0 0 0 0 0 1 0 0 0 0 0 0 
0 0 0 0 1 1 0 0 0 0 0 0 0 0 0 0 1 
0 0 0 0 0 25 1 0 0 0 0 0 0 0 1 0 0 
0 0 0 0 0 0 15 1 0 0 0 0 0 0 0 0 0 
0 0 0 0 0 0 0 1 1 0 0 0 0 0 0 0 0 
0 0 0 1 0 0 0 0 1 1 0 0 0 0 0 0 0 
0 0 0 0 0 0 0 0 0 4 1 0 0 0 0 0 1 
0 0 0 0 0 0 0 0 0 0 2 1 0 0 0 0 0 
0 0 0 0 0 0 0 0 0 0 0 30 1 0 0 0 0 
0 0 0 0 0 0 0 0 0 0 0 0 25 1 0 0 0 
0 0 0 0 0 0 0 0 0 0 0 0 0 19 1 0 1 
0 0 1 0 0 0 0 0 0 0 0 0 0 0 9 1 0 
1 0 0 0 0 0 0 0 0 0 0 1 0 0 0 50 0 
0 0 0 0 0 0 0 0 0 0 0 0 0 0 0 0 90
