16
1 1 0 1 0 0 0 1 0 0 1 0 0 0 0 0 
0 1 1 0 0 1 0 0 0 0 0 1 0 1 0 0 
0 0 1 1 0 0 1 0 1 0 0 0 0 0 1 0 
0 0 0 10 1 0 0 0 0 1 0 0 1 0 0 0 
0 0 0 0 19 1 0 1 0 0 0 1 0 0 1 0 
0 0 0 0 0 1 1 0 0 1 0 0 0 0 0 1 
0 0 0 0 0 0 1 1 0 0 1 0 1 0 0 0 
0 0 0 0 0 0 0 1 1 0 0 0 0 1 0 0 
0 0 0 0 0 0 0 0 1 1 0 1 0 0 0 1 
0 0 0 0 0 0 0 0 0 8 1 0 0 0 0 0 
0 0 0 0 0 0 0 0 0 0 8 1 0 0 0 0 
0 0 0 0 0 0 0 0 0 0 0 5 1 0 0 0 
0 0 0 0 0 0 0 0 0 0 0 0 1 1 0 0 
0 0 0 0 0 0 0 0 0 0 0 0 0 1 1 0 
0 0 0 0 0 0 0 0 0 0 0 0 0 0 3 1 
1 0 0 0 0 0 0 0 0 0 0 0 0 0 0 99
