100
45 1 1 0 1 1 1 1 0 1 0 0 0 0 0 1 0 0 1 0 0 0 1 1 0 0 1 1 0 0 1 1 1 0 0 1 1 0 1 1 0 1 0 1 1 0 1 0 0 0 0 1 1 1 0 1 1 1 0 1 0 1 0 1 1 0 1 1 0 1 1 0 1 1 0 1 1 1 1 0 0 1 1 0 0 0 0 0 1 0 1 1 0 1 0 0 0 0 0 0
1 93 1 1 1 1 0 1 1 1 0 0 0 0 0 0 1 1 1 1 1 1 0 1 1 1 0 1 0 0 0 0 0 0 0 1 0 0 0 1 1 1 0 0 1 1 0 1 0 1 0 0 1 1 1 0 0 1 0 1 1 1 0 0 1 1 1 0 1 0 0 0 0 1 1 0 0 0 0 1 1 1 1 1 0 1 1 1 1 0 1 1 0 1 1 1 1 1 1 0
1 0 43 0 0 1 0 1 0 0 1 1 0 0 0 1 0 0 0 1 0 0 1 0 0 1 1 0 1 1 1 0 0 1 0 1 0 0 0 0 1 0 1 1 1 1 0 0 1 0 0 0 0 1 1 1 1 1 0 0 0 0 0 1 0 1 1 1 0 0 1 0 1 1 1 0 0 0 0 0 1 1 1 0 1 1 0 0 1 1 1 1 0 1 1 0 0 1 0 0
0 0 1 47 1 1 0 0 0 0 1 1 0 0 1 1 1 0 0 1 0 1 1 1 0 1 1 0 1 1 0 1 0 0 0 0 0 1 0 0 0 0 0 0 0 0 0 1 1 1 1 1 1 1 1 1 0 0 0 1 0 1 0 0 1 0 1 1 1 1 1 1 1 1 0 1 0 1 1 1 1 1 0 1 1 1 0 1 1 0 0 1 0 0 1 0 0 0 0 1
1 1 0 0 79 1 1 1 1 0 1 1 1 1 1 1 1 1 1 1 1 1 1 1 1 1 0 1 0 1 0 0 1 1 0 1 1 1 1 0 1 1 0 1 0 1 0 1 0 1 0 0 0 0 0 1 1 0 1 1 0 1 0 0 1 0 0 1 0 1 0 0 0 1 1 1 0 1 1 0 0 0 0 0 1 1 0 1 0 1 0 0 1 1 0 0 1 0 1 1
1 0 0 0 0 92 1 1 0 0 0 1 1 0 1 1 0 0 0 1 0 1 0 0 1 1 1 1 0 1 1 0 1 0 1 1 0 0 0 0 1 0 0 1 1 1 0 0 0 1 1 1 1 0 0 1 1 1 1 1 0 1 0 1 0 0 0 0 0 1 1 1 1 0 1 0 1 1 1 0 1 1 0 1 0 0 0 0 0 1 0 0 1 0 1 0 0 1 1 0
0 1 0 1 0 0 49 0 1 0 1 1 0 0 1 0 0 0 0 1 0 1 0 1 1 1 0 0 1 1 0 0 1 0 1 1 1 0 1 1 0 0 1 1 0 0 1 0 1 1 1 1 0 1 1 1 0 1 1 1 0 1 1 1 1 0 1 0 0 1 0 0 0 1 0 1 0 0 1 0 0 1 0 0 1 0 0 1 1 1 1 1 0 1 0 0 0 1 1 1
1 0 0 0 0 0 1 75 0 0 0 0 0 0 0 0 1 1 1 1 0 0 1 0 0 1 1 0 0 1 1 1 1 0 1 1 1 0 0 1 0 1 1 1 0 0 1 1 1 1 1 1 1 0 0 1 0 1 1 0 0 1 0 0 1 0 1 1 1 0 0 0 1 0 1 0 0 1 0 0 0 1 1 0 0 0 1 1 0 1 0 1 1 1 0 1 1 0 1 0
1 1 0 0 1 0 1 0 59 0 1 0 1 0 1 0 0 1 0 0 1 0 0 0 0 0 1 0 1 0 0 0 0 1 0 0 1 1 1 0 1 0 0 0 0 0 1 0 0 1 0 1 1 1 0 1 0 1 0 0 0 0 1 1 1 1 1 1 1 1 1 0 1 1 0 1 0 0 0 1 1 1 0 0 1 1 0 1 1 0 0 1 1 0 1 0 0 0 0 0
1 1 1 1 0 0 1 1 1 27 1 1 0 1 0 1 1 0 0 0 0 1 0 1 1 1 1 0 1 1 0 0 0 1 1 1 1 0 1 1 1 0 0 1 1 1 0 1 1 0 0 1 1 1 1 1 1 0 1 1 0 1 1 0 1 1 1 0 0 0 1 0 1 1 1 0 0 1 0 0 1 1 1 0 1 0 1 1 1 0 1 1 0 0 0 1 0 1 0 1
1 1 0 0 0 1 0 1 1 0 25 1 1 0 0 0 0 1 0 0 0 1 0 1 0 1 0 0 1 1 1 0 0 1 1 0 1 0 1 0 0 0 1 1 1 1 0 1 0 1 1 0 1 1 1 0 0 1 0 0 1 1 0 1 1 0 1 0 0 0 1 0 0 0 1 0 0 1 0 0 0 1 1 0 1 0 1 1 1 0 1 1 0 1 1 1 0 0 0 0
0 0 1 1 0 1 0 0 0 0 0 81 0 0 1 0 1 1 0 1 1 0 0 1 0 1 0 0 1 0 0 0 0 1 1 0 1 1 0 1 0 1 0 1 1 1 0 0 1 0 0 0 1 0 1 1 1 0 0 0 0 1 0 0 0 1 0 1 0 0 0 0 0 0 0 0 0 0 1 0 1 1 1 1 1 0 0 1 1 1 0 1 0 0 1 0 1 0 0 1
0 1 0 0 1 1 1 0 0 0 1 0 45 0 1 1 0 0 0 1 0 1 0 1 1 0 1 0 0 0 0 1 0 1 0 1 0 0 0 1 1 0 0 0 1 1 0 0 0 1 0 1 1 1 0 1 0 1 0 1 1 1 1 1 0 0 1 0 0 1 1 0 0 1 1 1 1 1 0 1 0 1 1 0 1 0 1 0 0 0 1 0 1 0 1 0 1 0 0 1
1 1 0 1 0 0 1 0 1 0 1 1 0 40 1 0 0 1 0 1 1 1 1 0 0 1 1 1 0 1 1 1 0 0 0 1 0 1 0 1 1 0 1 0 0 0 0 1 1 0 0 0 1 0 1 0 1 1 1 0 1 0 1 1 0 0 1 0 0 1 0 0 0 1 0 1 0 1 1 1 0 1 0 1 0 0 0 1 0 0 1 1 0 0 1 1 1 0 1 0
0 0 1 0 1 0 0 1 0 1 1 1 0 0 88 1 0 0 1 1 0 1 0 1 0 1 0 1 1 0 0 0 0 1 0 0 0 0 0 0 0 1 0 0 0 0 0 0 0 0 1 0 0 0 1 0 0 0 1 1 0 1 1 1 1 0 1 1 0 0 1 1 0 0 1 1 1 0 0 1 0 1 0 1 1 1 1 1 0 0 0 0 1 0 1 1 1 0 1 1
0 0 0 0 0 0 1 1 1 0 0 1 0 0 0 7 0 0 1 0 1 1 0 0 0 0 1 0 0 0 0 0 0 1 0 0 1 1 1 1 1 1 0 1 0 1 0 0 1 0 1 0 0 0 1 1 1 0 0 0 1 1 1 1 1 0 0 1 0 0 1 1 1 1 0 0 0 1 0 1 0 1 1 1 0 0 0 1 1 1 1 1 0 0 1 1 1 0 1 1
1 1 1 0 0 0 1 0 0 1 1 1 1 1 0 1 68 1 0 1 0 1 1 0 0 0 1 0 1 1 1 0 0 1 0 0 0 1 0 1 0 0 0 1 0 0 1 1 1 0 0 1 0 1 0 1 0 0 1 1 1 1 0 0 0 0 1 0 1 1 0 0 0 0 1 1 1 0 0 1 0 0 1 0 1 0 0 0 1 1 1 0 0 1 0 0 0 0 1 0
0 1 0 0 1 0 1 0 0 1 1 0 0 0 0 1 1 14 0 0 0 0 1 0 0 1 0 0 1 1 1 0 1 1 0 0 0 1 0 0 1 0 1 1 1 1 0 1 0 0 1 1 0 1 0 0 0 0 0 0 0 1 1 0 1 0 0 1 0 1 0 0 1 1 1 1 0 1 1 1 1 0 1 1 0 1 1 1 0 0 0 0 1 0 0 1 0 1 0 0
0 0 0 0 0 1 1 1 1 1 0 1 1 1 0 0 1 0 78 0 1 0 1 1 1 1 1 0 0 0 1 0 1 1 1 1 0 0 1 1 0 0 1 0 1 1 0 1 1 0 0 1 0 1 0 0 0 1 0 1 1 0 1 1 0 0 0 1 0 0 1 1 0 1 0 1 0 0 0 1 1 1 1 0 0 0 1 0 1 0 1 1 0 1 1 1 0 1 1 0
0 1 0 0 1 0 0 1 0 0 1 1 1 0 1 0 0 0 1 98 1 0 1 1 0 0 0 1 1 1 0 1 1 1 0 0 0 0 1 1 1 1 0 1 0 1 0 0 0 0 0 0 0 0 1 0 1 1 0 0 0 0 0 1 1 0 1 1 1 1 0 1 1 0 0 1 1 1 1 1 1 0 0 0 0 1 0 1 0 1 0 1 0 0 1 1 1 1 0 1
1 1 1 0 1 0 1 1 1 1 1 1 0 1 1 0 0 0 1 0 30 0 0 0 1 1 1 0 1 0 0 1 0 1 1 0 1 0 0 0 0 0 0 1 1 0 1 1 1 1 0 0 1 1 0 0 0 1 0 0 0 0 0 1 0 1 1 1 1 1 0 1 0 0 0 0 1 0 1 1 1 1 0 0 1 1 0 1 0 1 0 0 0 0 1 0 0 1 1 1
0 0 0 0 0 0 1 0 1 0 1 1 0 1 1 0 1 1 1 0 1 15 0 1 0 0 1 1 1 0 1 0 0 1 1 0 0 1 0 1 1 1 0 0 1 1 0 0 1 1 1 0 0 1 0 1 1 0 1 0 1 0 0 1 1 1 1 1 1 1 1 1 0 0 0 1 1 0 0 1 1 0 1 1 1 0 0 1 0 1 0 0 0 0 0 0 0 1 0 0
1 0 0 0 0 1 0 0 0 0 0 0 0 1 1 1 0 1 1 1 1 0 70 0 1 0 1 0 0 0 0 0 0 1 1 1 1 1 0 1 0 0 1 1 0 0 1 0 1 1 0 1 0 0 1 0 0 1 1 1 1 0 0 1 0 0 0 0 0 1 1 1 0 0 1 1 1 0 1 0 1 0 1 0 0 0 0 0 1 0 0 1 1 1 1 0 0 0 0 1
1 1 0 1 0 1 1 1 1 1 1 1 1 1 0 1 0 0 1 0 1 0 0 8 1 0 0 0 0 1 0 1 0 0 0 1 1 1 0 0 1 0 1 0 1 0 0 1 0 1 1 1 0 0 0 0 0 1 0 0 1 0 0 1 1 1 1 1 1 1 0 0 1 0 1 1 1 0 0 0 0 1 1 1 1 0 0 0 1 0 1 0 1 0 0 0 0 1 0 0
1 1 1 0 1 1 0 0 1 1 0 1 1 1 0 1 1 0 0 1 0 1 0 0 27 0 1 0 0 1 1 0 0 1 1 0 1 0 0 1 1 1 1 1 1 0 1 1 1 1 1 0 1 1 1 0 0 1 1 1 1 0 1 1 1 0 0 0 0 1 1 1 1 0 0 0 1 0 1 1 1 0 0 1 1 0 0 1 1 1 0 0 0 1 1 1 1 0 1 1
1 0 1 0 1 0 1 1 1 1 0 1 0 1 0 0 1 0 1 1 1 1 1 0 0 90 1 0 1 0 1 0 1 0 1 0 0 0 1 1 1 0 1 1 0 1 0 0 1 0 0 1 1 1 0 0 1 0 0 1 0 0 0 0 1 1 1 1 0 0 1 0 0 0 0 0 0 0 0 0 0 1 1 1 0 1 0 0 1 1 1 1 1 1 0 1 1 1 0 0
1 1 1 0 0 1 1 0 1 1 0 1 1 0 0 0 0 0 1 0 0 0 1 1 0 0 61 1 1 1 1 0 1 0 1 1 0 0 0 1 0 0 0 0 1 1 1 1 0 1 0 0 1 1 1 1 0 0 1 0 0 0 1 0 0 1 0 0 1 0 1 0 0 0 0 1 0 1 0 0 0 1 0 1 1 0 1 1 1 0 0 1 1 0 0 1 0 0 1 1
1 1 1 0 1 1 1 1 1 0 1 0 0 0 1 1 1 0 1 1 0 0 0 0 1 0 0 82 1 0 1 0 1 0 1 1 1 1 1 0 1 0 0 1 1 1 1 0 1 0 1 0 0 1 0 0 0 0 0 0 0 1 1 0 0 1 1 0 0 0 0 1 0 1 0 1 0 0 0 1 1 1 1 0 0 1 1 1 0 1 0 0 1 1 1 1 1 1 0 0
0 0 0 0 1 1 0 1 0 1 1 0 0 1 1 1 1 0 0 1 1 1 1 0 0 1 1 0 61 0 1 1 1 0 1 0 0 1 0 0 0 1 1 0 1 0 1 1 1 0 1 1 0 1 0 1 0 1 0 0 1 1 1 0 0 1 0 0 1 1 0 1 1 1 1 1 0 0 0 0 0 1 0 1 0 0 1 0 1 0 0 1 0 0 0 1 0 1 1 1
0 0 0 1 1 1 0 0 1 1 1 1 0 1 0 0 1 0 0 1 0 1 0 0 0 1 0 0 1 93 1 0 0 1 1 1 0 0 0 1 0 1 0 0 1 0 1 1 0 0 1 1 0 1 1 0 0 0 1 1 1 0 0 0 0 0 1 1 0 1 1 0 1 0 0 1 0 1 0 1 1 0 0 1 0 0 1 1 0 1 1 0 1 1 1 1 0 1 1 0
0 0 1 1 0 1 1 0 1 1 1 0 0 0 1 0 0 1 1 0 1 0 1 0 0 1 1 0 0 0 15 0 0 0 0 1 0 0 1 0 0 1 1 1 1 1 1 1 0 0 1 0 0 0 1 0 1 1 0 0 1 0 0 0 0 1 1 0 0 0 0 0 1 1 0 1 1 1 1 0 1 0 1 0 0 1 0 1 0 1 1 0 1 1 0 0 0 0 0 1
1 1 0 0 0 1 1 0 1 0 0 1 0 1 1 1 0 1 1 1 0 1 1 0 1 0 1 1 0 0 0 60 1 1 1 0 0 0 1 1 0 0 0 0 0 1 0 1 1 0 1 0 1 1 0 0 1 1 0 1 0 1 1 1 0 1 1 0 1 1 1 0 1 0 1 0 0 1 1 0 1 0 0 0 1 1 1 1 0 0 0 0 1 0 1 0 0 1 1 1
0 1 1 0 0 0 1 0 0 0 1 0 0 1 1 0 0 0 1 1 1 0 1 1 0 1 1 0 1 1 1 1 93 0 1 0 1 0 0 0 0 1 0 1 0 1 0 0 1 1 1 1 1 1 0 1 0 0 0 0 0 0 1 0 1 1 1 0 1 0 1 1 0 1 1 1 1 1 1 0 1 0 1 0 1 1 1 0 1 1 0 1 0 0 1 1 1 1 1 0
1 1 0 1 1 1 1 0 0 1 0 0 0 1 0 1 1 0 1 1 1 1 0 1 1 0 1 1 0 0 0 0 0 60 1 0 0 0 1 0 0 0 1 1 0 1 0 1 0 0 0 1 1 1 1 0 1 0 0 1 0 0 1 0 0 0 0 0 1 0 0 0 1 1 0 1 1 0 0 1 1 1 0 1 1 1 0 0 1 1 0 1 1 1 0 0 0 0 0 1
0 0 0 1 1 1 0 1 0 1 1 1 0 0 0 1 1 1 1 1 1 0 1 1 1 0 0 1 1 0 1 1 1 1 56 0 1 1 0 1 0 1 0 0 1 0 1 1 1 1 0 1 1 0 0 1 1 0 0 1 0 1 1 1 0 0 1 1 0 0 0 1 1 1 0 1 0 0 0 1 0 0 0 1 1 0 0 1 0 1 1 0 1 0 0 0 0 1 1 0
1 1 1 1 1 0 1 1 0 1 1 1 1 1 0 0 1 0 1 0 0 0 1 1 1 0 1 1 1 1 1 1 1 0 1 6 1 1 1 1 1 1 1 1 1 0 0 0 1 1 0 1 0 1 0 0 1 0 0 0 1 0 0 0 1 0 0 1 0 1 1 1 0 1 0 1 0 0 1 1 1 1 1 0 0 1 1 0 1 0 1 0 0 0 0 0 0 0 0 1
0 0 1 1 1 0 0 1 0 1 1 0 1 0 1 0 0 1 1 0 1 0 0 0 1 0 1 1 0 1 1 0 0 1 0 0 88 1 1 1 0 0 1 0 1 1 1 0 0 1 0 1 1 1 0 1 1 0 0 1 0 1 0 0 0 1 0 0 0 0 1 1 1 0 1 0 0 0 1 1 0 1 0 1 0 1 1 0 0 1 0 1 1 0 0 1 1 1 1 1
0 1 1 1 0 0 1 1 1 0 1 1 1 0 0 0 0 1 1 1 0 0 1 1 0 0 0 0 1 0 1 0 1 1 0 0 0 50 1 1 0 0 1 1 0 0 0 0 1 1 1 0 1 0 0 0 1 1 0 1 1 0 1 1 0 1 1 1 1 1 0 1 0 0 1 0 1 0 0 1 0 0 0 1 1 1 1 0 1 1 1 0 1 1 1 0 0 0 1 1
1 1 1 1 1 1 0 1 1 0 0 0 1 1 0 0 1 1 0 1 0 1 0 1 1 0 1 1 1 0 1 1 1 1 1 0 1 0 42 0 0 1 1 1 0 1 1 0 0 1 1 1 1 1 0 0 0 0 0 1 0 0 0 0 0 1 1 0 1 1 0 0 1 1 1 0 0 0 0 0 1 0 0 1 0 1 0 1 1 1 0 1 0 0 0 1 0 0 0 0
1 1 0 1 1 1 1 1 0 1 0 0 0 0 0 0 1 0 0 1 1 1 0 1 0 1 0 1 1 0 1 0 1 1 1 1 1 0 0 71 1 0 1 1 1 0 0 1 0 1 0 1 0 0 1 1 1 0 0 1 1 0 1 0 1 1 0 1 1 0 1 0 1 0 0 0 1 1 0 1 1 0 1 0 1 0 1 0 0 0 1 0 0 1 1 0 1 1 0 0
1 1 0 1 1 0 1 0 1 1 0 1 0 1 1 0 1 0 1 1 0 1 0 1 0 0 1 1 1 0 0 0 1 0 0 1 0 0 1 0 0 1 0 1 0 0 0 0 0 1 0 1 1 1 0 1 1 1 0 1 0 1 1 0 1 0 0 1 0 0 1 1 0 1 1 0 0 1 0 0 1 1 0 1 1 0 1 1 0 1 1 1 0 0 0 1 1 0 1 0
1 0 1 1 1 1 0 0 0 1 1 1 1 1 0 1 0 0 0 1 1 0 1 0 0 0 1 0 0 0 1 1 1 0 0 0 0 0 1 0 1 88 1 1 1 1 1 0 1 0 0 1 0 1 0 1 1 1 0 0 1 1 0 0 1 1 1 1 1 1 1 0 0 0 0 1 1 0 1 1 0 0 1 1 0 0 1 0 1 0 1 0 0 0 1 0 0 0 0 1
1 1 1 0 1 0 1 0 1 1 1 0 0 0 0 1 0 0 0 0 0 0 0 1 0 1 0 1 1 0 0 0 1 0 1 0 0 0 1 1 0 1 42 0 0 0 0 1 1 0 0 0 1 0 0 1 0 0 0 0 1 1 1 0 0 0 1 0 0 0 1 1 0 1 1 0 0 0 0 1 0 0 1 1 0 1 1 0 0 1 1 0 0 0 1 1 0 0 1 1
0 1 1 0 1 1 0 1 1 0 0 0 1 0 1 1 0 0 1 1 0 1 1 1 0 1 0 1 0 1 1 1 0 0 1 0 0 0 0 1 1 0 0 48 0 0 1 0 1 0 0 0 0 0 1 0 0 1 0 1 0 0 1 1 0 0 0 1 0 1 1 1 0 1 0 0 0 1 1 0 0 1 0 1 0 0 1 1 1 0 0 0 0 0 0 1 1 1 0 0
1 0 1 1 1 0 1 0 1 1 1 0 0 0 0 1 0 1 0 0 1 0 0 1 0 1 1 0 1 1 0 0 0 1 1 0 0 0 1 0 0 0 1 0 67 0 0 0 1 1 1 1 0 1 0 1 1 0 1 1 1 0 1 1 1 1 1 0 1 0 0 1 1 0 1 1 0 1 0 0 0 1 0 0 1 0 1 0 0 0 1 1 1 1 0 1 0 0 1 0
0 1 0 0 1 0 0 1 1 0 1 1 0 0 0 1 1 0 1 1 1 1 1 0 0 1 1 1 0 1 0 1 0 0 0 0 1 0 0 0 0 1 1 0 1 90 1 1 1 1 1 0 1 1 1 1 0 1 1 0 1 0 1 0 1 1 1 1 0 1 1 1 0 0 0 1 1 0 1 0 0 1 0 1 1 0 0 0 1 0 1 1 0 0 1 1 1 0 1 0
0 1 0 0 1 0 1 0 1 0 1 1 0 1 0 1 1 0 1 0 1 1 1 0 0 1 1 0 0 1 0 0 1 0 1 1 1 1 0 0 1 0 1 0 1 1 74 0 1 0 1 0 1 1 0 1 1 1 0 0 1 1 0 1 1 1 1 0 1 0 0 0 1 1 1 1 1 1 1 1 1 0 1 0 0 0 1 1 1 0 1 0 1 0 0 1 1 0 0 1
1 1 1 0 1 0 0 1 0 0 0 1 1 0 1 0 1 0 1 0 0 1 0 0 1 0 0 1 1 1 0 1 0 1 0 1 1 0 0 0 1 1 0 1 1 0 0 29 0 1 0 1 0 0 0 0 1 1 1 1 0 0 0 1 0 1 0 0 0 0 1 1 1 0 0 0 1 1 0 1 1 1 1 1 1 0 1 1 0 1 0 0 0 0 1 0 1 1 0 1
1 1 0 0 0 0 0 1 1 0 0 1 0 1 1 1 1 0 1 0 0 0 0 1 1 0 1 0 1 0 0 1 0 0 0 1 0 1 0 1 0 0 1 0 0 0 1 1 70 1 0 0 0 0 0 0 0 1 1 0 0 1 0 1 1 1 1 1 0 1 1 1 1 0 0 0 1 1 1 0 0 1 0 1 0 0 0 0 0 1 0 1 1 0 1 1 1 1 1 1
1 0 0 0 1 0 1 0 1 1 1 1 0 0 1 1 1 0 0 1 0 0 1 1 0 0 0 1 1 0 1 1 0 0 1 1 0 1 1 1 0 1 1 0 1 0 0 1 0 94 0 1 0 1 0 0 0 0 1 0 1 0 0 0 1 1 0 1 1 0 1 1 1 0 1 0 1 0 0 0 0 0 1 1 0 1 1 1 1 1 1 0 1 0 1 0 1 1 1 1
0 0 0 1 1 0 1 1 1 0 1 0 1 1 1 1 0 0 1 0 1 1 0 0 1 1 0 0 1 0 0 0 1 1 0 0 0 0 0 1 0 1 0 1 0 0 0 0 0 0 59 1 0 0 0 0 1 1 1 1 1 0 0 1 0 1 1 0 1 1 0 0 1 0 1 1 1 0 0 1 1 1 1 1 0 0 1 0 0 0 0 1 0 1 1 0 1 0 1 0
0 0 1 1 0 1 0 0 1 1 1 0 1 1 1 0 1 1 1 1 1 1 0 1 1 0 1 1 0 1 0 0 0 1 1 0 0 0 1 1 1 1 0 1 0 0 0 1 0 1 0 54 0 0 1 0 0 0 1 0 0 0 1 0 1 0 0 0 0 0 1 1 0 1 1 0 0 1 0 1 0 0 0 1 1 1 1 1 1 0 0 0 0 0 1 0 0 0 1 0
1 1 1 1 1 1 0 1 1 1 1 0 0 1 1 0 1 0 0 0 1 0 0 1 1 1 1 0 0 0 1 0 1 1 1 1 0 1 0 1 0 0 1 0 1 1 0 0 0 0 1 0 88 1 0 0 1 0 1 0 0 0 1 1 1 0 0 0 0 1 0 0 1 0 1 0 0 0 0 1 0 0 0 1 0 0 1 0 1 0 0 0 1 0 1 1 1 1 1 1
1 0 0 1 1 0 1 1 0 0 1 0 0 1 0 0 1 1 1 1 1 0 1 0 0 1 0 1 1 1 1 0 0 0 0 0 0 0 1 1 1 1 0 0 0 1 0 1 0 1 1 1 0 22 0 1 1 0 0 0 0 1 0 1 0 1 0 0 1 1 1 1 0 1 0 0 1 1 1 0 1 1 0 1 1 0 0 1 0 0 1 1 0 0 1 1 0 1 1 1
0 0 1 1 0 1 1 0 1 0 0 1 1 1 1 0 0 1 0 1 1 1 1 0 0 0 1 0 0 0 0 1 0 0 0 1 1 0 1 0 1 1 1 1 0 0 1 0 1 1 0 1 0 1 43 1 1 1 0 0 0 0 0 1 1 0 0 1 0 0 1 0 0 1 0 1 1 1 1 0 0 0 0 1 1 0 1 0 0 0 1 1 0 0 0 0 1 1 1 0
1 0 0 0 1 1 1 0 1 0 0 1 0 0 0 1 1 1 1 1 0 0 0 1 1 0 0 1 1 1 1 1 1 0 1 0 0 1 1 0 1 0 1 0 1 1 0 1 0 1 0 1 0 0 1 20 1 0 0 1 0 0 0 1 0 0 1 1 1 0 0 0 0 0 0 1 0 0 0 1 1 1 1 0 0 1 1 0 0 1 1 0 0 0 1 0 1 1 1 0
1 0 0 1 1 0 0 0 0 0 0 1 1 0 1 1 0 0 0 1 1 1 1 1 0 0 1 1 0 1 0 0 1 1 1 1 0 1 0 1 1 1 1 1 0 0 0 0 1 0 0 0 0 1 0 0 25 1 0 1 1 1 0 0 1 0 0 1 0 0 1 1 0 1 1 0 1 1 1 1 0 0 0 0 1 0 0 0 1 1 1 0 0 0 0 0 1 0 1 0
1 1 1 1 1 1 1 1 0 1 1 1 1 0 0 0 0 0 0 0 0 1 0 0 1 0 0 0 1 1 0 0 0 0 1 0 0 1 1 0 1 1 1 1 1 1 0 1 1 1 0 1 1 0 0 1 0 66 1 1 0 1 0 1 1 1 1 1 0 0 0 1 1 1 1 1 1 0 0 0 0 1 0 0 1 0 1 0 0 0 0 0 0 0 1 1 1 0 1 0
0 1 0 1 0 1 0 0 1 1 1 1 0 1 1 0 1 1 1 1 0 0 0 1 1 0 1 0 1 0 0 0 0 0 0 0 1 1 1 0 0 0 1 1 0 0 1 1 1 1 0 1 1 1 0 1 1 1 19 0 0 1 0 0 1 1 1 1 0 1 1 1 0 0 0 0 1 0 1 1 0 1 1 1 1 1 0 1 0 0 1 0 0 1 0 0 1 0 0 0
1 1 0 0 0 1 0 1 1 1 1 1 1 1 1 0 1 0 1 1 0 0 0 1 1 1 0 0 1 0 0 1 0 1 0 1 1 1 0 0 1 1 1 0 0 1 0 0 1 1 0 1 1 1 1 0 0 1 1 14 1 0 1 1 0 0 1 0 0 0 1 0 1 1 0 0 0 0 1 0 0 0 1 1 1 0 1 1 0 0 0 1 1 0 0 0 1 0 1 0
1 1 0 1 1 0 0 1 1 1 0 1 1 1 0 1 0 0 0 0 0 1 1 1 0 1 1 1 0 1 0 0 0 0 0 1 1 1 1 1 1 0 1 0 0 1 0 0 1 1 1 1 1 1 1 1 1 1 0 0 87 0 0 1 0 1 0 1 1 0 1 1 1 1 0 0 1 1 0 1 1 1 1 1 0 1 0 1 1 1 0 0 1 0 0 0 0 1 1 0
1 1 1 1 0 0 1 1 1 0 0 0 0 1 1 0 1 0 1 0 1 0 1 1 1 1 0 1 1 0 0 1 1 0 1 0 1 1 1 0 0 0 1 0 1 1 0 0 0 0 1 1 0 1 0 1 0 1 1 0 0 98 0 0 0 1 0 0 1 1 0 1 1 0 1 0 1 0 1 1 0 0 0 1 0 1 0 0 1 0 1 0 1 0 0 0 1 0 0 0
1 0 1 1 0 0 1 1 1 0 1 0 0 1 1 0 1 0 1 0 0 0 0 0 1 1 1 1 1 1 1 1 1 1 1 0 1 1 0 1 1 1 1 1 0 1 1 0 0 1 0 0 0 1 1 0 1 1 0 1 1 1 2 1 0 1 0 1 0 0 1 1 0 0 1 1 1 0 1 1 1 1 0 0 1 0 0 1 1 1 1 0 1 1 1 0 0 0 0 1
0 0 1 0 1 0 0 1 1 1 1 1 0 0 1 1 0 0 0 1 0 1 0 1 0 0 0 1 0 0 1 1 1 0 1 1 0 1 1 1 1 0 1 1 1 0 1 0 1 0 1 0 0 0 0 0 0 1 1 1 1 0 1 34 1 1 0 1 0 0 1 0 0 1 1 0 0 1 0 1 0 1 0 0 1 1 1 0 0 1 0 1 1 0 0 0 0 1 0 0
0 1 0 0 0 0 1 0 0 0 1 0 1 1 0 0 1 0 0 1 1 1 1 1 1 1 0 0 0 1 0 0 0 0 0 1 1 0 0 1 0 1 1 1 0 1 0 0 1 0 0 0 0 0 0 1 0 1 1 1 1 0 0 1 86 0 1 1 1 0 0 0 0 1 0 0 0 0 1 1 1 0 1 1 0 1 1 1 1 0 1 0 0 1 1 1 0 0 0 1
1 1 1 1 1 1 0 0 0 0 0 1 1 0 0 1 0 1 1 0 1 1 1 1 0 1 0 0 0 1 1 1 1 1 1 0 1 0 0 0 1 1 0 0 1 0 0 0 0 0 1 1 0 0 1 0 0 0 0 0 0 0 1 0 1 26 1 1 1 1 1 0 1 0 0 0 0 1 1 1 0 1 0 0 1 0 0 1 0 0 1 0 1 1 0 0 0 0 0 0
1 1 0 1 0 0 0 1 0 0 0 1 1 1 1 1 1 0 0 0 0 0 0 1 0 1 0 0 1 1 1 1 1 0 1 1 1 0 1 0 0 0 1 1 1 1 1 0 1 0 0 0 1 1 1 1 0 1 0 0 0 0 1 0 1 1 19 0 1 1 1 1 1 0 0 0 0 1 0 1 1 1 1 1 1 0 0 0 1 0 0 0 0 1 1 0 0 0 1 1
1 1 1 1 1 0 0 0 0 1 1 1 0 1 1 0 1 1 0 0 1 0 1 0 1 0 0 1 0 0 1 0 1 1 0 1 0 0 0 1 1 1 0 0 1 1 0 1 1 1 1 0 0 1 0 0 1 1 0 0 0 0 0 0 0 0 1 65 1 0 0 0 1 1 1 1 0 1 1 1 0 1 1 0 1 1 1 1 0 0 1 0 1 1 0 1 1 0 1 0
0 1 1 1 0 1 0 1 1 0 1 0 1 1 0 0 1 1 1 1 1 0 1 0 1 0 0 1 0 0 0 0 0 1 0 0 1 1 0 0 0 1 1 1 1 1 0 0 0 0 1 1 1 0 0 1 0 0 1 0 1 1 0 0 0 0 1 0 42 1 1 0 0 0 1 0 0 0 0 1 0 1 0 0 0 0 0 0 0 0 0 1 1 1 1 0 1 1 0 0
1 0 1 0 0 0 1 0 0 0 0 1 1 1 0 0 1 1 1 0 0 0 0 1 1 1 0 1 1 0 1 1 0 0 0 0 0 0 0 1 0 1 0 0 1 0 1 1 0 1 1 1 1 1 0 0 0 0 0 1 0 0 1 0 0 1 0 0 1 33 0 1 0 0 1 1 1 0 1 1 0 1 0 0 1 0 0 0 1 1 1 1 0 0 0 0 1 0 1 0
1 1 1 1 0 1 1 0 1 1 0 1 0 0 1 0 1 1 1 1 0 0 0 0 1 1 0 1 1 1 0 1 1 0 0 0 0 1 1 0 0 0 1 1 0 1 0 0 1 1 1 0 1 0 0 0 1 0 1 1 1 0 0 1 0 1 0 0 1 0 6 0 0 0 1 0 1 1 1 0 0 0 1 1 0 1 0 0 0 0 0 0 0 0 1 1 1 0 1 1
0 1 1 0 0 0 1 1 1 0 0 0 0 1 0 1 0 0 0 1 0 0 0 0 0 1 1 0 1 1 0 1 1 1 1 1 0 1 1 0 0 0 0 0 0 1 0 0 1 0 0 0 0 1 1 1 1 1 1 0 1 1 1 0 1 0 1 1 0 0 0 90 1 1 0 1 1 1 0 0 1 0 1 0 0 0 1 0 1 0 1 0 0 1 0 0 1 0 0 0
0 0 1 1 0 1 1 1 1 0 1 0 0 1 0 1 0 0 1 0 0 0 0 0 1 1 1 1 1 1 1 1 0 1 0 0 1 1 0 1 1 1 1 0 0 0 0 0 1 1 0 1 0 1 0 1 1 0 0 0 1 1 0 0 1 0 0 1 0 0 1 1 28 1 1 0 0 0 0 0 1 0 0 1 0 1 0 0 1 1 0 1 1 1 1 1 0 1 1 0
1 0 1 0 1 0 1 0 0 1 0 1 1 1 1 1 0 1 1 0 0 1 1 1 1 1 0 1 1 1 1 0 0 1 1 1 1 1 1 1 0 1 0 1 1 1 1 0 1 0 0 1 1 0 0 1 0 0 0 0 1 0 1 1 1 0 1 1 0 0 0 0 0 44 0 1 1 1 0 1 0 0 0 1 0 1 0 0 1 1 1 0 0 0 0 0 0 0 0 1
0 1 0 1 1 0 1 0 0 0 0 0 0 0 1 0 1 1 0 1 1 0 0 1 1 0 0 1 0 1 1 0 1 1 1 0 0 1 0 0 0 0 1 1 1 1 0 0 1 0 1 0 1 1 0 0 0 1 1 0 0 0 0 0 0 0 0 0 1 1 1 1 0 0 27 1 1 1 0 0 0 0 1 0 1 1 1 1 1 0 1 1 0 1 1 0 0 1 1 0
1 0 1 1 0 1 0 0 0 1 0 0 0 0 1 1 0 1 1 1 1 1 1 0 1 0 0 1 1 0 0 0 0 0 0 0 1 0 0 1 1 1 1 0 1 0 1 0 1 0 0 1 1 0 1 0 1 1 1 0 1 1 1 1 0 1 1 0 1 0 0 0 1 0 0 58 0 0 0 1 0 0 1 1 1 0 0 0 0 1 1 1 0 1 0 0 1 1 1 1
1 1 1 1 1 0 0 1 0 0 1 0 0 1 0 1 1 0 1 0 1 1 0 0 0 0 1 0 0 0 0 0 1 0 1 0 1 1 0 0 0 1 0 0 0 0 0 1 0 1 0 0 1 1 1 1 1 1 0 1 1 0 0 0 1 0 0 1 1 1 0 0 0 0 1 1 92 0 1 0 0 1 0 0 1 0 0 0 1 0 1 0 0 1 0 0 1 1 1 1
1 0 0 1 1 1 0 1 1 1 0 0 0 0 1 1 0 1 0 0 1 0 1 1 0 1 1 1 0 1 0 0 0 1 0 1 0 1 0 1 0 1 0 1 0 0 0 1 1 1 0 1 1 1 1 0 1 0 0 0 0 0 1 1 0 1 0 1 0 0 1 0 0 0 1 1 1 93 1 1 0 1 1 0 1 1 1 1 0 0 0 0 1 1 1 0 1 1 1 1
0 1 1 1 0 1 1 1 1 1 1 0 1 0 1 1 0 1 1 0 0 0 1 1 1 1 1 1 1 1 0 1 0 0 1 1 0 1 1 0 1 0 0 0 0 0 1 0 0 0 0 0 1 1 1 0 1 1 0 0 1 1 1 0 0 0 1 0 1 0 0 1 1 0 0 1 0 0 58 0 1 1 1 1 0 1 0 1 1 0 0 0 1 0 0 1 0 1 1 1
0 0 1 0 0 1 1 0 0 1 0 1 0 1 1 0 0 1 1 0 0 1 0 1 1 1 1 1 0 1 0 0 1 0 1 1 1 0 0 1 0 0 0 1 1 0 1 0 1 1 1 0 1 0 0 0 1 0 0 1 0 0 0 1 1 0 0 1 0 1 1 1 0 1 0 0 1 1 1 76 0 1 0 1 0 1 1 1 1 1 1 1 0 0 1 1 1 1 1 1
0 0 0 1 1 0 1 1 0 0 1 0 1 1 1 0 0 1 0 0 0 0 1 0 1 0 0 0 1 0 0 0 0 0 0 0 0 1 1 0 1 1 1 0 1 0 0 0 1 0 0 0 0 0 1 1 1 1 1 0 0 0 0 1 1 0 1 0 0 0 1 0 1 1 0 1 0 1 1 1 70 0 1 1 0 0 1 0 0 1 0 1 0 1 1 0 0 1 1 1
1 0 1 0 1 1 1 1 1 0 1 0 0 1 0 1 1 0 1 0 1 0 1 1 0 1 1 1 1 0 0 0 1 0 0 1 1 0 1 1 0 1 0 1 0 1 1 0 1 1 0 0 0 0 0 0 1 0 1 0 1 0 0 0 0 1 0 0 1 0 0 0 0 0 1 1 0 1 0 0 1 6 1 1 1 0 0 0 0 1 0 0 0 0 1 1 1 0 1 0
0 0 0 1 1 1 0 1 1 1 1 0 1 1 1 1 1 1 1 0 1 0 0 1 1 0 0 1 1 1 1 0 0 1 0 1 1 0 0 0 1 0 1 0 1 0 1 0 1 1 0 1 0 0 1 0 1 0 1 0 0 0 1 0 0 1 1 0 1 0 0 1 0 0 0 1 1 0 1 1 1 0 82 1 1 1 1 0 1 0 0 1 1 0 1 1 1 1 1 0
0 1 1 1 1 1 0 0 1 0 0 0 0 0 1 1 1 1 1 0 1 1 1 1 0 1 1 0 1 1 1 1 0 1 1 0 0 0 0 1 1 1 1 0 1 0 0 1 0 0 0 0 1 0 1 1 0 0 1 0 1 0 0 1 0 0 0 1 1 0 1 0 1 0 1 0 1 0 1 1 1 1 0 7 1 0 1 1 1 1 0 0 0 1 0 0 1 0 1 1
1 1 0 0 1 0 0 1 0 0 0 1 0 1 0 0 1 0 1 1 1 0 1 0 0 1 0 0 1 0 0 1 0 1 0 0 0 1 0 1 0 0 0 1 0 0 0 1 1 0 0 0 0 1 1 1 0 0 1 0 1 0 0 1 1 0 0 0 1 0 0 1 0 1 1 0 1 0 1 0 0 1 1 0 87 0 1 1 1 0 0 1 0 1 0 0 1 0 1 0
1 0 1 1 1 0 0 0 0 0 0 1 0 1 0 0 0 0 1 1 0 1 0 0 0 0 1 0 1 1 0 0 0 1 0 0 0 0 1 0 0 0 0 0 0 1 0 1 1 1 1 0 0 1 1 0 1 0 0 0 0 0 0 0 0 1 1 1 0 1 1 0 1 1 1 1 0 1 0 0 1 0 1 0 0 75 1 1 1 0 0 0 0 0 1 0 1 0 1 1
0 1 0 1 0 0 1 1 1 1 1 0 0 1 0 1 0 0 1 0 1 0 0 1 0 0 1 0 0 0 0 0 1 0 1 0 0 1 1 0 0 1 0 0 1 1 1 1 1 0 1 0 1 0 0 1 0 0 0 0 1 0 0 0 0 1 1 1 0 0 0 1 1 1 1 0 0 0 1 1 0 1 0 1 0 0 38 0 0 0 0 1 0 1 0 0 0 0 0 1
0 0 1 0 1 1 1 0 1 0 1 0 0 0 0 1 1 0 1 0 0 0 1 0 0 0 0 0 1 1 1 1 0 0 0 0 1 0 1 0 0 1 1 0 0 0 1 1 1 1 0 0 0 1 1 0 1 0 1 0 0 1 0 0 1 1 1 0 1 0 1 1 1 1 1 1 0 1 1 0 1 1 0 1 1 0 0 94 1 0 1 1 1 0 0 0 1 0 1 1
1 0 0 1 1 1 1 0 1 1 0 0 1 0 1 0 1 0 0 0 1 1 1 0 1 1 0 0 1 0 1 1 0 0 0 1 1 0 0 0 1 1 0 0 0 1 0 1 0 1 1 0 1 1 0 0 0 0 1 0 1 0 1 0 1 1 1 1 1 1 1 0 1 1 0 0 1 0 1 1 1 1 0 1 0 1 0 0 80 0 0 0 1 0 1 1 1 0 1 1
1 1 1 1 0 1 1 0 0 0 0 0 0 1 0 0 1 0 0 1 0 0 1 0 1 0 0 0 1 0 0 0 1 0 0 1 0 0 1 0 0 1 1 1 0 0 1 1 1 1 1 1 1 1 0 0 0 1 0 0 0 1 1 1 1 1 1 1 0 1 0 0 1 0 0 1 1 1 1 0 1 0 1 1 1 0 0 1 1 16 1 0 0 0 1 0 0 1 0 0
1 1 1 0 1 1 0 1 1 1 0 0 0 0 0 1 0 1 1 1 1 1 0 0 0 0 1 0 1 0 1 1 0 1 1 1 1 0 0 1 0 0 1 1 1 0 1 1 1 1 0 0 1 1 1 0 0 0 1 1 0 1 1 1 1 1 0 0 1 1 0 0 1 1 1 1 1 0 0 0 0 1 1 0 0 0 0 1 0 1 39 0 0 0 0 1 1 1 0 1
0 0 0 0 0 1 1 1 0 0 1 1 1 1 1 0 0 1 0 0 1 1 0 0 0 0 0 0 0 1 0 1 1 1 0 1 0 0 1 0 0 0 0 1 1 1 1 1 1 0 1 1 1 0 0 0 0 0 0 1 1 0 0 1 1 1 0 1 0 0 1 0 0 0 0 1 1 0 1 1 0 1 0 1 0 1 0 1 1 1 0 52 1 1 0 1 0 1 0 0
0 1 0 0 1 1 1 1 1 0 0 1 1 1 0 1 0 1 1 1 0 1 1 0 0 0 1 1 1 0 0 1 1 0 1 0 1 1 1 1 0 0 1 0 0 1 0 0 1 0 0 0 0 1 0 1 0 0 0 0 0 1 1 1 0 1 1 1 1 1 1 0 0 1 0 0 1 0 1 0 1 1 1 1 0 0 0 0 0 0 1 0 2 0 1 1 0 1 1 1
0 0 1 1 0 0 0 0 0 0 0 1 1 1 0 1 0 1 0 1 0 0 1 1 1 1 1 1 1 1 0 0 0 0 1 0 0 1 1 1 0 1 1 0 0 1 1 1 0 1 0 0 1 0 1 0 1 1 1 1 0 0 0 0 0 1 0 0 1 0 1 0 0 1 1 0 0 1 1 1 0 0 0 0 0 1 1 1 0 1 1 1 0 33 0 0 1 1 0 1
1 1 0 0 0 1 1 0 0 1 0 1 0 0 1 0 1 0 0 0 0 1 1 0 0 0 1 1 0 0 0 0 0 0 1 0 1 0 1 1 0 0 0 1 1 1 1 0 0 0 1 0 0 0 0 1 1 0 1 1 0 1 1 0 1 1 1 1 0 0 0 1 0 1 0 1 1 1 0 1 0 1 0 1 1 0 1 0 1 0 1 0 0 0 79 1 1 1 1 1
0 1 0 1 0 1 0 1 0 0 0 1 0 0 0 0 1 1 1 0 1 0 0 0 1 0 1 1 0 1 1 1 0 1 1 0 0 1 0 1 1 0 0 1 1 0 0 0 0 1 0 1 0 0 1 1 1 0 1 1 0 1 1 0 1 1 0 1 0 0 1 1 0 1 1 0 1 0 1 0 0 1 1 0 0 0 1 1 1 1 0 1 0 1 1 74 0 0 1 0
0 0 1 0 0 0 0 1 1 0 1 1 1 0 0 1 1 1 1 0 1 1 0 1 0 1 1 1 0 1 1 1 1 0 1 1 0 0 0 0 0 1 1 1 1 1 1 1 1 1 0 0 1 1 0 0 0 1 1 0 0 0 1 0 1 0 0 0 1 1 0 0 1 1 0 0 0 1 1 1 0 1 1 1 0 1 0 0 1 0 1 1 0 1 0 0 28 0 0 1
1 1 1 1 0 1 0 1 0 0 1 0 1 1 0 0 0 1 0 1 1 0 1 1 0 0 1 0 1 1 1 1 1 0 1 0 1 0 1 1 1 1 1 0 0 0 1 0 1 0 0 0 0 0 0 0 1 0 1 1 1 0 1 0 1 0 1 0 1 0 0 0 0 0 1 0 1 1 0 0 0 1 1 0 1 1 0 0 0 1 0 1 1 1 0 1 1 66 0 1
1 0 0 0 1 1 0 1 0 0 1 0 0 0 1 1 0 1 0 0 1 1 0 0 0 0 0 1 1 1 0 1 0 1 0 0 1 0 0 0 1 1 1 1 1 0 0 1 1 0 1 1 1 1 1 1 0 1 1 0 0 0 0 1 1 1 0 1 0 0 0 0 0 0 0 1 0 1 0 1 0 1 1 1 1 1 1 1 1 0 1 0 0 0 1 1 0 1 38 0
0 1 1 1 1 0 1 0 1 1 0 0 0 1 0 0 0 1 1 0 0 0 1 1 1 0 0 1 1 0 0 1 0 0 0 1 0 0 1 0 1 0 0 1 1 1 1 1 1 1 1 1 1 0 0 0 0 0 1 0 1 0 0 0 0 0 1 1 0 0 1 1 0 0 0 0 1 0 1 0 1 1 0 1 1 1 1 0 0 1 0 0 0 0 0 0 0 1 0 92
