50
22 1 1 0 0 1 0 1 1 0 1 1 0 1 0 0 0 1 1 0 0 0 1 0 1 0 1 1 1 1 1 1 1 1 0 0 0 0 1 1 0 1 0 0 0 1 1 1 1 0
0 78 1 1 0 0 1 1 1 1 1 0 0 0 0 1 1 1 0 0 1 1 0 1 1 0 0 1 0 0 0 0 1 0 1 0 0 0 1 1 0 1 0 0 1 1 1 0 1 1
1 0 72 0 0 1 1 0 0 0 1 0 0 0 1 0 1 1 1 1 0 0 1 0 0 0 0 0 1 1 1 1 0 1 0 1 1 1 1 0 0 1 0 1 0 1 1 1 0 1
1 1 0 23 0 0 0 1 1 0 0 0 0 1 1 1 0 0 0 0 1 1 1 1 0 0 0 1 0 1 0 0 1 0 0 1 0 1 0 0 0 1 1 1 0 1 1 0 1 0
1 1 1 1 9 0 1 0 1 1 0 0 1 1 1 1 1 1 1 0 0 1 1 1 0 0 1 0 1 0 0 1 1 0 0 1 0 0 1 0 1 0 1 1 0 1 1 1 1 1
0 0 0 0 0 20 0 1 0 1 0 1 1 0 0 1 0 0 1 0 0 0 1 0 0 0 0 1 0 1 1 0 0 0 0 1 1 0 1 1 0 1 1 0 0 1 1 0 0 0
0 0 1 1 0 1 69 0 1 1 1 0 0 1 0 0 0 1 0 1 1 1 1 0 0 0 1 1 1 0 1 0 0 1 0 1 0 0 0 1 1 1 0 0 1 0 0 1 0 1
1 0 1 0 1 1 1 52 0 0 0 0 1 1 0 0 0 0 1 1 0 1 0 1 1 0 1 0 1 0 1 1 1 0 0 1 0 1 1 0 0 1 1 0 1 1 1 0 0 0
1 0 1 0 1 1 1 0 82 0 1 1 0 1 0 0 1 1 1 1 0 0 0 0 0 1 0 0 0 1 1 0 0 0 0 0 1 0 0 0 1 0 0 1 0 0 0 1 0 1
0 1 0 1 1 1 0 1 0 10 0 0 1 1 0 0 1 0 1 0 1 0 1 1 0 0 1 1 0 0 0 0 1 0 1 1 0 0 1 0 1 1 1 0 0 1 1 0 0 0
1 0 0 1 0 1 0 1 0 1 32 1 1 1 1 1 0 0 0 0 0 1 0 0 0 0 1 0 1 1 0 0 1 0 0 0 0 0 1 0 0 0 0 0 1 0 1 0 1 0
0 0 0 0 1 1 0 1 0 1 0 90 0 0 0 0 0 1 1 0 1 0 0 1 1 1 0 0 0 1 1 0 0 1 1 1 0 1 1 1 1 1 1 0 1 0 0 1 1 0
1 0 0 0 0 0 0 1 0 0 1 0 79 1 1 1 0 1 0 0 0 1 1 1 1 1 1 0 0 1 1 0 0 0 1 0 0 1 0 1 0 1 0 0 0 1 1 0 0 0
1 1 1 1 0 1 1 0 0 0 1 1 0 69 1 1 1 0 1 0 0 1 1 1 0 0 1 1 0 0 1 0 0 0 1 0 0 0 1 1 1 0 1 0 0 1 1 1 1 1
0 0 0 1 0 1 1 1 1 0 0 1 0 1 63 0 0 0 0 1 1 0 1 0 0 1 1 0 0 1 1 1 0 0 0 1 0 0 0 1 0 1 0 1 0 1 1 1 0 1
1 0 1 1 0 1 0 1 1 0 1 1 1 1 0 72 0 1 1 1 0 0 1 1 0 1 1 1 1 0 1 1 0 1 0 1 1 1 1 1 1 0 1 0 0 1 1 0 1 1
1 1 0 0 0 0 1 1 1 1 0 0 1 1 0 0 38 1 0 0 0 0 1 0 1 0 1 1 1 0 0 1 1 1 1 1 1 1 1 1 0 1 0 1 0 0 0 0 1 1
0 1 1 1 1 1 1 1 0 0 0 1 1 0 0 0 0 80 0 0 0 0 1 1 0 1 0 0 0 1 0 0 0 0 1 1 0 0 0 0 0 0 0 1 0 0 0 0 1 1
1 1 0 0 0 0 0 1 1 0 0 0 0 1 0 0 0 1 83 0 1 0 0 1 0 1 0 1 1 1 1 1 1 0 0 0 1 1 0 1 1 1 1 1 0 1 1 1 0 1
0 0 1 1 1 0 1 0 1 0 1 1 0 1 1 1 0 0 1 24 1 1 0 0 1 0 0 0 0 1 0 1 1 1 1 0 0 0 0 0 0 1 0 0 1 0 0 0 1 1
1 1 0 1 0 1 0 1 1 0 0 1 0 1 1 1 0 1 1 1 32 0 0 1 0 0 0 0 1 1 1 1 1 1 1 1 1 0 1 1 1 1 1 1 0 1 1 1 1 1
0 1 0 1 1 1 1 1 1 0 1 0 0 0 0 0 1 1 0 1 0 15 0 1 0 1 1 1 0 1 0 0 0 1 0 1 1 0 0 0 1 1 1 0 1 0 1 0 1 1
0 1 1 0 1 1 1 0 1 0 0 1 1 1 1 0 1 1 1 1 1 0 2 1 1 1 0 1 1 1 1 1 1 1 0 1 1 0 0 1 0 1 1 0 1 0 1 0 0 0
1 0 0 1 1 0 0 0 0 1 1 0 0 0 1 0 1 0 1 1 1 0 0 23 1 1 1 0 1 0 1 0 1 0 1 1 1 0 0 1 0 1 0 1 1 0 0 1 1 1
0 0 1 0 1 0 1 0 1 0 1 0 0 1 0 0 0 0 1 0 0 0 1 0 87 0 1 0 0 0 0 0 1 0 0 0 0 0 1 0 0 0 0 0 1 0 0 0 0 1
0 0 1 0 0 1 1 1 0 0 0 0 1 1 0 1 1 0 0 1 1 0 0 0 0 4 0 1 0 1 0 1 1 1 1 0 1 1 0 0 1 1 1 1 1 1 0 0 1 0
1 0 0 0 1 1 0 0 1 0 0 1 1 0 1 0 0 0 1 1 0 0 1 1 1 0 76 1 1 0 1 1 1 1 0 0 1 0 0 0 1 1 0 1 0 0 1 1 1 1
1 0 1 1 1 0 1 1 0 0 0 1 0 1 1 1 1 0 1 0 0 1 1 1 0 0 1 10 0 0 0 0 1 1 1 0 1 1 1 1 0 0 1 1 1 1 1 1 0 1
1 1 1 0 1 0 1 0 1 1 0 0 0 0 1 1 0 0 1 1 1 1 0 1 0 0 1 1 0 0 0 0 1 0 0 0 0 0 1 1 1 1 0 0 1 1 0 1 0 0
1 1 1 1 0 0 0 0 1 1 1 1 1 0 1 1 0 0 1 0 1 1 0 1 0 1 0 0 1 61 1 0 1 0 1 0 1 0 0 0 0 0 1 0 0 1 0 1 1 0
0 1 0 0 1 0 1 1 0 1 1 1 0 0 1 0 0 0 1 1 0 1 0 0 0 1 1 1 1 0 75 0 1 0 0 0 0 1 0 0 1 1 1 1 1 0 0 1 0 1
1 0 0 0 1 0 0 1 0 1 1 0 1 0 0 1 0 1 0 1 1 1 0 1 0 1 1 0 1 0 1 85 0 0 0 0 0 1 1 1 0 0 0 1 1 1 1 1 0 1
1 0 0 0 0 1 0 0 1 0 0 1 1 0 0 1 0 1 1 0 0 1 1 1 1 1 0 1 0 1 0 0 75 1 0 0 0 1 1 0 0 1 1 1 0 1 1 1 1 0
1 1 1 1 0 1 1 1 0 1 1 1 0 0 1 0 1 0 0 1 1 0 0 1 1 1 1 1 0 1 0 0 1 62 1 0 1 0 0 0 1 0 1 1 1 1 1 0 0 0
0 0 1 1 1 1 1 1 1 1 1 1 1 0 1 1 0 0 0 1 1 0 1 1 0 1 1 0 1 1 0 0 0 0 72 1 0 0 0 1 1 1 1 0 0 1 1 1 0 1
1 1 1 0 0 1 0 1 0 1 0 0 0 1 1 0 0 0 0 0 1 0 0 0 0 1 0 1 0 0 1 0 0 1 0 81 0 1 1 0 0 1 0 0 0 1 1 0 1 1
1 0 0 1 0 0 1 1 0 1 1 1 0 1 0 0 1 0 1 0 0 1 0 0 0 0 0 1 0 1 1 1 0 0 0 1 46 1 0 1 0 0 1 1 0 0 0 0 1 0
1 0 0 1 1 1 0 1 0 1 0 1 0 0 0 1 1 1 0 0 0 1 0 1 1 1 0 1 1 1 0 0 0 1 0 1 0 13 1 1 0 0 1 1 0 1 0 1 1 0
1 1 1 1 1 1 0 1 0 0 1 1 1 0 0 0 1 1 0 0 0 1 0 1 0 0 0 0 0 0 0 1 1 1 1 1 0 1 19 0 0 0 0 1 1 0 0 1 0 1
0 0 1 1 0 1 1 0 1 0 1 1 0 1 1 1 1 1 0 0 0 0 1 0 0 0 1 0 0 1 0 0 1 0 1 1 0 1 0 7 0 1 0 1 1 0 1 0 1 1
0 1 1 0 1 1 1 0 1 0 0 0 1 1 1 1 1 1 0 1 0 0 0 1 0 0 1 0 1 1 1 1 0 0 1 0 1 0 1 0 37 0 0 0 1 1 0 1 1 1
1 1 1 1 0 0 1 0 1 0 1 0 0 1 0 0 1 0 1 0 1 0 1 0 0 0 1 1 1 1 1 0 1 1 0 0 1 0 1 1 0 68 0 0 0 1 1 1 0 1
0 0 0 1 0 0 1 0 0 1 1 0 0 1 1 1 0 1 0 1 0 0 1 0 0 0 0 0 0 0 1 0 1 1 1 1 0 1 0 0 1 1 71 1 0 0 0 0 1 1
1 1 1 0 1 0 0 0 1 0 1 1 0 0 1 0 0 1 1 0 0 1 0 0 0 0 1 1 0 0 0 0 0 1 0 0 0 1 0 1 0 1 0 88 1 1 0 0 1 1
1 0 1 0 0 0 0 1 0 1 0 0 1 1 0 0 0 0 0 1 1 0 0 1 0 0 1 1 1 0 1 0 1 1 1 1 1 1 1 0 0 1 1 0 27 1 1 0 1 1
1 1 1 1 1 0 0 0 0 1 0 1 0 1 1 0 1 0 1 1 0 0 1 1 0 1 0 1 1 0 0 1 0 0 0 1 1 1 1 0 1 0 0 1 1 11 0 1 1 1
1 1 1 1 1 1 1 1 0 0 0 0 1 1 1 0 1 0 1 1 1 1 1 1 1 1 0 0 1 1 0 1 0 1 1 0 0 1 1 0 1 0 0 0 0 1 95 1 0 1
0 1 1 1 1 0 0 0 1 0 1 0 1 0 0 1 0 0 1 1 0 1 0 0 0 1 1 1 1 1 0 1 0 1 0 0 1 1 1 0 0 0 1 1 1 0 0 61 1 1
0 0 0 0 1 1 0 0 0 1 0 0 1 1 1 1 1 0 0 1 1 1 0 0 0 1 0 0 1 0 1 1 0 0 1 0 0 1 1 0 1 0 0 0 0 1 1 1 97 1
0 0 1 0 0 0 1 0 0 1 0 0 0 1 1 0 1 1 1 1 0 0 0 1 0 1 0 0 1 1 0 0 0 0 1 1 1 1 1 1 0 0 1 0 1 0 0 1 1 74
