100
77 1 0 0 0 1 1 1 1 0 0 0 1 1 1 1 0 0 0 1 0 1 0 0 1 0 0 1 1 0 0 1 1 0 1 1 0 1 1 0 1 1 1 0 1 1 0 0 0 0 0 0 0 1 1 0 0 1 1 0 1 1 0 1 0 1 0 1 1 0 0 0 1 0 1 1 0 1 0 1 1 1 0 1 1 1 1 0 0 1 0 0 1 0 1 1 0 0 0 1
0 57 1 0 1 0 0 0 1 0 1 1 0 1 1 0 0 1 1 0 0 0 1 1 1 0 1 0 1 1 0 1 0 1 1 0 0 1 1 1 0 1 0 1 0 0 0 1 0 1 1 1 1 0 0 0 0 0 0 1 1 0 1 1 0 0 1 0 0 1 1 1 0 1 1 1 1 1 1 1 1 0 1 1 0 0 1 1 0 1 0 0 1 0 0 0 1 0 1 0
1 1 47 1 1 0 1 1 0 1 0 1 1 1 1 0 0 1 1 1 0 1 0 1 0 0 1 1 1 1 0 0 1 1 1 1 0 0 0 1 0 1 1 0 1 1 0 0 0 1 0 0 0 0 1 0 0 0 1 0 1 0 1 1 0 0 1 0 1 1 0 1 0 0 0 0 0 0 0 1 0 0 0 0 0 1 0 1 0 0 0 1 0 0 1 1 0 0 0 1
0 0 0 82 0 0 0 0 1 0 1 1 1 1 0 1 0 0 1 1 0 0 1 0 0 1 1 1 1 0 1 0 0 0 1 1 1 1 0 0 0 0 1 0 1 0 1 1 0 1 1 0 1 0 0 0 0 1 0 1 1 1 0 0 1 1 1 0 1 1 0 1 1 0 0 1 0 1 0 1 1 0 0 1 0 1 0 0 1 1 0 0 0 0 0 1 0 1 0 0
1 0 0 0 77 1 0 1 0 1 0 0 1 1 1 0 0 1 0 1 1 1 0 1 1 0 0 0 1 0 1 0 1 1 1 0 0 0 0 0 1 1 0 0 0 1 1 0 0 0 0 1 1 0 0 0 1 1 0 1 1 1 1 1 0 0 1 0 1 0 1 0 0 0 1 0 0 1 1 0 0 0 0 1 1 0 0 0 0 0 0 1 1 1 0 0 1 1 0 1
1 0 0 0 1 58 0 0 1 0 0 1 1 1 0 0 0 1 0 0 1 0 0 1 1 0 0 1 0 1 1 0 0 0 1 0 0 0 0 0 1 0 0 0 0 0 0 0 0 0 1 1 0 1 1 0 1 1 0 0 0 1 0 1 1 0 1 1 1 1 1 1 1 0 0 0 0 0 1 0 1 1 1 0 1 0 1 0 0 0 0 0 1 1 1 1 1 0 1 0
0 1 1 0 1 0 41 1 1 1 1 1 0 0 1 1 1 1 1 0 0 1 1 1 0 0 0 0 1 1 1 0 1 1 1 0 1 1 0 0 0 0 0 0 1 0 0 0 1 1 1 1 0 1 0 0 1 0 1 1 1 0 0 0 0 1 0 0 0 0 1 0 1 0 1 0 0 1 1 0 1 1 1 0 1 0 1 0 0 0 1 0 0 1 0 1 0 0 1 1
0 1 0 1 1 0 1 86 0 1 0 1 1 0 0 1 1 1 0 1 0 1 1 1 0 1 0 0 1 0 1 0 1 0 0 1 1 0 0 1 1 1 0 0 0 0 1 0 1 1 0 0 1 0 0 0 0 1 1 1 1 1 1 0 0 1 1 1 0 1 0 1 1 0 1 1 1 1 1 1 1 1 1 0 0 0 1 1 0 1 0 0 1 0 1 1 1 0 1 1
1 1 0 1 1 0 1 0 46 0 1 0 1 0 0 0 1 0 0 0 0 1 0 1 0 0 1 1 1 0 1 0 0 0 0 1 1 1 1 1 0 0 0 0 1 1 0 1 0 1 0 0 0 1 1 1 0 1 1 0 0 1 1 1 0 1 0 0 1 1 0 0 0 1 0 0 0 1 0 1 0 1 0 1 1 1 1 0 0 0 0 1 1 0 1 1 0 1 0 0
1 0 1 1 1 0 1 1 0 45 0 0 0 0 0 1 0 1 1 1 1 0 1 0 1 1 1 0 0 0 0 1 1 1 1 1 0 1 0 1 0 1 1 0 0 0 0 1 0 0 1 0 1 1 0 1 0 0 0 0 1 1 0 1 0 0 1 1 1 1 1 1 0 1 0 0 1 1 0 0 0 1 0 1 0 1 0 1 0 1 1 1 1 1 1 0 0 0 1 1
1 0 0 0 0 0 1 0 1 1 27 0 0 1 0 1 0 1 0 1 0 1 0 1 1 1 1 1 1 1 1 1 1 1 0 1 0 0 0 1 1 1 1 0 1 1 1 1 0 1 1 1 0 0 0 0 0 0 0 0 0 0 1 0 0 0 0 1 0 1 1 0 1 0 1 0 1 1 1 0 0 1 1 0 0 0 1 0 1 1 1 1 1 0 0 0 1 0 1 0
1 1 1 1 1 0 0 0 1 1 0 61 1 0 0 0 1 0 1 1 0 1 1 0 1 1 0 1 1 1 0 0 1 1 0 1 0 1 1 0 0 1 0 1 1 0 0 1 1 1 1 0 1 0 1 0 0 1 1 0 0 0 1 0 1 0 1 1 0 1 1 1 0 0 0 0 0 0 0 1 1 1 1 0 0 0 1 1 1 0 1 1 1 0 0 1 1 1 0 0
1 1 1 0 1 0 1 0 0 0 1 1 10 0 0 0 1 1 0 0 0 0 0 1 1 1 1 0 0 0 1 0 1 1 1 0 1 0 1 0 0 1 1 1 0 1 0 0 0 1 1 1 1 0 0 0 0 1 0 0 0 1 1 0 1 0 0 0 0 0 0 0 0 0 1 0 0 1 0 0 1 1 0 1 1 0 0 1 1 0 1 1 0 1 1 0 1 1 0 1
0 0 1 1 0 0 1 0 0 0 0 0 1 66 1 1 0 1 1 0 0 1 1 0 1 1 0 0 1 0 1 1 0 1 0 0 1 0 0 1 0 0 1 0 0 1 1 1 1 1 0 0 0 1 1 1 1 1 0 0 1 1 1 1 1 1 1 1 0 1 0 1 1 0 0 1 1 0 1 1 0 0 1 1 0 1 0 0 0 1 0 1 0 0 1 1 0 1 1 0
1 0 0 0 1 0 0 0 1 0 1 0 0 1 33 0 1 0 1 0 1 0 0 1 0 1 1 1 1 0 1 1 1 0 1 1 0 1 1 0 0 0 1 1 1 0 0 0 0 0 1 0 0 0 0 1 0 0 1 0 1 1 1 0 0 0 0 0 1 1 1 1 1 0 0 1 0 1 0 0 0 1 0 1 0 0 0 1 1 0 0 1 1 0 1 0 1 0 1 0
0 0 0 1 0 0 0 0 0 1 0 1 1 1 0 17 1 0 1 0 1 1 1 1 0 0 1 0 1 1 1 1 1 1 0 1 1 0 0 1 0 0 1 0 0 0 0 0 0 0 1 0 1 0 1 1 0 0 1 1 0 0 0 1 0 0 0 0 1 0 1 1 0 0 0 0 1 0 1 0 0 1 0 0 0 1 1 1 1 1 0 1 1 1 0 1 0 0 1 1
0 0 0 1 1 1 0 0 0 0 0 0 0 0 1 1 63 0 0 0 0 0 0 1 1 1 1 1 1 1 1 0 1 0 1 1 1 0 0 0 1 1 0 1 1 1 1 0 0 0 0 0 1 1 0 1 0 0 1 1 1 1 0 0 1 0 0 1 1 1 1 0 0 1 1 1 1 0 0 1 0 0 1 0 1 0 1 1 0 1 0 0 1 1 1 0 0 1 0 1
1 1 1 1 0 1 0 0 1 0 1 1 0 1 1 1 1 52 1 1 1 1 1 0 1 0 1 0 1 1 0 1 1 0 1 0 0 1 0 0 0 1 1 0 0 0 0 1 0 1 1 0 1 0 0 1 0 1 0 1 0 1 0 1 0 0 0 1 0 1 0 1 1 0 1 1 1 0 1 0 1 0 1 1 0 1 0 0 1 0 1 0 1 1 0 1 1 1 0 0
1 1 1 0 0 1 0 1 1 0 1 0 1 0 0 0 0 1 50 1 1 1 1 1 0 1 0 1 1 1 0 0 1 0 0 0 0 0 1 1 0 1 1 0 0 1 1 0 1 1 0 1 0 1 1 1 0 1 1 1 0 1 1 1 1 0 0 1 1 0 1 1 1 1 0 0 1 1 1 1 0 0 0 0 0 1 0 1 1 0 1 1 0 0 1 1 0 0 1 1
1 1 0 1 1 1 1 1 0 0 1 0 0 1 0 1 1 0 0 41 1 0 0 0 0 1 0 0 0 1 1 0 1 0 1 1 1 1 0 0 1 1 0 1 0 0 0 1 1 1 1 1 0 1 1 1 1 1 1 1 0 1 1 0 0 1 1 0 0 0 1 0 0 0 0 1 1 0 1 1 1 0 1 0 0 0 0 0 0 1 0 1 0 0 0 0 1 0 0 1
1 0 0 0 1 0 1 1 1 0 1 1 1 0 1 1 0 1 0 1 43 0 0 1 0 1 0 1 0 1 0 1 1 0 0 1 0 1 0 0 1 0 1 1 1 0 1 1 0 0 1 1 0 0 1 0 1 1 0 0 1 0 0 0 0 0 0 0 0 1 0 0 0 0 1 1 0 1 0 0 1 0 0 1 1 0 1 0 0 0 1 0 1 0 0 0 1 1 0 1
1 1 0 1 0 1 0 0 1 1 1 0 1 0 1 1 0 1 1 1 0 33 0 1 1 1 1 1 1 0 1 0 0 1 0 1 0 0 0 1 0 1 0 1 0 0 1 0 1 0 0 1 1 1 1 1 0 0 1 1 0 0 0 1 1 0 0 1 0 1 1 1 1 1 1 0 1 0 1 1 1 1 1 0 0 0 0 1 1 0 0 1 0 1 0 0 0 1 0 1
1 0 0 0 1 0 0 0 1 1 0 1 1 0 0 0 0 1 1 1 0 1 68 1 0 1 1 1 1 0 1 1 0 1 1 0 1 1 0 1 1 0 1 0 1 1 0 0 0 0 1 0 0 0 0 0 0 1 1 1 1 1 1 0 1 0 1 0 1 0 0 0 0 1 1 1 0 1 0 0 1 1 1 0 0 0 0 0 0 0 0 1 0 1 1 0 0 1 1 0
1 1 1 0 0 0 0 1 0 1 0 1 0 1 0 0 0 0 0 0 1 0 1 11 0 0 1 1 1 1 0 1 0 1 1 0 0 0 1 0 0 0 0 1 0 0 1 1 0 1 0 0 0 0 0 0 1 1 1 1 1 0 0 0 1 1 1 0 0 0 0 1 1 0 1 0 1 0 0 1 1 1 0 0 0 0 1 1 0 0 1 1 0 1 1 1 1 1 0 0
0 0 0 0 1 0 0 1 0 0 0 1 1 1 0 0 0 1 0 0 1 0 0 0 87 0 0 0 1 1 1 1 0 1 1 1 1 1 0 0 1 0 1 0 0 0 1 1 0 1 0 1 1 1 1 0 0 0 1 1 1 0 0 0 1 0 1 0 1 0 1 0 0 0 0 0 1 0 0 1 0 0 0 0 0 1 1 1 1 1 1 1 1 1 1 1 1 1 1 1
1 1 1 0 1 0 0 0 1 1 1 1 0 1 1 0 1 0 0 1 0 1 1 0 1 66 0 1 0 1 0 0 1 0 0 1 1 0 0 1 1 0 1 1 0 1 1 1 0 1 0 1 1 1 0 1 1 1 0 0 1 1 1 0 1 0 1 0 1 0 1 1 1 0 1 0 1 1 1 1 1 1 0 0 1 0 1 1 1 0 1 0 1 1 0 0 1 0 0 0
0 0 0 1 1 1 1 0 0 0 1 0 0 0 1 1 1 1 1 1 0 0 0 0 0 0 35 1 0 0 1 0 1 1 1 0 0 1 0 0 0 0 0 0 0 1 1 0 0 0 0 0 1 0 0 0 0 0 0 0 1 0 1 1 0 1 0 0 0 0 0 0 0 0 0 1 1 0 0 1 0 0 1 0 1 0 1 0 1 0 0 1 1 1 1 0 0 0 0 1
1 0 1 1 0 0 1 1 1 1 1 1 0 0 0 1 0 0 1 0 1 0 0 1 0 0 1 3 0 0 0 0 0 1 1 0 1 1 0 0 0 0 1 0 1 0 0 1 0 1 0 1 1 0 0 0 1 1 1 0 1 1 1 0 1 1 1 0 0 1 1 1 1 0 0 0 0 0 0 0 1 1 1 1 0 1 1 1 0 1 1 1 1 1 1 0 0 0 1 0
1 0 1 1 0 1 1 1 0 0 1 0 0 0 0 0 0 1 0 1 1 1 1 0 1 1 0 0 26 0 0 1 0 0 0 1 0 0 1 0 0 1 0 1 1 1 0 0 0 1 0 1 1 0 0 0 1 0 0 1 0 0 0 1 0 0 1 0 1 0 0 0 1 1 1 1 0 1 0 0 1 1 0 1 1 1 0 1 1 0 0 0 0 0 1 0 1 0 1 1
1 1 1 0 1 0 1 0 1 0 0 0 0 1 0 0 0 1 0 0 1 1 0 1 1 0 1 1 1 4 1 1 0 0 1 1 0 0 0 1 1 1 1 0 0 0 1 1 1 1 0 1 1 0 1 0 1 0 1 1 0 0 1 1 0 1 0 0 1 0 1 1 0 1 1 1 0 0 1 0 0 0 1 1 0 0 1 0 1 0 0 0 0 0 0 0 0 0 1 0
1 0 0 1 1 1 1 0 1 1 0 0 0 1 1 0 0 0 1 1 0 0 1 0 0 0 0 1 0 0 24 0 1 0 0 1 1 0 1 0 1 1 1 0 0 0 1 0 1 1 1 1 1 0 1 1 0 1 0 1 0 1 0 0 1 0 1 1 0 0 0 0 0 0 1 1 1 0 1 1 1 1 1 0 1 0 0 0 0 0 0 1 0 1 1 1 0 0 0 0
0 0 1 0 0 1 1 0 1 0 1 0 0 0 1 0 0 1 1 0 1 0 1 1 0 0 0 0 1 1 0 22 1 1 0 1 1 0 1 0 0 0 1 0 0 1 1 1 0 1 1 0 0 1 0 0 1 0 0 1 0 0 1 0 1 0 0 1 0 1 1 1 0 1 1 0 0 0 0 0 0 1 0 1 1 1 0 1 1 0 0 0 1 0 1 1 0 1 0 0
0 0 0 0 1 1 1 1 1 1 1 0 1 0 0 0 1 0 1 1 0 0 0 1 0 0 0 1 0 1 0 0 84 1 1 1 1 0 1 1 1 1 0 0 0 0 0 0 1 1 0 1 0 1 0 0 0 1 0 0 1 0 1 0 1 0 1 1 0 0 0 1 1 0 1 1 1 0 1 0 0 0 1 0 0 0 1 0 0 1 0 0 1 1 1 1 0 0 1 1
0 1 0 1 0 0 1 0 0 0 0 0 1 0 1 1 1 1 1 1 0 1 1 0 1 1 1 0 1 1 1 1 1 39 1 1 0 0 0 1 1 1 0 1 1 1 1 0 1 0 0 0 1 1 0 1 1 1 0 0 1 1 0 1 1 1 1 1 0 1 1 1 1 1 0 0 1 1 0 1 1 1 1 0 0 1 1 0 1 0 1 0 1 0 1 0 1 0 0 0
1 1 0 1 1 1 1 0 0 0 0 1 1 1 0 0 0 1 0 0 1 0 1 0 1 0 0 0 1 1 0 0 1 1 95 1 0 0 1 1 1 0 1 1 1 0 0 1 0 1 1 1 1 0 1 1 0 0 0 0 0 0 1 0 1 1 1 1 0 0 0 1 0 0 1 0 0 0 1 1 1 1 1 1 1 1 1 1 0 1 1 0 1 0 0 1 1 0 0 0
0 1 0 0 1 0 0 1 1 1 1 1 1 1 1 0 0 0 0 0 0 0 1 0 1 1 1 1 0 1 0 0 0 1 1 37 0 1 1 0 1 1 1 1 0 1 1 0 0 1 1 1 0 1 1 1 0 0 0 1 0 1 0 1 0 0 1 0 1 1 1 0 0 0 1 1 1 0 1 0 1 1 1 1 1 1 1 1 1 1 1 0 1 0 1 0 1 1 1 0
0 1 1 1 0 0 0 1 1 1 1 1 0 0 0 1 1 1 1 0 0 0 0 0 1 1 1 0 0 0 0 0 0 0 1 1 7 0 1 1 1 0 1 1 1 0 1 1 0 1 1 1 0 1 1 1 0 0 1 0 0 1 1 1 1 1 0 0 1 1 0 1 0 1 1 0 0 0 1 0 0 1 0 0 0 1 0 0 1 0 0 1 1 0 0 1 1 1 0 1
1 1 0 1 1 1 1 0 1 0 0 1 1 0 0 1 1 0 0 0 0 0 0 0 0 1 1 0 0 1 0 0 0 1 1 0 0 17 0 1 1 1 0 0 0 0 1 1 0 0 0 1 0 0 0 1 1 1 1 0 0 1 0 0 0 0 1 1 0 1 0 1 0 1 0 0 0 1 1 1 1 0 1 0 1 0 1 0 1 0 0 0 0 0 0 1 1 0 1 0
0 0 0 1 0 0 1 0 0 0 1 1 1 1 0 0 1 0 1 0 1 0 0 1 0 1 0 0 1 1 0 1 1 0 0 1 0 1 89 1 1 0 0 1 1 0 0 0 0 1 1 1 1 1 0 0 0 1 0 1 1 0 0 1 0 1 0 1 0 0 0 0 0 0 0 0 0 1 1 1 0 0 1 1 0 1 0 1 0 0 1 0 0 1 1 0 0 1 0 1
0 1 1 1 1 0 0 0 1 1 1 0 1 0 1 1 0 1 0 1 1 1 0 1 1 0 0 1 0 0 1 0 1 0 1 1 1 1 0 54 1 0 0 0 0 1 0 1 1 0 0 0 1 0 0 1 1 0 0 1 1 0 1 0 0 1 0 1 1 1 0 0 0 0 0 0 0 1 1 0 0 1 0 1 1 0 0 0 0 0 0 1 1 1 0 1 0 1 0 0
0 0 0 1 0 0 1 1 1 1 0 0 1 1 1 0 0 1 0 0 1 1 1 0 1 0 0 1 1 1 0 1 1 0 1 0 1 0 0 1 16 1 0 1 0 0 0 1 1 1 0 1 1 1 1 0 1 0 0 1 0 0 1 1 1 0 1 1 0 1 0 1 0 1 0 0 1 0 0 0 1 0 1 1 0 0 1 1 0 0 1 1 0 0 1 1 1 0 0 0
1 1 1 1 0 0 0 1 1 1 0 1 1 1 0 0 0 0 1 1 1 0 0 0 1 1 0 1 1 1 0 1 1 1 1 0 1 0 1 1 0 76 1 1 1 1 1 1 1 1 1 0 1 1 1 1 1 1 1 0 0 0 0 1 1 1 0 0 0 1 1 1 0 0 1 0 0 1 1 0 1 1 0 0 1 1 1 1 1 1 1 1 1 0 0 1 0 1 0 0
1 1 0 1 0 1 0 0 1 1 0 1 1 0 1 0 0 0 1 0 1 1 1 1 1 0 0 0 1 0 0 0 0 1 1 0 0 1 0 1 0 0 76 0 0 0 1 0 1 0 1 0 0 0 0 1 0 1 0 0 1 0 0 0 1 1 0 1 0 0 1 1 0 0 0 0 1 1 0 0 1 1 0 0 1 0 1 0 0 1 0 1 1 0 1 1 0 1 1 0
1 0 1 1 0 0 1 1 0 1 0 1 1 0 0 0 1 0 1 0 0 1 1 1 1 1 1 0 1 0 1 0 0 1 1 1 0 1 1 0 0 0 0 92 0 1 0 0 0 0 1 0 1 0 1 1 0 0 0 0 0 1 1 0 0 1 0 0 0 0 1 0 0 0 1 1 1 1 1 0 1 1 1 0 0 0 1 0 1 0 1 0 0 1 1 0 0 0 0 0
1 0 0 0 1 0 0 0 1 1 0 0 1 1 0 1 1 1 0 0 1 0 1 0 0 0 1 0 1 1 1 1 0 1 1 0 0 0 1 1 1 0 1 0 91 1 1 0 0 1 1 0 1 1 1 0 1 0 1 0 1 1 1 0 1 0 1 0 1 0 1 0 0 0 0 1 0 0 1 0 1 1 1 1 1 1 1 1 0 1 0 1 1 0 0 0 1 1 1 0
1 1 1 0 1 1 1 1 1 0 0 1 0 0 1 0 1 0 0 0 0 0 0 0 1 0 1 0 0 1 0 0 0 0 1 0 1 0 1 1 0 1 0 1 1 44 1 0 0 1 0 0 1 1 0 0 1 1 1 1 1 1 0 0 1 1 0 0 1 0 0 0 1 0 0 0 1 0 0 0 1 0 1 0 1 0 1 0 1 1 0 0 1 1 1 0 0 0 1 0
1 0 1 0 1 1 1 1 0 1 1 0 0 0 0 0 0 0 1 0 1 0 0 0 0 1 0 1 1 1 1 1 0 0 1 0 1 0 0 0 1 0 1 1 0 1 75 0 0 0 1 1 1 0 0 0 0 1 0 0 1 0 0 0 1 0 0 0 1 1 1 1 0 1 1 1 0 1 1 1 0 1 1 0 0 1 0 0 1 0 0 1 0 1 0 1 1 0 1 1
0 0 0 1 0 1 0 1 0 0 1 0 0 1 1 1 1 1 0 1 1 1 0 0 1 1 0 0 0 1 1 0 1 0 0 1 1 1 0 0 1 0 0 1 1 1 0 33 1 1 0 0 0 1 1 0 1 1 0 1 1 0 1 1 1 1 1 1 1 1 1 0 0 0 1 1 0 0 0 0 1 0 1 0 1 1 1 0 1 1 1 0 1 1 0 0 1 0 1 0
1 1 0 1 1 0 1 1 0 1 1 1 0 0 1 0 0 1 1 1 0 1 0 1 0 1 1 0 1 0 1 0 0 0 1 1 0 1 1 0 1 1 0 1 1 0 1 0 33 0 1 0 1 1 1 1 1 1 0 0 1 1 0 0 0 0 1 0 0 0 1 1 0 0 0 0 1 0 1 0 1 0 0 0 0 0 0 1 0 1 1 1 0 1 0 0 1 1 0 1
1 0 0 0 1 1 0 0 0 1 0 1 0 0 1 0 0 0 1 1 1 1 1 0 1 0 0 0 1 0 0 0 0 1 0 0 0 1 1 0 1 0 0 1 1 1 1 0 1 63 1 0 0 0 0 1 0 0 0 0 1 1 1 1 1 1 1 1 0 1 0 0 1 0 0 0 0 0 0 0 1 1 0 0 1 0 1 1 1 0 1 0 1 1 0 1 0 0 1 0
0 0 0 0 0 0 1 0 1 1 0 0 1 0 0 1 1 0 0 1 1 1 0 1 1 0 0 0 1 1 0 1 1 0 1 0 1 0 1 1 1 0 0 0 1 1 1 0 0 0 95 0 1 1 1 1 1 0 0 1 1 1 0 0 1 0 1 1 1 0 1 0 1 1 1 1 0 0 0 1 1 0 0 0 0 0 0 1 1 0 0 1 1 0 1 0 1 0 1 1
0 1 1 1 1 0 0 0 0 0 1 0 0 0 1 0 1 0 0 1 0 1 0 1 1 1 1 0 0 1 0 0 0 0 1 0 0 0 1 1 1 0 1 0 1 1 1 1 0 0 0 12 1 1 0 0 1 1 0 1 1 1 1 0 0 0 1 1 1 0 1 1 0 0 0 1 1 0 0 0 1 0 0 1 0 0 0 0 0 1 1 1 1 0 1 1 1 1 1 1
1 0 1 1 1 0 0 0 1 1 1 0 0 0 0 1 0 0 1 1 1 0 1 0 1 1 0 0 1 1 0 1 1 0 0 0 0 0 0 1 1 1 0 0 0 1 1 1 0 1 1 1 69 0 1 1 0 1 0 0 0 1 0 1 1 0 1 1 1 0 1 1 0 0 1 0 0 1 1 0 1 1 1 1 1 0 0 1 1 1 0 0 0 0 1 0 0 1 1 0
1 1 0 0 0 0 0 0 1 1 1 1 1 1 1 1 0 0 1 0 1 1 1 0 1 0 0 0 1 0 1 0 0 0 1 0 0 0 1 0 0 0 1 0 1 0 0 0 0 0 1 1 1 89 0 1 0 0 0 1 0 0 0 0 1 0 0 0 1 0 1 0 0 1 1 0 0 1 0 0 0 0 1 1 1 0 1 0 1 1 1 0 0 0 1 1 1 0 1 1
0 0 1 1 0 1 0 0 1 1 0 1 1 1 0 0 1 1 0 1 0 1 1 1 1 0 0 1 0 1 1 0 0 0 0 0 0 0 0 0 1 1 0 1 0 1 0 1 0 0 0 1 0 0 73 1 1 1 1 1 1 0 1 0 1 1 0 0 1 0 1 1 0 0 1 0 0 0 1 1 1 0 1 0 0 0 1 0 1 1 0 0 1 1 0 0 0 1 1 1
0 0 0 0 1 0 1 1 1 1 0 1 0 1 0 0 1 0 0 0 0 0 0 1 1 0 0 0 0 0 1 0 1 0 1 0 0 0 1 1 1 0 1 0 0 0 0 0 0 0 1 1 0 1 0 90 0 0 0 0 0 0 1 1 1 1 1 1 1 1 1 0 0 0 0 1 1 0 0 1 1 1 1 0 0 0 1 0 1 0 1 0 1 0 1 0 0 1 0 0
0 0 1 1 0 1 1 1 0 0 1 1 0 0 0 1 0 0 0 1 1 0 0 0 0 1 0 1 1 0 0 1 0 0 0 1 1 1 0 1 1 1 1 0 1 1 0 1 1 0 0 0 0 0 0 0 69 0 0 1 0 1 0 0 0 1 0 1 0 1 1 0 0 0 1 1 0 0 1 0 1 1 0 0 0 0 0 0 1 1 1 0 0 0 0 1 0 0 1 0
0 1 0 0 1 1 0 1 0 0 0 0 0 1 0 0 1 1 0 0 0 0 1 1 0 0 0 1 0 1 0 1 0 1 1 1 1 1 1 1 0 0 1 1 0 1 1 1 0 0 1 1 1 0 0 0 0 11 0 1 0 1 1 0 0 0 1 1 1 0 0 1 0 0 0 0 0 0 1 1 1 1 0 0 0 1 1 1 1 0 1 1 1 0 1 0 0 0 0 0
1 1 0 1 1 0 1 1 0 0 1 0 0 1 1 1 0 0 0 1 0 0 0 1 1 0 0 0 1 0 0 0 0 1 1 0 0 0 0 0 0 1 0 1 0 1 1 0 0 0 0 1 1 0 1 0 1 1 2 1 1 1 0 0 1 1 1 1 1 0 1 0 0 0 0 0 1 0 1 0 1 1 1 1 0 0 0 1 1 1 1 1 1 1 0 1 0 1 0 1
0 1 1 1 1 1 0 1 0 1 1 1 0 0 1 1 0 1 1 1 0 1 0 0 1 0 0 1 0 0 0 0 1 1 1 0 1 1 0 1 1 0 1 1 1 0 1 1 1 0 1 1 1 0 1 0 1 0 1 50 1 0 0 1 1 1 0 1 0 1 1 0 1 0 1 0 0 1 0 0 0 0 0 0 1 0 0 1 1 0 0 0 1 1 0 1 1 1 0 1
1 1 0 1 1 1 1 0 0 0 0 1 1 1 1 1 1 1 0 0 1 1 1 1 1 1 0 1 0 1 1 1 0 1 1 1 1 0 1 0 0 1 0 0 0 0 0 1 1 1 0 0 0 0 1 1 1 1 1 1 98 1 0 1 1 0 0 0 1 0 1 1 0 0 1 1 0 1 1 0 1 1 0 1 0 1 1 0 0 0 1 1 1 1 0 0 1 0 0 1
0 0 0 0 0 0 0 1 0 1 1 0 1 1 0 1 0 0 1 1 0 0 0 0 0 0 1 1 0 0 1 1 1 1 1 0 0 0 0 1 1 1 0 1 1 0 1 1 0 0 1 0 1 0 1 0 1 1 1 0 0 43 0 1 0 1 0 0 1 1 1 0 1 0 1 0 1 1 1 0 1 1 1 1 0 1 1 1 0 0 0 0 1 0 1 0 0 1 1 0
1 1 1 1 0 0 1 1 1 0 0 0 0 1 0 1 1 0 0 1 1 1 0 0 1 1 1 0 1 1 1 1 1 1 0 1 1 0 0 0 0 1 1 0 0 1 0 0 1 0 0 0 0 1 0 0 1 0 1 0 1 1 80 0 0 1 1 1 1 1 1 0 1 1 1 0 1 1 0 0 0 1 1 1 1 0 0 0 0 1 0 1 0 0 0 0 0 0 0 0
1 1 1 0 0 1 1 1 0 1 1 1 0 0 1 1 1 0 1 0 1 0 1 0 1 1 0 0 0 0 0 0 1 1 0 1 0 1 1 1 0 0 1 0 0 1 1 1 1 1 1 1 0 0 0 0 0 1 1 0 0 1 1 82 0 0 0 1 1 1 1 0 0 1 1 0 0 1 1 0 1 0 1 0 1 0 1 0 0 0 1 0 0 0 0 1 1 1 1 1
0 1 1 1 0 1 0 1 0 0 1 1 0 1 0 0 0 0 0 0 0 0 1 1 1 1 0 0 1 0 0 0 0 1 0 1 0 0 1 1 1 1 0 0 0 1 0 0 0 0 0 0 1 0 1 1 0 1 1 1 0 0 1 1 26 0 0 1 1 0 1 0 1 1 0 1 0 1 0 0 0 1 0 1 0 0 0 0 1 0 0 0 1 1 0 0 1 0 0 1
0 0 0 0 0 0 0 1 0 0 0 1 0 1 1 1 0 1 0 0 0 0 0 0 0 1 0 0 1 1 0 0 0 1 1 0 0 0 1 0 0 0 1 1 0 0 1 0 0 1 0 0 0 1 1 0 1 1 1 1 0 0 1 0 1 55 0 1 0 0 1 0 1 1 0 1 1 1 1 0 0 0 1 0 0 0 1 1 0 1 1 0 0 1 0 0 0 1 0 0
1 1 0 1 1 1 1 1 1 0 1 0 0 0 0 0 0 0 0 0 1 1 0 0 0 1 0 0 0 1 1 1 1 1 0 1 1 0 1 1 1 0 0 0 1 1 1 1 1 1 0 0 1 1 1 1 1 1 0 0 0 0 0 0 1 1 59 1 0 0 1 0 0 0 1 1 1 0 0 0 0 0 1 1 0 0 1 0 0 1 0 1 1 0 0 1 1 0 0 0
1 1 1 0 0 1 0 0 1 0 1 1 0 1 0 1 1 1 0 1 0 1 0 1 1 0 1 0 1 0 0 0 1 1 0 1 1 0 1 0 1 1 1 0 0 0 0 1 1 0 0 0 0 0 1 0 1 0 0 1 0 0 1 0 0 0 1 87 1 1 1 0 0 1 1 0 1 1 0 1 0 0 0 1 0 1 0 1 1 0 1 1 1 0 1 0 0 0 1 0
0 1 0 1 1 0 1 1 0 1 1 1 1 1 0 0 0 0 0 1 1 0 1 1 0 0 1 1 1 1 1 0 1 0 0 1 0 1 0 1 1 0 0 0 0 0 0 1 0 1 1 0 1 1 0 1 0 1 1 0 0 0 0 0 0 0 0 1 27 0 0 1 1 1 0 0 1 0 0 0 1 1 1 1 1 0 0 1 1 0 0 0 1 0 0 0 1 1 1 0
1 0 0 0 0 1 1 0 1 1 0 0 0 0 0 1 0 1 0 0 0 0 1 0 0 1 1 1 0 0 0 1 1 1 0 0 0 0 1 0 0 1 1 0 0 1 0 1 1 0 1 1 0 1 0 1 1 1 0 1 1 0 1 1 1 1 0 0 0 11 1 0 0 0 1 0 1 0 0 1 0 1 1 1 1 1 1 1 1 0 0 0 1 1 1 1 1 1 0 1
0 0 1 1 1 0 0 0 0 0 0 1 1 0 1 1 1 1 1 1 1 0 0 1 0 1 1 0 0 0 1 1 0 0 0 0 1 1 1 0 1 0 1 1 0 0 1 0 0 1 1 0 1 1 1 1 1 0 1 1 1 0 0 0 0 1 0 0 1 0 33 0 0 1 1 0 1 1 0 0 1 1 1 0 0 0 0 1 1 0 1 0 1 1 1 1 1 0 1 1
0 0 1 0 0 1 1 1 0 1 1 0 0 0 1 0 0 0 1 0 0 1 0 0 0 0 0 1 1 1 1 1 1 1 0 1 1 0 0 1 1 0 0 0 1 1 0 1 0 1 1 1 1 1 0 1 0 1 1 0 1 1 0 1 1 0 0 1 0 0 0 81 0 1 1 0 0 0 1 1 0 0 0 1 1 1 0 0 0 0 0 1 1 1 1 1 0 0 0 1
0 0 0 0 1 1 0 1 0 1 0 0 0 0 1 0 0 1 0 0 1 1 1 0 1 0 0 0 0 0 1 0 1 1 1 0 1 0 1 1 1 1 1 0 0 0 1 0 1 0 1 1 1 1 0 1 1 0 0 0 1 0 1 1 0 1 0 1 1 1 1 1 61 0 0 0 1 1 0 1 0 1 0 1 1 1 1 0 1 1 1 0 1 0 1 0 1 1 1 1
1 0 0 1 0 0 1 1 0 1 1 0 1 1 0 0 1 1 1 0 1 0 0 0 1 1 0 0 1 0 1 0 0 0 1 0 0 1 1 1 1 1 1 0 1 1 1 0 0 1 0 0 1 0 1 1 1 0 1 1 0 1 1 1 0 0 0 0 0 0 0 1 1 85 1 1 1 1 0 1 0 0 0 0 0 1 1 1 1 0 0 0 1 0 1 1 1 1 1 0
1 0 1 0 1 1 0 1 1 1 0 0 1 0 1 0 0 1 1 1 0 1 0 1 0 0 1 1 1 0 1 0 0 1 0 0 1 1 0 1 1 0 0 0 1 1 0 0 1 1 0 0 0 1 1 1 1 0 0 1 0 1 0 1 1 1 0 0 0 1 0 1 1 0 64 1 0 0 0 0 1 1 1 1 1 1 1 1 1 0 1 0 1 1 1 0 1 0 1 1
1 1 0 0 0 1 0 0 0 0 0 0 1 1 1 1 0 0 1 0 1 1 0 0 1 0 0 0 0 0 0 0 0 1 0 1 1 0 1 1 0 0 1 1 1 0 0 1 1 0 1 1 0 0 0 1 0 0 1 0 1 1 1 0 1 1 1 1 1 1 1 0 0 0 1 20 0 1 1 1 1 1 0 0 0 0 0 0 1 1 1 1 1 1 1 1 1 0 0 0
1 1 1 0 0 1 0 0 1 0 0 0 1 1 1 1 0 1 0 1 0 0 0 1 1 1 1 0 0 1 0 1 0 1 0 0 0 1 0 0 1 1 0 1 0 0 1 0 1 0 0 0 0 1 0 1 0 1 1 0 1 0 0 1 1 0 0 1 0 0 1 1 1 1 0 0 63 0 0 1 0 1 0 1 0 0 0 0 1 1 0 1 0 0 1 0 1 1 1 1
0 0 1 1 1 0 1 0 0 0 0 0 0 0 1 0 1 1 1 1 0 0 0 1 0 0 0 0 1 1 0 1 0 1 1 0 0 1 0 1 1 1 0 1 1 1 0 0 0 0 0 1 0 1 0 1 1 0 1 0 1 1 1 0 0 0 1 0 1 0 0 0 0 1 0 1 1 21 0 0 1 0 1 0 0 0 1 0 0 0 1 1 0 0 1 0 0 1 0 1
0 1 0 1 0 1 1 0 1 0 1 1 0 0 0 0 1 0 1 0 1 0 1 0 0 0 0 1 1 1 1 1 1 0 1 1 1 0 0 1 0 0 1 0 0 1 1 1 1 0 0 0 1 1 1 0 0 1 0 1 1 1 0 0 0 1 0 0 0 0 0 0 0 0 0 1 1 0 76 1 1 0 1 1 0 0 1 1 1 0 0 0 1 0 1 0 0 0 1 0
1 1 0 1 1 0 1 0 0 1 0 0 1 1 0 0 1 0 0 1 0 1 0 0 0 0 0 1 0 1 1 1 0 0 0 1 1 0 0 0 0 1 0 0 1 1 1 1 1 1 0 0 0 1 1 0 0 1 1 1 1 1 0 1 1 0 1 0 1 1 1 0 0 0 0 1 1 0 1 18 0 0 0 1 1 0 1 1 0 1 0 1 0 0 0 0 0 0 1 1
1 0 0 0 0 0 1 0 0 1 1 0 1 1 0 1 1 1 1 0 1 1 1 1 1 0 0 1 1 0 1 0 0 0 0 1 1 0 0 1 1 1 1 1 1 1 0 0 1 0 1 0 0 0 1 1 0 1 0 0 0 0 0 0 0 1 1 1 1 0 1 1 1 0 1 0 0 1 1 0 61 0 0 0 0 0 0 0 0 0 0 1 1 0 1 0 1 1 0 1
1 1 1 1 1 1 0 1 0 1 1 1 0 1 0 0 0 1 1 0 1 0 0 1 0 1 0 1 1 1 0 1 1 1 0 1 0 0 0 0 1 0 0 1 1 1 1 1 1 1 1 0 0 1 1 1 0 1 1 1 1 1 1 0 0 0 0 1 0 0 1 1 1 0 0 0 1 0 1 0 0 91 0 1 1 1 0 0 1 1 0 0 1 0 1 0 0 1 0 1
1 1 1 0 1 0 1 1 0 1 0 0 1 1 1 1 1 0 0 0 1 1 0 1 0 1 0 1 0 0 0 1 0 0 1 1 0 1 1 0 0 0 1 1 0 1 0 0 0 1 1 0 0 1 1 1 0 0 0 1 1 0 1 0 0 0 1 0 0 1 0 1 1 0 1 1 1 0 0 1 0 1 89 0 1 1 1 0 1 1 0 0 1 0 1 1 1 0 0 1
0 1 0 1 1 1 1 0 0 0 1 1 1 1 0 1 1 0 0 0 0 0 0 0 0 1 0 1 0 1 1 0 0 0 1 1 1 0 1 0 0 0 1 1 1 0 1 0 0 0 0 1 0 1 1 1 0 0 0 0 1 0 1 1 0 0 0 0 1 0 1 1 0 0 1 1 0 0 1 1 1 1 1 62 0 1 0 0 0 0 1 1 1 0 1 1 1 0 1 0
1 1 0 0 0 0 1 0 1 1 1 0 1 0 1 0 1 1 1 1 0 1 0 0 1 1 0 0 1 0 1 1 1 0 0 1 0 0 1 1 0 0 1 1 0 0 0 0 1 0 0 1 0 1 0 0 0 1 1 0 0 1 1 0 1 0 0 1 1 1 1 1 0 0 1 1 0 1 1 0 1 0 0 0 11 1 1 1 0 1 0 1 1 1 0 1 1 1 1 0
0 0 1 0 0 1 1 1 1 0 0 1 0 1 1 1 1 1 1 0 0 1 0 0 1 1 1 1 1 1 0 0 1 0 1 1 1 1 1 1 0 1 0 0 1 0 0 1 1 1 0 0 0 1 0 1 0 0 0 1 1 0 0 1 0 0 0 0 0 1 1 0 0 0 0 0 0 1 0 1 0 0 1 1 0 24 1 1 0 1 0 1 1 1 0 0 0 1 1 1
1 0 0 0 0 0 0 1 1 1 1 0 1 0 1 0 0 0 0 0 0 1 1 0 1 0 1 0 0 1 0 0 0 1 0 0 0 1 0 0 1 1 0 1 1 0 0 0 0 1 1 0 1 0 1 0 1 0 1 0 0 1 1 0 0 0 1 0 1 1 0 0 1 1 1 0 0 1 0 1 1 0 1 1 1 1 20 1 1 0 0 0 0 1 1 0 1 1 1 0
0 0 1 0 1 1 0 0 1 0 0 1 1 1 1 1 0 0 0 0 1 0 1 1 0 0 1 1 1 0 0 1 0 0 1 0 0 0 1 1 0 0 0 0 1 0 1 0 0 1 1 0 0 0 0 1 1 0 0 0 0 0 0 1 0 1 0 0 0 0 0 1 1 1 1 0 1 1 0 0 1 0 1 0 0 1 0 47 0 0 1 0 1 0 0 0 1 1 1 1
1 0 1 1 1 1 1 0 0 0 1 1 0 0 0 0 0 0 0 0 0 0 1 1 0 1 1 0 1 0 0 1 0 0 0 0 1 0 1 1 1 0 0 1 0 0 0 0 0 0 1 0 0 1 1 1 1 0 0 1 0 0 1 1 1 1 1 0 0 0 0 0 0 0 0 1 1 0 0 1 0 0 0 1 1 1 0 0 19 0 0 0 0 0 0 1 0 0 1 0
0 1 0 1 0 1 1 1 1 0 0 0 1 1 1 0 1 1 1 0 1 1 0 0 1 0 0 0 1 1 0 1 0 0 0 0 0 1 1 1 0 1 0 0 0 0 0 1 1 0 1 0 1 1 0 1 0 1 0 1 0 0 0 0 1 0 1 1 1 0 1 1 1 0 0 0 1 0 0 0 0 0 0 1 0 0 0 1 0 18 0 1 1 0 1 1 0 1 1 1
0 0 1 1 0 0 0 0 0 1 1 1 0 0 1 0 0 1 1 0 0 0 1 1 1 0 1 1 1 1 1 1 0 1 1 1 0 0 1 1 1 1 0 0 0 1 1 1 1 1 0 0 0 1 1 1 1 0 0 1 0 0 0 1 0 0 1 1 1 0 0 1 0 1 1 1 0 1 0 0 0 0 0 0 1 1 0 0 1 1 63 0 1 1 1 1 0 1 0 1
0 0 0 0 0 1 1 0 0 1 0 0 0 0 0 0 1 1 0 1 1 0 0 0 0 1 1 0 0 0 0 0 0 0 1 0 1 0 0 0 0 1 0 1 1 1 0 0 1 1 1 1 0 1 0 1 0 1 0 1 1 1 1 0 0 1 1 0 1 0 1 1 0 1 0 1 0 0 0 1 0 0 0 1 1 0 1 0 0 0 0 82 1 1 0 1 1 1 0 0
0 0 1 1 0 0 1 1 1 1 0 0 1 0 1 0 0 1 1 0 1 0 0 1 1 1 1 0 0 0 0 1 0 1 0 0 1 0 0 0 0 0 0 0 1 1 1 1 0 1 0 1 1 0 1 0 0 1 1 1 0 0 1 0 0 0 1 0 0 1 0 1 0 0 0 1 1 0 1 0 1 0 0 1 1 1 1 1 1 0 0 1 78 0 1 0 0 1 0 1
0 1 1 1 0 1 1 1 1 0 1 1 0 0 1 1 1 0 1 1 0 0 1 0 0 1 0 0 0 1 0 0 1 0 1 0 0 1 1 1 0 1 0 0 1 0 0 0 0 1 1 0 0 1 0 1 1 1 1 0 1 0 1 0 0 0 0 1 1 1 0 1 0 0 1 1 0 0 1 0 0 0 1 1 0 0 0 0 1 1 1 0 1 56 0 0 1 0 0 1
0 0 0 1 1 0 1 1 0 0 0 0 1 0 0 0 0 0 1 0 0 1 1 0 0 0 0 0 0 0 0 0 0 0 1 1 1 0 1 1 1 1 0 0 0 1 0 1 1 1 1 1 0 0 0 0 0 0 0 1 0 0 1 1 1 1 1 0 0 0 1 1 0 0 1 0 0 0 1 1 1 0 0 0 1 0 0 1 1 0 1 0 1 1 49 0 1 0 0 0
1 0 1 1 1 0 0 1 0 1 1 0 0 0 1 0 1 1 0 0 0 1 0 1 0 0 1 1 0 0 1 0 1 0 1 1 1 0 0 0 1 1 0 1 0 0 1 1 1 1 0 0 0 0 0 1 1 1 1 1 1 1 1 0 0 0 0 0 1 1 0 1 0 0 1 0 1 0 1 0 0 0 1 1 0 0 1 0 0 0 0 1 1 0 0 35 1 0 0 1
1 1 1 1 0 0 0 0 1 0 0 1 1 1 1 0 1 1 1 0 0 0 1 0 0 1 1 0 1 0 1 0 1 1 1 1 0 0 1 0 0 0 1 1 1 1 1 0 0 1 0 1 1 1 0 0 0 1 1 1 0 1 1 1 0 1 0 0 0 1 0 0 0 1 0 1 0 0 0 1 1 1 1 1 1 1 1 1 0 1 0 0 0 1 1 0 12 0 1 0
1 0 0 1 1 0 1 0 1 0 1 0 1 1 1 0 0 0 1 1 0 1 0 0 0 0 0 0 1 1 1 0 0 1 1 1 1 0 0 0 1 0 0 1 0 0 0 0 1 1 0 1 0 0 1 1 0 1 0 0 1 1 1 1 0 0 1 1 0 1 0 0 0 0 1 0 1 0 1 0 0 0 0 1 1 1 1 1 1 1 0 0 1 0 1 0 1 84 1 1
1 1 1 0 1 1 1 0 0 0 1 0 1 0 1 1 0 1 0 1 0 1 1 1 1 0 1 0 0 0 0 1 1 0 0 0 1 0 1 1 0 0 1 0 1 1 1 1 0 1 1 1 1 0 1 0 1 0 1 0 1 0 1 0 0 1 1 0 0 0 0 1 1 1 1 1 0 1 0 0 1 0 0 0 1 0 0 0 0 0 0 0 1 0 0 0 1 1 17 1
0 1 0 0 0 1 1 1 0 0 0 1 1 0 0 0 1 1 0 1 0 1 1 1 0 0 1 1 1 0 0 0 1 1 0 1 1 1 0 0 1 0 1 0 1 0 1 1 0 0 1 1 0 0 0 1 1 0 1 0 1 1 1 1 1 0 1 1 1 1 1 1 1 1 1 0 0 1 1 0 0 1 0 0 1 1 1 0 0 0 1 0 1 0 1 0 0 1 1 35