20
66 1 1 0 0 0 0 0 0 0 0 0 0 0 0 1 0 0 0 0
0 48 1 1 0 0 0 0 0 0 0 0 0 0 1 0 0 0 0 0
0 0 55 0 0 0 1 0 0 1 0 0 0 0 1 0 0 0 0 0
0 0 1 1 1 1 0 0 0 0 0 0 0 0 0 0 0 0 0 0
0 0 0 0 53 1 0 0 0 0 0 0 0 0 0 0 1 0 0 0
0 0 1 0 0 67 1 0 0 0 0 0 0 0 0 0 0 0 0 0
0 0 0 0 1 0 37 1 1 0 0 0 0 0 0 0 0 0 0 0
0 0 1 0 0 0 0 27 0 0 1 0 0 0 0 0 0 0 0 0
0 0 0 0 0 0 1 0 29 0 1 0 0 0 0 0 0 0 0 0
1 0 0 0 0 0 0 0 0 96 0 0 0 0 0 0 0 0 0 0
0 0 0 0 0 0 0 0 0 1 65 1 0 0 1 0 0 0 0 0
0 0 0 0 0 0 0 0 0 0 0 48 0 0 0 1 0 0 1 1
1 0 1 0 0 0 0 0 0 0 0 0 30 0 0 0 0 1 1 0
0 0 0 0 0 0 0 0 0 0 0 1 0 76 0 1 0 0 0 0
0 0 0 0 0 0 0 0 0 0 0 0 0 0 34 0 1 0 0 0
1 0 0 0 0 0 0 0 0 0 0 0 0 0 1 30 1 0 0 0
0 0 0 0 1 0 0 0 0 0 0 0 0 1 0 0 13 1 0 0
0 0 0 0 0 0 0 0 0 0 0 0 0 1 0 0 1 85 1 0
0 0 0 0 0 0 0 0 0 0 0 0 0 1 0 0 0 1 9 1
0 0 0 0 0 1 0 0 0 0 0 0 0 0 0 0 0 0 0 26
