25
69 0 1 1 0 0 1 0 1 1 0 1 1 0 1 1 1 0 1 0 1 0 0 1 1
0 76 1 1 0 0 0 0 0 0 1 1 1 0 0 0 1 0 1 1 1 0 1 0 1
0 0 37 0 0 1 1 1 1 1 1 0 1 0 0 0 0 1 1 0 0 0 0 1 1
1 1 1 72 1 1 1 0 0 0 0 1 0 0 0 1 1 0 0 0 1 0 0 1 1
1 1 0 0 55 1 1 0 1 1 1 0 0 0 1 0 0 0 0 1 1 0 1 1 0
1 0 1 0 0 45 0 0 1 1 0 0 0 1 0 1 0 1 1 1 0 0 0 1 1
0 1 0 1 0 1 75 0 1 1 1 0 1 1 0 1 1 1 0 1 0 1 0 1 0
1 0 1 0 1 1 0 84 0 0 1 1 1 1 1 0 1 1 1 1 0 1 0 0 1
0 1 0 1 0 0 1 0 40 1 0 1 1 1 1 0 0 0 1 1 0 1 1 1 0
1 0 1 0 0 0 1 1 0 34 0 0 1 0 0 0 1 0 0 0 0 1 0 1 1
1 1 0 1 1 0 0 0 0 0 99 0 1 1 1 0 0 0 1 1 0 1 1 1 0
1 1 1 1 1 1 1 0 0 0 0 37 1 1 0 1 0 1 0 0 0 1 1 0 0
1 1 0 0 0 0 0 0 1 0 1 1 60 0 1 1 0 0 0 1 0 1 1 1 1
1 0 1 1 1 1 0 0 1 1 0 0 1 33 1 0 0 1 1 0 1 0 0 0 1
1 0 1 1 1 1 0 1 1 1 1 0 0 1 26 0 0 1 0 1 1 1 1 0 1
0 1 0 0 0 1 1 1 1 0 0 1 1 1 1 54 1 0 1 1 0 0 1 0 0
0 0 0 1 0 1 0 1 1 1 0 1 0 1 1 0 86 1 1 0 0 0 0 1 1
0 1 1 1 0 1 1 1 1 0 1 0 1 0 0 0 1 69 0 1 1 0 1 0 1
1 1 1 1 1 0 0 0 1 0 1 1 0 1 0 1 0 0 98 1 0 1 0 1 1
1 0 1 0 1 0 1 0 1 0 0 1 0 1 1 1 1 1 1 78 0 1 1 0 0
1 1 1 0 1 1 1 0 1 0 0 1 1 1 1 1 0 0 1 1 22 1 0 0 1
1 1 0 0 0 1 0 0 0 0 1 1 0 0 0 1 1 1 0 0 0 89 1 0 0
0 0 0 0 0 0 1 0 0 1 1 1 0 0 1 1 0 1 0 0 0 1 6 0 1
0 1 0 0 0 1 1 0 0 1 0 0 1 0 0 0 1 1 1 1 1 0 1 95 0
1 1 1 0 1 1 1 1 0 0 1 1 1 0 0 0 0 1 1 0 0 0 0 0 50
