49
92 1 1 1 1 1 1 1 0 0 0 1 1 1 0 0 0 1 1 0 1 0 0 0 1 0 1 1 1 0 1 0 0 0 1 0 0 0 0 0 1 0 0 0 1 1 1 0 0 
1 57 0 1 1 1 0 0 0 1 1 0 1 1 0 1 0 1 1 0 1 1 0 1 0 0 1 1 0 0 0 1 0 0 0 0 1 1 1 0 0 0 0 1 0 0 1 0 0 
1 1 49 1 1 0 0 1 1 0 1 0 1 0 0 0 1 1 1 0 1 0 1 1 1 0 0 0 1 0 1 1 0 0 0 1 0 0 0 0 0 0 0 0 1 1 0 1 1 
0 0 0 14 0 1 0 0 0 1 1 0 1 1 1 1 0 1 1 0 1 1 1 0 1 1 1 0 1 1 0 0 0 0 1 0 1 0 0 0 1 0 0 0 0 1 0 0 1 
0 1 1 0 66 1 1 1 1 0 0 0 0 1 0 1 0 0 1 1 0 1 0 0 0 0 0 1 0 1 0 0 1 1 0 0 1 1 1 0 1 0 1 0 1 0 1 0 1 
1 1 0 1 0 69 1 0 0 0 0 1 0 1 1 1 0 1 0 0 0 1 0 0 1 1 0 1 0 0 0 1 1 0 0 1 1 1 0 1 0 1 0 0 0 0 1 0 0 
1 0 1 0 1 0 91 0 0 0 0 0 1 1 1 1 0 1 0 1 1 1 1 1 0 0 0 1 1 1 1 1 1 0 0 1 0 0 0 1 1 1 1 0 1 1 0 0 0 
1 0 0 1 1 0 0 2 0 1 1 1 1 0 1 0 1 1 0 1 0 1 1 0 0 0 0 1 1 1 0 0 1 1 1 1 0 0 0 0 0 0 0 0 1 1 0 0 0 
1 1 0 0 1 0 0 1 31 1 0 0 1 1 1 0 0 1 1 1 1 1 1 1 1 0 0 1 0 1 1 0 1 1 0 1 0 1 1 0 0 1 0 0 1 0 1 1 0 
0 1 1 1 1 1 1 1 0 39 1 1 1 0 0 1 1 0 0 1 0 1 1 0 0 1 1 0 0 0 1 0 1 1 0 0 1 0 1 1 1 0 1 1 1 0 1 0 1 
1 1 0 0 0 1 1 0 1 1 48 0 1 0 1 1 1 0 0 1 0 1 0 1 1 0 1 0 0 0 0 1 1 0 0 1 1 1 0 1 0 0 1 0 0 0 1 0 0 
0 1 1 0 0 1 1 1 0 1 1 82 0 1 1 1 1 0 1 1 0 1 1 0 0 0 1 1 1 1 1 0 0 0 1 1 1 0 1 0 0 0 1 1 0 1 1 0 0 
0 1 0 1 0 0 1 1 0 0 0 0 75 1 0 0 0 0 0 1 0 0 1 0 1 0 0 1 1 1 0 0 1 0 0 1 1 1 1 1 0 0 0 1 1 0 1 1 0 
0 0 1 0 0 0 0 1 0 0 0 0 0 50 0 0 1 0 1 1 1 0 1 1 0 0 1 0 0 1 0 0 0 0 0 0 0 1 1 1 1 0 0 0 1 1 0 1 0 
0 1 0 0 0 0 1 1 0 1 0 1 0 1 39 1 1 0 1 0 1 0 1 0 0 1 0 1 0 1 0 0 0 0 0 1 1 0 1 1 0 1 0 0 0 0 0 1 1 
1 0 1 0 0 0 1 1 1 1 1 0 1 0 1 72 0 0 1 0 0 0 0 1 0 0 1 0 0 1 1 0 0 1 1 0 1 0 1 1 1 0 1 1 1 1 0 1 0 
1 1 0 1 0 0 1 0 0 0 1 0 1 1 0 1 17 1 0 0 1 1 0 1 0 0 0 0 0 1 0 1 0 1 0 1 1 1 0 0 1 0 1 0 0 0 1 0 0 
1 1 0 0 0 0 0 0 1 1 0 1 1 1 1 1 1 24 0 0 0 0 0 0 0 1 0 1 0 1 0 0 0 1 0 1 1 1 0 1 1 1 1 1 0 0 1 0 1 
0 0 0 1 0 1 0 1 0 0 1 0 1 0 1 0 1 1 62 1 0 1 1 1 1 0 1 0 1 0 1 1 1 1 0 0 0 1 1 1 0 0 1 1 1 0 0 1 1 
0 0 1 1 0 0 1 1 0 1 1 1 1 0 0 0 0 0 1 74 0 1 0 1 1 1 1 0 1 1 1 1 0 1 1 0 0 0 1 0 0 0 1 0 1 0 0 1 0 
1 0 0 0 0 1 1 1 0 1 1 0 1 1 1 1 0 0 1 0 34 1 0 0 1 0 1 0 1 1 0 0 0 1 0 0 0 0 1 0 1 1 1 1 0 1 0 0 1 
1 1 1 0 0 0 1 1 1 0 0 0 1 1 0 1 1 0 1 1 1 96 1 1 1 1 0 0 1 1 1 0 0 1 0 0 1 0 0 1 0 0 0 0 1 0 0 1 0 
0 1 0 1 1 1 0 0 0 0 0 1 1 0 0 1 0 0 1 0 1 1 51 0 1 0 0 1 0 0 1 1 0 0 1 1 1 1 0 0 1 0 0 0 0 0 1 0 1 
0 0 1 1 0 1 1 1 1 1 1 0 1 0 1 1 1 0 0 0 1 0 0 22 0 0 0 1 0 0 1 1 1 1 1 1 1 0 0 0 0 0 1 1 0 1 1 0 1 
1 0 0 1 1 1 1 1 1 0 1 0 1 0 1 1 0 0 1 0 0 0 0 1 82 1 1 0 1 1 0 0 0 1 1 0 0 0 0 0 1 0 0 0 0 0 1 1 1 
0 1 1 1 0 0 0 1 1 1 0 0 0 1 1 1 0 0 1 0 0 1 1 1 0 99 0 1 0 1 1 1 1 1 1 0 1 1 1 1 0 0 0 1 0 0 1 0 1 
1 0 0 0 0 0 1 1 1 1 0 1 0 0 1 0 0 1 0 0 0 0 0 0 1 1 61 0 1 1 0 1 0 0 1 1 1 1 1 1 0 1 1 1 1 1 1 1 0 
0 0 0 0 0 0 0 0 0 1 1 1 0 0 1 1 1 1 1 1 1 0 1 0 1 0 1 43 0 0 1 1 0 0 1 0 1 0 1 0 1 0 1 1 0 1 1 0 0 
0 1 1 0 1 1 1 1 1 0 1 0 1 0 1 0 0 0 0 0 0 0 1 0 0 1 0 1 0 1 1 1 0 0 0 0 1 0 0 1 1 0 0 1 0 1 1 1 0 
0 0 1 1 1 1 1 0 1 0 1 0 0 0 0 0 0 0 0 0 1 0 1 0 1 1 0 0 1 39 1 0 0 1 0 1 0 1 0 1 1 1 1 1 1 0 1 0 1 
1 0 0 0 1 1 1 0 1 0 0 1 0 1 1 0 1 1 0 1 0 0 0 0 0 0 1 1 0 0 22 1 1 0 1 0 1 0 1 0 0 1 0 1 1 1 0 0 1 
0 0 1 1 0 0 1 1 0 1 0 0 1 1 1 0 1 0 0 1 0 1 1 1 1 1 0 0 0 1 1 6 1 0 1 1 1 1 0 1 0 0 0 0 0 1 0 1 1 
0 0 1 0 0 1 0 1 1 0 1 0 1 0 1 0 0 1 1 1 0 0 0 1 0 0 1 1 1 0 0 1 68 1 0 1 1 1 1 0 1 0 0 1 1 0 0 1 1 
0 1 1 0 0 0 1 0 1 1 0 0 0 1 0 0 1 1 1 0 0 0 1 0 0 0 0 0 1 0 0 0 0 46 0 1 0 0 0 0 1 0 1 0 1 0 0 1 0 
1 1 0 0 0 0 0 1 1 0 0 0 0 1 1 0 0 1 0 0 0 0 1 0 1 0 1 1 1 0 1 0 0 1 61 0 0 1 1 1 0 0 0 0 1 0 1 0 1 
1 0 1 0 0 0 1 0 0 1 0 0 0 0 1 0 0 1 0 0 0 1 1 1 0 0 0 1 0 0 0 1 1 0 0 58 0 1 0 0 1 0 1 0 1 1 1 1 0 
1 0 1 1 1 0 1 0 1 1 0 1 0 1 1 0 0 0 0 0 0 0 0 1 1 0 1 1 1 0 1 0 0 1 0 1 40 1 0 1 0 1 1 0 1 0 1 1 1 
0 1 1 0 0 0 0 1 0 0 0 1 1 1 0 1 0 0 1 0 1 0 1 1 1 0 0 0 1 0 0 0 0 0 1 0 0 14 0 1 1 1 1 0 1 1 1 1 0 
1 0 0 0 1 1 1 0 0 1 1 0 0 0 1 0 0 0 0 0 1 0 0 1 0 1 1 1 1 1 0 1 1 0 0 0 0 1 34 0 0 1 0 0 1 1 0 1 0 
0 0 0 1 1 1 0 1 1 1 1 1 0 1 1 1 0 0 0 1 0 0 0 1 1 1 0 1 0 1 1 0 0 0 1 0 0 0 0 99 0 0 1 0 0 1 1 0 0 
1 1 1 1 0 0 0 0 0 1 1 1 0 0 0 0 1 1 0 1 1 1 1 1 0 0 1 1 0 1 1 0 0 0 1 0 0 0 0 0 3 0 0 0 1 0 0 0 0 
1 0 0 0 1 1 1 0 1 0 1 1 0 1 0 1 0 0 1 1 1 1 0 1 1 0 1 0 1 1 1 0 1 0 0 1 1 1 1 0 0 7 1 0 0 0 1 0 1 
1 1 0 1 1 0 1 0 1 1 1 1 0 0 1 0 0 1 0 0 0 1 0 1 1 0 0 1 1 1 0 0 0 1 1 0 0 0 1 1 1 1 76 1 0 0 1 0 1 
0 0 0 0 0 1 1 0 0 1 0 1 0 0 0 1 0 1 0 1 0 1 0 0 0 1 1 0 1 1 0 1 1 0 1 1 1 1 1 0 0 0 0 96 1 0 0 1 1 
0 0 0 0 1 0 0 0 1 0 0 1 1 0 0 0 1 0 0 0 1 0 0 0 0 1 0 1 0 1 1 1 0 0 0 0 1 1 1 0 1 1 0 1 33 0 1 0 0 
0 1 0 0 0 1 0 1 0 1 0 1 0 0 0 1 0 0 0 0 1 0 1 0 1 0 1 0 1 1 0 0 0 1 1 0 1 1 1 1 0 0 0 0 1 80 1 0 0 
1 0 0 0 0 1 0 0 1 0 0 0 1 0 1 0 0 0 0 1 0 1 0 1 1 0 1 1 1 0 1 0 1 0 0 0 0 1 1 1 0 1 0 1 0 1 66 1 1 
0 1 0 0 0 0 1 0 1 0 0 1 1 0 0 0 0 0 1 0 0 1 1 1 1 0 1 1 1 0 1 1 0 1 0 0 1 1 1 1 1 0 0 1 1 1 0 71 0 
1 1 1 0 0 1 1 0 1 0 1 0 0 0 1 1 1 0 0 0 1 0 0 1 0 1 1 1 1 0 1 1 0 0 1 0 1 0 0 1 0 0 1 0 0 1 1 1 26 
