44
89 0 1 1 1 0 1 0 1 1 1 1 0 1 0 1 1 0 1 0 0 0 1 1 0 1 0 1 1 0 0 1 1 1 0 1 1 1 1 0 1 0 1 0 
0 99 1 0 0 1 1 0 1 1 0 1 1 0 1 0 0 1 0 1 1 1 0 0 1 1 1 1 0 0 0 0 1 1 1 0 0 1 1 1 0 1 1 1 
1 0 19 0 1 0 1 0 1 0 1 0 1 0 0 0 1 1 0 1 1 0 1 0 0 0 1 0 0 1 1 0 0 1 1 1 1 0 1 0 1 0 1 0 
1 1 1 43 0 0 0 0 1 0 1 1 0 0 0 1 0 1 1 0 1 1 0 0 0 1 1 0 0 1 1 0 1 0 0 0 0 0 0 1 0 0 1 1 
1 0 0 1 57 1 1 0 1 1 0 1 1 0 1 0 1 1 1 1 0 0 1 0 1 1 1 0 0 0 1 0 1 0 1 0 0 0 1 1 0 1 1 0 
1 0 1 1 0 28 1 0 0 1 0 0 1 0 0 0 1 0 1 1 0 0 1 0 0 0 1 1 1 0 0 0 0 0 0 1 1 0 0 1 1 0 1 0 
1 1 1 1 1 0 84 1 0 0 1 1 1 1 0 0 0 1 0 1 0 0 1 0 0 0 0 1 0 1 1 0 0 1 1 1 1 0 0 1 0 1 0 0 
0 0 1 0 0 0 1 55 0 0 1 0 0 1 1 0 1 1 0 1 1 0 1 0 0 0 0 1 0 1 0 0 0 0 1 0 1 0 0 1 1 1 1 0 
1 0 0 1 0 0 1 0 27 1 1 1 0 1 0 1 0 0 0 0 1 0 1 1 0 0 0 0 1 1 0 1 0 0 1 1 0 1 1 0 1 0 0 1 
1 0 0 0 1 1 1 0 1 59 0 1 0 1 1 1 1 1 1 1 1 1 1 0 0 0 0 1 1 1 1 1 1 1 0 1 1 1 0 1 0 1 1 1 
1 1 1 1 1 0 0 0 0 0 86 0 1 1 1 0 1 1 1 0 1 1 0 1 0 1 0 0 1 1 1 1 1 1 1 0 1 1 1 1 1 0 0 0 
1 0 0 1 1 1 1 1 1 0 1 34 0 0 1 1 0 1 1 0 1 1 0 1 0 0 0 0 1 1 1 0 0 1 1 0 0 0 0 0 0 0 0 1 
1 1 0 1 1 1 0 1 1 0 0 0 35 1 1 0 0 0 1 0 1 0 0 0 0 0 0 1 0 1 0 1 0 1 0 0 0 0 0 0 1 0 1 0 
0 1 1 0 0 1 1 1 1 1 1 1 1 51 0 1 0 0 0 1 1 1 0 0 0 0 1 0 1 0 1 0 1 1 1 1 1 1 0 1 1 0 1 1 
1 1 0 1 0 0 1 1 1 1 0 0 0 1 75 0 1 0 1 1 1 0 1 0 0 1 0 0 1 1 1 1 0 0 0 0 0 0 0 0 1 1 1 0 
0 1 0 0 0 1 0 0 1 1 1 1 1 0 0 26 0 0 1 1 1 1 0 0 1 0 1 1 0 1 1 0 0 1 1 1 1 1 1 0 0 0 1 1 
1 1 1 0 1 1 0 1 1 1 1 1 1 0 1 0 17 1 1 0 1 1 1 1 0 0 0 0 1 0 0 0 1 0 1 1 0 1 0 1 0 0 0 1 
0 1 0 0 0 0 0 1 1 1 1 1 0 0 0 1 0 36 0 1 0 0 0 0 1 1 0 1 1 1 0 0 0 0 0 1 0 1 0 1 0 0 0 1 
1 0 1 0 1 1 1 0 0 0 0 1 0 1 0 0 1 1 63 0 0 1 0 0 0 1 1 0 1 1 0 1 0 0 0 1 1 0 0 1 1 1 0 1 
1 0 0 1 0 0 1 1 0 0 0 0 0 0 0 1 1 0 1 33 0 1 1 1 0 1 0 0 0 1 0 1 0 1 0 1 0 0 1 0 1 0 0 0 
0 1 1 0 1 0 0 1 0 1 0 0 1 1 0 0 0 1 0 0 10 1 1 1 0 1 0 1 1 1 0 0 1 0 1 0 0 1 1 1 1 0 0 0 
1 1 1 0 0 0 1 1 1 0 0 1 0 0 0 0 0 0 1 1 0 99 0 0 1 0 1 1 1 1 0 1 0 1 0 1 0 0 0 1 0 1 1 0 
0 0 0 0 1 0 1 0 0 0 1 1 0 1 1 1 0 1 1 0 0 0 38 1 0 1 1 0 1 1 1 0 1 0 0 0 1 1 0 0 0 1 0 1 
0 0 0 1 1 0 0 0 1 1 1 0 0 0 1 1 1 1 1 1 0 1 0 28 1 1 0 0 1 0 1 1 1 1 1 1 1 1 0 1 1 0 1 0 
0 1 1 0 1 1 0 0 0 1 0 0 0 0 1 0 0 1 0 1 0 1 1 1 34 1 0 1 1 0 0 1 1 0 0 0 1 0 0 0 0 0 0 1 
1 1 1 0 1 1 0 1 1 1 1 1 1 0 0 0 1 0 1 1 1 1 1 1 0 31 1 1 1 0 0 0 0 1 1 1 0 0 0 0 1 1 1 0 
0 1 0 0 0 1 0 0 1 1 0 0 1 0 1 0 0 1 0 0 1 1 1 0 0 0 29 1 0 1 1 0 1 1 1 1 1 1 0 1 0 0 1 1 
0 0 0 0 0 0 1 1 1 1 0 0 0 0 1 0 0 1 0 0 0 1 1 0 0 1 0 33 1 0 1 1 0 1 1 0 1 1 1 0 1 0 0 0 
1 0 1 1 0 0 1 1 1 1 1 1 1 1 0 1 0 1 1 1 1 0 1 1 1 0 1 1 93 1 1 1 0 0 0 1 0 0 0 1 0 1 1 0 
0 0 1 1 1 1 1 0 1 0 0 1 1 1 1 0 1 1 0 0 1 1 0 0 0 0 1 1 1 57 0 1 1 1 0 0 1 0 0 1 0 1 0 1 
1 0 1 0 0 1 1 1 1 1 1 1 1 1 1 0 0 0 0 1 0 1 0 0 1 1 0 0 0 0 13 1 0 0 1 0 1 1 1 1 1 1 1 1 
1 1 1 0 1 1 0 1 0 0 0 0 0 1 0 0 0 1 0 0 1 0 0 0 1 0 0 1 0 0 0 44 0 0 1 0 1 0 0 0 0 1 1 0 
0 0 0 0 1 1 0 0 0 0 1 1 1 1 1 1 1 0 1 1 0 1 1 1 0 0 0 1 0 0 1 1 22 1 0 0 0 1 0 0 1 0 1 1 
1 1 0 0 1 1 1 0 0 1 0 0 0 1 1 0 1 1 1 0 0 1 1 1 1 1 0 1 0 1 0 1 1 16 0 1 0 0 0 1 1 0 0 1 
0 0 1 1 1 0 1 0 0 0 0 0 0 0 1 0 1 1 0 1 1 1 0 1 1 1 1 0 1 1 1 1 1 1 83 0 1 1 1 0 0 1 0 1 
0 0 1 0 1 1 1 0 0 1 0 1 1 0 0 1 1 0 1 0 1 1 0 0 0 1 1 0 1 1 0 1 1 0 1 44 0 0 0 0 0 0 1 0 
1 1 0 1 0 1 0 1 0 1 0 0 1 0 0 0 1 1 0 0 1 1 0 0 0 0 1 1 1 1 0 1 1 0 0 1 11 1 1 0 1 1 1 1 
1 1 1 0 0 0 1 0 0 0 1 1 1 1 0 0 1 0 1 1 0 1 1 0 1 1 0 0 0 1 0 0 1 0 1 0 1 57 1 0 1 1 0 1 
1 0 0 1 0 0 0 0 1 1 1 0 1 0 0 1 1 0 0 1 0 0 0 1 0 0 0 0 0 0 1 1 1 1 0 1 1 1 79 0 1 0 0 0 
1 1 1 0 1 1 1 1 0 0 1 1 0 1 1 1 1 0 1 0 1 0 1 1 0 1 0 1 1 0 1 1 0 1 0 1 1 0 1 45 1 1 0 0 
1 0 0 1 1 0 0 1 1 1 1 1 0 1 1 1 1 0 1 1 1 1 0 0 0 0 1 0 1 0 0 0 0 1 0 1 1 0 0 1 16 0 0 0 
1 1 1 1 0 1 0 1 1 0 0 1 0 1 0 1 0 0 1 0 0 0 1 1 1 0 0 0 0 0 0 1 1 1 1 1 0 1 1 0 0 15 0 1 
1 1 0 1 1 0 1 1 1 1 0 0 0 0 0 1 1 0 0 0 0 0 0 0 1 1 0 1 0 1 1 0 1 1 0 1 0 0 0 1 0 1 71 1 
0 0 0 0 1 1 0 0 0 0 1 0 0 1 1 1 0 1 1 1 1 1 0 1 0 1 1 0 1 1 1 0 0 0 1 0 1 1 0 1 0 0 0 60 
