100
14 0 0 0 0 0 1 0 0 0 1 1 1 1 0 1 1 0 0 0 1 1 1 0 1 0 0 0 0 0 0 0 1 1 0 0 0 0 1 1 1 0 0 0 0 0 0 0 1 0 1 1 0 0 0 0 1 1 0 1 1 0 1 0 0 0 0 1 0 0 0 0 1 1 1 1 1 1 1 1 1 0 1 0 1 1 0 0 1 1 1 0 0 1 1 1 1 0 1 0
1 37 1 1 1 0 0 0 1 1 0 0 1 0 0 1 0 0 0 0 1 0 1 0 1 0 1 0 0 0 0 0 0 1 1 1 0 0 1 1 0 1 0 1 0 1 1 1 0 0 1 0 1 1 1 1 1 1 1 0 0 1 1 0 1 1 0 0 0 1 1 0 0 0 1 1 1 0 1 1 0 0 1 1 1 0 1 0 1 1 1 1 1 0 1 0 0 1 0 1
0 1 96 1 1 1 0 1 0 0 1 0 0 0 1 1 1 0 0 1 1 0 1 1 1 0 0 1 0 1 1 1 1 1 1 0 1 1 0 0 0 0 1 1 1 1 0 1 1 1 0 1 1 0 1 1 1 0 1 0 0 1 1 0 0 0 1 0 0 1 1 1 0 0 0 1 1 0 0 1 0 1 0 1 0 0 0 0 0 0 1 0 1 0 0 0 1 1 1 0
1 1 1 52 1 1 0 0 0 1 1 0 1 0 0 0 1 1 0 0 1 1 0 1 0 1 0 0 1 1 0 0 0 1 1 0 1 0 1 1 0 1 0 0 1 1 0 1 0 1 1 0 1 0 1 0 0 1 0 0 0 0 0 1 1 0 1 0 0 0 0 0 1 0 1 1 1 0 1 1 1 1 0 0 0 1 1 0 1 1 1 0 1 1 1 1 1 1 0 1
0 1 0 1 19 1 0 0 0 0 0 1 1 0 1 1 1 1 0 0 0 0 0 1 1 0 1 1 0 0 1 1 1 0 0 0 0 0 0 1 0 1 0 1 1 1 1 0 0 0 1 1 1 0 1 0 0 0 1 1 1 1 1 0 1 0 1 0 0 1 1 0 1 1 0 0 1 1 1 1 0 1 0 0 1 1 1 1 0 1 0 0 0 0 0 1 1 0 0 1
1 0 0 0 1 59 1 1 0 0 0 0 1 0 0 1 1 1 0 1 1 1 1 0 0 0 0 1 0 1 0 1 1 0 0 1 1 1 0 1 0 1 0 0 1 1 0 0 0 0 0 1 1 0 0 1 0 0 0 1 1 1 1 1 0 1 1 1 1 1 0 0 1 0 1 1 0 1 0 1 1 1 0 1 1 1 1 0 1 0 1 1 0 1 0 0 1 1 0 1
1 1 0 0 1 1 41 0 0 1 1 0 0 0 1 0 0 0 0 1 0 0 0 1 0 0 1 1 1 0 0 0 1 1 0 1 0 1 0 1 1 1 0 1 0 0 0 1 0 0 1 0 0 0 0 0 0 0 0 1 1 0 1 1 1 0 1 1 1 1 0 1 0 1 1 1 1 0 0 0 1 1 1 1 0 1 0 1 1 0 1 0 1 0 0 0 1 0 0 0
1 0 1 1 0 1 1 4 1 1 0 1 0 0 0 1 1 1 1 0 0 0 1 1 0 0 0 0 1 1 0 0 0 1 0 1 0 1 1 0 0 0 0 0 1 0 0 1 0 0 0 1 0 0 1 1 0 0 1 1 1 1 1 0 1 0 0 0 1 1 1 0 1 0 0 0 0 0 1 1 0 0 1 1 0 0 1 0 0 0 1 1 0 1 1 1 1 0 0 0
0 0 1 1 1 0 1 1 33 0 0 0 0 0 0 1 1 0 0 1 1 1 0 1 0 0 1 1 1 0 1 1 0 0 1 1 0 0 1 0 1 1 0 0 0 1 1 0 1 0 1 0 0 0 0 1 0 1 1 1 1 0 0 1 1 0 1 1 0 0 0 0 0 0 1 1 1 1 1 0 0 0 0 0 1 1 1 0 1 0 0 0 0 1 1 1 1 0 0 1
1 0 0 1 0 1 0 1 1 11 0 1 0 0 0 1 0 0 0 1 0 0 0 1 0 0 1 1 0 1 1 1 1 0 0 1 0 1 0 1 1 0 1 1 0 0 0 1 0 0 1 0 0 1 0 1 0 1 1 1 1 1 0 0 0 1 0 1 0 0 1 0 1 1 0 1 0 0 0 1 0 1 1 0 0 1 0 1 0 1 1 1 1 1 1 1 0 0 0 0
0 1 1 1 0 1 0 1 1 1 4 0 0 1 1 1 0 0 1 1 0 0 1 1 1 0 1 1 0 1 0 0 0 1 1 1 1 0 1 1 1 1 0 1 0 1 0 1 0 0 0 1 0 0 1 1 0 1 0 0 0 0 1 1 1 1 0 0 0 1 1 0 1 1 0 0 1 0 0 0 1 0 1 0 0 0 1 1 1 1 0 1 1 1 1 0 1 1 1 1
1 1 0 0 1 1 0 0 0 0 0 86 0 0 0 0 0 0 0 0 1 1 0 0 1 1 1 0 1 0 1 1 1 1 1 0 0 1 0 0 1 1 0 0 0 0 1 0 1 1 1 1 0 0 1 0 1 1 0 1 1 0 0 0 1 0 1 0 0 1 1 1 1 0 1 1 0 0 1 1 0 0 0 1 0 1 0 1 0 1 0 1 1 1 0 0 1 0 0 1
0 1 1 0 1 1 1 1 0 1 1 0 86 0 1 1 0 0 1 0 0 0 1 1 1 1 1 1 1 0 0 0 1 1 0 1 1 0 0 1 0 0 1 0 0 0 0 1 1 0 1 1 0 1 1 1 1 1 1 0 1 0 0 0 1 1 1 0 0 0 1 1 1 1 1 0 1 1 1 1 1 0 1 0 0 1 1 0 0 1 0 0 0 0 0 1 1 0 1 1
1 1 0 0 1 0 1 1 1 0 0 0 1 94 1 0 1 0 1 0 1 0 1 1 1 1 0 0 0 1 0 1 1 1 0 1 0 1 1 0 0 1 0 1 1 0 0 1 0 1 0 0 0 1 1 1 1 1 0 0 1 1 0 0 1 0 1 0 1 1 0 1 0 0 1 0 0 1 0 0 0 0 1 0 1 0 0 0 0 1 0 0 1 0 1 1 0 1 1 1
0 1 0 0 1 1 0 0 1 0 0 1 0 1 24 0 0 1 0 0 0 1 0 0 1 0 0 0 1 0 1 0 0 0 1 1 1 1 1 0 0 0 0 0 0 1 1 0 0 0 1 1 0 0 1 1 1 0 0 0 0 1 0 0 0 1 1 0 0 1 0 0 0 1 1 0 0 0 0 1 1 0 0 1 0 1 0 1 0 0 0 0 0 1 1 0 1 1 1 0
0 0 1 1 1 0 0 1 0 0 1 1 0 1 1 14 1 0 0 1 1 0 1 0 1 0 0 1 0 0 1 0 1 1 0 1 1 1 0 1 0 1 1 0 1 1 1 1 0 1 0 0 1 0 0 0 0 1 1 1 1 0 0 0 0 0 0 0 1 0 0 0 0 0 0 0 0 1 1 0 1 1 0 0 1 1 1 1 1 1 1 0 0 0 1 0 1 1 1 0
1 0 0 1 0 1 0 0 1 0 1 1 1 0 1 1 85 1 1 1 0 1 0 0 0 1 0 0 1 1 1 0 1 1 1 1 1 0 0 1 0 1 0 0 1 0 1 1 1 1 0 0 0 0 0 0 0 1 0 0 0 1 0 1 1 1 0 1 1 1 0 0 0 1 1 1 1 1 0 1 1 0 1 1 1 1 1 1 1 0 0 0 0 0 1 0 0 1 0 1
1 1 0 1 1 1 0 0 1 1 0 1 1 0 1 0 0 57 0 1 0 1 1 0 0 0 0 1 0 0 0 1 0 0 1 1 1 0 0 0 1 0 0 0 1 0 0 0 0 1 1 1 0 1 0 1 1 0 1 0 0 0 0 0 0 1 1 1 0 0 0 0 1 1 0 1 0 0 1 0 0 1 1 0 1 1 0 0 0 1 0 1 1 0 1 1 1 0 0 1
1 1 1 1 1 1 0 0 0 0 1 0 1 0 1 1 1 0 75 0 0 1 0 0 0 0 0 1 0 0 1 0 1 1 1 1 1 1 0 0 0 1 1 1 0 0 0 1 0 0 1 0 0 1 0 0 1 1 1 0 1 0 1 1 1 1 1 0 1 1 0 0 1 0 1 0 0 1 0 0 0 1 0 0 1 0 1 1 0 0 0 0 0 1 1 1 1 1 1 1
1 0 0 1 0 0 0 1 0 1 1 0 0 0 1 1 1 1 1 83 1 0 0 1 0 0 0 0 1 0 0 1 1 1 1 0 0 1 1 0 1 0 1 1 1 1 0 1 0 0 1 1 0 1 0 0 1 1 0 0 1 0 1 0 0 1 0 1 0 1 1 0 1 0 0 1 0 1 1 1 0 1 0 1 1 1 1 0 1 1 0 0 0 1 0 1 1 0 0 1
0 0 1 1 0 1 0 0 0 1 0 1 1 0 0 1 1 1 1 0 51 1 0 0 0 1 1 0 1 0 0 0 0 0 1 1 1 1 1 0 1 0 1 1 1 0 0 0 0 0 0 1 0 1 1 0 0 1 0 1 1 1 0 0 0 0 1 0 1 1 1 0 1 1 1 0 1 0 0 0 0 1 0 1 0 1 0 1 0 0 0 0 0 0 1 1 0 0 0 0
1 1 0 0 0 0 1 0 1 0 0 1 1 0 1 1 1 1 1 1 0 36 0 0 0 1 1 1 0 1 1 1 0 1 0 1 1 0 1 1 1 0 1 0 1 1 0 0 0 1 0 1 0 1 0 1 1 0 1 1 1 0 0 0 0 1 0 1 1 1 1 0 1 0 0 0 0 0 1 0 1 0 0 1 0 0 0 1 1 1 0 1 1 0 0 0 0 0 1 1
1 0 1 1 1 0 1 1 0 1 0 1 1 0 0 0 1 1 1 1 0 1 57 1 1 0 1 0 1 1 0 1 0 1 0 1 0 0 0 0 0 1 0 1 1 1 0 0 0 0 0 1 0 1 1 1 1 0 1 1 1 0 1 1 0 0 0 0 0 0 0 1 0 0 1 1 1 0 0 1 1 1 1 1 1 0 0 1 0 0 1 0 0 1 0 1 0 1 1 1
1 0 0 0 1 0 1 0 1 0 1 1 1 1 0 0 0 0 1 0 0 1 1 80 0 0 0 1 0 0 0 1 0 0 0 1 1 0 0 1 1 1 0 1 1 1 1 0 0 0 1 0 0 1 0 1 1 0 0 1 1 1 1 1 1 0 1 1 1 1 1 1 1 1 1 1 1 0 1 1 0 1 0 1 1 0 1 1 1 1 0 0 0 0 1 0 0 0 0 1
1 0 1 0 1 1 0 0 0 1 0 1 1 1 0 1 0 0 0 1 0 1 0 1 25 0 0 1 0 1 0 0 0 1 1 1 0 0 1 0 1 1 0 0 0 1 0 0 0 1 1 1 1 0 0 1 1 0 0 1 1 1 1 0 0 1 0 1 1 0 1 0 1 1 1 0 0 0 1 0 1 1 0 1 0 0 1 1 1 1 0 0 0 1 0 1 1 1 0 1
1 0 1 1 1 0 0 1 0 1 1 0 0 1 1 1 0 0 0 0 1 0 1 1 0 78 0 0 0 1 0 0 1 0 1 0 1 0 1 0 0 0 1 1 1 1 0 0 1 0 0 1 0 0 1 1 0 0 0 1 0 1 1 0 1 1 1 1 1 1 0 1 1 1 1 1 1 1 1 1 0 1 0 0 0 0 0 0 1 0 1 0 1 0 0 0 1 1 1 1
0 1 0 1 0 1 1 0 0 1 1 0 1 1 1 0 1 0 0 0 0 0 1 0 0 0 95 1 1 1 0 1 1 0 0 0 1 1 0 1 1 0 1 0 1 0 0 1 1 0 1 1 1 0 1 0 0 1 0 0 1 1 0 0 0 0 1 1 0 0 0 1 1 1 1 1 1 1 1 1 1 1 0 1 0 0 1 1 1 0 1 1 1 0 0 1 1 0 1 0
1 1 1 0 0 1 0 0 1 1 1 0 1 0 1 1 1 1 1 0 0 0 0 1 0 0 0 61 1 1 1 1 0 1 1 1 0 0 1 1 1 1 0 0 0 1 1 1 1 0 1 0 0 1 0 1 1 0 1 0 1 0 0 0 1 1 1 1 1 0 0 1 1 1 0 0 0 0 0 0 1 0 0 0 0 1 1 1 1 1 1 0 0 0 1 1 0 0 1 1
1 1 1 1 1 0 1 0 0 1 1 0 0 1 1 1 1 0 0 1 0 1 0 0 1 1 1 1 57 0 1 0 1 1 1 1 0 1 0 1 0 0 1 0 0 1 1 1 0 1 0 0 0 0 1 0 1 1 0 0 1 0 1 0 0 0 1 1 0 1 1 1 0 1 1 0 0 1 1 0 0 1 0 0 0 0 0 1 0 1 0 0 0 1 1 0 0 1 1 0
0 1 0 0 1 0 0 0 0 1 0 1 1 0 0 1 1 1 1 0 1 1 0 1 1 0 0 1 1 13 1 1 0 1 1 0 1 0 0 1 1 0 0 1 0 1 0 1 1 0 1 1 1 1 0 1 1 1 1 1 1 0 1 0 1 0 1 1 0 0 0 1 0 0 1 0 1 1 0 0 1 1 1 0 1 1 0 1 1 1 0 1 1 1 0 1 1 1 0 1
0 0 0 0 1 0 1 1 1 0 1 0 0 1 1 0 0 1 0 0 0 1 1 1 0 0 0 1 0 0 1 0 0 0 0 1 0 0 1 0 0 1 1 0 0 0 0 1 0 0 1 0 1 0 0 1 0 1 1 0 1 0 1 0 0 1 1 0 0 1 1 0 1 0 0 1 0 1 0 0 0 1 1 1 1 0 1 1 0 0 0 0 1 1 0 0 1 0 0 0
0 1 1 1 0 1 0 1 1 1 0 0 0 1 1 0 0 1 0 1 1 1 1 0 0 1 1 0 1 1 1 9 0 1 1 1 0 0 1 0 0 1 1 0 0 1 1 1 0 1 0 0 0 0 0 0 0 1 1 1 1 0 1 0 0 1 0 0 0 0 1 1 1 0 1 1 1 0 1 1 1 0 0 0 0 0 0 0 0 0 1 0 0 0 0 0 0 1 1 0
0 1 0 1 1 1 0 1 0 1 1 1 1 1 1 0 1 1 1 1 1 0 1 1 1 1 1 1 0 1 0 1 5 0 0 1 0 1 1 1 0 1 0 0 1 1 1 1 0 0 0 0 0 1 0 1 0 1 1 1 1 1 1 1 1 0 0 1 0 0 0 0 0 0 0 1 0 1 0 0 0 1 1 1 1 1 0 1 1 1 1 0 1 0 0 0 1 0 1 1
1 0 0 0 0 1 0 0 0 1 1 0 1 0 0 1 1 1 1 1 1 0 1 0 0 0 1 1 0 0 0 1 1 60 0 0 0 1 0 0 0 0 1 0 0 1 1 0 0 1 1 1 0 1 0 1 1 0 0 1 1 0 1 0 0 1 0 1 0 1 0 1 0 1 1 1 0 0 0 0 1 1 0 0 1 0 1 0 0 0 0 1 0 0 1 1 1 0 0 0
1 1 0 1 0 1 0 1 1 1 1 1 1 0 0 1 1 0 0 0 1 1 1 1 1 0 0 0 1 0 0 0 1 0 38 1 0 0 0 1 1 0 0 1 1 1 1 1 0 1 0 0 0 1 0 1 1 0 0 1 1 0 0 1 0 1 0 1 0 0 0 1 0 0 1 0 0 0 0 0 1 0 0 1 0 0 1 0 1 0 1 1 1 1 1 0 0 0 0 1
0 1 1 0 0 0 1 1 1 0 0 1 0 1 0 1 1 1 0 1 1 0 0 1 0 0 1 1 1 0 1 0 1 1 1 43 1 1 0 1 1 1 1 1 1 1 0 0 1 1 0 0 0 0 0 1 1 0 0 1 0 1 1 1 1 0 0 0 1 0 0 1 0 1 0 0 1 1 1 0 0 0 1 0 1 1 1 0 0 1 1 1 1 0 0 1 1 1 0 1
1 0 0 0 0 0 1 1 0 1 0 1 1 0 0 1 1 1 0 0 0 1 1 0 1 1 1 0 0 1 1 0 0 0 1 0 95 1 0 1 1 1 1 0 0 1 0 0 0 1 0 1 0 0 1 0 0 1 0 0 1 0 1 1 0 0 0 0 0 0 1 0 0 1 0 0 0 1 1 1 0 0 0 1 1 0 0 1 1 1 1 1 0 1 0 0 0 1 0 1
1 0 1 0 0 0 0 0 0 1 1 0 0 0 0 0 0 1 1 0 1 1 0 1 0 0 1 0 0 1 1 0 1 1 0 0 0 96 0 1 1 0 1 0 1 0 1 0 0 0 1 0 0 0 1 1 1 0 1 1 1 0 1 1 1 1 1 0 1 0 0 0 1 0 0 0 0 1 0 0 0 1 0 1 0 0 1 0 0 0 1 0 0 0 1 0 1 1 0 0
1 0 0 0 1 0 1 1 0 0 0 1 0 1 1 0 0 1 0 0 0 0 1 0 0 0 1 0 0 0 0 0 1 0 0 0 1 1 41 0 1 0 1 1 1 1 0 0 0 1 1 0 0 0 0 0 0 0 0 0 1 1 0 0 1 1 1 0 0 0 1 1 0 0 0 1 1 0 1 1 0 1 1 0 1 1 1 1 1 0 1 0 0 0 0 0 1 0 0 0
0 0 0 0 0 1 0 0 1 1 1 1 1 1 1 0 0 1 0 1 0 0 1 1 0 0 0 0 0 0 0 0 0 0 0 1 1 0 1 85 1 1 1 0 0 0 0 0 0 1 1 1 1 0 1 1 1 1 1 0 0 0 1 1 1 0 1 1 0 0 0 1 0 0 1 0 0 1 0 1 1 1 0 0 1 0 0 0 1 1 1 0 1 0 1 1 1 1 1 1
1 0 0 0 1 1 0 1 0 1 0 1 0 0 1 0 0 1 1 1 0 1 0 0 0 0 1 1 0 0 0 0 1 0 1 0 0 0 1 0 88 1 0 1 1 0 1 0 1 1 0 1 1 1 0 0 0 0 0 0 1 0 0 1 0 0 0 1 0 0 1 0 1 1 1 1 0 1 1 1 1 0 0 0 1 1 1 1 1 0 1 1 0 0 0 1 0 0 1 1
1 1 0 1 0 0 0 0 0 1 0 0 0 0 0 1 0 0 1 0 0 0 0 0 0 1 1 1 1 1 1 0 0 0 0 1 1 1 1 1 1 35 1 1 1 0 0 1 1 0 0 1 0 0 1 1 1 1 1 1 1 0 1 0 0 1 0 1 1 0 0 0 1 0 0 1 0 0 1 0 1 0 1 1 1 0 0 0 0 1 1 1 0 1 0 0 1 1 0 0
1 1 0 1 1 1 0 0 0 1 1 1 0 1 1 0 0 1 0 1 1 1 1 1 1 1 1 0 0 1 1 0 1 0 1 1 1 1 1 1 1 1 53 1 0 0 0 1 0 0 1 0 0 0 0 0 0 1 0 1 0 0 0 0 0 1 1 1 0 0 0 1 0 1 0 1 1 0 0 1 0 0 0 0 1 1 1 1 0 0 0 0 1 0 1 1 0 0 0 0
1 1 0 0 0 1 1 1 1 0 0 0 1 1 1 0 1 1 1 0 0 1 0 0 1 0 0 1 1 1 0 1 0 0 1 0 1 1 1 1 1 0 1 34 1 1 1 1 0 1 1 0 0 0 0 0 0 0 0 0 0 0 0 1 0 0 0 1 0 1 0 1 0 1 1 0 1 1 1 1 1 1 0 1 1 0 0 1 1 0 1 0 0 0 1 0 1 1 1 0
1 1 0 0 1 1 1 0 0 1 1 1 1 0 1 1 1 0 1 0 1 1 0 0 0 0 0 1 1 1 0 1 1 1 0 0 0 0 1 0 1 0 1 1 43 0 0 1 1 0 0 0 1 1 0 0 1 1 1 1 0 0 1 1 1 1 1 1 0 1 1 0 0 0 0 0 0 0 1 0 1 1 0 1 1 1 0 0 0 1 0 1 1 1 0 1 1 1 0 1
0 1 0 1 0 0 0 1 1 0 0 1 0 0 0 0 0 0 0 0 0 0 0 0 1 0 1 0 0 0 1 1 1 0 0 1 1 1 1 1 1 1 0 0 1 97 1 1 1 0 0 1 0 0 0 1 1 1 1 0 0 1 1 0 1 1 1 0 1 0 1 1 0 0 0 0 0 0 0 0 1 0 1 0 1 0 0 0 1 0 1 1 1 0 0 0 0 0 0 0
1 1 0 0 1 0 0 1 1 1 1 0 0 1 0 1 1 0 1 1 1 1 1 1 1 0 1 0 0 0 0 0 1 1 0 1 1 1 1 1 1 0 0 0 0 0 84 0 1 1 0 1 1 1 1 1 1 1 0 1 1 0 1 1 0 1 0 0 0 1 0 1 1 1 0 0 1 1 0 1 1 1 0 0 1 0 1 1 0 1 0 0 0 1 0 0 1 0 0 1
1 1 0 1 0 0 1 1 1 1 1 0 0 1 0 1 1 1 1 1 0 1 0 1 0 1 0 1 1 1 0 1 1 1 0 0 1 0 1 0 1 0 0 0 1 0 1 65 1 1 1 1 0 0 0 1 1 1 1 0 0 0 0 1 0 1 1 1 0 0 1 1 1 1 0 0 1 1 1 1 0 1 0 0 1 0 0 0 1 0 1 1 1 0 1 1 1 1 1 1
1 0 0 0 1 1 0 1 1 1 1 0 1 1 0 0 0 1 1 1 0 0 1 0 1 0 1 0 1 1 1 1 0 1 0 0 0 1 1 0 0 1 0 1 1 1 0 0 3 0 1 0 0 1 0 1 0 1 1 0 1 0 0 1 0 0 1 1 1 0 1 1 0 0 1 1 1 0 0 1 1 1 0 0 0 0 1 0 1 0 0 0 1 0 1 1 1 0 0 0
1 0 0 1 0 0 1 1 0 1 1 0 1 0 0 1 0 0 0 1 1 1 0 0 1 1 1 0 1 1 1 1 1 1 0 0 0 0 0 1 0 0 1 0 1 1 0 1 1 55 0 0 1 0 1 0 0 0 1 0 1 1 0 1 0 0 1 1 0 0 0 0 1 0 0 0 0 0 1 0 0 0 1 1 0 1 0 0 1 1 0 0 0 1 0 0 1 1 1 0
1 1 1 0 0 1 1 1 0 0 1 0 0 0 1 0 1 0 1 0 1 0 1 1 1 1 1 0 0 0 1 0 0 0 0 0 1 0 0 0 1 1 1 1 0 0 1 0 1 0 78 1 1 1 0 0 0 0 0 1 0 0 0 1 0 1 0 1 1 1 1 0 1 0 0 0 1 1 1 1 0 1 0 0 0 1 1 1 0 0 0 1 0 1 0 1 1 1 1 1
1 0 0 1 0 1 0 0 0 1 1 0 0 1 1 0 1 1 1 0 0 1 0 1 0 0 1 0 0 0 1 1 0 1 1 1 0 0 1 0 1 1 0 0 1 0 1 0 1 1 1 92 1 0 0 1 0 1 0 1 1 0 1 1 0 0 1 1 1 1 0 0 1 1 0 0 1 1 0 0 1 0 1 1 1 1 0 0 0 0 0 0 1 1 0 0 1 0 0 0
0 1 1 0 0 0 0 0 0 0 1 1 0 0 1 0 1 1 0 0 1 1 0 1 0 1 1 1 1 0 0 0 1 1 0 0 1 1 1 0 1 0 0 1 0 0 1 0 1 1 0 0 42 1 0 0 1 1 0 1 1 1 0 1 1 1 0 1 1 0 1 1 0 1 1 0 1 0 0 1 0 1 0 0 0 0 0 1 1 1 1 1 1 1 0 0 1 0 1 1
0 1 1 0 0 0 1 1 0 1 0 1 0 1 0 1 0 0 0 0 0 0 0 1 1 1 0 0 1 0 1 1 1 1 1 1 0 0 0 1 1 0 0 1 0 0 1 0 0 0 1 0 0 72 1 1 0 0 1 0 0 1 0 1 0 1 0 1 0 1 0 0 1 1 0 1 0 0 0 0 1 0 1 0 1 1 0 0 1 1 0 1 0 0 1 1 1 0 0 1
0 1 1 1 0 1 1 1 1 0 0 0 1 0 0 1 0 0 1 0 1 1 0 0 1 1 1 1 0 0 1 0 0 1 1 0 0 1 0 0 0 1 1 1 0 0 0 1 1 1 0 1 1 1 7 0 1 1 0 0 1 1 1 1 0 1 1 1 1 0 1 0 1 0 1 0 1 1 1 1 1 1 0 0 0 1 1 1 1 0 0 1 1 0 0 1 1 1 1 1
0 0 0 1 0 1 1 1 0 1 1 1 1 0 1 0 1 0 1 0 0 0 0 0 1 1 1 1 1 1 1 1 1 0 0 0 0 1 1 0 0 1 1 1 1 1 1 0 1 1 0 1 0 0 0 44 0 0 0 0 0 1 0 1 0 1 0 1 1 1 0 1 1 0 0 1 0 0 1 1 1 1 0 1 1 0 0 1 0 1 1 0 0 1 0 1 1 0 0 0
1 0 0 1 0 1 1 0 0 0 0 0 0 0 1 1 0 0 0 0 1 1 0 1 0 1 1 1 1 0 1 0 1 0 1 0 1 0 0 1 1 1 0 0 1 0 1 1 1 1 0 0 1 1 1 1 74 1 0 1 0 1 1 1 0 1 1 1 0 1 1 1 0 1 1 0 1 0 1 1 1 1 0 0 1 1 0 0 0 0 0 1 1 0 1 1 0 0 1 1
0 0 1 1 0 0 1 0 1 0 0 0 0 0 1 1 0 0 1 0 1 0 0 1 1 0 0 1 1 1 1 0 0 1 1 1 0 1 1 0 1 1 1 1 1 0 0 1 1 1 1 0 0 0 0 0 1 95 0 1 1 0 0 1 1 0 1 0 0 1 0 0 1 0 0 0 1 1 1 0 0 0 0 1 0 1 1 0 1 0 1 1 0 0 0 1 0 0 1 1
0 0 0 1 0 0 0 1 0 1 1 0 0 1 0 1 1 0 1 1 0 1 0 1 0 0 0 1 0 1 0 0 1 1 1 0 1 0 1 0 0 1 1 0 0 1 1 1 1 1 1 0 1 1 0 0 1 1 61 1 1 1 1 0 0 0 0 1 1 1 0 0 0 1 0 1 0 1 1 1 0 0 1 1 0 1 1 1 0 0 0 1 1 1 1 0 1 1 1 1
1 0 1 0 0 0 1 1 1 1 1 0 1 1 0 1 0 1 0 1 1 0 1 0 0 1 0 0 1 0 0 0 1 0 0 0 0 0 0 0 1 1 0 0 1 0 1 1 0 0 1 1 1 0 0 0 1 0 0 16 0 1 1 1 1 1 1 1 1 0 0 0 0 0 1 0 1 0 1 0 0 1 1 1 1 1 0 0 0 0 1 1 1 1 0 0 0 0 1 0
0 0 1 1 1 1 1 0 0 1 0 0 1 0 1 1 1 0 0 1 0 0 0 1 0 1 1 1 1 1 0 1 1 1 1 1 0 1 1 0 1 1 1 0 1 1 0 0 1 1 0 0 1 0 0 1 0 0 0 1 75 1 1 0 0 0 0 0 0 1 0 1 0 0 0 0 1 1 1 1 1 1 0 0 1 1 0 1 0 1 0 1 0 0 1 1 0 1 1 1
1 0 0 1 1 0 1 1 1 0 1 1 0 0 1 1 1 1 1 0 0 1 1 0 0 1 1 1 1 0 0 1 1 0 1 1 1 1 0 1 0 0 1 0 1 0 1 1 1 0 0 1 0 0 0 0 0 0 1 0 1 20 1 0 0 0 1 1 0 1 1 1 1 0 1 0 0 1 1 1 1 1 1 0 1 0 0 1 1 0 1 0 1 0 1 1 0 0 1 0
0 1 1 0 0 1 1 1 0 0 1 1 0 1 0 0 0 1 0 0 1 0 0 1 1 0 1 1 1 0 1 0 0 0 1 1 1 0 1 1 0 0 1 0 0 0 1 1 1 1 1 1 1 0 1 0 0 1 0 1 0 1 91 0 0 0 0 0 0 1 1 1 1 1 0 0 0 1 1 1 1 0 0 0 0 1 1 0 0 0 0 1 1 1 0 1 0 0 1 0
0 1 1 0 0 0 1 1 0 1 0 0 1 0 0 0 0 0 0 1 0 1 0 0 0 0 0 0 1 1 1 0 0 0 1 1 1 0 0 1 0 0 1 1 0 0 1 1 0 1 0 0 0 0 0 0 1 1 0 1 1 1 0 70 1 0 0 0 1 1 0 1 0 1 0 0 0 0 1 1 1 0 1 0 1 1 0 0 0 0 0 1 1 0 1 0 1 1 0 0
1 0 1 0 1 1 0 0 1 0 1 0 1 1 0 0 0 1 1 1 1 0 0 1 1 0 1 1 1 1 1 1 0 1 1 0 1 0 0 1 0 1 0 1 1 1 1 0 0 1 0 0 0 1 0 1 1 0 0 0 1 1 1 0 72 0 1 0 1 0 1 1 1 0 0 1 1 0 0 1 0 1 1 0 1 1 1 0 0 1 1 0 1 0 0 0 0 1 0 1
0 0 1 1 0 1 0 0 1 1 0 0 1 0 0 1 0 1 1 1 0 1 1 1 1 0 0 1 1 1 1 0 1 1 0 1 0 0 0 0 0 0 1 0 1 0 1 0 0 1 0 1 1 0 1 1 1 1 0 0 0 0 0 0 0 36 1 1 1 1 0 0 1 0 0 1 0 1 1 1 0 0 0 1 0 1 0 0 0 1 0 1 1 1 1 0 0 1 0 0
1 0 0 1 1 1 1 1 1 1 1 1 0 1 0 1 1 0 0 1 0 1 0 1 1 0 0 0 1 0 1 0 0 1 1 1 1 1 0 1 1 0 0 1 1 1 0 0 0 1 1 0 1 1 1 0 1 0 1 1 0 1 0 1 0 0 49 0 0 0 1 0 1 0 1 1 1 0 1 0 0 1 0 0 0 1 0 1 1 1 1 0 1 1 0 0 0 1 1 0
0 1 0 1 0 0 1 1 0 0 1 1 1 1 1 0 1 1 1 1 0 1 0 1 1 1 1 0 1 1 0 1 1 0 0 0 1 1 0 1 1 0 1 0 0 0 1 1 1 0 1 0 0 1 0 1 1 0 1 0 1 1 1 0 0 0 1 97 0 0 1 0 0 0 1 1 0 0 0 0 1 1 0 0 0 1 0 1 0 0 0 1 0 1 0 0 1 1 1 1
1 0 1 1 1 1 1 0 0 0 1 0 1 0 1 1 1 1 0 1 0 0 0 0 1 0 0 1 1 0 0 0 0 0 1 1 0 0 1 1 1 0 0 0 1 1 0 0 0 1 1 1 0 1 0 0 1 1 1 1 1 1 0 1 1 0 0 1 3 1 1 0 1 1 0 0 0 1 1 0 0 0 0 0 1 1 0 1 1 0 1 0 1 1 0 0 0 0 1 0
1 0 1 0 0 0 1 1 0 1 0 1 0 1 0 1 0 0 0 0 0 0 0 1 0 1 1 1 0 1 1 1 0 1 1 1 1 1 1 1 0 0 0 0 0 0 1 0 0 0 0 1 1 1 0 1 1 0 0 1 0 0 0 1 1 0 1 0 0 12 1 1 0 1 0 0 0 0 0 1 1 1 1 1 0 1 0 1 1 1 1 0 1 0 0 0 1 1 0 1
1 1 1 0 1 0 0 1 1 1 1 1 1 1 1 1 0 0 0 1 1 1 0 1 0 0 0 1 0 0 0 1 0 1 0 0 0 0 1 0 1 0 1 0 0 1 1 0 0 0 0 1 0 0 0 0 1 0 1 1 0 1 1 1 1 1 1 0 1 1 69 0 0 1 0 1 1 0 0 0 1 0 1 0 1 1 0 1 0 1 1 1 1 0 1 1 1 0 1 0
0 0 1 1 1 0 0 1 1 1 0 1 1 1 0 0 0 1 1 1 0 1 0 0 0 0 1 1 1 1 0 1 0 1 1 0 1 0 0 1 1 0 0 1 0 1 0 1 0 0 0 0 1 1 1 1 1 1 1 0 1 0 1 1 0 0 1 0 0 1 1 15 1 0 0 1 0 0 1 1 1 1 1 0 1 1 0 0 0 1 0 0 1 1 0 0 1 1 0 1
0 0 1 0 0 1 0 0 1 1 0 0 1 0 0 1 1 0 0 1 0 0 1 1 1 0 0 0 0 1 0 0 0 1 1 1 1 1 1 0 0 0 0 0 1 0 0 0 0 1 1 1 0 0 1 0 0 0 0 1 1 1 1 1 0 1 0 0 0 0 0 1 0 1 0 0 1 0 0 0 1 0 1 0 1 1 0 0 1 0 1 1 0 1 0 0 1 1 1 1
0 0 0 0 0 1 1 0 0 1 1 0 1 1 0 1 0 0 0 1 0 0 1 0 1 0 1 1 1 1 1 1 0 1 1 1 0 0 0 1 1 1 1 1 1 0 1 0 1 0 0 1 1 1 1 1 0 1 1 0 0 1 0 0 1 1 0 1 0 0 1 1 1 99 1 1 1 1 0 0 1 1 1 0 1 0 0 1 1 0 1 0 0 1 0 0 1 1 0 1
0 1 1 1 0 0 0 1 1 0 0 0 1 1 1 1 0 1 1 0 0 1 1 0 0 1 0 0 0 0 0 1 1 1 0 1 0 0 0 0 1 1 1 0 1 1 1 0 1 0 1 1 1 1 0 0 1 1 0 0 0 0 1 1 1 1 0 1 1 1 1 0 1 0 17 1 1 0 1 0 1 0 1 0 1 0 0 1 0 1 1 0 1 1 1 0 1 1 0 1
1 1 1 1 1 0 1 0 0 0 0 1 0 1 1 0 0 1 0 1 0 1 0 1 0 1 0 0 0 1 1 0 0 1 1 1 0 0 1 1 0 0 1 0 0 1 0 0 1 0 0 1 0 0 0 0 1 1 1 1 0 1 1 0 0 1 0 1 1 0 1 1 1 0 0 60 1 0 0 0 0 1 0 1 1 0 1 1 0 1 0 1 0 1 0 1 1 0 0 1
1 1 1 0 1 0 0 0 0 1 0 0 1 1 0 0 0 1 1 0 0 0 0 1 1 1 0 1 0 0 1 1 0 1 1 0 0 1 1 1 0 0 0 0 0 1 1 0 0 0 1 0 0 1 0 1 0 1 0 0 0 0 1 0 0 1 1 0 0 0 1 0 1 0 0 1 89 0 1 0 0 0 1 0 0 0 1 0 0 1 0 0 0 1 0 0 1 1 1 1
1 0 1 1 1 0 1 1 0 0 1 0 0 0 1 0 0 0 0 1 1 1 0 0 1 0 0 0 1 0 1 1 0 0 0 1 0 0 0 0 0 0 1 0 0 1 1 1 0 1 0 1 1 1 0 0 1 0 0 1 0 1 1 1 1 1 0 0 1 1 0 0 1 0 1 1 0 66 1 1 0 1 0 1 1 1 0 1 0 0 1 0 1 1 1 1 0 0 0 0
1 0 1 1 1 0 1 0 1 0 0 1 0 0 1 1 0 0 0 0 0 0 0 0 0 1 0 0 0 1 0 0 0 1 1 1 0 0 0 0 0 1 0 1 1 1 1 0 1 0 0 1 1 1 0 1 1 0 0 1 0 1 1 1 0 1 1 1 0 0 1 0 0 0 0 1 1 0 16 1 1 1 0 1 0 1 0 1 0 0 1 0 1 1 0 0 1 1 1 0
1 0 0 0 0 1 0 0 0 0 1 0 1 0 1 1 1 1 0 1 1 1 0 1 1 0 0 0 0 1 0 1 0 0 1 0 0 1 1 1 1 0 1 0 0 1 0 0 0 1 1 0 1 0 0 1 1 1 1 0 0 1 1 0 0 0 1 1 1 0 1 1 0 0 1 0 1 0 0 96 0 0 1 0 1 1 1 0 1 0 0 0 0 0 1 1 1 0 1 0
0 0 1 0 0 0 0 1 1 1 1 1 1 1 1 1 0 1 1 0 0 0 0 0 1 1 1 0 1 1 1 0 1 0 0 0 0 1 1 0 1 1 0 1 1 0 1 1 0 0 1 1 0 1 0 1 1 0 1 0 1 0 0 0 1 1 1 0 1 1 1 1 1 0 1 1 1 0 0 1 88 0 1 1 0 0 0 0 0 1 1 0 0 1 1 0 0 0 1 1
0 0 0 0 1 0 1 1 0 0 0 0 1 0 1 0 0 1 1 1 1 0 0 0 1 1 1 0 0 1 0 0 0 1 1 1 0 0 1 0 1 1 1 1 1 1 0 0 0 0 0 0 1 0 1 1 1 0 0 1 1 0 1 1 1 0 0 1 1 0 1 1 0 0 1 0 1 0 1 0 0 8 0 1 0 0 0 1 0 0 0 0 0 0 0 0 1 1 1 1
0 1 0 0 0 0 0 1 1 1 1 1 0 0 1 1 0 0 1 0 1 1 0 0 1 0 0 1 1 1 1 1 1 0 0 0 0 0 1 0 1 0 0 0 0 1 1 0 0 1 0 0 0 0 1 0 1 0 0 1 1 1 0 0 0 0 0 1 0 0 0 1 0 1 1 1 1 0 1 0 1 1 38 1 0 1 0 0 1 1 0 0 0 0 0 0 1 0 1 1
0 0 0 1 1 1 0 1 0 0 0 0 0 1 0 1 0 1 1 0 1 0 1 0 1 0 1 0 1 0 0 1 0 0 0 0 1 1 0 0 0 0 1 0 1 1 1 1 1 0 0 0 0 1 1 0 1 1 0 0 0 1 0 1 1 0 1 1 0 0 1 1 0 1 1 1 1 1 1 0 0 0 0 6 1 1 1 0 0 1 0 0 0 1 1 1 0 0 0 1
1 0 1 0 0 0 0 1 0 0 1 1 0 1 0 0 1 0 1 0 0 1 1 1 1 1 1 0 1 1 0 1 0 0 1 1 0 1 1 1 0 1 0 1 1 0 1 1 1 1 0 1 0 0 0 0 0 1 0 1 1 1 1 1 1 1 0 1 0 0 1 0 1 1 1 1 0 1 1 0 1 1 1 1 78 0 0 0 0 0 0 1 0 0 1 0 1 1 0 0
0 1 1 1 1 1 0 1 1 1 0 1 1 1 1 0 0 0 0 1 1 0 0 1 1 1 0 1 0 1 1 0 1 0 1 1 1 1 0 1 0 1 1 1 0 1 1 1 1 0 1 0 0 1 1 1 0 0 0 1 1 0 0 1 0 1 0 1 0 1 0 1 1 0 0 0 1 0 0 1 0 0 1 1 0 35 1 0 0 0 1 0 1 0 0 1 1 1 1 0
1 1 0 1 0 1 0 1 0 0 0 1 0 1 0 1 0 0 1 0 0 0 1 1 1 0 1 1 0 0 0 1 0 1 0 0 1 1 1 0 1 1 1 1 1 0 0 0 1 0 0 1 1 1 1 1 0 0 0 1 0 1 0 0 0 1 0 0 0 0 0 1 0 1 0 0 0 0 0 1 0 0 0 0 1 1 42 0 1 0 1 0 1 0 0 1 0 0 1 1
0 1 0 0 0 1 1 0 0 1 1 0 0 0 0 0 0 0 1 1 0 0 0 0 1 0 1 1 1 0 1 1 1 1 0 0 0 0 1 0 1 0 1 1 0 1 1 0 0 1 1 0 0 1 1 1 1 1 1 0 1 0 0 0 0 1 0 0 0 0 0 1 0 0 1 1 0 0 0 0 1 0 0 1 1 1 1 35 0 1 1 1 1 0 1 0 0 0 1 0
0 1 0 0 1 1 1 0 0 1 0 0 0 0 1 0 1 0 0 1 1 0 1 0 1 1 0 0 0 0 1 1 0 0 0 0 1 1 1 0 1 0 1 0 0 1 1 0 0 0 1 1 1 1 0 1 1 1 1 1 0 1 1 0 1 0 0 0 0 1 0 0 1 0 1 0 1 1 1 0 0 0 0 1 0 0 1 0 58 1 0 1 1 0 1 1 0 1 0 1
0 1 0 0 0 0 0 1 0 1 0 0 1 0 1 0 0 1 0 1 0 1 1 1 0 0 1 0 0 0 0 1 0 1 0 0 1 0 1 0 1 0 0 0 0 1 1 0 0 1 0 1 1 0 1 0 1 1 0 0 1 1 1 1 0 0 1 1 1 1 1 0 0 1 0 0 0 0 1 1 1 0 1 0 1 0 1 0 1 11 0 0 1 0 0 1 1 0 1 0
0 1 1 0 1 0 1 0 0 1 0 1 0 1 0 0 0 1 1 1 1 1 0 0 1 1 1 0 0 1 1 1 1 0 0 0 1 0 0 1 0 0 1 1 1 0 1 0 1 1 0 1 1 1 1 1 1 0 1 1 1 0 0 0 1 1 1 0 1 0 0 0 0 0 1 1 1 1 0 1 0 1 0 0 0 1 1 0 1 0 68 0 1 0 1 1 0 1 0 1
1 0 1 1 0 0 1 1 1 0 0 1 1 1 1 0 0 1 1 0 0 0 1 0 0 0 1 1 0 0 1 1 0 1 0 0 0 1 0 0 1 1 0 0 0 0 1 0 0 1 1 1 0 0 0 0 1 1 1 0 0 1 0 0 0 0 1 1 1 0 0 0 0 1 0 0 0 0 0 0 0 1 1 0 1 1 0 1 0 1 1 8 1 0 1 0 0 0 0 1
0 1 0 0 1 1 0 0 0 1 1 0 0 1 0 1 1 1 1 0 1 1 1 1 1 1 0 1 1 1 0 1 0 0 0 1 1 0 0 0 0 1 1 0 1 0 1 1 1 0 1 0 1 1 0 0 1 1 0 0 0 0 0 0 0 1 0 1 0 0 1 0 1 1 1 0 1 0 1 1 1 1 0 1 0 1 1 1 0 1 1 0 46 1 0 0 1 0 1 1
1 0 0 1 1 1 1 1 1 1 0 0 1 1 1 1 1 1 1 1 0 0 0 0 0 1 0 0 0 1 1 0 1 0 1 1 0 0 0 1 1 1 0 1 0 1 1 1 1 1 0 0 0 1 0 0 0 0 0 1 0 0 1 0 0 0 1 1 0 1 1 1 0 1 0 0 1 1 1 0 1 0 0 0 0 0 0 1 1 1 1 0 0 17 1 1 0 1 0 0
0 1 1 0 1 0 0 1 0 0 0 1 1 0 0 0 1 0 1 1 0 1 0 1 0 0 0 1 0 1 0 1 0 0 0 0 1 0 0 0 0 0 0 0 0 0 1 0 0 0 0 0 0 0 0 0 1 1 1 1 0 1 0 0 1 1 1 0 1 0 1 1 0 1 0 1 1 1 1 0 0 0 1 0 1 0 0 0 0 1 0 1 1 0 92 0 0 1 0 1
0 0 1 1 1 0 1 0 0 1 1 1 1 0 0 0 0 0 0 0 0 1 1 0 1 0 1 1 1 1 0 1 1 0 1 0 0 0 1 1 1 1 1 0 1 1 1 1 1 0 1 0 1 1 1 0 1 0 1 0 0 1 0 0 1 0 1 1 1 0 0 0 1 0 0 0 1 0 1 0 0 1 1 1 0 0 0 1 1 1 1 0 0 1 0 69 1 1 0 1
1 1 1 0 0 1 1 0 1 1 0 1 1 1 0 1 0 1 1 0 1 1 1 1 0 0 0 1 0 1 0 1 1 1 1 1 1 0 0 1 0 0 1 1 1 0 0 0 0 0 1 0 1 1 1 1 1 0 1 0 1 1 0 1 1 0 1 0 1 0 0 1 1 0 1 1 0 0 1 1 1 1 1 0 1 1 1 1 0 1 0 0 0 1 0 0 79 1 0 0
0 1 1 1 0 1 0 0 0 1 0 1 0 1 1 0 1 0 0 0 1 1 1 0 0 0 0 1 0 0 1 1 0 1 0 0 1 0 0 0 0 0 1 1 0 0 0 0 0 1 0 0 1 0 0 0 1 1 0 1 1 0 0 1 0 0 0 1 0 1 0 1 0 0 0 0 0 1 1 0 1 1 1 1 1 1 0 0 0 1 0 1 0 1 1 0 0 91 0 0
1 1 0 0 0 1 1 1 0 0 0 0 0 0 1 0 1 1 0 1 0 1 0 0 1 0 0 0 0 0 0 0 1 0 0 1 0 0 0 0 1 0 0 1 1 1 0 1 0 0 1 1 0 0 0 0 0 1 1 0 1 0 1 1 1 0 0 1 0 0 1 0 0 0 0 0 0 1 0 0 0 0 1 1 1 1 0 1 0 1 1 0 0 0 0 1 1 0 79 0
1 0 0 1 0 0 1 1 0 1 0 0 1 0 1 1 1 1 0 0 1 0 1 0 1 1 0 1 0 1 1 0 0 0 0 0 1 0 1 0 0 0 1 0 0 1 0 1 0 1 0 1 1 0 1 0 0 0 1 1 0 0 1 0 0 0 0 1 0 1 1 0 0 1 1 1 1 1 1 0 0 1 0 1 1 0 1 0 0 1 0 0 0 0 1 1 0 0 0 4
