22
68 0 0 0 1 0 1 0 1 0 0 1 0 1 0 0 1 0 1 0 1 0
0 30 1 1 0 0 0 0 1 0 1 0 1 0 0 0 1 0 0 1 0 1
0 1 99 1 0 1 0 1 0 0 1 0 1 1 1 0 0 0 1 1 0 1
0 1 0 10 1 0 0 1 0 1 0 1 0 1 0 0 1 0 1 1 0 0
1 0 0 1 44 1 0 1 1 1 0 0 0 0 0 0 1 0 0 0 1 1
0 0 1 0 1 77 0 1 1 1 1 1 1 0 0 1 1 0 0 1 0 1
1 0 0 0 0 0 87 0 1 1 0 0 0 1 0 1 0 1 0 0 1 0
0 0 1 1 1 1 0 55 0 0 1 0 0 0 1 1 0 0 1 1 1 0
1 1 0 0 1 1 1 0 39 1 0 1 1 1 0 0 0 1 0 1 0 0
0 0 0 1 1 1 1 0 1 15 0 1 0 1 0 0 0 1 1 1 0 0
0 0 0 0 1 0 1 0 1 0 16 1 1 0 0 1 1 0 0 0 1 1
0 1 1 0 0 1 0 0 1 0 0 93 0 1 0 1 0 1 0 0 0 1
0 1 0 1 0 1 0 1 0 1 0 1 38 0 1 0 1 0 1 0 0 1
1 1 1 0 1 0 1 0 0 1 0 0 1 33 0 1 1 1 1 0 0 0
0 1 1 0 0 1 1 0 1 0 1 0 0 1 78 0 1 0 0 1 0 1
0 0 0 1 1 0 1 0 1 0 0 1 0 0 1 45 0 1 0 1 0 0 
1 0 1 0 0 1 0 0 1 1 1 0 0 1 1 0 35 0 1 0 1 0
0 1 0 0 0 0 1 0 0 0 0 1 1 0 0 1 0 82 0 1 0 1
0 0 0 0 1 0 0 1 1 1 1 1 1 0 0 0 0 1 90 0 1 1
1 1 1 1 0 0 1 1 0 1 1 0 0 1 1 0 1 0 0 77 0 1
0 0 1 1 0 1 0 0 0 1 1 0 1 0 0 1 1 1 0 1 88 0
0 0 1 1 0 1 1 1 1 1 0 0 0 1 1 0 0 1 0 1 0 22
