100
4 0 0 1 1 0 0 0 1 1 0 0 1 0 0 0 1 0 0 0 1 0 0 0 1 0 0 1 0 0 1 1 0 0 1 0 0 0 0 1 1 0 1 1 0 0 0 1 1 0 0 1 1 0 0 0 1 0 0 0 0 0 0 0 0 0 0 1 0 0 1 0 0 0 1 0 0 0 1 1 0 0 0 1 0 0 0 0 0 0 1 1 0 0 0 0 0 1 1 0 
0 33 1 0 0 0 1 1 1 0 0 0 0 1 1 0 0 1 0 0 1 0 0 0 1 0 0 0 1 1 0 0 1 0 0 0 1 1 0 1 1 1 1 0 0 1 0 0 0 1 1 1 1 0 0 1 0 0 1 0 0 0 1 0 0 1 0 0 0 0 1 0 0 1 0 0 1 1 0 1 1 1 0 0 1 1 1 0 0 1 1 0 0 0 0 0 1 0 0 0 
0 1 18 0 0 1 0 0 1 1 0 1 1 0 0 0 0 1 1 0 0 0 0 1 0 0 0 1 0 0 1 0 0 1 0 0 1 0 0 0 1 1 1 0 0 0 0 0 1 1 0 0 0 1 1 0 0 1 1 0 0 1 0 0 1 1 0 0 0 1 0 0 1 0 0 0 1 0 0 0 0 1 0 0 0 1 1 1 0 0 0 0 1 1 0 0 1 0 0 1 
0 0 0 59 0 1 1 1 0 0 1 1 0 0 0 0 1 0 0 0 0 0 1 1 0 0 1 1 0 0 0 0 1 0 0 0 1 1 0 0 0 0 1 1 1 1 1 0 0 0 1 1 0 0 0 0 0 0 1 1 0 0 1 1 0 0 1 0 0 1 0 0 0 1 1 0 0 0 1 0 0 1 0 0 0 1 1 0 0 0 0 1 1 0 1 1 1 1 0 0 
1 1 0 0 88 0 0 0 0 0 1 1 1 0 0 0 1 0 0 1 0 0 0 0 0 0 0 0 0 0 0 0 1 0 0 0 0 1 1 0 0 1 0 0 0 0 1 1 0 0 1 0 0 0 0 0 0 0 1 0 0 1 0 0 0 1 0 0 0 1 0 0 0 1 1 0 1 1 1 0 0 1 1 1 1 1 0 0 0 1 0 0 0 0 0 1 1 0 0 1 
1 1 0 1 1 88 1 1 0 0 0 0 0 1 1 0 1 1 1 1 0 0 0 0 0 1 0 0 1 1 1 0 0 0 1 0 0 1 1 0 0 0 0 0 0 1 1 0 0 1 1 1 0 0 0 0 0 1 1 0 0 0 0 1 0 0 0 1 0 0 1 1 0 0 0 1 1 1 1 0 0 1 1 0 0 1 0 0 1 1 1 1 0 0 1 1 1 1 1 1 
0 0 1 0 0 0 40 1 0 0 1 0 0 0 1 0 0 0 0 1 0 0 1 1 0 0 0 0 0 1 0 0 1 0 0 1 0 0 1 0 0 0 0 1 0 0 0 1 1 0 0 1 0 0 1 0 0 1 0 0 1 0 0 1 0 0 0 0 0 1 1 0 1 1 0 0 1 1 0 0 0 1 1 0 0 1 1 0 0 0 0 1 1 0 0 1 1 0 0 1 
1 0 0 0 1 1 0 50 1 0 0 0 1 1 0 0 0 0 1 1 0 0 0 0 1 1 0 0 0 0 0 0 1 1 0 0 1 1 0 0 0 1 0 0 1 1 0 0 0 1 0 0 1 0 0 0 1 0 0 1 1 0 0 0 1 1 1 0 0 1 1 0 0 1 0 0 0 1 0 0 1 1 0 0 0 0 0 1 1 0 0 0 0 0 0 1 1 1 0 0 
1 1 0 0 0 1 1 1 81 1 0 0 0 1 1 0 0 0 1 1 0 0 0 1 0 0 0 0 0 1 0 0 0 1 0 0 1 0 0 0 1 0 0 1 0 0 0 1 1 0 0 1 1 0 0 0 0 1 1 0 0 1 1 0 0 0 0 1 1 0 0 1 0 0 0 1 1 0 0 0 1 0 0 0 1 1 0 1 1 1 1 1 0 0 1 0 0 1 1 0 
1 1 1 0 0 0 1 0 0 69 0 1 0 0 1 0 0 1 1 0 0 1 1 0 0 1 1 0 0 1 0 0 1 0 0 1 0 0 1 0 0 0 1 1 0 0 1 1 0 0 1 1 0 0 1 1 0 0 0 1 1 0 0 1 0 0 1 0 0 0 1 0 0 1 1 1 1 0 0 0 0 0 0 0 0 0 1 1 0 0 1 0 0 1 1 0 0 0 1 0 
1 1 1 0 0 0 1 1 0 1 93 0 1 0 0 1 1 0 0 1 0 0 0 0 0 0 1 0 0 1 0 0 0 1 0 0 1 0 0 0 0 1 0 0 1 1 0 0 0 1 0 0 1 1 0 0 0 1 0 0 0 0 1 0 0 1 1 0 0 1 1 0 0 1 1 0 0 1 1 0 1 1 1 1 0 0 1 0 0 1 0 0 1 1 0 0 0 0 1 0 
0 0 1 0 0 1 1 0 0 1 0 73 0 0 1 0 0 0 0 0 1 1 1 1 1 0 0 0 0 1 0 0 0 0 0 1 1 0 0 1 0 0 0 1 1 0 1 1 1 0 0 0 1 0 0 0 1 0 0 0 0 0 0 1 1 0 1 1 0 0 0 1 1 1 0 0 0 0 0 1 1 1 1 1 0 0 0 1 0 0 0 1 1 0 0 0 0 1 1 0 
1 0 0 0 1 0 0 1 1 0 1 1 9 0 0 0 0 0 0 1 0 0 0 0 0 1 0 0 1 1 0 1 1 1 1 0 0 1 1 0 0 1 0 0 0 0 0 0 1 1 0 0 1 0 0 1 1 1 0 0 1 1 0 0 0 1 0 0 0 0 0 1 1 0 0 1 0 0 0 1 1 0 0 0 0 0 1 0 0 0 1 1 0 0 0 1 1 1 0 0 
0 0 1 0 0 0 1 0 0 0 1 1 0 48 1 1 1 1 0 0 0 1 1 0 0 0 0 0 1 1 0 0 0 1 1 1 1 1 0 0 1 1 1 0 0 1 1 1 1 1 1 0 0 1 1 0 0 1 0 0 1 0 0 1 1 0 0 0 1 0 0 0 1 1 0 0 0 0 1 0 0 1 1 0 0 0 1 1 0 0 0 1 0 0 0 1 0 0 1 0 
1 0 0 0 0 0 0 1 1 0 0 0 0 1 90 0 0 0 0 0 0 0 1 0 0 0 1 1 0 1 1 1 1 1 1 1 1 1 1 0 0 0 1 0 0 0 1 1 1 1 0 0 0 0 1 1 0 0 1 1 1 1 0 0 1 0 0 1 0 0 1 0 0 1 1 0 0 1 1 0 1 1 1 0 0 0 0 1 1 0 0 0 0 1 0 0 0 0 1 1 
1 1 0 0 1 0 0 0 0 0 0 1 0 0 1 66 1 1 0 0 1 0 0 0 1 1 0 0 1 1 0 0 0 1 1 0 0 1 0 0 1 0 0 0 0 0 1 1 0 0 0 0 1 0 0 0 0 0 1 1 0 0 1 1 0 0 0 1 0 0 0 1 0 0 0 1 0 0 1 1 0 0 0 0 0 0 1 0 0 0 0 0 0 0 0 0 0 1 0 0 
1 1 0 0 0 1 0 0 1 1 0 0 1 1 0 1 40 1 0 0 1 0 0 1 1 0 0 0 1 1 1 0 0 0 1 0 0 0 1 1 0 0 1 0 0 1 1 0 0 1 1 0 0 1 1 0 0 0 1 1 0 0 1 0 0 1 0 0 1 1 0 0 0 0 1 1 0 0 0 1 1 1 0 0 0 1 0 0 1 0 0 0 1 0 0 1 1 0 0 0 
0 0 1 0 0 1 0 0 0 1 0 0 1 0 0 0 0 49 0 1 0 0 0 1 0 0 1 0 0 0 0 1 1 0 0 1 0 0 1 0 0 1 0 0 0 1 0 0 0 1 0 0 1 1 0 0 0 0 1 1 1 1 0 0 1 0 0 1 0 0 1 1 0 0 0 0 0 1 0 0 0 1 0 0 0 0 0 0 0 1 0 0 0 0 1 0 0 1 1 1 
1 1 1 0 0 0 0 1 1 0 0 0 0 0 0 0 0 1 91 1 0 0 1 1 0 0 0 0 1 1 0 0 1 0 0 0 1 0 0 0 0 1 1 0 0 0 0 0 1 0 0 0 0 0 1 1 0 0 0 1 1 0 0 1 1 0 0 0 0 1 0 0 1 1 0 0 1 1 0 0 1 0 0 1 1 0 0 1 0 0 1 1 0 0 0 0 1 1 0 1 
1 0 0 1 0 0 1 0 0 0 1 0 0 1 0 0 0 0 1 86 0 0 0 0 1 0 0 0 1 1 0 0 1 0 0 0 0 1 1 0 0 1 1 0 0 0 0 1 0 0 0 0 1 0 0 1 0 0 1 0 0 0 0 1 1 0 0 0 0 0 0 0 0 1 0 0 0 1 0 0 0 0 0 1 0 0 0 0 0 0 1 1 0 0 0 0 1 1 0 1 
0 1 1 0 1 1 1 1 1 0 0 0 1 1 0 0 0 0 0 1 93 0 0 0 1 1 0 0 1 0 0 0 0 1 0 0 1 1 0 0 0 0 1 1 0 0 0 1 1 0 0 0 1 0 0 1 1 0 1 1 1 1 0 0 0 1 0 0 1 1 0 0 1 0 0 0 1 0 0 0 0 0 0 0 1 0 0 0 1 1 0 0 0 0 0 1 0 0 1 0 
0 0 1 0 0 1 0 0 1 1 0 0 1 1 0 0 0 0 1 1 0 63 0 1 1 0 0 1 0 0 0 0 1 0 0 0 1 0 0 0 1 1 1 1 0 0 0 0 1 1 0 0 1 1 0 0 0 0 0 0 0 1 1 0 0 1 1 1 0 0 0 0 1 1 1 1 0 0 1 1 0 0 1 0 0 1 0 0 1 0 0 1 0 0 0 0 0 0 1 1 
0 0 0 0 0 0 1 0 0 1 1 0 1 1 1 0 0 1 0 0 0 0 38 0 1 1 0 0 1 0 0 0 1 1 1 1 1 0 0 0 1 0 0 1 0 0 1 1 0 1 1 0 0 0 0 0 1 0 0 0 0 0 1 0 0 0 0 0 0 0 0 1 0 0 0 1 1 0 0 0 1 0 0 1 1 0 0 1 0 0 0 1 0 0 1 0 0 0 1 1 
0 1 1 0 0 0 0 1 1 0 0 1 0 0 1 1 0 0 1 1 1 1 1 49 0 0 1 1 1 0 0 0 1 1 0 0 1 1 0 0 0 1 1 0 0 0 0 1 0 0 1 1 0 0 1 1 0 0 0 1 1 0 0 1 1 0 0 1 1 0 0 0 1 0 0 0 1 0 0 1 1 1 0 0 1 0 0 0 0 1 0 0 1 0 0 0 1 0 0 1 
0 0 0 1 1 0 0 1 1 1 1 1 1 1 0 0 0 0 1 0 0 1 1 0 17 0 1 0 0 0 1 0 0 1 1 0 0 1 1 0 0 0 0 0 0 0 1 0 0 0 1 1 1 0 0 0 0 1 1 0 0 1 1 0 0 1 1 0 0 1 1 0 0 1 1 0 0 1 1 1 0 0 0 1 0 0 1 1 0 0 1 0 0 0 0 0 0 0 1 1 
0 0 0 0 0 1 0 0 1 1 1 1 0 0 0 1 1 1 1 0 0 0 0 1 0 77 0 0 1 1 0 0 1 0 0 0 1 0 0 1 0 0 0 0 0 0 1 0 0 0 1 0 0 1 1 0 0 1 0 0 0 1 1 0 0 1 1 0 0 1 0 0 1 0 0 0 0 0 1 0 0 1 1 1 0 0 1 1 1 0 0 0 0 0 1 1 0 0 1 1 
1 0 0 0 0 1 0 0 1 0 0 0 1 1 0 0 1 1 0 1 1 0 0 0 0 1 11 1 0 0 1 1 0 0 1 1 0 1 1 0 0 0 1 1 0 0 1 0 0 0 0 0 0 1 0 0 1 0 0 0 0 0 0 0 1 0 0 0 1 1 0 0 0 0 1 1 0 0 0 1 0 0 0 0 0 0 1 1 0 0 1 0 0 0 0 0 1 0 0 1 
1 1 0 0 1 0 0 0 1 0 0 1 1 0 0 1 1 1 1 0 0 0 1 1 1 0 0 84 1 0 0 1 1 0 0 1 1 0 0 0 0 1 1 1 1 0 0 0 0 0 1 1 1 0 0 0 1 1 0 0 0 0 1 1 0 1 1 1 0 0 0 0 0 1 1 0 0 1 1 0 0 0 1 0 0 0 0 1 0 0 0 1 0 0 1 1 0 0 0 0 
1 0 0 1 0 0 0 0 0 0 0 1 1 0 0 1 1 0 0 1 1 0 0 0 1 0 0 1 55 1 0 0 1 0 0 0 0 1 1 1 1 0 0 0 1 1 0 0 0 0 1 0 0 0 0 1 0 0 0 1 1 0 0 1 0 0 1 0 0 1 1 0 0 0 1 1 0 0 1 0 0 1 1 1 1 0 0 1 0 0 0 0 0 0 0 0 1 0 0 1 
0 0 0 1 1 0 0 1 1 1 1 0 0 1 1 0 0 0 0 1 1 0 0 1 0 0 0 0 0 56 1 0 0 0 0 0 1 1 0 0 1 1 0 0 0 0 1 0 0 0 1 1 0 0 1 1 1 1 1 1 0 0 0 1 1 0 0 0 1 1 0 0 0 0 1 1 0 0 1 0 0 1 1 0 0 0 1 0 0 1 0 0 1 1 0 0 1 1 0 0 
0 0 1 0 0 1 0 0 1 1 0 0 0 0 1 1 0 0 0 0 1 0 0 1 0 0 0 1 0 0 16 0 1 1 0 0 1 0 0 1 0 0 1 0 0 1 1 1 0 0 0 1 0 0 1 0 0 0 0 1 0 0 1 0 0 1 1 0 0 1 1 0 0 0 1 1 0 0 1 0 0 0 0 0 0 0 1 1 0 0 1 1 1 1 0 0 1 1 0 1 
0 1 0 0 1 0 0 1 1 0 0 1 0 0 0 0 0 1 1 0 0 1 0 0 0 1 1 1 0 0 1 37 1 1 0 0 0 1 1 0 0 1 1 0 0 0 1 0 0 0 1 0 0 1 0 0 0 0 0 1 1 1 1 0 0 0 1 1 0 0 1 1 0 1 1 1 0 0 0 0 1 0 0 1 1 0 0 1 0 0 1 0 0 1 0 0 1 0 0 1 
1 1 0 0 1 0 0 1 1 0 0 0 0 1 1 0 0 0 1 0 0 1 0 0 1 1 0 0 0 0 0 1 38 0 1 1 1 1 0 0 1 1 0 0 0 1 0 0 1 1 0 0 1 0 0 0 0 0 0 1 1 0 1 1 1 0 0 1 1 1 0 0 1 1 0 0 1 1 0 1 1 0 0 1 1 0 1 1 1 0 0 0 1 0 0 0 0 0 0 0 
1 1 0 0 0 1 0 0 1 1 0 0 0 1 1 1 0 0 0 0 1 1 0 0 1 0 0 0 0 1 0 0 1 13 0 0 1 0 0 0 0 0 1 1 0 0 1 1 0 0 0 1 0 0 0 0 0 0 0 0 0 0 1 1 1 1 1 1 0 0 0 0 0 1 1 0 0 1 1 1 1 0 0 1 0 0 1 0 0 0 0 1 1 0 0 0 1 0 0 1 
0 0 0 0 0 0 0 1 1 0 0 1 1 0 0 1 1 0 0 0 1 1 0 0 0 0 0 1 1 1 0 0 0 0 78 1 1 1 0 0 0 0 1 1 1 0 0 1 0 0 0 0 1 1 0 0 0 1 1 1 1 1 1 1 1 1 1 1 0 0 0 1 1 0 0 1 0 0 1 0 0 0 1 0 0 0 0 0 1 0 0 0 0 0 1 0 0 1 0 0 
0 1 0 0 0 0 1 1 0 0 0 1 0 0 0 0 1 0 0 0 1 0 0 0 0 0 1 1 1 1 1 0 0 1 0 44 0 1 1 1 0 0 0 0 1 1 0 0 1 1 0 0 0 0 0 1 1 1 1 1 0 0 0 1 1 0 0 0 1 1 0 0 0 1 0 0 0 1 1 0 0 0 0 0 0 0 0 1 0 0 1 1 0 1 1 1 1 0 0 0 
0 1 0 0 1 0 0 0 0 1 0 0 1 0 0 0 0 0 1 1 0 0 0 1 0 0 1 0 0 0 0 0 1 1 0 1 6 0 1 1 0 0 0 0 1 0 0 1 0 0 1 1 1 1 0 0 0 0 1 0 0 1 0 0 0 0 1 0 0 0 1 1 0 0 0 1 1 1 0 0 0 1 0 0 0 1 1 0 0 0 1 1 0 0 1 1 0 0 0 0 
0 0 0 1 0 0 1 1 1 0 0 0 0 0 0 1 1 1 1 1 1 1 0 0 1 0 0 0 1 1 0 0 1 0 0 0 0 34 0 0 1 0 0 0 0 0 1 1 0 0 1 0 0 0 1 0 0 1 0 0 1 0 0 1 1 0 0 0 0 1 1 1 0 0 0 1 1 1 1 0 0 0 1 0 0 1 0 0 1 1 0 1 1 1 1 1 1 0 0 0 
0 0 1 1 0 0 1 0 0 1 0 0 1 1 0 0 0 0 1 1 1 1 1 1 1 1 0 0 0 0 1 1 0 0 1 1 0 1 50 0 1 0 0 1 0 0 1 0 0 0 0 0 0 0 1 1 0 0 1 0 0 0 0 0 1 1 0 0 0 1 1 0 0 0 0 0 1 1 0 0 0 1 1 0 0 0 1 1 1 1 0 0 1 1 0 0 0 1 1 1 
0 0 1 1 0 0 0 1 1 0 0 0 1 1 0 0 0 1 0 0 0 0 1 1 0 0 0 0 1 1 0 0 0 0 0 1 0 0 1 77 0 0 0 0 1 1 0 0 0 0 1 1 0 0 1 0 0 1 0 0 1 1 0 0 0 0 1 1 1 0 0 0 1 0 0 0 0 1 1 0 0 1 0 0 0 1 1 1 0 0 0 1 0 0 1 0 0 0 1 0 
0 1 1 1 0 0 0 0 1 1 0 0 0 0 1 0 0 0 0 1 0 0 1 0 0 1 0 0 1 1 0 0 1 0 0 0 0 0 1 0 7 1 0 0 0 0 1 0 0 1 1 0 0 1 0 0 0 1 0 0 1 0 0 0 1 0 0 0 0 1 1 0 1 1 0 0 1 1 1 0 0 0 1 1 0 0 1 0 0 0 0 0 0 1 0 0 0 0 1 1 
1 1 0 0 0 1 1 0 0 0 1 1 0 0 0 0 1 1 0 0 0 0 0 0 0 1 1 1 0 0 0 1 1 1 0 0 1 1 0 0 0 0 1 0 0 1 1 0 0 1 0 0 1 0 0 0 0 0 0 1 0 0 0 0 1 1 0 0 0 1 1 0 0 0 0 1 1 0 0 0 0 0 1 0 0 1 0 0 0 0 1 0 0 0 1 1 0 0 0 1 
1 0 0 1 1 0 0 1 1 0 0 0 0 0 1 1 0 0 0 1 0 0 0 0 1 0 0 0 0 1 0 0 1 1 0 0 1 0 0 1 0 0 77 0 0 1 0 0 0 1 1 0 0 0 0 1 0 0 0 0 1 0 0 0 1 1 1 0 0 1 0 0 1 0 0 1 1 0 0 0 1 1 0 0 0 0 0 1 0 0 1 0 0 0 1 0 0 1 1 1 
0 0 0 0 0 1 0 0 1 0 0 1 0 0 1 0 0 0 0 0 1 1 0 0 1 0 0 0 0 1 1 0 0 1 1 0 0 1 1 1 1 0 0 77 1 1 0 0 0 0 0 1 1 0 0 0 1 1 0 0 1 1 1 0 0 0 1 1 1 0 0 0 0 1 0 0 0 1 0 0 1 1 0 0 1 0 0 0 1 0 0 0 1 0 0 0 0 0 0 1 
1 0 0 0 0 0 0 0 0 1 1 0 0 0 1 0 0 1 1 1 0 0 0 1 1 0 0 1 0 0 0 0 1 0 0 0 0 1 0 0 0 0 1 0 43 0 0 0 0 0 0 1 1 0 0 0 0 0 1 1 0 0 0 1 1 1 0 0 0 0 0 0 0 1 0 0 0 1 0 0 0 0 0 1 1 0 0 1 0 0 0 1 0 0 1 0 0 1 1 1 
0 1 0 0 0 0 0 0 1 1 1 0 0 0 0 1 0 0 0 0 0 1 0 0 1 0 0 0 1 0 0 0 0 1 1 0 0 0 0 1 1 0 0 0 0 53 1 1 0 0 1 0 0 1 1 0 0 0 0 1 1 0 0 0 1 0 0 1 1 0 0 1 1 0 1 1 1 0 0 0 1 0 0 0 0 0 1 1 1 0 0 0 0 0 1 1 0 0 1 0 
0 1 0 0 0 1 1 0 0 0 0 1 1 1 1 1 0 0 0 1 0 0 0 1 0 0 0 0 0 1 0 0 1 0 0 0 0 0 1 0 0 1 1 0 0 0 98 1 1 0 0 1 0 0 1 1 0 0 0 0 1 0 0 0 0 1 1 1 0 0 0 0 0 0 0 1 0 0 1 1 0 0 0 1 1 0 0 0 0 1 0 0 0 1 0 0 1 1 0 1 
1 0 0 1 1 0 0 1 0 0 1 0 0 0 1 0 0 0 0 0 1 0 0 1 1 0 0 0 1 1 1 1 1 1 0 0 0 0 1 0 0 0 0 0 1 1 0 79 0 1 0 0 0 0 1 0 0 1 0 0 0 1 0 0 0 1 1 0 0 0 0 1 0 0 0 1 0 0 1 0 0 1 1 1 1 1 1 0 0 0 1 0 0 0 0 1 0 0 1 1 
0 1 0 0 1 1 1 1 1 1 1 0 0 0 1 1 0 0 0 1 1 0 0 0 0 0 1 0 0 0 1 0 0 0 1 1 0 0 1 0 0 1 1 1 0 0 0 0 86 0 0 1 1 0 0 1 1 0 0 0 1 1 0 0 0 1 1 0 0 1 0 0 1 1 0 0 1 1 0 0 0 1 0 0 1 0 0 1 1 0 0 1 0 0 0 0 1 1 1 1 
1 1 0 0 0 0 0 0 0 1 1 0 0 1 0 0 1 0 0 1 0 0 1 0 0 1 1 0 0 1 0 0 1 0 0 1 1 0 0 0 0 0 1 0 0 1 0 0 0 44 0 1 0 0 0 0 1 0 0 0 1 0 0 0 1 0 0 0 0 0 0 0 0 1 0 0 1 0 0 0 0 0 0 0 0 1 0 0 1 1 0 0 0 1 1 0 0 0 0 1 
1 0 0 1 0 0 1 0 0 0 1 1 1 1 1 0 0 1 0 0 1 1 0 0 0 1 0 0 0 0 0 0 1 0 0 0 1 0 0 1 1 1 1 1 0 0 0 1 1 0 55 1 1 0 0 0 0 1 1 0 0 0 1 0 0 1 0 0 1 1 0 0 0 0 1 0 0 1 0 0 1 1 0 0 0 0 0 1 1 0 0 0 1 1 0 0 1 1 1 1 
1 0 0 0 0 1 0 0 1 0 0 1 1 0 0 1 0 0 0 1 1 1 1 0 0 1 1 1 0 0 0 0 1 0 0 1 0 0 0 1 0 0 1 1 0 0 1 1 1 1 1 36 0 0 1 0 0 0 0 1 1 0 0 1 1 0 0 0 0 0 1 1 0 0 1 1 0 0 1 0 0 0 0 0 1 0 0 1 1 1 1 0 0 1 1 0 1 1 1 1 
0 0 0 1 1 0 0 1 0 0 1 1 1 0 0 0 0 1 1 0 0 0 1 0 0 1 1 0 0 1 0 0 0 1 0 0 0 1 1 0 1 1 0 0 1 0 0 0 0 1 1 0 38 1 0 0 0 0 1 0 0 1 0 0 0 0 1 0 0 0 0 0 0 0 0 0 0 0 1 1 0 0 0 0 1 0 0 0 0 0 0 1 0 0 1 1 0 1 1 1 
0 0 0 0 0 1 0 0 1 0 0 0 1 1 0 0 1 1 0 0 0 0 1 0 0 1 0 0 0 0 0 1 1 0 0 0 1 0 0 1 1 0 0 1 0 0 0 1 1 1 1 0 0 36 0 0 1 0 0 0 0 1 0 0 1 1 0 0 0 0 1 1 0 1 1 0 0 0 0 1 0 0 0 1 1 1 0 0 0 0 1 1 0 0 0 1 0 0 1 0 
0 0 1 0 0 0 0 0 0 1 1 1 1 0 0 1 1 1 0 0 0 0 1 0 0 1 1 1 0 0 0 0 0 1 1 0 0 0 0 1 1 0 0 0 1 0 0 1 1 0 0 1 0 0 38 1 1 0 0 0 1 1 0 0 1 1 0 1 1 1 0 0 0 1 1 0 0 0 0 0 0 1 1 0 0 0 0 0 1 1 1 0 0 1 1 0 0 1 0 0 
0 0 0 0 1 0 0 1 1 1 0 0 0 1 0 0 1 1 0 0 1 0 0 0 1 1 1 0 0 0 0 0 0 0 1 0 0 0 1 0 0 1 1 1 1 1 0 0 1 1 0 1 1 0 0 6 1 1 0 0 1 1 0 0 1 0 0 0 1 1 0 1 1 0 0 1 0 0 1 0 0 1 1 0 1 1 1 0 0 0 1 0 0 1 1 0 0 1 1 0 
0 1 1 1 1 0 0 1 1 0 0 0 1 1 0 0 1 1 0 0 0 1 0 0 1 0 0 0 0 0 0 0 0 0 0 1 0 0 1 1 0 0 0 1 1 0 0 1 0 0 1 0 0 1 0 0 68 0 0 0 1 0 0 0 0 0 1 1 0 0 1 1 0 1 1 0 0 0 0 1 0 0 1 1 0 0 0 0 1 0 0 1 0 0 0 0 0 0 1 0 
1 1 0 0 0 1 1 0 0 0 1 0 0 1 0 0 0 0 1 1 0 0 1 0 0 0 0 1 1 0 0 1 1 0 0 1 0 0 0 1 0 0 1 1 0 0 1 0 0 0 1 1 0 0 0 0 1 73 1 1 0 0 0 0 0 1 0 0 1 0 0 1 0 0 0 1 1 0 0 1 0 0 0 0 1 1 1 1 1 0 0 0 0 0 1 0 0 1 0 0 
1 1 0 1 1 1 0 0 0 1 0 0 0 0 0 1 0 0 1 1 0 0 0 1 0 0 0 1 0 0 0 0 0 0 1 0 0 1 1 0 1 1 1 0 0 1 1 0 0 1 1 0 0 0 0 1 1 0 99 1 1 0 0 1 1 0 1 1 0 0 0 0 1 0 0 0 1 1 1 1 0 0 1 1 1 0 0 0 0 0 0 1 0 0 0 0 1 0 0 1 
0 0 0 1 0 0 1 0 0 0 1 1 0 0 0 1 0 0 0 1 0 0 0 0 0 0 0 0 0 0 0 1 0 0 0 0 0 0 0 0 1 1 0 0 0 1 1 0 0 0 1 1 0 0 0 0 1 0 0 51 1 0 0 0 1 1 0 0 1 1 0 1 1 0 0 0 0 0 1 0 0 1 1 0 0 0 0 1 1 1 1 0 0 0 1 0 0 0 0 0 
0 0 0 0 0 1 0 0 1 1 0 0 1 0 0 1 1 0 0 0 1 1 0 0 0 1 1 0 0 1 1 1 1 1 1 1 1 1 1 1 0 0 0 0 0 0 1 0 0 1 1 0 0 0 0 1 1 0 0 0 49 1 1 0 0 1 0 0 1 0 0 1 0 0 1 1 0 0 0 1 0 0 0 0 0 1 0 0 1 1 1 1 0 0 0 0 0 1 1 1 
0 0 0 1 1 0 0 0 0 0 1 1 0 0 0 0 1 1 1 0 0 0 1 0 0 0 1 1 0 0 1 1 1 0 0 0 1 0 0 0 0 1 1 0 0 1 0 0 0 0 1 0 0 0 0 0 0 0 1 0 0 87 1 1 0 0 0 1 0 0 1 1 0 0 1 0 0 0 1 1 0 0 0 1 0 0 0 1 0 0 0 1 0 0 1 0 0 1 0 0 
0 0 0 1 1 1 1 0 0 1 0 0 0 1 1 1 1 0 0 0 1 1 1 0 0 0 0 0 1 1 0 0 0 1 1 0 0 1 0 0 0 1 0 0 0 0 0 0 0 0 0 1 0 0 1 0 0 1 0 0 0 0 11 1 0 0 0 0 0 1 0 0 0 0 1 0 0 1 1 0 0 0 0 1 1 0 0 0 0 1 1 0 0 0 0 1 0 0 1 0 
1 0 0 0 1 0 0 1 1 0 0 0 0 0 1 0 0 1 0 0 1 0 0 1 0 0 0 1 1 0 0 1 0 0 0 1 1 1 1 0 0 1 0 0 0 1 0 0 1 1 0 1 1 1 1 1 0 0 0 0 1 0 0 16 0 1 1 1 1 0 0 0 0 1 1 0 0 0 0 0 1 0 0 0 1 1 0 0 0 0 1 0 0 1 0 0 1 0 0 0 
0 0 1 0 0 1 0 0 1 1 0 0 0 0 0 1 1 0 0 1 1 0 0 0 1 0 0 0 1 1 0 0 0 0 1 0 0 0 0 1 1 0 0 1 0 0 0 1 0 0 0 1 0 0 1 0 0 1 0 0 1 0 0 1 58 1 0 0 0 1 0 0 0 0 1 1 0 0 0 1 0 0 0 0 0 0 1 1 0 0 0 1 0 0 0 1 0 0 1 0 
0 1 0 0 0 1 1 1 0 0 1 1 0 0 1 1 0 0 0 1 0 0 0 1 0 0 1 1 0 0 0 1 1 1 1 0 0 0 1 0 0 1 1 0 0 1 1 0 0 1 1 1 0 0 1 0 0 1 0 0 0 0 0 0 0 9 0 0 0 1 1 0 0 0 0 1 1 0 0 0 0 1 0 0 0 0 1 1 0 0 0 0 0 0 1 0 0 0 0 1 
1 0 0 0 1 1 1 0 0 1 1 0 0 1 0 0 0 1 0 0 0 1 1 0 0 1 0 0 1 1 0 0 1 1 0 0 0 0 0 1 0 0 0 0 0 0 1 1 0 0 0 0 1 0 0 0 1 0 0 0 0 0 0 1 0 0 38 0 0 1 1 0 1 1 1 0 0 0 0 1 0 0 0 0 1 1 1 1 0 0 1 1 0 0 1 0 0 0 1 0 
0 0 1 0 0 0 0 0 0 0 1 0 0 0 1 0 0 0 0 1 0 0 1 1 0 0 0 1 1 1 1 1 1 0 0 1 0 0 0 0 1 1 0 1 1 1 1 1 0 0 1 0 0 1 0 0 1 1 0 0 1 0 0 1 0 0 0 41 1 0 0 1 1 1 0 0 0 0 1 1 0 0 1 1 0 0 0 0 1 1 0 0 1 1 0 0 1 1 0 0 
0 1 1 1 1 1 1 0 0 0 0 1 0 0 0 1 0 0 0 0 0 1 1 0 0 1 0 0 0 0 1 1 0 0 0 0 0 1 1 0 0 0 0 1 1 0 0 1 0 0 1 1 0 1 1 1 1 0 0 0 1 0 0 0 1 1 0 1 65 0 1 1 0 1 1 1 1 1 1 0 0 1 0 0 0 1 0 0 0 0 0 0 1 1 0 0 1 0 0 0 
0 1 0 0 0 1 0 0 1 1 1 1 1 0 0 0 1 1 0 0 1 0 0 1 1 0 0 0 1 0 0 0 1 0 0 1 0 0 1 0 0 0 1 0 0 1 1 0 0 0 1 0 0 0 0 1 0 0 1 0 0 0 0 0 1 1 1 1 1 70 1 1 0 0 0 0 1 0 0 1 1 0 0 0 1 1 0 0 0 1 1 0 0 0 0 1 1 0 0 1 
0 0 1 1 1 0 0 0 1 0 0 1 1 1 0 0 1 0 0 0 0 1 0 0 1 1 0 0 1 0 0 1 1 0 0 0 1 0 0 1 0 0 0 0 1 1 0 1 1 1 1 0 0 1 1 0 0 0 0 1 1 1 1 1 0 0 0 0 1 1 63 0 0 1 0 0 0 0 1 1 1 1 1 1 0 0 0 1 0 0 1 1 0 0 1 1 0 0 1 0 
1 0 0 0 1 0 0 0 0 1 1 0 0 1 0 0 0 0 1 1 0 0 1 0 0 1 1 1 1 0 0 0 0 0 0 1 1 0 0 1 0 0 0 1 1 0 0 1 0 0 1 1 0 0 1 0 0 1 1 1 0 0 1 1 0 1 1 0 0 1 1 40 1 1 0 0 0 1 0 0 1 1 0 0 0 0 1 0 0 1 1 0 0 1 1 0 1 1 0 0 
1 0 0 1 1 1 1 0 0 0 1 1 0 0 0 1 0 0 1 0 0 1 0 0 0 0 0 1 1 0 0 1 1 1 0 0 1 1 0 0 0 0 1 0 0 1 0 0 0 1 1 0 0 0 0 1 1 0 0 0 1 1 0 0 0 0 0 0 1 1 0 0 50 1 0 0 0 1 0 0 0 1 0 0 0 1 0 0 1 1 0 0 1 1 0 0 1 1 0 1 
1 0 0 0 1 0 0 0 0 1 1 0 0 0 1 1 0 0 1 1 0 1 1 0 0 1 1 0 0 1 1 1 1 1 0 0 0 0 1 1 0 0 0 0 0 0 1 0 0 0 1 0 0 1 0 0 1 0 0 1 1 1 0 0 0 0 1 1 0 0 1 1 0 33 1 1 0 0 0 0 1 1 0 0 0 1 0 0 0 0 0 1 1 0 0 0 1 1 0 1 
0 0 1 1 0 0 0 1 1 0 0 0 0 0 0 1 0 0 0 1 1 0 0 1 1 1 1 1 0 0 0 1 1 0 1 1 1 0 0 0 0 0 1 1 0 0 1 1 0 0 0 0 1 1 0 0 0 1 1 0 0 1 1 0 0 1 1 0 0 0 0 0 0 0 4 0 0 1 0 0 0 0 0 1 1 0 0 1 0 0 1 1 1 1 1 0 0 1 1 0 
0 1 1 1 1 0 0 0 1 0 0 1 0 0 1 1 0 0 0 0 1 1 0 0 1 1 0 0 0 1 0 0 1 1 0 0 0 0 0 0 1 1 0 0 0 0 0 1 1 0 0 1 1 0 0 0 1 1 1 1 1 0 0 1 1 0 0 0 0 0 1 0 0 1 0 37 1 1 0 0 1 1 0 0 0 0 1 0 0 0 0 1 0 0 1 1 0 0 0 1 
0 1 0 0 1 1 1 1 0 0 0 0 1 1 0 0 1 1 0 0 1 1 0 0 0 1 1 0 0 1 1 1 0 0 0 0 0 0 1 1 0 1 1 1 1 1 0 0 0 1 0 0 1 1 0 0 0 1 1 0 0 0 1 0 0 1 1 0 1 1 0 0 0 1 0 0 74 1 0 0 1 0 0 0 0 1 0 0 1 0 0 1 0 0 0 1 0 0 0 1 
1 1 1 1 0 0 0 1 1 0 0 1 1 0 0 1 0 0 0 1 1 0 0 1 0 0 0 0 1 0 0 1 0 0 0 0 1 1 0 0 0 0 0 0 0 1 0 0 1 0 0 0 0 1 1 0 0 1 0 0 0 0 1 0 0 0 1 1 1 0 0 1 0 0 1 0 0 77 0 1 0 0 0 0 0 0 1 0 0 1 0 0 0 1 1 0 0 1 0 0 
1 1 0 0 0 1 1 0 1 1 0 0 0 0 0 1 0 0 1 1 0 0 0 1 1 0 0 0 0 1 1 0 0 0 0 0 1 1 0 0 0 0 1 0 0 1 1 0 0 1 0 0 0 0 0 0 1 1 0 1 1 0 0 0 1 0 0 0 1 1 0 0 0 0 0 0 1 0 0 1 1 0 0 0 0 1 1 1 1 0 0 1 0 0 1 1 0 0 0 0 
1 1 1 0 0 1 1 1 1 0 0 1 1 1 0 0 0 1 1 0 0 1 1 0 0 0 0 0 0 0 1 1 0 0 0 1 1 0 0 1 1 0 0 1 1 0 0 1 0 0 1 1 0 1 1 0 0 1 1 1 0 0 0 1 1 0 0 1 1 0 0 0 0 1 1 0 0 0 0 51 0 0 1 0 0 0 0 0 0 0 0 0 0 1 1 0 0 0 1 0 
0 0 0 0 0 1 1 0 0 1 0 0 0 0 0 1 0 0 1 0 0 1 0 0 0 0 1 1 0 0 1 0 0 0 1 1 0 0 1 0 0 1 1 0 1 1 1 0 0 0 1 0 0 1 1 0 1 1 0 0 1 1 1 1 1 1 1 0 0 1 0 0 1 1 1 1 0 0 1 1 68 1 1 0 0 0 1 1 0 0 0 0 0 0 0 1 1 0 1 1 
0 0 0 1 1 0 1 1 1 0 0 0 0 0 1 0 0 0 0 0 1 0 0 1 0 0 1 0 0 0 1 0 0 0 0 0 0 0 0 1 0 0 1 0 0 0 0 1 0 0 0 1 1 0 1 1 0 0 0 0 1 1 0 0 1 0 0 0 0 0 1 1 0 0 0 0 1 0 0 0 1 60 1 0 0 1 1 0 0 0 1 1 0 0 1 0 0 1 1 0 
1 1 1 0 0 1 1 0 0 1 1 0 0 1 0 0 0 1 1 0 0 0 1 1 1 0 0 0 1 0 0 1 0 0 0 0 0 0 0 1 0 0 1 0 0 1 0 0 1 1 0 1 1 1 1 0 0 1 0 0 0 0 0 0 1 1 0 0 0 1 0 0 1 0 0 1 0 0 0 0 1 0 50 1 0 0 0 1 0 0 0 1 1 0 1 1 1 1 0 0 
1 0 0 0 1 0 0 1 1 1 0 0 0 0 0 1 1 1 1 1 0 0 0 0 0 1 0 0 0 0 1 1 0 0 1 1 0 0 0 0 0 0 1 1 0 0 0 1 0 0 1 0 0 0 1 0 0 0 0 0 0 0 0 1 0 0 1 0 0 1 0 0 0 1 1 0 0 1 1 1 1 0 0 63 0 0 1 0 0 1 1 0 1 1 0 0 1 0 0 1 
0 0 1 0 0 1 1 0 0 0 0 0 1 0 0 1 1 0 0 1 1 0 0 0 0 1 0 0 0 0 0 0 1 1 0 1 1 1 1 1 0 0 0 1 1 1 1 1 0 0 1 1 1 0 0 1 0 0 1 1 0 0 0 1 0 0 0 1 1 0 0 0 1 1 0 0 0 1 1 0 0 1 0 0 22 0 1 1 0 0 1 0 0 1 0 0 0 1 1 0 
0 0 1 0 0 1 1 1 1 0 0 1 0 0 0 1 1 1 1 1 1 1 1 1 1 0 0 0 1 1 0 0 0 1 1 0 0 1 0 0 0 0 1 1 1 0 0 1 1 1 0 0 0 1 0 0 0 1 0 0 0 0 0 0 1 0 0 0 1 1 0 0 1 0 0 0 0 0 0 1 1 0 0 0 1 83 0 1 0 0 1 1 0 0 0 0 0 0 1 0 
1 1 0 0 0 0 0 0 1 1 0 0 0 1 0 0 1 0 0 0 1 1 1 0 0 1 1 0 0 0 1 0 0 0 1 1 0 0 0 0 0 1 0 0 0 0 1 0 0 1 1 0 0 0 1 1 0 0 1 1 0 1 1 0 0 0 0 0 0 0 1 0 0 0 1 1 0 0 1 1 0 0 1 1 0 0 56 1 0 0 0 0 0 0 1 0 0 1 1 0 
0 1 1 0 0 1 1 0 0 0 0 1 0 0 0 1 1 0 0 1 0 0 1 1 0 1 1 0 0 0 1 1 1 0 0 0 0 0 0 1 0 0 1 0 0 1 0 0 0 0 0 1 1 0 0 0 0 1 1 1 1 1 1 1 0 0 0 0 1 0 0 1 0 0 0 1 1 0 0 0 1 0 0 1 0 0 0 64 0 0 0 0 1 1 0 0 0 0 1 0 
1 1 0 0 0 0 0 1 0 0 0 0 1 0 0 0 0 0 0 1 1 0 0 1 0 0 0 0 0 0 1 1 0 0 1 0 0 1 0 0 1 1 0 0 1 1 0 0 1 1 1 0 0 1 1 0 0 0 1 0 0 1 1 1 1 1 1 0 0 1 1 1 0 0 0 0 0 1 0 0 0 1 0 0 0 1 1 0 91 1 0 0 0 0 1 0 0 1 1 0 
1 1 1 0 0 0 0 0 0 0 1 1 0 0 0 0 0 0 0 0 0 1 1 0 0 1 1 0 0 0 1 0 0 1 0 0 0 1 0 0 0 0 1 0 0 0 1 0 0 0 0 1 1 0 0 0 1 0 0 1 1 0 1 1 1 1 0 0 1 1 0 0 1 1 0 0 0 0 1 1 0 1 1 1 0 0 0 0 1 81 0 0 0 1 0 0 0 1 1 0 
1 1 0 0 1 1 0 0 1 0 0 0 0 1 1 0 0 1 1 0 0 0 0 1 0 0 1 0 0 1 1 0 0 1 0 0 1 0 0 0 1 0 0 1 1 1 0 0 0 1 0 0 1 0 0 1 1 0 0 0 1 0 0 0 1 1 1 1 0 0 0 0 1 1 1 1 0 0 0 0 1 0 0 0 0 0 0 1 1 0 90 1 0 0 1 0 0 0 1 0 
0 1 0 0 1 1 0 1 1 0 0 1 0 0 0 1 1 1 1 1 1 0 0 0 0 1 1 0 0 0 1 1 1 0 0 1 1 0 0 1 1 0 0 1 0 0 1 0 0 1 0 0 1 1 0 0 0 0 0 1 0 0 1 1 0 0 1 1 0 0 0 0 1 1 0 0 0 0 0 0 1 0 0 1 0 0 0 0 0 0 0 16 1 0 0 1 0 0 1 0 
1 1 0 0 1 1 0 0 1 0 0 1 1 0 0 0 1 1 1 1 1 1 0 0 1 1 0 0 1 1 0 0 1 0 0 1 0 0 0 0 0 0 0 0 0 0 0 1 0 0 0 0 0 0 1 1 0 0 1 0 0 1 1 0 0 0 0 1 1 0 0 0 1 0 0 0 0 1 0 0 0 0 0 1 1 1 0 0 0 1 1 0 50 0 0 1 0 0 0 1 
0 0 0 0 1 1 0 0 1 0 0 0 1 1 0 0 0 0 1 0 0 1 1 1 0 0 0 1 1 1 0 0 0 1 0 0 0 1 0 0 0 0 1 1 0 0 0 1 1 1 0 0 0 0 0 1 1 0 0 0 0 0 1 1 0 0 0 0 0 0 0 0 1 0 0 0 0 1 0 0 1 1 1 0 0 0 0 1 1 0 0 1 0 64 1 0 0 0 1 1 
0 0 0 0 1 0 0 1 1 0 0 1 0 0 0 0 1 1 1 0 0 0 0 0 1 0 0 0 0 1 1 0 0 0 1 0 0 0 0 1 1 0 0 1 1 0 1 1 1 1 0 0 0 1 0 0 1 0 0 1 1 0 0 0 0 1 0 0 0 0 0 1 0 0 1 0 0 1 0 0 0 0 0 1 1 1 1 0 0 0 0 1 1 0 71 0 0 1 0 0 
0 0 1 1 0 0 1 0 0 1 1 0 0 0 1 0 0 1 1 0 0 1 0 0 1 0 0 1 0 0 1 1 1 0 0 1 0 0 1 1 0 0 1 0 0 1 0 0 1 0 0 0 0 1 1 0 1 1 0 0 0 0 0 1 0 0 1 1 0 0 0 0 0 1 0 0 0 0 1 0 0 1 0 0 0 1 0 0 0 0 0 0 0 0 1 10 1 1 0 1 
0 0 0 0 0 0 1 1 1 1 0 0 1 1 1 1 1 1 1 0 0 0 0 1 0 0 1 1 0 0 0 1 1 0 0 0 1 1 0 0 1 1 0 0 0 0 0 1 0 0 1 1 0 0 0 0 0 0 1 1 0 0 0 1 1 0 0 0 1 1 1 1 0 0 1 0 0 0 1 1 1 0 0 0 1 1 1 0 0 1 1 1 1 0 0 1 74 0 1 1 
1 0 0 1 1 0 0 1 0 0 0 0 1 0 0 1 1 0 0 0 1 1 1 0 0 0 0 0 0 0 1 1 0 0 0 0 0 1 0 0 0 1 1 0 0 1 0 0 0 1 0 0 1 1 1 1 0 0 0 1 1 1 1 1 0 0 1 1 0 0 0 1 1 1 1 0 0 0 0 0 1 0 0 1 0 0 1 0 0 0 1 0 0 0 1 1 1 83 0 1 
1 0 0 1 1 0 0 1 1 0 0 1 1 1 0 0 1 1 0 0 0 1 0 0 0 1 0 0 1 0 0 1 1 0 0 0 0 0 0 1 0 0 1 0 0 0 0 1 1 0 0 1 1 0 0 0 1 1 0 0 0 0 1 0 0 0 1 0 0 0 0 1 1 0 0 0 1 1 0 0 0 0 0 0 1 1 0 0 1 0 0 1 0 0 1 0 0 1 54 0 
0 1 1 0 0 0 1 0 0 1 0 0 1 0 0 1 0 0 0 1 0 0 1 1 1 1 1 0 0 0 1 0 0 0 0 1 0 0 0 1 1 0 0 0 0 0 0 0 0 1 1 0 0 1 1 0 0 1 1 0 0 1 0 0 1 1 1 0 0 1 1 0 0 1 1 0 0 0 1 1 0 0 0 0 0 0 1 0 0 1 0 0 0 1 1 0 0 0 1 80 
