50
61 1 1 0 0 1 1 0 0 1 1 0 0 1 1 0 0 1 0 0 1 1 1 0 1 0 0 1 1 1 0 0 0 1 0 0 1 0 1 0 0 0 1 1 1 1 0 1 0 0
1 1 1 0 0 0 0 0 0 1 1 1 0 1 1 1 0 1 0 1 1 1 1 0 1 1 0 1 1 1 0 0 1 1 1 0 1 0 1 1 0 1 1 1 1 1 0 1 1 0
1 1 42 0 0 0 1 0 0 1 1 1 0 1 1 0 1 1 0 0 0 1 0 0 0 1 0 0 1 1 0 0 1 0 0 1 0 0 1 1 0 1 0 1 1 1 0 0 0 0
1 1 1 11 1 0 0 0 0 1 1 0 0 1 1 0 1 0 0 0 1 1 1 0 1 1 0 0 0 1 0 0 1 0 0 1 1 0 1 0 0 1 1 1 1 1 0 1 0 0
1 0 1 0 38 0 0 0 0 1 1 0 1 1 1 0 1 1 0 0 1 1 1 1 0 1 0 1 1 1 0 0 1 0 0 0 1 0 1 1 0 1 0 1 1 1 0 0 1 1
1 0 1 0 0 67 0 1 0 1 1 1 1 1 1 1 1 1 0 0 1 0 0 0 1 0 1 0 0 0 0 0 1 0 0 0 1 0 1 1 0 1 0 1 1 1 0 1 0 1
0 1 1 0 0 1 78 0 0 1 1 1 0 1 1 1 1 0 0 0 1 1 0 1 1 1 0 1 1 1 0 0 1 1 0 0 1 0 1 1 0 0 0 1 1 1 1 1 0 1
1 1 1 1 0 0 0 1 0 0 1 0 0 0 1 1 1 0 0 0 1 1 1 0 0 1 0 0 1 1 0 0 1 1 0 0 1 0 1 1 0 1 0 1 1 1 0 0 1 1
1 1 1 0 0 0 1 0 58 0 0 1 0 1 1 1 1 1 0 0 1 1 1 1 0 0 0 1 0 0 0 0 0 1 1 0 1 1 1 0 0 1 1 1 1 1 1 0 0 0
1 1 1 0 0 0 1 1 0 87 1 0 0 1 1 0 1 1 1 0 1 1 0 0 0 1 0 0 1 1 0 1 1 0 1 1 0 1 1 1 1 1 0 1 1 1 0 0 0 0
1 1 1 0 0 0 1 0 0 1 1 1 1 1 1 0 1 0 1 0 1 1 0 1 0 0 0 1 1 1 0 1 0 0 0 0 1 0 1 1 0 1 1 1 1 1 0 0 0 1
0 1 1 0 0 0 0 0 0 1 1 1 0 1 1 1 1 1 1 0 1 1 1 1 1 1 0 0 1 0 0 0 0 1 0 1 0 0 1 1 1 1 0 1 1 0 0 1 1 1
1 1 1 0 0 0 1 0 0 1 1 1 62 1 1 1 1 1 0 0 1 0 0 0 0 1 0 1 0 0 0 1 1 1 1 0 1 0 0 1 1 1 1 1 1 1 0 1 0 1
1 1 1 0 0 1 0 0 0 1 1 1 0 1 0 0 1 1 0 0 1 1 1 0 0 0 0 0 1 1 0 1 0 1 1 0 1 0 1 1 0 1 1 1 0 1 0 0 0 0
1 1 1 0 1 1 0 0 0 1 1 1 0 1 2 1 1 1 0 0 1 1 1 0 0 1 0 1 1 0 0 0 0 1 0 0 1 1 1 0 0 1 0 1 1 0 0 1 1 1
0 1 0 0 0 1 1 0 0 1 1 1 0 1 0 1 1 1 0 0 1 1 1 0 1 0 0 0 1 1 0 1 0 0 0 1 1 1 1 1 0 1 0 1 1 0 1 1 1 0
0 1 1 0 1 0 1 0 0 1 1 1 0 1 1 1 1 1 0 0 1 0 0 0 0 1 0 1 1 1 0 1 1 1 1 0 0 0 1 1 0 1 1 1 1 1 0 0 1 0
1 1 1 0 0 0 0 0 0 1 1 0 0 1 1 0 1 1 0 0 1 1 0 1 0 1 0 1 1 1 0 0 0 0 0 1 1 0 1 1 0 1 0 1 1 1 0 1 1 0
0 1 1 0 0 1 1 0 0 1 1 0 0 1 1 1 1 1 1 0 1 0 1 0 0 1 0 0 1 1 0 1 1 0 1 0 1 0 1 0 0 1 1 1 1 1 0 1 0 1
1 0 1 0 0 0 0 0 1 1 1 0 0 1 0 1 0 1 0 8 1 1 0 1 0 0 0 0 0 1 0 1 1 0 1 0 0 0 1 0 0 1 0 1 1 1 0 1 0 0
1 1 1 0 0 1 0 0 1 1 1 1 0 1 0 1 1 1 0 0 1 1 1 0 0 0 1 0 1 1 0 0 1 0 1 1 1 0 1 1 0 1 1 1 1 1 0 0 0 1
1 1 1 0 0 1 1 0 0 1 1 0 0 1 1 1 1 1 1 0 0 41 0 0 0 1 0 1 1 1 0 1 1 0 1 0 1 1 1 0 0 1 1 1 1 1 1 1 1 0
1 1 1 0 0 1 1 0 0 1 1 1 1 1 1 1 1 1 1 0 1 1 35 1 0 1 0 0 0 1 0 0 0 0 1 1 1 0 1 1 0 1 1 0 1 1 0 1 0 0
0 1 1 0 0 0 1 0 0 1 1 0 0 1 0 1 1 0 0 0 1 0 1 97 0 1 0 1 0 1 0 0 0 0 1 1 0 1 1 1 0 1 1 1 0 1 1 1 0 1
1 1 1 0 0 0 1 0 0 1 1 1 0 1 1 0 1 1 0 0 1 1 0 0 89 1 0 1 1 1 0 1 1 1 1 1 1 0 1 0 0 1 1 1 1 1 0 0 0 0
0 1 1 0 0 0 0 0 0 1 0 0 1 0 0 1 0 0 0 0 1 1 0 0 0 1 0 1 0 1 0 1 1 0 1 1 1 1 1 1 0 1 1 0 1 1 0 0 1 0
0 1 1 0 0 0 0 0 0 1 1 1 1 1 1 1 1 1 1 0 1 1 1 1 0 0 21 0 0 1 0 0 0 0 1 0 1 1 1 1 0 1 1 1 1 0 0 1 0 1
1 1 1 0 0 0 0 0 0 1 1 1 1 0 0 1 1 1 1 0 1 0 0 1 1 1 1 1 1 1 0 1 0 0 0 1 0 1 1 1 0 1 0 1 1 0 1 1 0 0
1 1 0 0 1 0 0 0 0 1 1 1 0 1 0 1 1 1 0 0 1 0 0 0 0 1 0 0 38 0 0 0 0 1 1 1 1 0 1 1 0 1 1 1 1 1 0 1 0 0
1 1 0 0 0 0 0 0 0 1 1 1 0 1 1 1 1 1 0 0 1 1 0 1 0 0 1 1 1 1 0 0 0 0 0 1 1 0 1 0 0 1 1 1 1 1 1 1 0 1
0 0 0 0 1 0 0 1 0 1 1 0 0 1 1 0 1 0 0 0 1 1 0 0 0 0 0 1 1 1 19 1 0 0 0 1 1 0 1 0 0 1 1 1 1 1 0 1 0 0
1 1 1 0 0 0 0 0 0 1 1 1 0 1 0 1 1 1 0 0 0 0 0 1 1 0 1 0 0 1 0 87 0 0 0 1 1 0 1 0 0 1 0 1 1 0 0 1 0 1
1 1 1 0 0 0 0 0 0 1 1 0 0 1 1 1 1 1 0 0 1 0 0 0 1 1 0 1 1 0 0 1 1 1 0 0 1 1 1 1 0 1 0 1 0 1 0 1 0 0
1 1 1 0 0 0 1 0 0 1 1 1 1 1 1 1 1 1 0 0 0 0 0 0 0 1 0 0 0 1 0 1 1 61 1 0 0 0 1 0 1 1 1 1 1 1 0 0 0 1
1 1 0 0 0 0 1 0 0 1 1 1 0 1 1 0 1 1 0 0 1 0 0 0 0 1 0 1 1 1 0 0 1 0 1 1 0 0 1 0 0 1 0 1 1 1 0 1 0 0
1 1 1 0 0 0 0 0 0 1 0 1 1 0 1 1 0 1 0 0 1 1 0 1 0 1 0 0 0 1 0 0 1 0 0 19 1 0 0 0 0 1 0 1 1 1 1 0 0 0
0 0 1 0 0 0 1 0 0 1 0 0 1 1 1 0 1 1 1 0 1 0 1 1 1 0 0 1 1 1 0 0 1 0 1 0 32 0 1 0 0 1 0 1 1 1 1 1 0 0
1 0 1 0 0 0 1 0 0 1 0 1 1 1 1 1 1 1 0 0 1 1 0 1 0 0 0 1 1 0 0 0 1 0 0 1 1 52 1 1 0 1 1 1 1 1 0 0 0 0
1 1 0 0 0 0 0 0 0 1 1 1 0 0 0 1 1 1 1 0 1 1 1 0 1 0 0 0 1 1 0 1 1 0 1 0 1 0 5 1 0 1 1 0 1 1 1 1 0 1
1 1 1 0 0 0 0 0 0 1 1 0 1 0 1 1 1 1 0 0 0 1 1 0 0 0 0 0 0 1 0 1 0 0 1 0 0 0 1 1 0 1 0 1 1 1 1 1 0 0
0 1 1 0 0 0 0 0 0 1 1 1 1 1 0 0 1 1 0 0 1 1 0 1 0 0 0 0 0 1 0 1 0 1 0 0 1 0 1 1 12 1 1 1 1 1 1 0 0 0
1 1 1 0 0 0 0 0 0 1 1 0 1 1 0 0 1 1 0 0 1 0 1 0 1 1 0 1 1 1 0 1 1 0 0 0 1 0 0 0 0 1 0 0 1 0 0 1 0 0
1 1 1 0 0 0 1 0 0 1 1 1 1 1 1 1 1 1 0 0 1 1 1 0 0 1 0 0 0 1 0 1 1 0 0 1 0 0 1 0 0 1 1 1 1 1 1 0 1 1
0 1 1 0 0 0 1 0 0 1 1 1 1 1 1 0 1 1 0 0 1 1 1 0 0 1 0 1 1 1 0 0 1 1 0 1 0 0 1 0 0 1 0 1 1 1 0 0 1 1
0 1 1 0 0 0 0 0 0 0 1 0 1 1 0 1 1 0 0 0 1 1 1 0 0 1 0 1 1 0 0 1 1 1 0 1 0 0 1 1 0 0 1 1 1 1 1 1 0 1
0 1 1 0 0 0 1 0 0 1 1 0 1 1 1 1 0 0 0 0 0 1 0 1 1 1 0 1 1 1 0 1 1 0 0 0 0 0 1 1 0 1 1 1 1 1 0 1 0 0
0 1 1 0 1 0 0 0 0 0 1 0 0 1 1 1 1 1 0 0 1 0 0 0 1 0 1 1 0 1 0 0 1 0 0 0 1 0 1 1 0 1 1 1 1 1 95 1 0 1
0 1 0 0 0 0 0 0 0 1 0 1 0 1 1 1 1 1 0 0 1 1 0 0 0 0 1 1 0 1 0 1 1 0 0 1 1 0 1 1 0 1 0 1 0 1 0 81 1 0
1 0 1 0 0 0 0 0 0 1 1 1 0 1 1 1 0 1 0 1 1 1 0 0 1 1 0 0 1 1 0 1 0 0 1 1 1 1 1 1 0 1 1 1 1 1 1 1 90 1
1 1 0 0 1 0 1 0 0 1 1 1 0 1 1 1 1 1 0 0 1 0 1 1 0 1 0 0 1 1 0 1 0 0 0 0 1 0 1 0 0 0 1 1 1 1 1 0 1 73
