100
1 1 1 0 0 1 0 0 1 1 0 0 0 0 1 1 1 1 0 0 0 0 0 0 0 1 0 1 1 0 1 0 0 0 1 1 0 0 1 1 0 1 0 0 1 1 1 0 0 1 1 0 0 0 1 0 1 0 0 0 1 0 0 1 0 1 1 1 0 0 1 0 0 1 1 0 0 1 0 1 1 1 1 0 1 1 0 0 1 0 1 0 1 1 1 0 1 0 0 0
1 22 1 0 0 1 0 1 1 1 0 0 1 0 1 1 1 1 0 0 0 1 0 0 0 0 0 0 0 1 1 1 1 0 1 1 0 0 1 0 1 1 0 0 0 1 0 1 0 1 1 1 0 0 1 1 1 0 0 1 1 0 0 1 1 1 1 1 1 0 1 0 1 1 1 0 1 0 0 1 1 1 0 1 0 0 1 0 1 1 1 0 1 0 1 0 0 0 1 1
1 1 1 0 0 1 0 0 0 0 1 1 0 0 1 1 1 0 1 1 0 1 0 0 0 1 0 1 1 0 0 1 0 0 1 1 0 0 1 0 0 0 0 1 1 1 0 1 1 1 1 1 0 0 1 0 1 0 0 1 1 0 0 1 0 1 1 1 0 0 0 0 1 0 1 0 0 1 1 0 1 1 0 0 1 0 1 0 1 1 1 0 1 0 1 0 0 0 1 0
1 0 1 95 0 0 1 1 0 0 0 0 0 0 1 1 1 1 0 0 0 0 0 0 1 1 1 0 0 1 0 1 0 0 1 1 0 0 1 1 0 1 1 1 1 1 1 1 0 0 1 0 0 0 1 1 1 1 0 0 1 1 0 1 1 1 1 1 1 0 0 0 1 0 0 0 1 0 0 0 1 1 1 1 0 0 0 0 0 0 0 0 1 0 1 0 1 0 0 0
1 1 1 0 80 1 1 1 0 1 0 1 0 0 1 1 1 0 1 0 0 0 0 0 1 1 0 0 1 0 0 1 0 1 1 1 0 0 1 1 0 0 0 0 0 1 1 0 0 1 0 1 1 0 1 0 1 0 1 0 0 0 0 1 1 1 1 1 1 0 0 0 1 0 1 0 1 0 1 1 0 0 1 1 1 0 0 1 1 0 1 1 1 0 1 0 0 0 1 1
0 0 0 0 1 69 1 0 1 1 0 1 0 0 1 0 1 0 1 1 0 0 0 0 0 1 1 1 1 0 0 1 0 1 1 1 0 0 1 0 1 0 1 0 0 1 1 0 1 1 0 0 0 0 1 0 0 1 0 0 0 0 0 1 1 1 1 1 0 0 0 0 1 0 1 0 1 1 1 1 1 0 0 1 0 0 0 0 1 1 0 1 1 0 1 0 1 0 0 0
1 0 1 0 0 1 1 1 0 1 1 1 0 1 1 0 1 0 1 1 0 1 0 0 0 1 0 1 1 0 0 1 0 0 0 0 0 1 0 0 1 1 0 1 1 1 1 1 0 0 1 0 1 0 1 1 1 1 1 0 0 0 0 0 0 1 1 1 1 0 0 0 1 0 1 0 1 0 1 1 1 1 0 0 0 1 0 0 1 1 1 0 0 0 1 0 1 0 0 0
1 1 0 0 0 1 0 22 0 0 0 0 0 1 1 1 1 1 1 1 0 0 0 0 0 1 1 0 0 1 0 1 0 0 1 1 0 0 1 0 1 0 0 0 1 1 1 0 0 0 0 0 0 0 1 0 1 0 0 0 1 0 0 0 1 1 1 1 1 0 0 1 1 0 1 0 1 0 0 0 1 0 1 1 1 1 0 0 1 0 0 0 1 0 1 0 0 0 0 0
0 0 1 1 1 1 0 0 41 1 0 1 0 0 1 1 1 0 0 0 1 1 0 0 1 0 0 0 1 0 0 1 0 0 0 1 0 0 1 0 0 1 0 1 1 1 0 1 0 0 0 0 0 0 0 1 0 0 0 0 0 0 0 1 0 1 1 1 0 0 1 0 1 0 1 0 1 1 0 0 1 0 0 0 1 1 0 1 0 1 1 0 1 0 1 0 0 0 0 1
1 1 1 1 0 1 0 0 1 1 0 0 0 0 1 0 0 1 0 1 0 1 0 0 0 1 0 1 1 0 0 1 0 0 1 1 0 1 1 0 1 1 0 1 1 1 1 0 1 1 0 0 0 0 1 0 1 0 0 1 1 0 0 1 1 0 1 1 1 0 0 0 1 0 1 0 1 0 0 0 1 1 0 0 1 0 1 1 0 1 1 0 1 0 1 0 0 0 1 0
1 1 1 0 0 1 0 1 1 1 63 0 0 0 1 1 1 1 0 1 0 0 0 0 0 1 0 0 0 0 0 1 0 0 1 1 0 0 1 0 1 1 0 0 0 1 1 0 0 0 0 1 0 0 1 0 1 0 0 1 0 0 0 0 1 1 1 0 0 0 0 0 1 0 1 0 1 1 0 0 1 0 0 1 1 0 0 1 1 0 1 0 1 0 1 0 0 0 0 0
1 0 0 0 0 1 1 0 1 0 0 6 0 0 1 1 1 1 0 0 0 1 0 0 0 1 0 0 1 0 0 1 0 0 0 1 0 0 1 0 1 0 0 0 0 1 1 0 0 1 1 0 0 0 1 0 0 1 0 0 0 0 0 1 1 1 1 1 0 0 1 0 1 1 1 0 1 1 0 1 1 1 1 0 1 0 0 0 1 0 1 0 0 1 0 0 0 0 1 0
1 1 1 0 0 1 1 1 0 1 0 0 91 0 1 0 1 0 0 1 0 1 0 0 1 0 0 1 1 0 0 0 1 0 1 1 0 0 1 0 1 1 0 0 0 1 1 0 1 0 1 0 0 0 1 0 1 0 0 1 0 0 0 1 1 0 1 1 0 0 1 0 1 0 1 0 1 0 0 1 1 1 0 1 1 0 0 1 0 0 0 1 0 0 1 0 0 0 0 0
1 0 1 0 0 1 0 0 0 1 0 0 0 52 1 1 1 0 1 1 0 0 0 0 1 0 1 1 1 1 1 1 0 0 1 1 0 0 0 1 0 1 0 0 0 0 1 0 0 0 0 0 0 0 0 1 0 0 0 1 0 0 0 1 0 1 1 1 0 0 1 0 1 1 1 0 1 1 0 0 1 0 0 0 1 0 0 0 0 0 1 0 1 0 1 0 0 0 0 0
1 1 0 0 0 1 1 0 1 1 0 0 0 0 1 1 1 1 0 1 0 0 0 0 1 1 0 1 0 0 0 0 0 1 1 1 0 0 1 0 0 1 0 0 1 0 0 0 1 0 0 0 1 0 1 0 1 0 0 0 1 1 0 1 0 1 1 1 1 0 1 0 1 0 0 0 1 1 1 0 1 0 1 1 1 0 0 1 0 1 0 1 1 0 1 0 1 0 0 0
1 0 1 0 0 1 1 1 0 1 0 0 0 0 1 1 1 0 1 1 0 1 0 0 0 1 0 1 1 1 0 1 0 0 1 0 0 0 0 0 1 1 0 0 0 0 1 0 1 1 0 0 0 0 1 1 0 1 0 0 0 1 0 1 1 1 1 0 1 0 1 0 1 0 1 0 1 0 1 1 1 0 1 0 1 1 0 0 1 0 0 0 1 0 1 0 1 1 0 1
1 0 0 0 0 0 0 1 1 1 0 1 0 1 1 0 1 0 0 0 0 1 0 0 0 1 0 1 1 0 0 1 0 1 1 1 0 1 1 0 0 0 0 1 0 1 0 0 1 1 0 0 0 0 1 1 1 0 1 0 0 0 0 0 1 1 1 0 0 0 1 0 1 0 0 0 1 0 1 0 1 1 0 1 1 0 1 0 1 0 1 0 0 0 1 0 1 0 0 1
1 0 0 1 0 1 0 0 1 1 0 0 0 1 1 1 1 82 0 1 0 1 0 0 1 1 1 0 1 1 0 1 0 0 1 1 0 0 1 0 1 0 0 0 1 1 1 1 1 0 1 1 0 0 1 1 1 1 0 1 0 0 0 1 0 0 1 0 1 0 1 0 1 0 1 0 0 0 1 0 1 1 0 1 0 1 0 1 0 0 1 0 1 0 1 0 0 0 1 0
1 0 1 0 0 1 0 1 0 1 1 0 0 1 1 0 1 0 7 0 1 1 0 0 1 0 0 1 1 0 0 1 0 0 1 1 0 0 1 0 1 0 0 1 0 1 1 1 0 0 0 0 0 0 0 1 1 0 0 1 1 0 0 1 0 1 0 0 1 0 0 0 1 0 0 0 1 0 0 0 1 0 0 0 1 1 0 0 0 0 0 0 0 0 1 0 0 0 0 0
0 0 1 0 0 0 1 0 0 1 0 0 0 0 1 0 1 1 1 1 0 0 0 0 1 0 0 1 1 0 0 1 0 0 1 0 0 0 1 1 0 1 0 0 0 0 1 1 0 0 0 0 0 0 1 0 1 0 0 1 0 0 0 1 1 1 1 1 1 0 1 0 1 1 1 0 1 0 1 1 1 1 1 0 0 1 0 0 1 0 0 0 1 0 1 0 1 1 0 0
1 1 1 0 0 0 0 1 1 1 0 0 0 0 1 0 1 0 0 1 32 1 0 0 0 0 1 0 1 0 1 1 0 0 1 1 0 0 1 1 0 0 0 0 1 1 1 0 0 1 1 1 0 0 1 1 1 0 0 0 1 1 0 1 0 0 1 1 1 0 0 0 1 0 1 0 1 0 0 0 1 1 0 1 1 0 0 0 1 1 1 0 0 0 1 0 0 1 0 0
1 1 1 0 0 1 1 1 0 1 0 1 0 0 1 0 1 1 0 1 0 21 0 0 1 0 0 0 1 0 0 1 1 0 1 1 0 0 1 1 0 1 1 0 0 1 0 0 0 1 1 1 0 0 1 1 1 0 1 1 0 0 0 1 1 1 1 1 0 0 0 0 0 0 0 0 1 0 1 0 1 0 0 1 1 1 0 0 1 0 0 1 1 0 1 0 0 0 0 0
1 1 1 0 0 1 0 0 0 0 0 0 0 0 1 1 1 0 0 1 0 0 67 0 1 1 0 0 1 0 0 1 0 0 1 1 0 1 1 0 0 0 0 1 0 1 1 0 1 1 1 0 0 0 1 0 1 0 0 0 1 1 0 1 1 1 1 1 0 0 0 0 0 0 0 0 1 1 1 0 1 0 0 1 1 1 0 0 1 1 1 0 0 0 1 0 0 1 0 1
1 0 1 0 0 0 1 1 1 1 0 0 0 0 1 1 0 0 1 1 0 0 0 54 1 0 1 0 1 0 1 0 0 0 1 1 0 0 0 0 1 0 0 0 0 1 1 0 0 0 1 0 0 0 0 1 1 0 1 0 1 0 0 1 0 1 0 1 1 0 1 0 1 0 1 0 0 1 1 1 1 0 1 1 0 0 1 0 0 0 1 0 1 0 1 0 0 0 0 1
0 0 1 0 0 1 0 0 1 1 0 0 0 0 1 1 1 0 0 1 0 0 0 0 7 0 0 0 0 0 0 0 0 0 1 1 0 0 0 0 1 1 0 0 1 1 0 1 0 1 1 0 0 0 1 1 1 1 0 0 0 0 0 1 0 1 1 1 0 0 0 0 1 0 1 0 1 0 0 1 1 0 0 0 1 0 0 0 0 0 1 0 1 0 1 0 1 1 0 0
0 0 0 1 0 0 0 1 1 1 0 1 0 1 1 1 1 0 0 1 0 0 0 0 0 18 0 1 1 0 0 1 0 0 1 0 0 0 1 0 0 1 0 1 1 1 1 0 0 0 0 1 1 0 1 1 1 0 0 0 1 0 0 0 0 1 1 1 1 0 1 0 1 0 1 0 1 0 0 0 1 0 1 0 0 0 0 0 0 0 1 0 1 0 1 0 0 1 0 1
1 1 1 1 1 1 1 1 1 1 1 0 0 0 1 1 1 0 1 0 0 1 0 0 0 1 73 1 1 0 0 0 0 0 1 1 0 0 0 1 0 1 1 0 0 1 1 0 1 0 1 1 0 0 1 1 1 0 1 0 1 0 0 1 0 0 1 1 1 0 0 0 1 0 1 0 1 0 0 0 1 0 1 1 1 0 1 0 0 0 0 0 1 0 1 0 1 1 0 0
1 1 1 0 0 0 0 1 1 1 0 0 0 0 1 1 1 1 0 1 0 0 0 0 1 0 0 1 0 1 0 1 0 0 0 0 0 0 1 0 0 1 0 1 0 0 1 0 1 0 1 0 1 0 1 1 1 0 0 1 0 0 0 1 1 1 1 1 0 0 1 0 1 0 1 0 1 0 0 0 1 0 1 0 1 0 0 0 0 0 1 1 1 0 1 0 1 1 0 0
1 1 1 1 0 1 0 0 0 1 0 0 0 0 1 1 1 1 0 1 0 0 0 0 0 1 0 0 1 1 1 1 0 0 1 1 0 0 1 1 0 0 0 0 0 1 1 0 0 1 1 1 0 0 0 0 0 0 1 1 0 0 0 1 1 1 1 1 0 0 1 0 1 1 1 0 1 0 0 1 1 1 0 1 0 0 1 0 0 0 0 0 0 1 1 0 0 0 0 0
1 1 1 0 0 1 0 1 1 1 0 0 0 0 1 1 1 1 1 1 0 1 0 0 0 1 0 1 0 1 0 1 0 1 1 1 0 0 1 0 0 1 0 0 0 1 0 0 0 0 1 0 0 0 1 0 1 0 0 1 1 0 0 1 1 1 1 1 0 0 1 0 0 0 1 0 1 0 0 1 1 0 0 0 0 0 0 0 0 0 1 0 1 0 1 0 0 0 0 0
1 1 1 1 1 0 0 1 1 1 0 0 0 0 1 0 1 1 1 0 0 1 0 0 1 1 0 0 1 0 59 1 0 1 1 1 0 1 1 0 1 1 0 1 0 1 1 0 0 0 0 1 0 0 1 1 1 0 1 1 1 1 0 0 0 0 1 0 1 0 0 1 0 0 1 0 1 0 1 1 1 0 0 1 1 1 0 0 0 1 1 0 1 0 1 0 0 0 0 0
1 1 1 0 0 1 1 0 0 1 0 0 0 0 1 1 1 1 1 0 0 0 0 0 1 1 0 1 0 0 1 1 1 0 1 1 0 1 1 1 0 1 0 0 0 0 0 0 0 0 1 0 0 0 1 0 1 0 0 1 0 0 0 0 1 0 1 1 1 0 1 1 1 0 0 0 1 0 0 0 1 0 0 0 1 1 1 1 1 1 1 0 1 0 1 0 1 0 0 0
1 1 1 0 0 1 0 0 0 1 0 0 0 0 1 1 1 0 1 0 0 0 0 0 1 1 0 0 1 0 0 1 14 1 1 1 0 0 1 0 0 0 1 1 0 1 1 0 0 0 1 0 1 0 1 1 1 1 0 0 0 0 0 0 0 1 1 1 1 0 0 0 1 0 0 0 1 0 1 0 1 1 1 0 0 0 0 1 0 0 1 1 1 0 0 0 1 0 0 1
1 1 1 0 0 1 1 0 0 0 0 0 0 0 1 1 1 0 1 0 0 1 0 0 1 0 0 0 0 1 0 1 1 15 1 1 0 0 1 0 1 1 0 0 0 1 1 0 1 1 0 1 1 0 0 1 1 0 1 1 0 1 0 1 1 0 1 1 1 0 0 0 1 1 1 0 1 0 1 1 1 0 1 0 1 0 0 0 0 0 1 0 1 0 1 0 1 0 0 0
1 1 1 0 0 1 1 1 0 1 0 1 1 0 1 1 1 1 1 1 0 0 0 0 0 0 0 1 0 1 0 1 1 1 1 0 0 0 1 1 0 1 0 0 1 1 1 0 1 0 1 0 0 0 1 1 1 0 0 1 1 0 0 1 0 1 1 1 0 0 1 0 0 0 1 0 1 1 0 0 1 1 1 0 0 0 0 0 1 0 0 1 1 0 1 0 0 0 1 0
1 0 1 0 0 1 1 0 1 0 0 1 0 0 1 0 1 0 1 1 0 1 0 0 0 1 0 0 1 1 1 1 0 0 1 1 0 0 0 0 1 1 1 0 0 1 1 0 1 1 0 0 1 0 1 0 1 0 1 0 1 0 0 1 0 1 1 0 0 0 0 1 0 0 1 0 0 1 1 1 1 0 0 1 0 1 0 0 1 0 1 0 1 0 1 0 1 0 0 0
0 0 0 0 0 1 1 1 0 1 0 0 1 0 1 1 1 1 0 0 0 1 0 1 1 1 0 1 0 0 0 1 1 1 1 1 1 0 1 0 0 0 0 1 0 1 1 0 0 0 0 1 0 0 0 1 1 0 0 1 0 0 0 1 1 1 1 1 0 0 0 0 1 0 1 0 1 0 0 1 1 0 1 1 0 1 0 0 1 0 1 0 1 0 1 0 0 1 0 1
0 1 1 0 0 1 0 0 0 1 0 0 0 0 1 0 1 1 0 1 0 1 0 0 1 1 0 1 0 0 1 1 0 1 0 1 0 7 1 0 1 0 1 0 1 0 1 0 1 1 1 0 0 0 0 0 1 0 0 1 1 0 0 1 0 1 1 1 1 0 0 0 1 0 1 0 0 0 0 0 1 0 1 1 0 0 0 0 0 0 1 0 1 0 1 0 0 0 0 0
1 1 1 0 0 0 1 1 0 0 0 0 0 0 1 1 1 0 0 1 0 1 0 0 0 1 1 1 1 0 1 1 0 0 1 1 0 0 1 0 0 0 0 1 0 1 0 0 0 1 1 1 0 0 0 0 1 0 0 0 0 0 0 0 0 1 1 1 0 0 0 0 1 1 1 0 0 1 1 1 1 0 0 1 0 0 0 0 0 0 1 0 1 0 1 0 1 0 0 0
1 1 1 0 0 0 1 0 1 1 0 0 0 0 1 1 1 0 0 1 0 0 0 0 1 1 0 1 1 1 1 1 0 0 1 1 0 0 0 1 0 0 1 0 1 1 1 0 1 0 1 0 1 0 1 1 1 0 0 1 1 0 0 1 0 1 1 1 1 0 1 0 1 0 0 0 1 0 0 0 1 0 0 1 0 1 0 0 1 1 0 1 0 0 1 0 1 1 1 0
1 0 1 0 0 1 1 0 0 0 0 1 1 0 1 1 1 0 0 1 0 1 0 0 0 1 1 0 1 0 0 1 0 0 1 1 0 1 1 1 10 0 0 0 0 1 1 0 1 1 1 1 0 0 1 1 1 0 0 0 1 0 0 1 0 1 1 1 1 0 0 0 0 0 1 0 1 1 1 0 1 1 1 0 0 0 0 1 1 0 0 0 0 0 0 0 0 0 1 1
1 0 1 0 1 1 1 1 1 1 1 0 0 0 1 1 1 0 1 1 0 1 0 0 0 1 0 0 1 0 0 1 0 0 1 1 0 0 1 0 0 48 0 1 1 1 1 0 0 1 0 0 0 0 1 1 1 0 0 0 0 0 0 1 1 1 1 1 1 0 1 0 0 1 1 0 1 1 0 0 1 1 1 1 0 0 0 0 0 0 1 0 0 0 1 0 1 1 0 0
1 1 0 1 0 1 0 0 0 1 0 0 0 0 1 1 1 1 1 1 1 0 0 0 1 0 0 1 0 0 0 1 1 0 1 0 0 0 1 1 1 0 81 1 0 1 1 0 0 1 1 0 1 0 1 1 1 0 1 1 1 0 0 1 1 1 1 1 1 0 1 0 0 1 1 0 1 0 1 1 1 1 0 0 0 0 0 0 0 0 1 0 1 0 0 0 1 1 0 0
1 0 0 0 0 1 1 1 1 1 0 0 0 0 1 0 1 0 0 0 0 1 0 0 0 1 1 0 1 0 0 1 0 0 1 1 0 0 1 0 0 1 0 50 0 0 1 1 0 0 1 0 0 0 1 1 0 0 0 1 0 0 0 1 1 0 1 1 0 0 0 0 1 0 0 0 1 0 1 0 1 0 1 1 0 0 0 0 1 0 1 0 0 0 1 0 0 0 0 1
1 1 1 0 0 0 1 1 0 1 0 0 0 0 0 0 1 0 0 1 1 0 0 0 1 0 0 1 1 1 0 1 0 0 1 1 0 0 1 0 0 0 0 1 1 1 0 0 0 0 1 0 1 0 1 1 1 0 1 0 1 0 0 1 0 1 1 1 1 0 1 1 0 0 1 0 1 0 1 1 1 0 0 0 1 0 0 0 0 0 0 0 0 0 1 0 0 0 0 1
0 1 0 0 0 1 0 0 1 1 0 1 1 0 1 0 1 1 0 1 0 1 0 0 0 1 0 0 0 0 0 0 1 0 0 1 0 0 1 0 1 0 0 1 1 15 1 1 0 0 1 1 0 0 1 1 0 0 0 0 0 1 0 1 0 0 1 1 1 0 1 0 1 0 0 0 1 0 1 1 1 1 0 0 0 0 0 0 1 1 1 0 0 0 1 0 1 0 0 0
1 0 1 0 0 0 0 0 0 1 0 0 0 0 1 0 1 0 1 1 0 1 0 0 0 0 0 1 1 1 0 0 0 0 1 1 0 0 1 1 0 0 0 1 0 0 1 0 0 0 1 1 0 0 1 0 1 1 0 1 0 0 0 1 0 1 1 1 0 0 1 0 1 0 1 0 1 0 0 0 1 0 0 0 0 0 0 0 1 1 0 1 0 0 1 0 0 0 0 0
1 1 1 0 1 1 1 0 1 0 0 1 1 0 1 1 1 0 0 1 0 1 0 0 0 1 1 1 0 0 1 1 1 0 1 1 0 0 1 1 0 1 0 0 0 1 1 82 0 1 1 0 0 0 1 0 1 0 0 0 0 0 0 1 1 0 1 1 1 0 1 1 1 0 0 0 1 0 1 1 1 1 0 0 1 1 1 0 0 0 1 0 0 0 1 0 0 0 0 1
1 1 1 0 0 1 0 1 1 0 1 1 0 0 0 0 1 0 0 1 0 0 0 0 1 1 0 0 1 1 0 1 1 1 1 1 0 0 1 1 0 1 1 0 1 1 1 0 92 0 1 1 0 0 0 1 1 0 0 0 1 0 0 0 0 1 1 1 1 0 1 0 0 0 1 0 1 0 1 1 1 1 0 0 1 0 0 0 0 0 1 0 1 0 1 0 0 0 0 1
1 0 1 0 0 0 1 0 0 0 0 0 0 0 1 1 1 1 1 1 1 1 0 0 0 1 0 0 0 0 0 1 0 0 1 1 0 0 0 1 1 1 1 0 1 1 1 0 1 37 1 1 0 0 1 0 1 0 0 1 1 0 0 1 1 0 1 1 1 0 1 0 1 0 0 0 1 0 0 1 0 1 1 0 1 0 0 0 0 1 1 0 0 0 1 0 1 0 0 1
1 1 0 0 0 1 1 0 1 0 0 1 1 0 1 0 1 0 0 1 0 0 0 0 0 1 1 0 1 0 0 1 1 0 1 1 0 0 1 0 1 0 0 1 1 1 0 0 0 1 1 0 0 0 1 0 0 1 0 0 0 1 0 1 1 1 1 1 1 0 1 0 1 0 0 0 0 0 0 1 1 1 0 1 0 0 0 1 1 0 1 0 0 0 1 0 1 1 0 0
1 1 1 0 0 1 1 0 1 1 0 0 0 0 1 1 1 1 1 1 0 1 0 0 0 1 0 1 0 1 1 0 0 1 1 1 0 0 1 1 1 0 1 0 1 1 1 0 1 0 0 41 0 0 0 0 1 0 0 1 0 0 0 0 0 0 1 1 1 0 1 0 0 0 1 0 1 1 1 1 1 0 1 1 1 1 1 0 1 0 1 0 1 0 0 0 1 0 0 1
0 0 0 0 0 0 0 1 1 0 0 1 0 0 1 1 1 1 1 0 0 1 0 0 0 1 0 1 1 0 0 1 0 1 1 0 0 0 1 0 0 1 0 0 1 1 1 1 0 0 1 0 86 0 1 1 1 0 1 1 0 0 0 0 0 1 0 1 1 0 0 1 1 0 1 0 1 1 1 1 1 1 0 0 0 0 0 0 1 0 1 1 1 0 1 0 0 0 0 0
1 1 1 1 0 0 0 0 1 1 1 1 0 0 1 0 1 0 0 1 0 1 0 0 1 0 0 0 1 0 0 1 0 0 1 0 0 0 1 1 1 1 0 1 0 1 1 0 0 0 0 0 0 60 0 1 1 0 0 1 0 0 0 1 1 1 1 1 0 0 1 0 1 0 0 0 1 0 0 1 1 0 1 1 1 0 0 0 1 0 0 0 0 0 1 0 1 0 0 0
0 0 1 0 1 1 0 0 1 1 0 0 1 0 1 1 1 0 0 1 0 1 0 0 1 0 0 0 1 1 0 1 0 0 0 0 0 0 0 1 0 1 1 1 0 0 0 0 1 0 1 0 0 0 44 1 1 0 0 1 0 0 0 1 0 1 0 1 1 0 0 0 0 0 1 0 1 0 1 0 1 0 0 1 1 0 0 0 0 0 1 1 0 0 1 0 1 0 0 0
1 0 1 0 0 0 0 1 0 0 0 1 0 0 1 0 1 0 1 0 0 0 0 0 0 0 1 1 1 1 0 1 0 0 1 1 0 0 1 0 1 1 0 0 0 1 1 0 1 0 0 1 0 0 1 87 1 1 0 0 1 0 0 1 1 0 1 0 0 0 0 0 1 0 0 0 1 1 1 1 1 0 0 0 0 0 0 0 1 0 1 0 0 0 1 0 0 1 0 0
1 1 1 0 0 1 0 0 0 0 0 1 0 0 1 1 1 0 1 0 0 0 0 0 0 1 1 1 1 1 1 1 0 1 1 1 0 1 1 0 1 0 1 0 1 0 1 0 0 0 1 1 0 0 0 1 1 0 1 1 0 1 0 1 0 0 1 0 1 0 0 0 0 0 1 0 0 1 1 1 1 0 1 0 0 0 0 0 1 1 1 0 0 1 1 0 0 0 0 0
1 1 1 0 0 0 0 0 1 0 0 1 1 0 1 1 1 1 1 1 0 0 0 0 0 0 1 1 0 0 1 1 0 0 0 1 0 0 1 1 0 1 0 0 0 0 1 0 0 0 1 0 0 0 1 1 0 4 1 0 0 0 0 1 1 1 1 1 1 0 0 0 0 0 0 0 1 1 0 1 1 1 0 1 1 0 0 0 0 1 1 1 0 0 1 0 1 1 1 0
1 1 1 0 0 1 1 1 1 1 1 0 0 0 1 0 1 1 1 1 0 1 0 0 0 0 1 1 1 1 0 0 0 0 1 0 0 0 1 0 0 1 0 1 0 1 0 0 0 1 1 0 0 0 1 1 1 0 1 0 0 1 0 0 1 1 1 1 0 0 1 0 0 0 1 0 1 1 1 0 1 0 0 1 0 0 1 0 1 0 1 1 1 0 1 0 0 0 1 0
1 0 1 0 0 1 0 0 0 0 0 0 0 0 1 0 1 0 1 1 0 1 0 0 0 1 0 0 1 1 0 1 0 1 1 1 0 0 1 1 0 0 0 0 1 0 0 1 0 1 0 1 0 0 1 1 1 0 0 90 0 1 0 1 1 1 1 1 0 0 1 0 0 0 1 0 0 0 1 0 0 0 0 0 0 1 1 0 0 1 1 0 1 0 1 0 0 0 0 0
0 1 1 0 0 0 0 0 0 1 1 0 0 1 1 0 1 0 0 0 0 1 0 0 0 1 0 1 0 0 1 1 0 0 1 1 0 0 1 0 1 1 0 0 0 1 1 0 1 0 1 0 0 0 1 1 0 0 0 1 1 0 0 0 0 0 1 1 1 0 1 0 1 0 0 0 1 0 1 1 1 0 0 0 0 1 0 0 1 0 1 0 0 0 1 0 0 0 0 0
1 1 0 0 0 0 0 1 0 1 0 0 0 0 1 1 1 1 1 1 1 0 0 0 1 1 1 0 1 1 0 1 1 0 1 1 0 0 1 1 1 0 0 0 0 1 1 1 1 0 1 0 0 0 1 1 1 0 0 1 0 38 0 0 0 0 1 1 0 0 0 0 1 0 1 0 1 0 0 1 0 0 1 1 1 0 1 0 0 0 1 1 1 0 1 0 0 0 1 0
1 0 0 0 0 0 0 0 1 1 1 0 1 0 1 0 1 1 0 1 0 1 0 0 0 1 0 1 1 0 0 0 0 0 0 1 0 0 1 1 1 1 0 1 1 0 1 0 0 0 0 1 0 0 0 1 1 0 1 0 1 0 16 1 1 1 1 1 0 0 0 0 1 0 1 0 1 1 1 1 1 0 1 0 1 1 0 0 0 0 0 1 1 0 1 0 1 1 0 0
1 1 0 0 0 1 0 0 1 0 1 0 0 0 0 1 1 0 1 1 0 1 0 0 0 1 0 0 1 0 1 1 0 0 1 0 0 0 1 0 1 1 0 1 0 1 0 0 0 1 0 0 0 0 1 1 0 0 1 1 0 0 0 1 0 1 1 0 1 0 1 0 0 0 1 0 1 0 0 1 1 0 0 0 1 1 0 0 1 0 1 0 1 0 1 0 1 0 0 0
1 1 1 0 0 1 1 1 0 1 1 0 0 0 0 1 1 1 0 1 0 0 0 0 1 1 0 1 1 1 0 1 1 1 1 1 0 1 1 1 0 0 0 0 0 1 0 0 0 0 1 0 0 0 1 0 1 0 0 0 0 0 0 1 1 1 1 1 0 0 1 0 1 0 0 0 1 0 1 1 1 1 1 0 1 0 0 1 1 0 1 1 0 0 1 0 1 0 0 0
1 1 1 0 0 1 0 0 0 1 0 0 0 1 1 1 1 1 0 0 0 0 0 0 1 1 0 1 1 0 0 1 0 0 1 0 0 0 1 1 1 0 0 0 0 1 1 1 0 0 0 0 0 0 1 0 1 0 0 1 0 0 0 1 1 68 1 1 1 0 1 0 0 0 0 0 1 1 0 0 1 0 0 1 1 0 0 0 0 0 1 0 0 0 1 0 0 0 1 0
0 0 1 0 0 0 1 0 1 0 1 0 0 0 1 1 1 1 0 1 0 0 0 0 0 1 1 1 1 0 1 1 0 0 1 1 0 0 0 1 0 1 0 0 1 1 1 0 0 1 1 0 0 0 1 1 1 0 0 0 0 0 0 1 0 0 1 1 0 0 1 0 1 0 1 0 1 1 1 0 1 1 1 1 1 1 0 0 1 0 1 0 1 0 1 0 0 1 0 1
1 0 0 1 0 0 0 0 1 1 0 0 0 0 1 1 1 1 1 1 0 0 1 0 1 1 0 1 1 1 1 1 0 1 1 0 0 0 1 1 1 0 0 1 1 1 1 0 0 0 0 0 0 0 1 1 1 0 0 0 1 0 0 1 1 0 1 12 0 0 1 0 1 1 0 0 1 1 0 0 1 0 1 0 1 0 0 0 1 0 1 0 1 0 1 0 0 1 0 0
1 0 1 1 0 0 0 0 1 0 0 1 0 0 1 1 0 0 1 0 0 0 0 0 0 1 0 1 0 0 0 1 0 0 1 1 0 0 0 1 0 1 0 0 0 0 0 1 0 1 1 1 0 0 1 1 1 0 0 1 0 0 0 1 0 0 1 1 1 0 1 0 1 0 1 0 1 1 1 1 1 0 0 1 0 0 0 0 0 0 1 0 1 0 1 0 1 0 0 1
1 1 1 0 0 1 1 0 0 1 0 0 1 0 1 0 1 0 0 1 0 0 0 0 0 1 1 1 1 0 0 1 1 0 1 1 0 0 1 1 0 0 0 0 0 1 0 0 0 0 0 0 0 0 1 0 0 0 0 1 0 0 0 0 1 0 1 0 1 85 1 0 0 0 1 0 1 0 1 0 1 1 0 0 1 0 0 0 1 0 1 0 0 0 1 0 0 0 0 0
1 1 1 0 0 0 0 0 0 1 0 0 0 0 1 0 1 0 1 0 0 1 0 0 0 1 0 1 1 0 0 0 0 0 1 1 0 0 0 1 1 0 0 1 0 1 0 0 0 1 1 0 0 0 1 1 1 0 0 1 1 0 0 1 1 1 0 0 0 0 1 0 0 0 1 0 1 1 0 1 1 1 1 1 1 0 1 0 1 1 1 0 1 0 1 0 0 1 0 0
1 1 1 0 0 1 1 0 1 0 0 0 1 0 1 1 1 1 0 1 0 1 1 0 1 1 0 0 1 1 0 1 0 0 1 0 0 1 1 0 0 0 0 1 0 1 1 0 0 0 0 1 0 0 1 0 1 0 0 0 0 0 0 1 0 0 1 1 1 0 1 22 1 0 1 0 1 0 1 1 1 1 0 1 1 1 0 0 1 0 0 0 0 0 1 0 1 0 1 0
1 0 1 0 0 1 0 0 0 0 0 0 0 0 0 0 1 0 1 0 1 0 0 0 1 0 1 1 0 0 0 1 1 0 1 1 0 0 1 0 1 0 0 1 0 1 0 0 0 0 0 1 0 0 0 1 1 0 0 1 0 0 0 1 1 0 1 1 0 0 0 0 77 1 1 0 1 1 0 0 1 0 1 1 1 0 0 1 0 0 1 1 1 0 1 0 0 0 0 0
1 1 1 0 0 0 0 0 0 1 0 1 1 0 1 1 1 1 0 1 0 1 0 0 0 1 1 0 1 1 0 1 0 0 1 1 0 0 1 0 0 0 0 1 0 0 0 0 1 0 1 1 0 0 0 1 1 0 1 1 1 0 0 1 1 1 1 1 1 0 1 0 1 8 1 0 0 0 0 1 1 0 0 0 1 1 0 1 0 1 1 0 0 0 1 0 1 0 0 0
1 1 1 0 0 1 1 0 0 1 1 1 0 0 1 1 1 1 0 0 0 1 0 0 0 1 0 1 1 0 1 1 0 1 1 1 0 1 1 1 0 0 1 1 0 1 1 0 1 0 1 1 0 0 1 1 1 0 0 1 0 0 0 1 0 0 1 1 0 0 1 0 1 0 1 0 1 1 1 1 1 0 0 0 1 0 0 0 1 0 0 0 1 0 1 0 1 0 0 0
1 1 0 0 1 0 1 0 1 1 0 0 0 1 1 1 1 0 1 1 0 1 0 0 0 1 1 1 0 0 0 1 0 0 1 1 0 0 1 1 0 1 0 0 0 1 1 0 0 0 1 0 0 0 1 0 1 0 1 0 0 1 0 0 0 0 1 1 1 0 0 1 1 0 1 92 1 0 1 0 1 0 0 1 0 0 0 0 1 0 1 0 0 0 1 0 1 0 0 0
0 1 0 0 0 1 0 0 0 1 0 0 0 0 1 1 1 1 0 1 0 0 0 0 0 0 1 0 1 0 0 0 0 0 0 0 0 1 1 0 1 1 0 1 0 0 1 0 1 0 0 0 0 0 1 1 1 0 1 1 1 0 0 1 0 0 0 1 1 0 0 0 1 0 0 0 1 1 1 1 1 0 1 1 1 0 0 1 1 0 1 0 0 0 1 0 0 0 0 0
0 0 1 0 0 0 1 0 0 1 0 0 0 0 1 1 1 0 1 0 0 0 0 0 1 1 1 1 1 1 0 1 1 0 1 1 0 0 1 0 0 0 0 0 0 1 1 1 0 0 1 0 0 1 1 1 1 0 0 0 0 1 0 1 0 1 1 1 1 0 1 0 1 0 1 0 1 4 0 0 1 0 0 1 1 0 0 0 0 0 1 0 0 0 1 0 1 0 0 1
0 1 1 0 0 0 0 1 1 0 0 0 0 0 1 1 1 0 1 0 0 1 0 0 0 1 0 1 1 0 0 0 0 1 0 0 0 0 1 0 0 1 0 0 0 1 1 0 0 1 1 1 0 0 1 0 1 1 0 1 0 0 0 1 0 1 1 1 0 0 1 0 0 0 1 0 1 1 1 0 1 0 0 1 0 1 0 0 1 1 1 0 1 0 1 0 0 0 0 0
1 0 0 1 0 1 1 1 1 1 0 0 0 1 1 0 1 1 1 0 0 1 0 0 0 1 0 0 1 1 0 1 0 0 1 1 0 0 1 0 0 1 0 0 0 0 1 1 1 0 0 0 0 0 1 1 1 0 0 0 0 0 0 1 1 1 1 1 1 0 1 1 1 0 0 0 1 1 0 40 1 0 0 1 1 0 0 0 1 0 1 0 0 0 1 0 1 0 0 0
1 1 0 0 0 0 0 1 0 0 0 0 0 0 1 0 0 1 0 1 0 1 0 0 0 0 1 1 1 0 1 1 0 0 1 1 0 0 1 1 0 1 1 1 1 1 1 1 0 1 1 0 0 0 1 1 1 0 0 1 1 0 0 1 0 0 1 1 0 0 0 0 1 0 1 0 1 0 0 0 1 1 0 0 1 0 1 0 1 1 0 0 1 0 1 0 0 0 0 0
1 0 1 0 1 1 1 0 0 1 0 0 0 0 1 0 1 0 1 0 0 1 0 0 0 1 0 1 1 0 0 1 0 0 1 1 1 0 1 1 0 1 0 0 1 1 0 0 1 0 1 0 0 0 1 0 1 0 0 1 0 0 0 0 0 1 1 0 1 0 0 0 1 0 1 0 1 0 1 0 0 1 0 1 1 0 0 0 1 1 0 1 1 0 1 0 0 1 1 0
1 1 1 1 1 1 0 1 1 1 0 1 0 0 0 1 1 1 1 1 0 0 0 0 1 0 1 1 1 0 1 1 0 0 1 1 0 0 1 0 0 1 0 0 1 1 1 0 0 0 1 0 0 0 0 1 1 0 0 1 0 1 0 0 0 0 1 1 1 0 0 0 0 0 1 0 1 0 1 1 1 1 1 1 1 1 0 0 1 0 0 1 0 0 1 0 0 1 0 0
1 0 1 0 0 1 1 0 0 0 0 1 0 0 1 1 1 0 0 1 0 1 0 0 0 1 0 1 0 0 0 1 0 0 1 1 0 0 1 1 0 0 0 1 0 1 0 0 0 0 1 1 1 0 1 0 1 0 0 1 1 0 0 1 1 0 1 1 0 0 1 1 1 0 1 0 1 0 1 1 1 1 0 1 0 1 0 0 1 0 1 0 1 0 1 0 1 0 0 0
1 1 1 1 1 1 1 0 0 1 0 0 0 1 1 0 1 1 0 1 0 1 0 0 1 1 0 1 1 0 0 1 0 0 1 1 0 1 1 0 1 1 0 1 0 1 1 0 0 0 1 0 0 0 1 1 1 0 0 0 1 0 0 1 1 1 1 1 0 0 1 0 1 0 1 0 1 0 0 1 1 0 0 1 1 1 0 0 0 0 1 0 0 0 1 0 1 1 0 0
1 1 0 0 0 1 1 0 0 1 0 0 0 0 1 1 1 1 0 1 1 0 0 0 1 0 1 0 1 1 1 1 0 0 1 0 0 0 1 0 0 0 0 0 0 1 1 0 0 0 1 0 0 0 1 1 1 0 0 0 1 0 0 0 0 1 1 0 1 0 1 1 0 0 0 0 1 1 0 1 1 0 0 1 1 1 0 0 1 0 1 1 1 0 1 0 0 0 0 0
1 1 0 0 0 0 0 1 1 1 1 1 0 0 1 0 1 1 1 1 1 1 0 0 1 1 1 1 1 0 1 1 0 0 0 1 0 0 1 0 1 0 0 1 0 0 1 1 1 0 1 1 0 0 1 1 1 1 1 1 0 1 0 0 0 0 0 1 1 0 1 0 1 0 0 0 1 0 1 0 1 1 1 0 1 1 1 1 1 0 1 0 1 0 1 0 1 0 0 1
1 0 1 1 0 1 1 0 1 1 1 0 0 1 1 0 1 0 0 1 0 1 0 0 0 1 0 1 1 0 0 1 0 0 1 1 0 0 1 1 1 1 1 0 0 1 0 0 0 0 0 1 0 0 0 1 1 0 0 0 0 0 0 1 0 1 1 1 1 0 1 0 1 0 0 0 1 0 0 1 1 1 1 0 0 0 0 1 1 1 1 0 1 0 1 0 0 1 0 0
1 1 1 0 0 1 0 1 0 0 0 1 1 0 1 1 1 1 1 1 0 0 0 0 0 1 0 0 1 0 0 1 0 0 1 1 0 0 0 1 0 0 0 0 1 1 1 1 1 0 1 0 0 0 0 1 1 0 0 0 0 0 0 1 1 0 1 1 1 0 1 0 1 0 0 0 1 0 0 1 1 0 0 1 1 0 0 0 55 0 1 0 1 0 1 0 0 0 0 0
0 1 1 1 0 1 1 1 1 1 1 0 0 0 1 0 1 1 0 0 0 1 0 0 0 0 0 0 0 0 1 1 0 0 1 1 0 0 1 0 0 1 0 1 0 1 1 0 0 1 0 0 0 0 1 0 1 0 0 1 1 0 0 0 0 1 1 0 0 0 0 0 0 0 0 0 0 0 0 1 1 1 0 0 0 0 1 0 1 1 1 0 1 0 1 0 0 0 1 0
0 0 1 0 1 0 1 0 0 1 0 0 1 0 1 0 1 1 1 0 0 1 0 0 0 0 0 1 1 0 1 1 0 0 1 1 0 0 1 1 0 0 1 1 1 1 0 0 1 0 1 1 1 0 1 1 1 0 0 1 1 1 0 0 0 1 1 1 0 0 0 0 1 0 1 0 1 1 1 0 1 0 0 1 1 1 0 0 1 0 1 0 0 0 1 0 0 0 1 1
1 0 1 0 0 0 1 1 1 1 1 0 0 0 1 1 1 0 1 1 0 0 0 0 0 0 0 0 1 0 1 1 0 0 1 1 0 1 1 1 1 1 1 0 1 1 1 0 0 0 1 0 0 0 1 0 1 0 0 0 0 0 0 0 0 1 1 1 1 0 0 0 1 0 1 0 1 1 1 1 1 0 0 1 1 0 0 1 0 0 1 43 0 0 1 0 1 0 0 0
0 0 0 0 0 1 1 0 1 0 0 0 0 0 1 1 1 1 0 1 0 0 0 0 1 0 0 1 1 1 0 1 0 0 1 1 0 0 0 0 0 1 0 0 1 0 1 1 0 1 0 0 0 0 1 1 0 0 1 1 0 0 0 1 0 0 1 1 0 0 1 0 1 0 1 0 0 0 1 1 1 1 0 1 1 0 0 1 0 1 0 0 91 0 1 0 0 1 0 0
0 0 1 0 0 1 0 0 1 0 1 0 0 0 1 1 1 0 0 1 0 1 0 0 0 1 0 1 1 1 0 1 0 1 1 1 0 0 1 0 0 0 0 0 1 1 1 0 0 0 0 0 0 0 1 0 1 0 0 1 0 0 0 1 0 0 1 1 1 0 1 0 1 0 0 0 1 1 1 0 1 0 0 1 0 0 0 0 1 1 1 1 1 91 1 0 0 1 0 1
0 1 1 0 1 1 0 1 1 1 0 1 0 0 1 1 1 1 0 0 0 1 0 0 0 1 1 1 1 0 0 1 0 0 1 1 0 0 1 1 1 0 0 1 0 1 1 0 1 0 0 0 0 0 1 1 0 0 0 1 1 0 0 0 0 0 0 1 0 0 1 0 1 0 1 0 0 0 1 1 1 0 0 1 1 1 0 0 0 0 0 0 1 1 1 0 1 1 0 0
0 1 1 0 0 1 1 1 0 0 0 0 0 0 1 1 1 0 1 1 0 0 0 0 1 1 0 1 1 0 0 1 0 0 1 0 0 0 1 1 0 0 0 1 0 1 1 0 0 0 1 0 0 0 1 1 0 0 0 0 0 0 0 1 0 0 1 1 1 0 1 0 1 0 1 0 1 0 1 1 1 1 0 0 1 0 1 0 1 0 1 1 1 1 1 84 1 0 0 0
1 0 1 0 0 1 1 0 1 1 0 1 0 0 1 0 1 0 0 1 0 0 0 0 0 1 0 1 1 0 0 1 0 0 1 1 0 0 1 0 1 0 0 0 0 1 1 1 0 0 0 1 0 0 1 0 1 0 0 1 0 0 0 0 1 1 1 1 1 0 0 0 0 0 0 0 1 0 1 1 1 0 1 1 1 0 0 1 1 0 0 1 1 0 1 0 56 1 0 0
0 0 1 0 1 1 1 0 1 0 0 0 0 0 1 1 1 1 1 1 0 1 0 0 0 0 1 1 1 0 0 1 1 0 1 1 0 0 0 0 1 1 0 0 1 1 0 0 0 1 1 1 0 0 1 1 1 1 1 1 0 0 0 0 0 0 0 1 1 0 1 0 1 1 0 0 1 0 1 1 1 1 0 0 0 0 1 0 1 0 1 0 0 0 1 0 0 52 0 1
0 1 1 1 0 1 1 0 1 1 0 0 0 0 1 1 1 1 0 1 1 0 0 0 0 0 0 0 1 1 0 1 0 1 1 0 0 0 1 1 0 0 1 0 0 1 1 0 1 0 0 0 0 0 1 1 0 0 0 1 0 0 0 0 0 1 1 1 1 0 1 0 0 0 1 0 1 1 0 0 1 1 0 1 1 0 0 0 1 0 1 0 1 0 1 0 0 0 27 0
0 0 1 0 1 1 1 1 1 1 0 0 0 0 1 1 1 0 1 0 0 1 0 0 0 1 0 0 1 0 1 1 0 0 0 1 0 1 1 1 0 1 0 0 0 1 0 0 0 0 1 0 0 0 1 0 1 0 0 0 1 0 0 1 0 1 1 1 1 0 1 0 1 0 1 0 1 0 1 1 1 0 1 0 1 0 0 0 1 1 1 0 0 0 0 0 0 0 0 95
