100
90 1 1 1 0 0 0 1 1 1 0 0 1 0 1 0 0 1 1 0 1 1 0 1 0 0 0 0 1 0 0 0 0 1 1 0 0 1 0 1 0 1 0 0 1 0 1 0 0 0 1 0 0 1 1 0 0 0 0 0 0 0 1 1 0 0 0 0 0 0 1 1 1 0 1 1 0 1 0 1 0 1 1 0 1 0 1 1 0 1 1 1 1 1 1 1 1 0 1 0 
0 21 0 0 1 1 0 0 0 1 0 0 1 1 0 0 0 0 1 0 0 0 1 1 1 0 1 0 1 1 1 0 0 0 1 1 1 0 1 0 0 1 0 0 0 1 0 0 1 0 0 0 0 1 1 1 1 0 0 0 1 0 0 0 1 1 0 1 0 1 1 1 1 0 0 1 1 0 1 1 1 1 0 0 0 0 0 1 1 0 0 0 0 1 1 0 1 1 1 1 
0 0 10 0 0 1 0 0 0 1 1 0 1 1 1 1 1 0 0 0 0 1 1 0 0 1 1 1 1 0 0 1 0 0 0 0 0 0 0 0 0 1 0 0 0 0 0 0 0 1 0 0 0 1 0 0 1 0 0 0 1 1 0 1 0 1 0 0 1 0 1 0 1 0 0 0 1 0 1 0 1 0 0 0 1 0 1 0 0 0 1 1 0 0 1 0 0 0 1 0 
0 0 1 10 0 0 1 0 1 0 1 1 0 0 1 1 1 0 0 0 1 0 1 1 0 1 0 1 0 0 1 1 0 1 0 1 1 1 1 1 1 1 0 0 0 1 1 0 0 1 0 1 0 0 0 1 0 0 0 1 0 1 1 1 0 1 0 1 1 0 0 1 0 0 0 0 0 1 1 1 1 1 0 0 1 1 1 0 0 1 1 0 1 1 0 1 1 1 1 0 
1 1 1 0 89 1 0 0 1 1 0 1 1 1 1 1 1 1 1 1 1 0 0 0 0 1 0 0 1 1 0 0 0 1 1 0 0 1 1 0 0 0 0 1 1 0 0 0 1 0 0 0 0 0 0 0 0 0 0 0 1 1 0 0 1 0 0 1 0 1 0 0 0 0 1 0 1 1 1 0 0 1 1 0 0 1 1 1 1 1 1 1 1 0 0 0 1 0 1 0 
0 0 1 0 1 54 1 0 0 0 0 1 0 1 1 0 0 0 1 0 0 0 1 1 0 1 1 0 1 1 0 1 0 0 1 1 0 1 1 1 0 0 1 0 0 0 1 1 1 0 1 0 1 1 0 0 0 1 1 0 1 0 0 0 1 0 0 0 1 1 1 1 1 0 0 0 0 1 0 0 0 1 0 1 1 1 0 0 0 0 1 0 1 1 1 1 1 1 1 0 
1 0 1 0 0 0 10 0 1 1 0 1 0 0 1 0 0 0 1 0 1 0 1 0 1 1 0 0 0 0 0 0 1 0 1 1 1 1 1 0 0 1 0 0 0 1 1 0 0 0 1 0 0 1 0 0 1 1 0 0 1 1 0 0 1 1 1 1 0 0 0 1 0 0 0 0 1 1 0 1 0 1 1 0 0 1 1 0 1 1 1 0 0 0 1 1 0 1 0 0 
0 0 1 0 1 0 1 0 1 0 1 1 0 1 0 0 0 0 1 0 0 0 0 0 0 0 1 0 1 1 1 1 0 0 0 1 0 1 0 1 1 1 0 0 1 0 1 0 1 0 0 1 1 1 1 0 0 0 1 0 1 1 1 0 0 0 1 0 0 0 1 0 1 0 0 1 1 0 0 0 1 1 0 0 0 1 0 1 0 0 0 0 1 1 1 0 1 0 1 0 
1 0 0 0 1 1 1 0 43 0 0 1 1 0 1 1 0 1 1 1 1 1 1 0 1 1 0 0 0 0 0 0 1 0 0 1 0 1 0 1 1 1 0 1 1 1 0 0 1 1 0 1 0 1 1 1 1 1 1 1 0 1 0 0 1 0 0 0 0 0 0 0 0 1 0 1 0 1 0 0 1 0 0 0 0 0 1 1 0 1 0 1 1 1 0 0 0 1 1 0 
1 0 1 1 1 1 1 0 0 41 1 0 0 1 1 1 1 1 1 1 1 0 0 0 1 0 1 0 0 1 0 1 0 1 0 0 1 0 0 1 1 1 0 1 0 1 1 0 0 1 0 0 1 1 0 1 1 1 1 1 0 0 0 0 0 1 1 1 0 1 1 1 0 1 1 0 1 1 0 1 1 1 1 0 1 1 1 1 0 0 0 0 1 0 0 1 0 1 1 1 
0 1 1 0 0 1 1 1 0 0 71 0 1 0 0 1 0 1 1 0 0 1 1 0 0 0 0 1 1 0 0 0 1 1 0 0 0 0 1 1 0 0 1 0 0 0 1 0 0 0 1 0 1 0 0 0 1 0 0 0 0 0 0 1 1 1 1 0 0 0 1 1 1 0 0 0 1 1 1 1 1 1 1 1 0 0 0 0 0 0 1 0 0 0 0 1 0 0 1 1 
0 1 0 1 1 1 1 0 1 1 1 87 1 0 0 1 0 0 0 0 1 1 0 0 0 1 1 1 0 1 0 1 1 1 1 0 1 1 0 1 0 1 0 0 0 0 1 1 1 1 0 1 1 1 0 1 0 1 0 1 0 0 0 1 0 1 1 0 1 1 1 0 0 0 0 0 1 0 0 1 0 1 1 1 0 1 0 1 1 1 0 0 1 0 0 0 1 0 0 0 
1 0 1 0 0 0 0 0 0 1 1 0 8 0 0 0 0 1 0 1 1 0 0 0 0 1 0 0 1 1 0 0 0 0 0 1 1 1 1 1 1 1 1 0 1 0 0 0 1 1 0 0 0 1 0 0 1 0 0 1 1 1 1 1 0 1 0 1 1 1 0 1 1 0 0 0 0 0 1 1 0 1 0 0 1 0 0 1 1 0 1 0 1 1 1 1 1 0 1 0 
0 0 0 1 1 0 0 0 0 0 1 1 0 61 0 1 0 1 0 0 1 0 0 1 0 0 1 1 0 1 1 1 0 1 0 0 0 1 1 1 0 0 1 1 1 0 0 1 0 0 1 0 1 0 1 0 0 1 1 1 0 1 0 1 0 0 0 1 0 0 1 0 0 0 0 1 0 1 0 0 1 0 1 0 0 0 0 0 0 1 0 1 1 0 1 1 0 1 1 0 
0 0 1 1 0 1 0 1 0 0 1 1 0 0 9 0 0 1 1 1 0 0 0 0 1 0 1 0 0 1 0 1 1 1 0 0 1 0 0 0 0 0 0 1 1 0 0 0 0 0 0 0 1 1 0 1 0 1 0 1 0 1 0 0 1 0 1 1 0 1 0 1 0 1 0 0 1 0 0 0 1 0 0 1 1 1 1 0 0 1 1 0 1 1 1 1 0 0 1 0 
1 0 0 0 1 1 1 0 1 0 1 1 1 1 1 2 0 1 1 1 1 0 0 0 1 0 1 1 1 0 1 1 0 1 1 1 0 1 0 0 0 0 1 0 1 1 1 0 1 1 1 1 0 0 1 1 0 1 0 0 0 1 0 1 0 0 1 1 1 0 0 0 1 1 0 1 0 0 1 1 1 0 0 1 0 1 0 1 1 1 0 1 0 0 1 1 0 1 0 1 
0 0 1 1 0 0 1 0 1 1 0 1 1 1 0 1 49 0 0 0 1 0 0 1 0 0 1 1 0 0 1 0 1 1 1 1 0 1 1 0 0 1 1 0 0 1 0 0 1 0 0 1 1 1 1 0 0 1 0 1 1 0 1 1 0 0 0 0 0 0 1 0 1 1 1 0 1 1 0 1 1 0 1 0 0 0 1 1 0 0 0 1 0 0 0 0 1 0 0 1 
1 0 0 0 0 1 0 1 1 0 0 0 0 0 0 0 1 98 0 0 1 1 1 0 1 0 0 1 1 0 0 1 1 0 0 0 1 1 1 0 0 1 1 0 0 1 1 1 0 1 1 1 0 0 0 0 1 1 0 0 1 1 0 0 0 1 1 1 1 0 1 0 0 1 0 0 1 1 0 0 0 1 0 0 0 0 0 0 1 1 1 0 1 0 0 1 1 0 1 1 
1 0 0 0 1 1 0 1 0 1 1 1 0 0 0 0 1 0 6 1 0 0 0 1 1 0 1 0 1 0 1 0 1 1 0 1 1 1 0 0 1 1 0 1 0 0 1 0 1 0 1 1 1 1 1 0 1 0 0 0 0 1 1 0 1 1 0 1 1 0 1 0 0 1 1 0 0 1 1 1 1 1 1 1 1 1 1 0 1 1 0 1 0 0 1 0 1 1 1 1 
1 0 1 1 0 0 1 0 1 0 1 0 1 0 1 1 1 1 0 89 0 1 0 1 0 1 1 1 1 1 1 0 1 1 0 1 0 0 0 0 0 1 0 1 0 1 1 1 0 1 1 1 0 1 1 0 0 1 0 1 1 1 0 1 1 1 0 1 1 1 1 0 1 1 0 1 0 1 0 0 0 1 1 1 0 0 0 0 1 0 0 0 1 0 0 1 0 0 0 0 
0 0 1 0 1 0 0 1 1 1 1 1 1 1 1 0 1 1 1 0 4 1 0 0 1 1 0 0 0 0 1 1 1 0 0 0 1 0 0 1 1 1 0 1 0 1 1 0 0 1 0 1 1 0 0 1 0 0 1 1 0 1 1 1 0 0 0 1 0 0 1 1 0 1 0 0 0 0 0 1 1 1 0 0 1 1 0 0 0 0 1 1 0 1 0 0 0 1 0 0 
1 0 0 1 0 0 0 0 1 0 0 0 0 1 1 1 1 1 1 0 0 19 1 0 0 1 1 1 1 0 0 0 1 0 1 0 0 0 0 0 1 1 1 1 0 0 0 0 0 0 1 1 0 0 0 1 0 0 1 1 1 1 1 1 0 1 0 1 0 1 0 0 0 0 1 0 0 1 0 1 0 1 0 1 0 1 0 0 1 0 1 1 1 1 0 0 1 0 0 0 
1 1 0 0 0 0 1 1 1 1 1 0 0 0 1 0 1 0 0 1 1 0 94 0 0 0 1 0 1 0 0 1 0 1 0 0 0 0 1 0 1 0 0 0 1 0 0 1 1 0 1 1 1 0 0 1 0 1 1 1 0 0 0 0 0 1 0 0 1 1 1 0 0 1 1 1 0 0 0 1 1 0 0 0 1 0 0 1 1 0 1 0 1 0 1 1 1 1 0 0 
0 0 1 1 0 0 1 0 1 0 1 0 1 1 0 0 0 1 1 1 0 0 0 58 1 1 1 1 1 1 0 1 1 1 1 0 0 1 0 1 0 1 0 1 1 1 1 1 1 1 0 0 1 1 1 0 1 1 0 0 1 1 1 1 0 0 1 0 1 0 1 1 1 0 0 0 0 0 0 1 1 0 1 0 1 1 1 0 1 0 0 0 0 0 0 1 1 0 1 1 
0 0 1 0 0 0 0 0 1 0 0 1 1 0 1 0 1 1 1 1 0 0 0 0 65 0 1 0 0 1 1 1 0 0 0 0 0 0 1 0 0 0 1 0 0 1 0 1 1 0 0 0 1 1 1 1 1 1 1 1 1 1 0 0 1 1 1 0 1 1 0 1 1 0 1 0 0 1 1 1 0 1 1 1 1 0 1 1 1 0 1 0 1 1 0 1 1 1 1 1 
0 0 0 0 0 0 0 1 1 1 0 0 1 1 0 0 0 1 1 0 1 1 0 1 1 28 0 1 0 0 1 0 1 1 1 0 0 0 1 0 1 1 1 0 0 1 0 0 0 0 1 1 0 0 0 0 0 1 0 1 0 1 0 1 0 0 1 0 1 1 1 1 1 1 1 0 0 1 1 1 1 0 0 0 0 1 0 0 0 1 1 0 0 0 1 1 1 1 0 1 
1 1 0 0 1 0 0 1 1 1 1 0 0 1 0 1 0 1 1 1 0 0 1 1 0 1 62 0 1 0 0 0 1 1 0 0 1 0 0 0 0 1 1 0 1 0 1 0 1 0 1 1 1 1 0 0 0 1 1 1 0 0 1 0 0 1 1 0 0 0 1 0 0 1 0 0 1 1 1 1 0 0 1 0 1 0 1 1 1 0 0 0 0 1 0 0 0 1 1 0 
0 1 1 1 0 0 1 0 1 0 0 0 1 0 0 0 0 1 1 1 0 1 1 0 1 1 0 95 1 1 0 1 0 1 0 0 0 1 0 1 1 0 1 1 1 1 0 0 0 1 0 1 1 0 0 0 1 1 0 1 1 1 1 1 0 1 1 1 0 1 0 1 1 0 0 0 0 0 1 0 1 0 1 0 0 0 1 0 1 1 1 1 0 1 1 1 1 0 1 1 
1 0 1 0 0 0 0 1 0 0 0 0 1 1 0 0 1 1 1 0 0 1 0 1 0 1 0 0 72 0 1 0 1 1 0 0 0 1 0 0 0 1 0 0 1 0 1 1 1 1 1 1 0 1 0 1 0 0 0 0 1 0 1 0 1 1 0 1 0 0 1 1 1 1 0 0 0 0 1 1 0 0 1 1 1 0 0 1 1 0 1 0 0 0 1 1 0 1 0 0 
1 1 0 0 1 1 0 1 1 1 0 1 0 0 0 1 1 1 0 1 1 1 0 0 1 1 0 1 1 92 0 1 0 0 1 1 1 1 1 1 0 0 0 0 0 1 0 1 0 0 1 0 0 1 1 1 1 1 1 1 0 1 0 1 1 1 1 1 1 1 1 0 0 0 1 1 1 1 0 1 1 1 0 1 0 1 0 0 0 1 1 0 0 0 1 1 0 1 1 1 
1 0 0 0 0 1 1 1 0 0 0 0 0 1 0 0 0 0 0 0 1 1 0 1 1 1 0 1 0 0 67 0 1 0 0 1 1 0 1 1 0 0 0 1 1 1 0 1 1 1 0 0 1 0 0 0 0 1 0 1 1 0 0 0 1 1 0 1 0 1 0 0 1 0 0 0 1 1 0 0 0 1 1 0 0 0 1 1 1 1 0 1 0 1 0 1 0 0 1 0 
0 1 1 1 1 0 1 0 0 0 1 1 0 0 0 0 0 1 1 0 1 1 1 1 1 1 1 0 1 0 1 80 1 0 0 0 1 1 1 1 1 1 0 0 1 1 1 1 1 0 1 1 0 1 1 1 1 0 1 1 1 1 1 1 1 1 0 0 1 0 0 0 1 1 1 1 0 1 1 0 0 1 0 0 0 0 1 1 1 0 1 0 1 1 1 0 0 1 1 1 
1 1 1 0 1 1 0 1 1 1 1 1 0 1 1 1 0 0 1 1 1 1 0 1 0 1 1 0 1 0 0 0 0 0 0 1 1 0 0 0 0 1 0 1 1 0 1 0 1 1 0 0 0 1 1 1 0 1 0 0 1 0 0 1 0 1 1 1 1 0 0 1 1 0 0 0 1 1 0 0 1 0 0 0 0 0 1 1 1 0 0 1 1 0 0 1 0 1 0 1 
0 0 1 1 0 0 0 1 0 1 0 0 0 0 0 0 0 0 1 0 1 0 0 0 0 0 0 1 0 1 1 1 0 4 1 0 0 0 1 1 0 1 0 0 0 0 1 0 0 0 0 0 1 1 1 1 0 0 1 0 1 1 1 1 0 1 1 1 1 1 1 1 1 0 0 1 0 0 0 1 0 0 0 1 0 0 1 0 0 1 1 1 1 1 0 0 1 1 0 0 
0 1 0 1 0 0 0 1 1 0 1 0 0 0 0 1 1 0 1 0 0 0 0 0 0 0 0 1 1 1 0 1 0 0 83 1 0 0 1 1 1 1 0 0 0 0 1 1 1 1 0 0 0 0 1 0 1 1 1 1 1 1 0 0 0 0 0 1 1 0 1 0 1 1 1 0 0 0 0 0 1 1 1 1 0 0 1 1 0 1 0 0 0 1 1 0 0 1 0 0 
1 0 1 1 0 1 0 1 1 1 0 1 1 1 0 1 1 1 1 0 0 0 0 1 1 0 1 1 1 0 0 1 0 0 1 90 0 1 1 0 0 1 1 0 1 1 0 0 0 1 0 0 1 0 1 1 1 0 1 1 1 1 1 0 1 0 0 0 1 1 0 0 1 0 1 0 1 0 1 0 1 1 1 1 1 1 1 0 1 1 1 0 1 1 0 1 0 0 0 0 
0 0 0 1 1 0 1 1 0 0 1 0 0 1 1 0 0 1 0 0 1 0 1 1 0 1 0 0 0 0 0 0 1 1 0 1 41 1 0 1 0 1 1 1 1 1 0 1 1 1 1 0 0 0 1 1 0 1 0 1 0 0 1 1 1 1 1 0 1 1 1 0 1 0 0 0 0 0 0 1 0 0 1 0 0 1 0 0 0 0 0 0 1 1 1 1 0 1 0 0 
0 0 0 0 1 0 0 0 1 0 0 1 1 1 1 1 0 0 1 0 1 0 1 1 0 1 1 0 0 1 0 1 1 0 0 1 0 61 1 1 0 0 1 0 0 1 0 0 1 1 1 0 0 0 1 1 0 0 1 0 1 1 1 0 1 0 0 1 0 1 1 1 0 1 0 1 0 0 0 0 0 0 1 0 1 1 0 0 0 1 1 0 0 1 1 1 1 0 1 0 
0 0 0 0 1 1 1 1 1 1 0 1 1 0 1 1 1 1 1 1 0 0 0 0 0 0 0 0 1 0 0 0 0 1 1 0 1 1 95 0 0 0 0 1 1 1 0 0 1 1 0 1 1 1 1 0 0 1 0 1 1 1 0 1 1 1 1 1 1 1 0 0 1 1 0 1 1 0 1 0 0 0 1 0 1 0 0 1 1 0 1 0 0 0 1 1 1 1 1 1 
1 0 1 0 1 1 0 0 0 1 0 1 1 0 1 0 0 1 0 0 1 0 1 0 0 0 0 0 1 0 1 1 1 0 0 1 0 1 0 85 1 1 0 1 1 1 0 1 0 0 0 1 0 1 1 1 1 0 0 0 0 0 1 0 0 1 0 1 0 0 0 0 0 1 1 1 1 1 1 0 1 0 0 0 1 0 1 1 1 0 0 1 0 1 1 0 0 1 0 1 
0 1 1 0 1 1 1 0 0 1 0 1 1 1 1 0 1 0 0 0 1 0 0 0 0 1 0 1 0 0 0 0 1 1 1 0 1 1 1 0 34 1 0 0 1 1 0 0 1 1 1 0 1 0 0 0 1 0 1 0 1 0 1 1 0 1 0 0 0 1 1 1 0 1 0 0 0 0 0 1 0 1 1 1 0 0 0 0 1 1 0 0 0 0 1 1 1 1 0 0 
1 1 1 0 0 1 1 0 0 0 0 0 1 1 1 1 0 0 0 0 1 1 0 1 0 1 0 0 1 0 0 1 0 0 1 1 0 0 1 0 0 32 0 0 0 1 1 0 0 1 0 1 0 1 0 0 0 1 1 0 0 1 1 0 0 0 0 0 1 1 1 1 1 0 1 0 1 0 1 0 0 0 1 1 0 0 0 0 0 0 1 1 1 0 1 0 1 0 0 0 
0 1 1 0 0 1 0 0 0 0 0 1 0 1 1 0 1 0 1 1 1 1 0 0 1 0 1 1 1 0 0 0 1 1 0 1 0 0 1 1 0 1 98 1 1 1 0 1 1 1 0 0 1 0 0 1 0 1 0 0 1 0 0 0 1 0 0 0 0 1 0 1 1 0 0 0 1 1 1 1 0 1 0 0 0 1 0 0 1 0 0 0 1 1 0 0 0 1 1 1 
0 0 1 0 1 1 1 0 0 1 1 0 0 0 1 0 1 0 1 1 0 0 1 1 1 1 0 0 1 0 0 0 1 1 1 1 0 1 1 0 1 1 0 89 0 1 0 0 0 1 0 1 0 0 0 0 1 1 0 1 1 0 0 1 1 0 0 0 1 1 1 0 0 0 0 1 1 1 1 0 0 1 0 0 1 0 1 1 1 0 1 0 0 1 1 0 1 1 1 1 
1 1 0 0 1 1 0 1 0 0 1 1 0 0 0 0 0 0 1 1 0 1 0 0 0 1 0 1 1 0 1 1 0 1 0 0 1 0 1 1 0 0 0 0 25 0 0 1 0 0 0 0 1 0 1 0 1 1 0 0 1 0 0 1 1 1 1 1 1 0 0 0 1 0 0 0 1 1 0 1 0 1 1 0 1 1 1 0 1 0 0 1 0 0 1 1 0 0 1 1 
0 1 0 0 0 0 1 1 0 0 0 1 1 0 1 1 0 0 0 0 1 1 0 1 0 1 0 0 1 1 0 1 1 1 0 0 0 0 1 0 0 0 0 1 1 94 1 1 1 1 0 0 0 1 1 0 0 0 0 1 0 1 1 0 1 1 0 1 0 1 0 1 0 0 1 0 1 0 0 1 0 1 1 0 1 1 0 1 0 1 1 1 0 1 0 0 0 0 0 1 
0 0 1 1 0 1 0 0 1 0 0 1 0 0 1 0 0 0 0 0 1 0 0 0 1 1 0 1 1 1 1 1 1 0 1 0 1 1 1 0 1 0 1 0 0 0 14 0 0 0 0 1 1 1 1 1 0 0 0 1 0 0 1 1 1 1 1 1 1 0 0 1 0 1 0 0 1 0 1 0 1 0 0 1 1 1 1 1 0 1 1 0 1 0 1 0 1 1 1 0 
1 0 1 0 0 1 1 0 0 0 1 0 0 0 0 0 1 1 1 1 1 0 1 1 1 0 1 1 0 1 1 0 1 0 0 1 1 0 1 0 1 1 0 0 0 1 0 67 0 1 0 0 1 1 1 0 0 0 0 0 1 0 0 1 1 0 1 0 1 0 1 0 0 0 1 1 1 0 0 0 0 1 0 0 1 0 0 0 0 1 1 1 0 1 0 1 1 0 1 0 
0 1 0 0 0 0 1 1 1 1 0 1 0 0 0 0 1 1 0 1 1 0 1 1 1 0 1 0 0 1 1 1 1 1 1 0 0 0 1 0 0 0 1 1 1 0 0 0 12 0 0 0 0 1 0 1 0 1 0 1 1 0 1 1 0 1 1 0 0 1 1 1 0 1 1 1 1 1 0 1 0 1 0 0 1 0 0 1 1 1 0 0 0 1 1 0 0 1 0 1 
1 1 0 0 1 0 1 1 1 1 0 0 1 1 0 1 0 1 1 0 0 0 0 0 0 1 0 0 0 1 0 0 1 0 0 0 0 1 1 0 0 1 1 0 1 1 1 0 1 75 0 0 1 1 0 0 0 1 1 0 0 1 0 1 1 0 0 0 1 1 1 1 0 0 1 0 0 1 1 1 1 1 1 1 1 1 0 1 0 0 0 0 0 0 0 0 1 1 1 1 
0 0 1 0 0 1 0 1 0 1 0 0 0 0 0 0 1 1 0 0 0 0 0 1 0 1 0 0 0 1 0 1 1 1 0 0 1 0 0 1 0 1 0 0 0 1 1 0 0 0 89 0 1 1 1 0 0 0 1 0 1 1 1 1 1 1 1 0 0 1 1 0 1 0 1 1 0 1 0 1 1 0 1 1 0 0 0 0 1 1 0 0 1 1 0 0 1 1 1 0 
0 1 0 1 1 0 1 0 1 1 1 1 0 0 0 0 1 1 0 0 1 0 1 0 1 1 0 1 1 1 1 1 1 0 1 0 0 0 1 0 0 1 1 0 1 1 1 1 0 1 0 11 0 0 1 0 1 1 1 1 1 1 0 1 0 1 1 1 1 0 0 1 0 0 1 0 0 0 1 0 1 1 1 1 1 1 1 1 0 1 1 0 0 0 0 1 1 1 0 1 
1 0 0 1 0 0 1 0 1 1 1 1 1 0 1 1 1 1 1 1 1 1 0 0 1 1 0 0 1 1 0 0 1 1 1 0 1 1 1 0 0 0 0 0 0 1 1 1 0 1 0 1 35 1 1 1 0 1 1 0 1 1 0 1 0 0 1 0 0 0 1 0 1 0 0 1 0 1 1 1 1 1 1 1 1 0 1 1 0 1 0 1 1 1 0 1 1 0 1 0 
1 0 1 0 0 0 0 0 1 1 0 0 1 1 0 1 0 1 0 0 0 1 0 1 0 1 0 1 1 1 1 0 1 0 1 1 1 1 0 0 0 0 1 0 0 1 1 1 0 0 1 1 1 34 0 1 1 0 0 1 0 1 1 1 0 1 0 0 0 1 1 1 1 1 1 1 0 0 1 0 0 0 0 0 1 1 1 0 0 1 0 1 0 0 0 0 0 1 1 1 
1 1 0 0 0 1 0 0 1 1 1 0 0 1 1 1 0 0 0 0 1 1 1 0 0 1 0 1 1 0 1 0 1 1 1 1 0 1 1 0 0 0 0 1 0 1 1 0 1 0 1 0 1 0 19 0 1 0 1 0 0 1 1 0 1 1 1 1 0 1 0 0 1 1 0 1 0 1 0 1 0 1 0 0 1 0 1 1 1 0 1 1 1 0 1 0 0 1 0 0 
1 1 1 0 1 0 0 0 0 0 0 1 0 0 0 0 0 1 0 1 1 0 0 1 1 0 0 1 1 0 0 1 1 1 1 0 1 1 0 1 1 1 0 1 1 0 0 1 1 0 1 1 0 1 1 89 0 0 1 1 0 0 0 0 1 0 1 0 1 0 0 1 0 0 0 1 0 1 0 1 0 1 0 0 0 0 1 1 0 0 0 1 1 1 0 1 0 0 0 1 
0 0 1 0 1 1 0 0 1 1 1 1 1 1 1 1 0 0 1 1 0 0 1 1 1 0 0 1 0 0 1 1 0 1 0 0 0 0 0 1 1 0 1 1 1 0 0 1 1 0 0 1 1 1 1 0 40 1 0 1 0 1 0 1 1 1 0 0 1 0 0 1 0 1 0 0 1 1 0 1 1 0 0 0 0 0 0 0 1 0 0 1 1 1 1 1 0 1 0 1 
0 0 0 0 0 0 1 0 0 1 1 0 0 0 0 1 1 1 0 0 1 1 0 0 0 0 1 0 1 1 1 0 0 0 1 1 1 1 0 0 0 0 0 0 0 1 0 0 0 0 0 1 0 0 0 1 1 22 0 1 1 0 0 1 0 1 1 1 1 0 1 1 0 0 1 1 1 0 0 0 1 1 1 0 0 1 0 1 0 0 0 1 1 1 1 1 1 1 1 1 
1 0 1 1 0 0 0 1 0 0 0 1 0 0 1 1 0 0 0 1 0 1 0 0 0 0 1 0 1 1 0 0 0 1 0 0 1 1 1 0 0 1 1 0 1 0 1 1 0 0 0 1 0 0 0 0 1 1 45 1 1 0 0 1 0 1 1 0 0 0 1 1 0 1 1 1 1 0 1 1 0 0 1 1 0 0 0 0 1 0 1 1 1 1 1 0 0 0 1 0 
0 0 0 0 1 1 1 0 0 1 1 0 1 1 1 0 1 1 1 1 1 0 1 1 0 1 0 0 1 1 0 0 0 1 1 1 1 1 1 1 1 0 1 1 1 1 0 0 1 0 1 1 1 1 0 0 1 0 0 24 0 0 1 0 1 0 1 1 0 0 0 0 0 1 1 1 1 0 1 0 0 0 1 0 1 0 0 0 0 1 1 1 0 1 1 1 0 0 1 0 
1 0 0 0 1 0 1 0 0 0 1 1 0 0 1 0 0 1 0 1 1 0 1 1 0 0 1 0 1 1 0 1 0 1 0 1 1 0 1 1 1 1 0 0 1 1 0 0 0 1 1 0 1 0 1 1 1 0 1 0 65 0 1 1 0 0 0 1 0 1 0 1 0 0 1 0 1 1 0 0 1 0 0 1 1 0 1 0 0 1 0 0 1 1 1 1 1 1 0 0 
0 1 1 1 1 1 1 1 0 1 1 0 1 1 1 1 1 1 1 1 0 1 1 1 0 0 1 0 0 0 1 0 0 0 0 1 0 0 0 1 1 0 0 1 1 1 0 0 1 0 0 1 1 0 1 1 0 1 1 0 1 54 1 0 0 1 1 1 1 0 0 0 1 1 0 1 1 1 1 0 0 0 0 0 0 1 1 1 0 1 1 1 0 0 0 1 1 1 0 0 
0 0 1 0 1 1 0 0 0 0 1 1 1 1 0 1 0 1 0 1 1 0 1 1 0 1 0 0 1 1 0 1 0 0 1 0 0 1 1 0 0 0 1 0 1 1 1 1 0 0 1 0 1 0 1 0 0 1 1 1 0 1 60 1 0 1 0 0 0 1 1 1 1 0 1 0 0 0 0 1 1 0 1 1 0 1 1 1 0 0 1 1 0 1 1 0 0 0 1 0 
1 1 1 1 0 1 1 0 0 1 1 0 1 0 0 1 0 0 1 0 1 0 1 0 1 0 0 1 1 1 1 0 1 1 0 0 1 0 0 0 1 1 1 1 1 0 1 0 1 1 0 0 0 1 0 0 0 0 1 1 1 1 0 84 0 1 1 1 1 0 0 0 0 0 1 1 0 1 1 1 0 1 0 1 1 1 1 0 0 0 0 0 0 1 1 1 0 0 0 1 
0 1 0 1 1 0 0 0 1 1 0 0 0 1 0 1 1 1 0 0 1 1 1 0 0 1 1 0 1 1 0 0 1 0 1 1 1 1 1 1 0 0 1 1 0 0 0 0 0 0 0 1 1 1 1 1 1 0 1 0 0 0 0 1 17 0 1 0 0 1 0 0 1 1 1 1 0 1 1 0 0 1 0 1 0 0 0 0 1 1 1 1 0 0 0 1 1 0 1 0 
0 0 0 1 1 0 1 1 0 1 1 1 1 1 1 1 0 0 0 1 0 1 0 1 0 0 1 1 1 0 1 1 0 1 1 1 0 1 0 1 1 0 0 0 0 1 0 0 0 1 0 1 0 1 1 1 1 1 1 0 0 1 0 1 0 61 1 0 1 0 0 0 1 1 0 1 1 0 1 0 1 1 0 0 0 1 1 0 0 0 0 0 0 0 0 1 0 0 1 1 
0 0 0 1 1 1 1 1 1 1 1 1 0 1 1 1 0 0 0 0 1 0 0 0 1 1 1 1 0 1 1 1 0 1 0 0 0 1 1 0 1 0 0 0 0 1 0 1 0 1 1 1 1 1 1 1 0 0 1 1 0 1 0 0 0 1 59 1 1 1 0 1 0 1 1 0 0 1 1 0 0 0 1 1 1 1 1 1 0 0 1 1 0 1 1 1 0 0 1 1 
0 0 0 1 1 0 0 0 0 0 0 1 0 1 1 1 0 0 0 0 0 0 0 0 0 1 1 0 1 1 0 0 1 1 0 0 0 1 0 0 0 1 0 0 0 1 1 1 0 0 1 0 1 1 0 0 1 0 0 1 1 0 0 0 0 0 1 49 1 1 0 0 0 0 0 0 0 0 1 0 0 0 1 1 0 1 0 0 0 0 1 0 0 0 0 0 1 0 0 0 
1 0 1 0 0 0 0 1 0 1 1 1 1 1 1 1 1 1 0 0 0 0 1 0 0 1 0 1 1 0 1 0 1 1 1 0 1 0 1 0 1 0 1 1 1 1 0 1 1 0 0 1 0 1 0 0 0 0 0 1 0 0 0 1 1 1 0 1 9 1 0 0 0 1 1 0 0 1 0 1 0 0 1 1 0 0 1 1 1 1 0 1 1 0 1 1 0 1 0 1 
0 1 1 1 0 0 0 0 1 0 0 0 0 0 0 0 0 1 1 1 1 0 0 1 0 0 0 1 0 0 1 1 0 1 0 0 0 1 0 1 0 0 1 1 1 0 0 0 1 1 0 0 1 0 0 0 0 0 0 1 1 1 1 1 0 0 1 0 0 78 1 0 1 0 0 0 1 0 1 1 1 0 0 0 1 0 1 0 0 1 1 1 1 0 1 0 0 1 0 1 
0 1 0 0 1 1 1 1 0 1 1 1 1 1 0 1 1 1 1 0 0 1 1 0 1 1 1 0 1 1 0 0 1 1 1 0 0 0 0 0 1 0 0 1 0 1 1 1 1 1 1 1 1 0 0 0 1 0 1 1 1 0 0 1 0 0 0 0 1 0 6 0 1 1 1 0 1 1 0 0 0 1 0 0 0 0 1 0 1 0 1 1 0 0 1 1 1 0 1 0 
1 0 0 0 0 0 0 0 0 1 0 0 1 0 0 0 0 0 1 0 0 1 1 1 0 0 0 0 0 1 0 1 1 1 0 0 0 1 1 1 0 1 0 1 1 0 0 0 0 0 0 1 1 0 0 1 0 1 0 1 1 1 0 1 1 0 0 1 0 1 0 33 0 0 0 1 0 1 0 0 0 1 0 1 0 0 1 0 1 1 0 1 0 0 0 0 0 0 0 1 
0 1 1 0 1 1 1 1 0 1 1 1 0 0 1 1 1 0 0 0 0 1 0 0 1 0 1 1 0 1 1 0 0 1 0 0 1 0 0 1 1 0 1 1 0 1 0 1 1 0 0 0 1 0 0 1 1 1 0 0 1 0 1 1 0 0 0 1 1 0 1 0 65 0 0 0 0 1 1 0 0 1 1 0 1 0 0 1 0 1 0 1 1 0 0 0 0 1 1 0 
0 1 0 1 1 0 0 0 1 1 0 0 1 1 0 1 0 0 0 1 1 1 1 0 1 0 0 0 1 1 0 1 0 1 1 0 1 1 0 1 1 1 0 0 0 0 1 0 0 1 0 1 0 1 1 0 1 0 0 0 0 0 0 1 1 1 0 0 1 1 1 1 0 59 0 1 1 0 0 0 0 1 0 1 0 1 0 1 1 1 1 1 1 1 0 0 0 1 1 1 
0 0 0 0 1 1 1 0 0 0 1 0 1 1 0 1 0 0 0 1 1 1 1 0 1 0 0 0 0 0 0 1 0 0 1 1 1 0 1 0 0 1 0 0 0 0 1 1 1 0 0 1 0 0 0 0 1 1 1 0 0 0 1 0 1 1 1 1 1 1 1 1 0 1 56 0 0 0 0 1 0 0 0 0 1 0 0 1 0 0 1 0 0 1 1 1 0 1 0 0 
0 0 1 0 0 1 1 0 0 0 1 0 1 1 1 0 1 1 0 0 1 1 0 1 0 1 1 1 0 0 0 1 0 1 1 0 0 1 0 0 1 0 0 1 1 1 0 1 0 1 0 1 0 1 0 0 0 0 0 1 1 1 0 1 1 1 0 1 0 0 1 1 1 1 0 73 1 1 0 1 0 1 0 1 0 1 1 0 0 0 0 1 0 0 1 0 1 0 0 1 
0 1 0 0 0 1 1 1 0 0 0 0 1 0 0 1 0 0 0 1 0 0 0 0 1 1 1 1 1 0 0 0 1 1 0 0 0 1 1 0 0 0 1 0 1 0 1 1 0 0 1 0 1 0 0 0 1 1 1 0 1 1 1 0 1 0 0 1 0 1 0 0 0 1 0 1 77 0 1 1 0 1 1 1 1 1 0 0 0 1 0 0 0 1 0 1 1 1 0 0 
0 1 0 0 0 1 0 1 1 0 0 0 0 1 1 0 1 0 1 0 0 1 1 0 0 1 0 1 0 0 0 1 1 0 0 0 1 0 1 1 1 0 0 0 0 1 0 1 0 0 0 0 1 0 1 1 1 1 1 0 1 0 0 1 0 1 0 0 0 0 1 1 1 1 0 0 1 98 0 0 0 1 1 1 0 1 1 0 0 1 1 0 1 0 1 1 0 1 1 1 
1 1 0 0 0 0 1 0 1 1 1 1 0 0 1 1 0 0 0 1 1 0 1 1 0 1 1 1 0 1 1 1 1 0 0 1 1 1 0 1 1 0 0 0 0 0 0 0 0 0 0 0 0 0 1 1 0 0 0 0 1 1 1 0 1 1 1 1 1 1 0 1 0 1 1 1 1 0 32 0 0 1 1 1 0 1 1 1 1 1 0 0 1 1 1 0 0 0 0 0 
1 0 0 1 1 1 0 0 0 1 0 0 0 0 0 0 1 0 0 0 0 0 1 0 0 1 0 1 0 1 0 0 0 1 0 1 1 1 1 0 0 0 0 0 0 0 0 0 0 0 0 0 0 1 0 1 1 0 0 0 1 1 0 1 1 1 1 1 0 0 0 1 1 0 1 1 0 1 1 74 0 1 1 0 1 1 0 1 1 1 0 0 1 0 0 0 1 1 0 0 
1 1 1 0 1 1 1 0 0 1 1 1 0 1 1 0 0 0 1 1 1 0 1 0 0 1 0 1 0 0 0 1 0 1 1 1 1 0 1 0 1 1 1 0 1 1 1 1 0 1 1 0 1 0 0 1 1 1 0 1 0 0 0 0 1 0 1 1 1 0 0 0 1 0 1 0 1 1 1 0 0 1 0 0 1 0 1 1 0 1 0 1 1 1 0 1 0 0 0 0 
0 1 1 0 0 0 0 1 0 1 1 1 1 0 0 0 1 1 1 0 0 0 1 0 0 1 0 0 1 0 1 0 1 0 0 1 1 1 0 1 0 1 1 0 0 0 1 0 0 0 1 1 1 1 1 0 1 1 0 0 1 0 1 0 1 0 1 0 1 0 1 1 1 1 1 1 1 0 1 1 0 13 0 1 1 1 1 1 0 1 1 1 0 0 0 1 1 1 0 1 
1 0 1 0 0 1 0 1 1 1 0 0 1 0 0 0 1 1 1 0 1 0 1 1 0 0 0 0 0 1 1 1 1 0 0 1 0 1 0 0 0 0 0 0 0 0 0 0 1 1 0 0 0 0 1 0 1 0 1 0 1 1 0 0 1 0 0 1 0 1 0 1 1 0 1 1 0 0 1 0 0 0 83 0 0 0 0 1 1 0 1 0 1 1 0 1 0 0 1 1 
1 0 1 1 1 1 1 1 0 0 1 0 0 0 0 0 1 0 0 0 1 1 1 1 0 0 0 1 0 1 0 0 0 0 1 1 0 1 1 0 1 1 1 0 1 0 0 0 0 0 1 0 1 0 0 0 0 1 1 0 0 1 0 1 1 0 1 0 1 0 1 0 0 0 0 0 0 1 0 1 1 1 0 38 1 0 0 1 0 1 1 1 1 1 0 1 0 1 1 1 
1 1 0 1 0 1 0 1 1 1 0 0 0 1 1 1 0 0 1 0 1 0 1 0 0 1 0 1 1 1 0 1 1 0 1 0 0 1 0 1 0 0 1 0 0 0 1 0 0 1 1 1 0 0 1 1 0 1 1 0 1 1 0 1 0 0 0 1 1 1 0 1 0 1 1 1 1 0 0 1 0 1 0 0 14 0 1 0 0 0 1 0 1 1 0 1 1 0 1 0 
0 0 1 0 0 1 0 1 0 1 1 0 0 0 1 0 0 1 1 0 1 1 0 0 0 0 1 0 1 0 1 1 1 0 0 0 0 0 0 1 1 0 1 0 1 0 0 0 1 1 1 0 1 1 1 0 0 0 0 1 0 1 0 0 0 1 0 0 1 0 1 1 0 1 1 1 0 0 0 1 1 0 1 0 1 98 0 1 0 1 1 1 0 0 1 0 1 1 0 1 
0 1 0 0 0 0 1 1 0 0 1 0 0 0 0 0 1 1 0 0 1 1 1 0 0 0 1 0 1 1 0 0 0 0 1 1 0 1 1 0 1 1 0 1 1 1 0 1 1 1 1 0 1 0 1 1 0 1 1 1 0 1 1 1 0 1 1 0 1 1 0 0 1 1 0 1 0 1 1 1 1 1 1 0 0 0 11 0 1 0 0 0 0 1 1 0 0 1 0 0 
1 1 1 1 0 1 0 0 1 0 1 0 0 0 1 1 0 1 0 0 0 0 1 1 1 1 0 0 1 1 1 0 0 1 1 1 1 1 1 1 1 1 1 1 1 0 0 1 1 0 0 0 1 1 0 1 0 0 1 0 1 1 0 0 0 1 0 1 0 0 1 1 0 0 1 1 1 1 1 1 1 1 0 1 0 1 0 40 1 1 1 1 1 0 1 0 0 0 0 0 
0 1 1 1 1 1 1 0 0 1 1 1 1 1 0 1 0 1 1 0 1 1 1 1 0 0 0 0 1 0 1 1 0 0 0 0 0 1 1 0 0 0 0 0 0 0 0 1 1 1 1 1 0 0 1 1 1 0 1 0 0 0 1 1 0 1 1 0 0 1 1 0 0 1 0 1 0 0 1 1 1 1 1 1 0 0 1 0 6 1 0 1 1 1 0 0 0 0 1 0 
1 0 0 0 0 1 0 0 1 1 0 0 1 1 0 1 0 0 0 0 1 0 1 1 0 1 0 1 1 1 1 1 0 0 1 1 1 0 1 0 1 1 1 0 0 1 1 1 1 1 0 0 1 1 1 1 0 1 0 1 1 0 0 0 1 0 0 0 1 1 1 1 0 1 1 1 0 1 1 1 0 0 0 0 1 1 1 1 1 41 1 1 0 1 1 0 0 1 1 0 
0 0 0 0 0 1 1 0 1 1 1 1 0 1 0 1 0 0 1 1 1 0 0 0 0 1 0 1 0 1 1 0 1 1 0 0 0 1 0 0 1 0 1 1 0 1 1 1 0 0 1 0 0 1 1 0 0 1 1 1 0 1 0 0 0 0 0 1 0 0 0 1 0 1 1 1 0 1 1 0 0 0 1 1 1 0 1 0 0 0 32 0 1 0 0 1 0 0 1 1 
0 1 1 0 1 0 0 1 0 0 0 0 0 1 1 0 0 1 1 0 0 0 1 0 1 1 1 0 0 1 0 0 1 1 0 0 0 0 0 1 0 0 0 0 0 1 1 0 1 0 1 1 1 0 1 1 0 0 0 0 1 0 1 1 1 0 1 1 0 0 1 1 0 1 1 0 0 1 1 0 1 1 1 0 0 1 1 0 0 0 0 64 1 0 0 0 0 0 0 0 
1 0 0 0 1 1 1 0 0 1 1 1 1 0 0 0 1 0 1 1 0 0 0 0 0 1 1 0 0 1 0 0 1 0 0 0 0 1 0 0 1 0 0 0 1 0 0 0 0 0 0 0 0 1 0 1 1 0 0 0 1 0 1 0 0 1 0 1 1 0 1 0 0 0 0 1 1 0 0 0 1 0 1 0 1 0 0 0 0 1 1 0 80 0 0 1 1 1 1 1 
1 1 0 1 1 1 0 0 0 1 1 0 1 1 1 1 0 0 1 0 0 1 1 0 0 0 1 1 0 0 0 0 0 0 0 1 0 0 0 0 0 1 1 0 0 0 0 0 0 1 1 0 1 0 1 0 0 0 1 1 1 1 1 0 0 0 1 1 0 0 0 0 1 1 1 0 1 0 1 1 0 1 0 0 0 1 0 1 1 1 0 0 0 96 0 0 1 1 1 0 
0 1 1 1 1 1 1 0 0 1 0 0 0 0 0 1 1 1 0 1 1 1 1 1 0 1 1 0 1 0 1 1 1 0 1 0 1 1 1 1 1 1 1 1 1 1 1 0 1 1 1 0 0 0 1 1 1 1 1 0 1 1 1 0 1 0 0 1 0 1 1 1 1 1 0 0 1 1 1 1 1 0 0 0 0 0 0 0 0 1 0 1 1 1 13 0 1 1 0 1 
1 1 0 1 1 0 0 1 1 0 1 0 0 0 0 1 0 0 0 1 0 1 1 1 0 1 1 0 0 1 1 0 0 0 1 1 0 0 1 0 0 0 0 1 0 0 0 1 1 1 0 0 1 1 1 0 0 1 0 1 0 1 0 0 1 1 1 1 0 1 0 1 1 0 0 1 1 1 0 1 0 1 1 0 0 1 1 1 0 0 0 1 0 1 0 50 0 0 0 0 
1 1 0 1 1 0 1 1 1 1 1 1 0 0 1 0 0 0 1 1 0 0 1 0 0 1 0 1 0 0 0 1 1 1 0 0 0 1 1 1 0 1 0 1 1 0 1 0 1 0 1 0 1 1 0 1 1 0 0 0 0 0 0 1 0 0 1 1 0 1 1 0 1 1 1 0 1 0 0 1 0 1 1 0 0 1 1 1 1 0 0 1 0 0 1 1 10 1 0 0 
1 1 1 0 1 1 0 0 0 1 0 0 1 1 0 1 1 0 1 0 0 0 1 0 0 1 1 1 0 1 0 1 0 0 0 1 0 0 1 1 0 0 1 0 0 0 1 0 0 1 1 0 0 1 0 1 0 0 1 0 1 1 0 1 0 1 0 0 0 1 1 1 0 1 1 1 1 1 0 0 0 0 1 0 1 1 1 1 0 1 0 1 1 1 0 0 0 4 0 1 
0 1 1 0 1 0 1 1 1 0 0 1 0 0 1 1 0 0 0 0 1 0 0 0 0 1 1 0 0 0 0 1 1 0 0 1 1 0 0 1 0 1 1 1 0 1 1 1 0 1 1 0 1 0 0 0 0 0 0 0 0 1 0 0 0 0 0 0 1 1 0 0 1 1 1 0 0 1 0 0 0 0 1 1 0 1 1 0 1 0 1 0 1 0 0 0 0 0 14 1 
0 1 0 1 0 1 0 0 0 1 1 0 0 0 1 0 1 1 0 1 0 0 1 1 1 1 0 0 0 1 0 0 1 1 1 1 1 0 0 0 1 0 0 0 1 0 1 1 1 0 0 1 1 0 1 0 0 1 1 1 1 1 0 1 1 0 1 1 1 0 0 1 1 1 0 0 0 0 1 0 0 0 0 0 1 1 1 0 0 0 0 0 0 1 0 0 1 0 1 15 