25
0 1 1 0 1 0 1 1 0 0 0 1 0 0 0 1 1 0 0 0 1 1 0 0 0 
0 29 1 0 1 0 0 1 1 0 1 0 0 0 0 0 0 1 0 1 1 0 0 1 1 
1 1 36 1 1 0 0 0 0 1 1 0 1 1 1 1 0 0 0 1 1 1 0 1 1 
0 1 1 59 0 1 0 1 0 0 0 1 0 1 1 1 1 1 0 0 1 1 1 0 1 
1 0 1 1 7 1 0 1 1 0 0 1 0 1 0 1 0 1 1 1 0 1 1 0 1 
1 0 0 0 0 40 1 0 0 1 0 1 0 0 0 1 0 0 1 1 0 1 1 0 1 
1 0 1 0 0 1 57 0 0 0 0 0 0 1 0 0 0 1 1 0 1 0 1 1 0 
1 1 0 1 1 0 0 29 0 1 0 1 1 1 1 1 0 1 1 1 0 0 0 0 1 
1 0 1 0 1 1 1 1 72 1 1 0 0 1 1 0 0 1 0 1 1 0 0 1 0 
0 0 0 1 0 0 1 1 1 7 0 1 0 0 1 0 0 0 0 1 0 0 0 0 0 
1 1 0 0 1 1 0 1 1 0 32 1 1 1 1 1 0 1 1 1 1 0 0 0 1 
1 0 0 0 1 0 1 0 0 0 0 71 1 1 0 1 1 1 0 0 0 1 0 1 1 
1 1 1 1 0 0 0 0 1 1 1 0 71 0 1 1 0 1 1 1 0 0 0 1 0 
1 1 1 1 0 0 1 0 1 1 1 1 1 21 1 1 1 0 0 0 0 0 0 0 0 
0 1 0 0 1 0 0 1 1 0 0 1 1 0 76 1 1 1 0 0 1 1 1 0 1 
1 0 1 0 0 1 0 1 0 1 1 0 0 0 0 71 0 0 0 0 1 1 1 1 0 
0 0 1 0 0 1 0 0 0 0 1 0 1 1 0 0 36 1 0 0 0 1 0 0 1 
0 0 0 0 1 0 1 1 0 1 1 1 1 0 0 1 1 73 1 0 1 1 0 0 0 
0 1 1 1 1 0 1 1 0 0 0 0 0 0 0 0 0 1 87 1 0 0 0 0 1 
0 0 1 1 1 1 1 1 1 1 0 1 1 0 1 0 1 1 1 39 0 1 0 0 1 
1 1 1 0 0 0 1 0 0 0 0 0 0 1 1 0 0 0 0 1 59 1 1 1 0 
1 1 0 1 1 0 1 1 1 1 1 1 0 1 0 1 0 0 0 1 1 10 1 1 0 
0 1 1 1 1 1 0 0 1 1 0 1 0 0 0 0 0 0 0 1 1 0 46 0 0 
0 0 0 0 1 0 0 0 1 0 1 0 1 0 0 1 1 1 0 1 0 1 0 31 1 
1 1 1 0 0 1 0 1 1 0 0 0 1 1 1 1 1 1 0 0 1 1 0 0 5 
