222
15 1 0 0 1 1 0 1 1 1 0 0 1 0 0 1 1 0 1 0 0 0 0 0 1 1 0 0 0 1 1 1 1 0 0 0 1 0 0 1 0 0 0 1 0 0 1 0 1 0 0 0 0 0 0 1 1 0 0 0 0 1 0 1 0 1 1 0 0 1 0 0 1 1 0 0 0 1 1 1 0 0 0 1 0 1 1 0 0 0 0 0 0 0 1 0 0 0 1 0 0 1 1 0 0 1 0 0 1 1 0 1 0 1 0 0 1 0 1 0 1 1 1 1 1 0 0 0 0 1 1 0 1 0 1 0 0 1 0 1 0 0 1 0 1 1 0 1 1 1 0 0 0 0 1 1 0 0 0 0 0 0 1 0 0 0 1 0 0 1 0 0 0 1 0 1 1 0 1 1 1 0 1 1 0 0 0 1 1 1 0 0 1 0 1 1 1 0 0 1 0 1 1 0 1 1 1 0 1 0 1 0 1 0 1 1 0 0 1 0 1 0 
1 24 0 1 1 0 1 1 1 1 1 1 0 0 1 1 1 0 1 0 1 1 1 1 0 1 0 0 0 1 0 0 0 1 1 0 1 1 0 1 1 1 1 1 0 1 1 1 0 0 0 1 0 1 0 0 1 0 0 1 1 0 1 0 0 1 1 1 0 0 0 0 0 1 0 1 1 0 0 0 0 1 1 0 0 1 1 1 0 0 0 0 0 1 0 1 0 0 1 1 1 0 1 0 1 1 0 0 1 0 0 0 0 1 0 0 0 1 1 0 0 0 1 0 0 1 1 0 1 0 1 0 1 0 0 1 0 1 1 1 1 1 1 1 1 0 1 1 1 0 0 0 0 0 1 1 0 0 0 1 0 1 1 1 1 1 0 1 1 1 1 0 0 1 0 1 0 1 0 1 0 0 1 0 0 0 1 0 1 0 0 1 1 0 1 0 0 1 1 1 0 1 1 0 0 1 1 0 1 0 0 0 0 0 0 1 1 1 0 1 0 1 
0 0 29 1 0 0 1 1 1 0 0 0 0 0 1 0 0 0 1 1 1 1 0 0 1 0 1 0 0 0 1 1 1 1 0 0 1 1 0 0 0 1 0 1 0 1 0 0 0 1 1 0 1 0 1 0 1 0 1 0 0 0 1 0 0 0 0 1 1 1 0 0 0 1 1 1 0 0 0 0 1 0 1 0 0 0 1 1 0 0 1 0 0 1 1 0 0 1 1 1 1 0 0 1 0 0 1 0 1 0 0 1 0 1 1 1 0 1 0 0 1 1 1 1 1 1 1 0 0 0 0 0 1 0 1 1 1 0 0 1 0 0 1 1 1 1 0 1 0 1 1 0 0 0 1 1 0 1 0 0 1 1 0 0 0 0 1 1 1 1 0 1 1 0 1 0 0 0 1 1 0 1 1 1 1 1 1 1 1 1 1 1 1 1 1 0 1 1 0 0 1 1 0 1 1 0 0 1 0 0 1 1 1 1 0 0 0 0 0 0 0 1 
1 0 0 82 1 0 0 0 0 0 1 1 1 0 1 0 1 1 0 1 0 1 1 1 0 1 0 1 1 1 0 1 1 1 0 1 0 1 0 0 0 1 0 1 0 0 1 0 1 0 1 1 1 0 1 1 1 0 1 1 0 0 0 1 0 0 1 0 1 1 0 0 0 1 1 0 1 1 0 1 1 0 0 0 1 1 1 1 0 0 1 0 1 0 0 0 1 1 0 1 1 0 0 0 1 0 0 0 0 0 0 1 0 1 0 1 0 1 0 0 1 1 1 0 0 1 1 1 0 1 0 0 0 1 1 1 0 0 0 0 1 1 0 0 0 0 0 0 0 0 1 1 1 0 0 0 0 1 0 1 0 1 0 0 1 1 1 0 0 0 0 0 1 1 0 0 0 0 0 0 1 0 0 1 0 0 0 0 0 0 0 1 0 1 1 1 1 0 1 0 0 1 0 0 1 0 1 1 1 1 0 0 1 1 0 1 0 0 1 1 1 0 
1 1 1 1 37 0 0 1 1 0 1 1 1 0 0 1 1 0 1 1 0 1 0 0 1 0 0 1 0 1 1 1 0 1 0 1 0 1 0 1 0 0 1 1 1 1 1 0 1 0 0 0 0 0 0 1 1 1 0 0 0 0 0 1 1 1 1 0 0 0 0 1 0 0 1 0 0 0 0 1 1 0 1 0 0 0 0 0 0 1 0 0 0 1 1 0 0 1 0 0 1 1 1 0 0 1 0 1 0 1 1 0 0 0 1 0 0 0 1 0 0 1 0 0 0 1 1 1 0 1 0 0 1 1 1 0 1 0 0 0 1 1 0 1 0 0 1 0 0 1 0 0 0 1 1 0 0 1 1 0 1 1 1 1 0 0 1 1 0 1 0 0 0 0 0 0 1 1 1 1 1 0 0 1 1 1 0 1 1 0 0 0 1 1 0 0 0 1 0 1 1 0 0 1 0 0 1 1 0 0 1 1 0 1 1 0 1 1 0 1 0 0 
0 0 0 1 0 92 0 0 0 0 1 0 0 0 0 0 0 0 0 1 1 1 0 1 0 0 0 1 1 1 1 1 0 0 0 1 0 1 0 1 1 0 0 1 0 1 1 0 1 0 1 1 1 0 0 1 0 0 1 0 0 1 1 1 0 1 0 1 1 0 0 1 0 0 0 0 1 1 0 0 1 1 1 1 0 1 0 1 0 0 0 1 0 0 0 1 0 0 1 0 1 1 0 1 1 1 0 1 1 0 1 1 1 1 0 1 1 0 1 1 0 0 0 0 0 0 1 0 1 1 1 0 1 1 1 1 0 1 0 1 1 1 1 1 0 0 1 1 1 0 1 0 1 0 0 0 1 1 0 0 0 1 0 1 1 1 0 1 0 0 0 0 1 0 1 0 1 1 0 0 0 0 1 1 1 1 1 0 0 0 1 0 0 0 0 1 0 1 1 0 1 0 1 1 0 0 1 1 1 0 1 1 0 1 0 1 1 0 1 0 1 0 
0 1 0 0 1 1 74 0 1 1 1 1 0 0 1 1 0 1 1 0 0 1 0 1 0 1 0 0 1 1 1 1 1 1 1 1 1 1 0 1 1 1 1 1 1 1 1 1 1 0 1 1 1 1 1 0 1 1 1 1 1 0 1 1 0 0 0 1 0 0 0 1 1 0 0 1 1 1 1 0 1 0 1 0 0 0 1 0 1 0 1 1 0 0 1 0 1 1 0 0 1 1 1 1 1 1 0 1 0 0 0 0 1 1 0 0 1 1 1 0 0 0 0 1 1 1 0 1 1 0 0 0 0 0 0 0 0 0 0 1 0 1 1 1 1 1 1 0 0 0 0 1 0 0 0 0 1 0 0 1 0 0 1 0 0 0 0 0 1 1 1 1 0 1 1 1 1 1 1 1 0 1 1 1 0 0 1 0 0 0 1 0 0 0 1 1 1 0 0 1 0 0 1 0 0 1 0 0 1 0 1 0 0 1 1 1 0 1 0 0 1 0 
0 1 0 0 0 0 1 99 1 0 1 0 0 1 1 1 0 1 0 0 1 1 0 1 0 0 0 1 1 1 1 0 1 0 1 1 1 1 0 0 1 0 0 0 0 0 1 0 0 1 0 0 0 1 0 1 0 1 1 1 1 1 0 1 1 0 0 0 0 1 0 1 0 0 0 0 1 1 1 1 1 0 0 1 1 1 0 1 1 0 0 1 1 1 1 0 1 0 1 0 0 0 1 0 1 0 0 0 1 1 1 0 1 1 1 0 0 0 0 0 1 1 0 1 0 0 0 1 0 1 1 0 0 1 0 0 1 1 0 0 0 0 1 0 1 1 0 0 1 1 1 0 1 0 1 0 1 0 0 1 0 0 0 0 1 1 0 0 1 0 1 0 0 1 1 1 0 0 0 1 0 0 1 0 0 1 0 1 0 0 1 1 0 1 1 1 0 1 0 0 0 1 1 1 0 0 0 1 0 1 0 0 1 1 0 0 0 1 0 1 1 1 
1 1 0 0 0 0 0 1 62 1 1 1 1 0 0 0 1 0 1 0 1 1 0 1 1 0 1 0 1 0 0 1 0 0 1 0 1 0 1 1 0 0 1 1 0 1 0 0 1 1 1 0 0 0 1 1 0 0 0 0 1 0 0 1 0 0 0 0 1 0 0 1 0 0 0 1 1 1 1 1 1 0 1 1 1 0 0 1 0 0 0 0 1 0 1 1 0 1 0 1 0 0 0 1 0 0 1 0 0 1 1 1 1 0 1 0 1 0 0 1 0 1 1 0 0 1 1 0 0 1 0 0 1 1 0 0 1 1 1 0 0 0 0 0 0 1 0 0 0 1 1 0 1 1 0 1 1 0 0 0 1 1 1 1 1 1 1 0 0 0 0 1 0 1 1 1 1 1 0 1 1 1 1 0 0 1 1 0 0 0 0 1 0 1 1 1 0 1 0 0 0 0 0 0 0 1 1 0 1 0 1 1 1 1 0 0 0 1 0 1 1 0 
1 1 0 1 0 1 1 0 0 49 1 1 0 1 1 0 0 0 1 1 1 1 0 0 0 1 1 0 1 1 0 0 0 1 1 0 0 1 1 1 0 1 1 0 0 1 1 0 0 0 1 1 1 0 1 0 1 0 1 0 1 0 1 0 1 1 1 0 0 1 1 0 0 1 1 1 0 0 1 1 0 1 1 0 1 0 1 0 0 1 1 1 0 0 1 0 0 1 1 0 1 0 0 0 1 0 1 0 0 1 1 0 0 0 1 0 0 0 1 0 0 0 0 0 0 1 0 0 0 0 0 0 0 0 0 1 0 0 0 0 1 1 0 1 0 1 1 1 0 1 1 1 0 1 1 0 0 0 1 1 0 1 1 0 1 1 0 1 1 1 1 0 0 1 0 1 1 1 0 1 1 1 0 0 0 0 0 0 0 0 0 1 1 1 0 0 0 1 0 1 1 1 1 0 0 1 1 1 1 0 1 1 1 0 0 1 1 1 1 0 1 0 
1 1 1 0 0 0 0 0 0 0 16 1 0 1 1 0 1 0 1 1 1 0 0 1 0 0 0 0 1 0 0 0 0 1 1 1 1 0 1 1 1 1 1 0 0 0 1 0 1 1 0 0 1 1 1 1 1 1 1 1 0 1 1 1 1 1 0 1 0 1 0 0 1 0 0 1 1 0 0 0 0 0 1 1 1 0 0 1 0 1 0 0 0 1 0 0 1 1 0 1 1 1 0 0 0 0 1 0 1 1 0 0 0 1 1 1 1 0 0 1 1 1 1 1 0 0 1 1 0 0 0 1 0 1 1 1 1 1 1 1 1 0 1 1 0 1 0 1 1 0 1 1 0 1 0 0 1 1 0 0 0 0 0 0 1 1 1 1 0 1 1 0 0 1 1 0 1 0 1 0 1 1 0 0 1 1 0 1 0 1 1 1 1 0 1 1 0 1 1 1 1 1 1 1 1 1 0 1 1 1 1 0 0 0 1 1 0 0 0 1 1 1 
0 1 0 0 1 0 0 0 0 1 0 72 1 0 1 0 1 1 1 1 0 1 1 0 0 0 0 0 0 1 0 1 0 0 1 1 0 0 1 1 1 0 0 1 0 0 0 0 0 1 0 1 1 1 1 1 1 1 1 1 1 1 1 0 1 1 0 0 1 0 0 0 0 1 1 0 1 1 0 0 1 1 0 1 0 1 0 0 0 0 1 0 1 0 1 1 0 0 1 1 1 1 1 0 1 1 1 0 1 0 1 0 1 0 0 0 1 1 0 0 0 0 0 1 0 0 0 1 0 0 0 1 0 0 0 1 0 0 0 0 0 1 0 0 1 1 1 0 1 1 0 1 1 0 1 0 1 1 1 0 1 0 0 0 1 0 1 0 0 0 0 0 0 0 1 0 1 1 0 1 1 1 0 1 0 1 0 0 0 0 1 0 1 1 1 1 0 0 0 1 0 1 1 0 0 1 1 0 0 1 0 0 0 0 1 0 0 1 1 0 1 0 
0 1 0 0 0 0 0 1 0 0 0 1 53 0 1 0 1 0 0 0 0 0 1 0 0 1 1 1 0 0 0 0 0 1 0 1 0 1 0 1 0 0 1 1 1 0 0 1 0 0 1 1 0 0 1 1 0 1 0 1 1 0 1 0 1 0 1 1 1 1 1 0 0 0 1 0 1 1 1 0 0 0 0 1 0 0 1 0 0 0 1 1 1 1 1 1 1 1 0 0 0 0 0 0 0 1 0 1 0 1 1 1 1 0 0 0 0 1 0 1 1 1 0 0 1 1 0 1 1 0 1 0 1 1 0 1 1 0 0 0 0 1 1 1 0 0 1 0 1 1 1 0 0 1 1 1 1 1 0 1 0 0 1 0 1 0 0 0 1 0 1 0 0 1 0 0 0 0 0 1 1 0 0 0 1 1 0 0 0 1 1 1 1 1 0 0 0 1 0 0 1 1 1 0 1 0 0 1 0 0 1 1 1 0 1 1 1 1 1 0 0 1 
1 1 1 1 0 1 0 1 1 0 0 1 0 64 1 1 0 0 1 0 1 0 1 0 0 0 1 1 0 0 1 1 0 0 1 0 1 1 0 0 1 0 1 0 0 0 1 0 0 1 1 1 0 0 1 1 0 1 0 0 1 0 1 1 0 1 0 0 0 1 0 1 0 0 0 0 0 0 1 1 1 0 1 1 0 1 0 1 0 1 0 0 0 0 0 0 0 0 1 0 1 1 1 1 1 0 0 0 1 0 1 1 0 1 1 0 0 0 0 0 0 1 0 0 1 0 0 1 1 1 1 1 0 0 0 0 0 0 0 0 0 1 0 1 1 1 0 1 0 0 1 1 1 1 1 1 0 0 0 1 0 1 1 1 1 0 1 1 0 1 0 0 0 0 1 1 1 0 1 1 0 1 1 0 0 0 1 0 1 1 1 0 0 0 0 1 0 0 0 1 1 0 1 0 1 1 0 1 0 0 1 0 0 1 0 0 1 0 1 0 0 1 
1 1 0 0 0 0 1 0 1 0 1 0 0 0 71 1 0 1 1 1 1 0 0 1 0 0 1 0 0 0 1 0 0 0 1 0 1 1 1 1 1 1 0 0 0 1 1 1 0 0 0 1 0 0 1 1 1 0 1 1 0 1 1 1 1 1 0 1 0 1 0 0 0 0 0 0 0 0 1 1 1 0 1 1 0 0 0 1 0 1 1 0 1 1 0 1 1 1 0 0 0 0 0 1 1 1 1 0 1 1 1 1 1 0 1 1 0 1 0 0 1 0 1 0 0 1 0 1 0 0 0 1 0 1 0 1 1 0 0 1 0 1 0 0 1 0 1 1 0 1 1 1 0 0 0 1 0 0 0 0 0 1 1 0 0 0 1 0 1 0 0 0 1 1 1 1 1 0 1 0 1 1 0 0 1 0 0 1 1 1 0 1 1 0 0 0 0 1 0 1 0 1 1 1 1 1 1 0 0 0 1 1 1 1 0 1 0 0 0 1 0 0 
0 1 1 0 1 1 0 0 0 1 1 1 1 1 1 55 1 1 0 0 0 0 1 1 0 1 0 0 1 1 1 1 0 1 1 1 0 1 1 1 0 1 1 0 1 1 1 1 1 0 1 1 1 0 1 0 1 1 0 1 1 0 0 1 1 1 0 1 0 1 1 1 0 1 0 1 0 1 1 0 0 0 0 1 1 0 0 1 0 0 1 0 0 0 1 1 0 0 1 0 1 0 0 0 0 0 1 1 0 0 1 0 0 1 1 0 1 1 1 1 0 0 1 1 1 1 1 1 1 1 0 1 0 1 0 0 0 1 1 1 0 0 1 0 1 0 0 1 0 1 1 0 1 1 0 1 0 1 1 0 1 1 1 1 1 1 0 0 1 0 1 1 1 0 1 0 1 0 1 0 0 0 0 0 0 1 1 1 0 1 1 0 0 0 0 0 0 1 1 0 1 0 1 0 0 1 1 1 1 1 1 1 0 1 1 1 1 1 0 0 1 1 
1 0 1 1 1 1 1 0 0 1 1 1 1 0 1 0 89 1 0 1 1 1 1 1 1 1 0 0 0 1 0 0 1 0 1 0 0 1 1 1 0 0 1 0 0 0 0 0 0 0 1 0 1 0 1 0 0 1 0 0 0 0 1 0 0 0 1 1 0 0 1 0 1 1 1 0 1 1 1 0 1 1 0 0 0 0 0 0 0 1 0 0 0 1 1 0 1 0 0 0 1 0 0 1 1 1 1 1 1 1 1 0 0 1 0 1 0 0 1 1 1 1 0 0 1 0 1 0 0 0 1 1 1 0 0 1 0 0 1 0 0 1 1 1 0 0 0 1 0 1 0 1 0 0 0 1 1 0 1 0 0 1 0 1 0 0 1 1 0 1 0 1 0 0 1 0 1 1 1 1 1 1 1 0 0 0 1 1 1 0 0 0 0 1 0 0 1 1 1 0 1 1 0 1 1 0 1 1 1 0 1 1 0 0 0 0 1 0 1 0 1 1 
1 0 0 1 0 0 0 1 1 0 1 1 0 0 1 0 1 75 0 1 1 1 0 1 1 0 1 0 0 0 1 1 0 0 1 1 0 1 0 1 0 1 1 1 1 1 0 1 1 0 1 0 1 0 0 1 1 1 1 0 0 1 1 0 0 1 1 0 1 0 0 0 1 1 0 1 0 0 1 1 0 1 0 1 1 0 1 0 0 0 1 0 1 0 0 0 0 0 1 1 1 0 1 1 1 1 1 0 0 0 0 1 1 0 1 0 1 1 1 1 1 0 1 0 0 0 1 0 1 0 1 0 0 1 1 1 1 1 0 0 0 0 1 0 0 0 0 0 0 1 0 0 0 1 1 0 1 0 1 0 0 0 1 1 1 0 0 0 0 1 0 1 0 1 1 0 1 0 1 1 1 0 1 0 0 0 0 1 1 1 0 0 1 0 0 0 1 1 1 0 1 1 0 0 0 0 1 0 0 1 0 0 0 1 0 0 1 0 1 1 1 0 
0 1 0 1 0 1 1 1 0 0 1 0 1 0 1 1 1 1 69 1 0 1 0 0 0 0 0 0 1 0 1 1 0 1 1 0 0 0 1 1 1 1 1 1 0 0 0 1 1 1 0 1 1 1 0 0 1 1 1 1 1 1 1 0 1 0 0 1 0 1 0 1 1 1 1 1 1 0 0 0 0 0 0 1 1 1 0 0 0 0 1 1 1 1 0 0 1 1 0 1 1 1 1 0 1 1 1 1 0 0 0 1 1 1 0 1 0 1 1 1 0 0 1 0 1 0 1 1 0 0 1 1 0 1 0 0 1 1 1 1 1 1 1 1 0 1 0 0 0 0 0 0 0 0 1 0 0 0 1 1 1 0 1 0 1 0 1 1 1 0 1 0 1 0 0 1 0 0 0 0 1 0 0 1 1 1 0 1 1 1 0 1 1 1 0 0 1 0 0 0 0 0 0 1 1 1 0 0 0 0 0 1 1 0 0 0 0 1 1 0 1 0 
1 1 1 1 0 0 1 0 0 0 1 1 1 1 0 0 0 0 1 66 0 1 0 0 1 1 1 0 0 0 1 0 1 1 1 1 0 1 0 0 0 0 1 0 1 0 0 1 1 1 0 0 1 0 1 0 1 1 0 0 1 0 0 0 0 0 1 1 0 1 1 0 0 1 1 0 1 0 1 0 0 1 1 1 0 1 0 0 1 1 0 1 1 1 0 0 0 1 1 1 0 1 1 1 0 1 1 0 0 1 1 1 0 0 0 1 1 0 1 1 1 1 1 1 0 0 0 1 0 1 0 0 0 1 1 0 1 0 1 1 0 1 0 0 0 1 1 0 0 1 0 0 1 1 0 1 0 1 0 1 1 0 1 1 0 1 0 0 1 1 0 0 0 1 1 0 1 1 1 0 0 0 0 0 0 0 0 0 1 0 1 1 0 1 0 1 0 0 1 0 1 1 0 0 1 1 1 1 0 1 1 0 0 1 0 1 0 1 1 0 0 1 
0 1 0 1 1 0 0 1 1 0 1 1 0 1 1 0 0 0 1 0 8 1 1 1 0 1 0 0 0 1 1 1 1 0 1 0 0 1 1 0 1 0 0 1 1 1 0 0 1 1 0 0 1 1 0 1 1 0 1 1 1 1 1 1 0 1 1 0 0 1 1 1 0 1 0 1 1 0 0 0 1 1 1 1 0 1 1 0 1 1 1 1 0 1 1 0 0 1 0 0 1 1 1 0 1 1 1 1 1 1 1 1 1 1 1 1 1 1 1 0 1 1 0 0 1 1 0 1 1 1 0 0 1 1 1 0 0 1 1 0 1 1 0 0 1 0 1 0 0 1 0 1 0 0 0 1 1 0 1 1 1 0 0 0 0 0 0 0 1 0 0 1 1 0 0 1 0 0 1 1 1 0 1 1 1 0 1 1 0 0 0 1 1 0 0 1 1 0 0 0 0 0 1 0 0 0 1 1 0 0 0 1 0 0 1 0 0 0 1 0 1 1 
0 1 1 1 0 1 1 0 1 0 0 1 0 1 1 0 1 0 0 1 1 34 0 1 0 1 1 1 0 1 1 0 0 1 1 1 0 0 0 1 0 1 1 1 1 1 0 1 1 1 1 0 1 1 1 0 1 1 0 1 0 0 0 1 1 1 1 0 1 0 0 0 0 0 0 0 0 1 0 1 1 0 0 0 1 1 0 1 0 0 0 1 1 0 1 1 1 1 0 0 1 0 0 0 0 0 0 0 0 1 0 1 0 1 0 1 1 1 0 0 0 0 1 0 1 0 1 1 0 1 1 1 0 1 1 0 1 0 0 0 0 0 1 1 1 0 0 1 0 1 0 0 0 1 0 0 0 0 1 0 0 1 0 1 0 1 0 0 0 0 1 0 1 1 0 1 1 1 1 0 0 0 0 1 1 0 0 1 1 0 1 0 1 0 1 1 1 1 1 0 1 1 1 0 0 0 0 1 1 0 1 1 0 0 0 0 1 0 0 1 1 0 
0 0 1 0 0 0 0 0 1 0 1 0 0 0 0 1 0 1 1 0 0 1 12 0 0 1 0 1 0 0 0 0 1 0 1 0 1 0 0 0 0 1 0 1 0 0 1 0 0 0 1 0 1 1 0 0 0 1 0 1 1 0 1 0 0 1 0 1 0 1 0 1 0 0 1 1 0 1 1 1 0 0 1 1 1 0 1 0 0 0 1 0 1 0 1 1 1 1 1 1 0 1 1 0 0 0 1 0 0 1 1 1 1 0 1 1 0 0 0 1 1 0 1 1 1 0 1 1 0 1 0 0 1 0 1 1 0 1 0 1 0 0 1 1 1 0 0 0 1 0 0 1 1 1 1 1 0 1 1 1 0 0 0 0 1 0 1 1 0 1 1 0 1 0 0 1 1 1 1 1 1 1 1 0 1 0 1 0 1 0 1 1 0 0 1 1 1 1 1 0 0 0 0 0 0 1 1 1 0 1 1 1 1 0 1 0 1 0 0 1 0 1 
1 1 0 0 1 1 1 1 1 0 1 1 0 0 0 1 0 1 1 0 0 0 0 57 0 1 1 1 0 0 1 1 1 0 1 1 0 1 0 0 1 0 1 1 0 0 1 1 0 0 0 1 1 0 0 0 1 1 1 0 0 1 1 0 1 1 0 1 1 1 0 0 0 1 1 1 0 0 1 0 1 1 0 0 1 1 1 1 1 1 0 0 1 1 0 0 1 1 1 0 1 1 1 1 1 0 0 0 0 0 0 0 0 0 0 1 1 0 1 1 0 0 1 0 0 0 1 1 0 0 1 0 0 1 0 0 1 1 0 1 0 1 0 1 1 0 1 1 0 0 1 0 1 0 1 0 1 1 1 0 1 0 1 0 1 0 0 1 1 1 0 1 0 0 0 1 0 1 0 1 1 0 0 1 1 1 0 1 1 1 1 0 0 1 0 1 1 1 0 1 0 0 0 0 0 1 0 0 1 0 0 0 1 1 1 0 1 1 1 1 1 1 
1 1 0 0 0 0 0 1 1 0 0 0 1 0 1 0 1 1 0 0 0 1 0 1 30 0 1 1 1 0 0 1 1 1 0 0 0 1 0 1 0 0 0 0 1 0 0 0 1 0 0 1 1 0 1 1 1 0 1 1 0 0 1 0 0 0 0 1 1 0 1 1 1 0 1 1 1 1 1 1 1 1 1 0 0 1 1 1 1 0 1 0 0 0 1 0 0 0 1 0 1 1 1 1 1 0 0 0 1 1 1 0 1 1 1 1 0 1 1 0 1 1 0 0 1 1 0 1 0 0 1 0 0 0 0 1 1 0 0 1 1 0 1 0 1 0 0 1 1 1 0 1 0 1 0 1 0 0 1 0 0 0 0 0 0 0 1 1 0 0 1 0 1 1 1 1 1 1 1 1 1 1 1 0 0 0 0 1 1 1 1 0 1 1 0 0 0 0 1 1 0 0 1 1 1 1 0 1 1 1 0 1 0 1 1 0 0 0 1 0 0 0 
0 0 1 0 1 1 1 1 0 1 1 0 1 1 1 1 1 1 1 1 1 0 1 0 0 23 1 1 1 0 1 0 1 0 0 0 0 1 0 1 0 1 1 0 0 0 0 0 0 0 1 1 0 1 0 1 1 1 0 0 0 0 0 0 0 1 1 1 0 0 1 1 0 0 1 1 0 0 0 1 1 1 0 1 0 0 1 0 0 0 0 1 0 1 1 1 1 0 1 0 1 1 1 0 0 0 0 1 0 0 1 0 1 1 1 0 0 0 0 1 0 0 1 1 0 1 0 0 1 1 0 0 0 0 1 0 0 1 1 0 1 0 0 0 0 1 1 1 1 1 1 1 1 1 0 1 1 0 0 1 1 1 1 1 0 0 0 1 1 1 0 1 0 0 1 0 1 1 1 0 1 1 1 1 0 0 0 0 1 0 1 1 1 1 0 1 1 1 0 1 0 1 0 1 1 0 0 1 0 1 0 0 1 0 1 1 0 1 1 1 1 1 
0 0 1 0 0 0 1 0 0 1 1 0 1 1 1 1 0 1 0 0 1 0 0 0 1 0 9 0 1 0 1 1 0 1 0 0 1 1 0 0 1 0 0 1 0 0 1 1 1 1 0 0 1 1 1 1 1 0 0 1 0 0 0 0 0 1 0 0 0 1 1 1 0 0 1 1 0 1 0 0 0 0 1 1 0 0 1 1 0 1 1 0 0 1 0 0 1 0 1 1 1 0 1 1 1 0 1 0 0 0 1 1 1 0 1 1 1 1 1 1 1 0 1 1 0 1 0 1 0 0 0 1 0 0 0 1 1 1 0 0 1 1 0 1 1 1 1 1 1 0 0 0 0 1 0 0 0 1 1 0 0 0 0 1 0 0 0 1 1 0 0 0 0 1 1 0 1 1 1 1 1 0 0 1 1 1 1 0 0 0 0 1 1 1 1 0 1 0 0 0 1 0 0 1 1 1 1 0 0 1 0 0 1 0 1 0 0 1 0 1 1 0 
0 0 0 0 1 1 0 0 1 1 1 1 1 1 0 0 1 1 1 0 1 1 1 0 1 0 1 83 0 0 1 0 0 0 0 1 0 0 1 1 0 0 1 1 1 1 0 0 0 1 0 1 1 0 0 0 1 0 0 0 0 0 0 1 0 1 1 0 1 1 0 1 0 1 1 0 0 0 0 0 1 1 1 0 0 1 1 1 0 0 0 1 0 1 0 1 1 1 1 1 1 0 0 0 0 1 0 0 1 1 1 1 0 1 0 1 0 1 0 0 0 1 0 1 1 1 1 0 1 0 1 0 0 0 0 1 0 1 1 1 0 0 0 1 1 1 0 0 1 1 1 0 1 0 0 1 1 0 1 0 1 0 0 0 1 0 0 1 0 0 0 1 1 0 1 0 0 1 0 0 1 0 0 1 1 0 1 0 0 0 1 1 1 0 0 1 1 1 1 1 0 0 1 0 1 1 0 0 0 1 0 0 1 1 0 0 1 0 1 0 0 0 
1 0 1 0 0 0 0 0 1 1 1 0 0 0 1 0 0 0 0 0 1 0 0 0 1 1 1 0 91 0 1 0 0 0 0 0 0 0 0 0 0 1 1 1 1 1 0 1 0 0 0 1 0 1 1 0 1 1 0 0 0 0 0 1 0 1 0 0 0 0 0 1 1 1 0 0 0 0 1 1 0 0 1 0 0 1 0 1 1 1 0 1 0 1 1 0 1 1 1 0 0 0 1 0 0 1 0 1 1 1 1 0 0 1 1 0 0 1 1 1 1 1 0 0 1 0 0 0 0 1 0 1 1 0 1 0 1 1 1 1 1 0 0 1 0 1 1 1 0 1 1 0 1 1 0 0 0 0 1 0 1 0 1 0 0 1 0 0 0 1 1 1 1 1 1 1 1 1 0 1 1 1 0 0 1 0 1 0 1 0 1 0 1 1 0 1 0 1 0 0 0 1 0 1 0 1 0 1 1 1 1 0 1 0 0 0 0 1 1 0 1 1 
0 1 1 0 0 0 0 1 1 1 0 1 1 0 0 1 1 1 1 0 0 1 0 0 1 0 0 0 1 50 1 1 0 1 1 0 0 1 1 0 0 1 1 0 0 1 1 0 1 0 1 1 1 1 1 0 0 1 0 0 1 1 1 1 0 1 1 0 1 0 0 0 1 0 0 0 1 1 1 0 1 0 0 1 1 0 1 0 1 0 0 1 0 0 0 1 1 0 1 0 0 0 0 0 0 1 0 1 0 1 0 1 0 1 0 1 0 0 0 0 1 1 1 1 1 0 1 1 0 1 0 1 1 1 0 1 0 1 1 0 0 0 0 0 1 1 1 1 1 1 0 1 1 0 0 1 1 1 0 1 0 0 0 0 1 0 0 1 0 1 1 0 1 0 1 0 0 1 0 1 1 0 0 1 1 1 1 0 0 0 1 1 0 0 0 0 0 0 1 1 1 1 0 0 0 0 1 1 1 0 1 1 1 1 0 1 0 1 0 1 0 1 
0 1 0 1 1 1 0 0 0 1 0 0 1 1 1 1 1 0 0 0 0 1 0 1 0 0 1 1 1 1 29 0 1 0 1 1 0 1 0 1 1 1 0 0 1 0 0 0 0 0 0 0 0 0 1 0 1 0 0 0 0 1 0 0 0 1 0 1 0 0 0 0 0 0 0 1 0 1 0 1 0 1 0 1 1 0 1 1 1 0 0 1 1 1 1 0 0 1 1 0 0 0 1 0 0 0 1 1 1 0 1 0 0 0 1 0 0 1 0 1 0 0 0 0 0 1 1 0 0 1 0 1 1 1 0 1 0 1 0 0 0 1 1 0 0 0 1 0 0 1 0 0 1 0 1 1 0 0 0 1 0 0 1 0 0 0 0 0 0 0 0 1 1 1 1 0 1 1 1 0 1 1 1 0 1 0 0 1 0 0 1 0 0 0 0 1 0 0 0 1 0 1 1 1 0 1 1 1 0 0 1 1 0 1 0 0 1 0 0 0 1 1 
0 0 1 0 0 1 0 1 0 1 0 0 1 1 0 0 1 0 0 1 1 0 1 0 1 1 0 0 0 0 0 55 0 1 0 1 1 1 1 1 1 1 1 1 0 0 0 1 1 1 0 0 0 0 1 0 1 1 0 0 1 1 1 0 1 0 1 0 1 0 1 0 0 1 1 0 1 0 1 1 0 1 1 1 0 0 1 0 1 1 0 0 1 0 0 1 1 0 0 0 0 0 0 1 0 1 1 1 0 1 0 0 0 1 0 0 0 1 1 0 1 0 1 0 1 0 1 0 0 0 0 1 0 0 0 0 1 1 1 0 0 1 1 0 0 1 1 0 0 1 0 0 0 0 0 1 0 1 1 1 0 0 0 0 0 0 1 1 1 0 1 1 1 0 0 1 0 1 0 1 0 0 1 0 0 1 0 1 1 1 1 0 0 0 1 1 1 0 0 0 0 0 0 0 1 1 0 1 0 1 0 0 0 0 1 0 1 0 0 1 0 1 
0 1 0 0 1 0 1 1 0 0 0 0 1 1 1 1 1 1 1 0 0 1 0 0 0 0 0 1 1 1 0 1 19 1 1 1 0 1 1 0 0 1 0 0 0 0 0 1 0 0 1 0 0 1 1 0 1 0 0 1 0 0 0 0 1 1 0 0 1 1 0 0 1 0 0 0 0 1 1 0 0 0 1 0 1 0 1 1 1 0 0 1 1 0 0 0 0 0 0 0 0 1 1 0 1 0 1 1 1 1 1 1 0 0 1 0 1 1 1 1 0 0 0 1 0 0 1 0 1 1 1 1 0 0 0 0 1 1 0 0 0 0 1 0 1 0 1 1 0 0 0 1 0 0 1 0 1 1 1 1 1 1 0 1 0 0 0 0 0 0 0 1 0 0 0 1 0 0 0 0 1 1 1 1 0 0 0 1 0 1 0 1 1 0 0 0 0 0 0 0 0 0 1 0 1 1 0 1 0 0 0 1 0 0 1 0 0 1 1 1 0 1 
1 0 1 0 0 0 1 1 0 1 0 1 0 1 1 0 0 1 0 1 0 0 1 1 1 1 0 0 1 0 1 0 0 90 0 0 1 1 0 0 1 1 0 0 1 0 1 0 0 0 1 0 1 0 0 1 1 1 1 0 0 1 0 0 1 1 1 0 1 0 0 0 1 0 0 0 1 1 1 0 0 1 1 1 1 0 0 0 0 0 1 1 0 1 0 1 0 0 0 1 1 0 1 0 1 0 1 1 1 1 1 1 1 1 1 1 1 0 1 0 1 1 1 0 0 1 0 1 1 0 0 1 1 1 0 0 1 0 0 0 1 1 1 0 1 1 0 1 0 0 0 1 1 1 1 0 0 0 0 1 1 1 0 1 0 1 1 1 0 0 0 0 0 0 1 0 0 1 0 0 0 1 0 0 1 1 1 0 1 1 0 1 1 1 0 1 1 1 1 0 0 1 0 0 1 0 0 1 1 1 0 1 0 1 0 0 0 1 0 0 0 1 
0 1 1 1 0 0 0 1 0 0 1 0 1 0 0 1 0 0 0 0 1 1 1 1 0 1 1 1 1 1 0 1 1 1 7 0 0 0 0 0 1 0 0 0 1 1 1 1 0 0 1 0 0 1 0 1 0 1 1 0 0 0 0 0 1 1 0 0 1 0 1 1 1 0 1 1 0 1 1 0 1 0 1 0 0 1 1 1 1 1 1 0 0 0 0 1 1 1 0 1 1 0 1 1 1 1 0 1 1 0 0 1 1 0 1 0 0 0 1 1 1 0 0 0 1 1 0 1 1 0 0 0 1 0 1 1 0 1 0 1 0 1 1 0 0 0 1 1 0 0 1 0 1 1 1 1 0 0 0 1 0 0 0 0 0 0 1 0 1 0 1 0 0 1 0 0 0 1 0 1 1 1 1 0 0 0 1 1 1 1 0 1 1 0 1 0 0 0 0 0 1 0 1 0 0 1 1 1 1 1 0 1 1 0 1 0 1 0 1 1 0 0 
0 1 1 1 1 1 1 1 0 0 1 0 0 0 0 1 1 1 0 0 1 0 1 1 0 1 1 1 0 0 0 0 1 0 1 39 0 1 1 1 0 0 0 0 1 0 1 1 1 0 0 1 0 1 0 0 1 1 1 1 0 0 0 1 0 0 0 1 1 0 1 1 1 0 0 0 1 1 0 0 1 1 1 0 1 0 1 0 1 0 1 0 0 0 0 1 1 1 1 0 1 1 1 1 0 0 1 0 0 0 1 0 1 0 0 0 0 1 1 0 1 0 1 1 1 0 0 0 0 1 0 0 1 1 1 0 1 1 1 1 1 0 0 0 0 0 0 0 1 0 0 0 0 0 0 0 0 1 0 0 0 1 0 0 0 0 0 0 0 1 1 1 1 1 0 0 1 1 0 0 1 0 1 0 1 0 1 0 0 0 1 0 1 0 1 0 1 0 0 0 1 1 1 0 1 0 1 0 0 1 0 1 0 0 1 1 1 1 0 0 0 0 
0 1 0 0 0 1 0 0 0 1 1 1 1 1 1 1 0 1 1 1 0 1 0 1 0 0 0 0 1 1 1 1 0 1 1 1 49 0 0 1 0 1 1 0 0 0 1 0 1 1 0 1 0 0 0 1 0 0 0 1 1 0 0 0 0 0 0 1 1 0 1 1 0 1 0 0 1 0 1 1 0 0 0 1 1 1 0 0 0 1 0 1 1 0 1 1 0 0 1 0 1 1 1 0 1 1 0 1 0 0 1 1 0 1 1 0 0 0 0 1 0 1 1 0 1 0 1 1 1 1 0 0 0 1 0 0 0 1 1 0 0 0 1 0 0 1 0 0 1 1 1 1 1 0 0 1 1 1 1 1 0 0 0 1 1 1 0 1 1 0 1 0 0 1 0 0 0 0 1 0 1 0 0 0 0 0 1 0 1 1 1 0 0 1 0 0 0 1 1 0 1 1 1 1 0 0 0 1 0 1 1 1 0 0 0 1 1 1 1 0 0 1 
1 0 0 1 0 0 0 0 1 0 0 1 0 0 1 0 1 0 1 0 0 1 0 1 1 1 0 0 1 0 0 0 1 0 1 0 0 89 0 1 1 1 1 1 1 0 1 1 0 0 1 1 1 0 1 1 1 1 0 0 0 1 0 0 0 0 1 1 0 0 1 0 1 1 0 1 1 0 0 1 0 0 1 1 1 1 0 0 0 1 0 0 1 1 1 1 1 0 0 1 0 1 1 1 1 0 0 0 1 0 0 0 1 0 1 1 1 1 0 0 0 0 1 0 0 0 0 1 0 1 1 1 0 0 1 0 1 1 0 0 1 0 1 0 1 0 0 0 0 0 0 1 1 1 0 0 0 0 0 0 0 0 0 0 0 0 0 1 1 0 1 1 1 1 0 1 1 1 0 0 1 0 1 1 1 0 1 0 1 0 0 0 0 0 1 1 0 1 1 1 1 0 0 1 0 0 0 0 1 1 1 1 0 1 1 1 1 0 1 0 0 0 
0 0 1 1 0 0 0 1 0 0 0 1 1 0 0 0 1 1 0 1 1 1 0 0 0 1 1 0 1 1 1 0 1 0 1 0 0 0 41 1 0 0 0 0 1 0 0 1 1 0 0 0 1 1 1 0 1 0 1 0 1 0 0 0 0 1 0 0 1 0 1 1 0 0 1 1 0 0 1 0 1 1 0 0 0 1 0 0 1 0 1 1 0 0 0 0 1 0 0 0 1 1 1 0 1 1 1 1 1 0 0 0 1 1 0 1 1 1 1 1 0 0 1 1 0 1 1 0 0 0 0 1 0 1 0 1 0 0 0 1 0 1 0 0 1 1 0 0 0 1 1 0 1 0 0 1 0 0 0 1 1 1 1 1 0 0 1 0 1 0 1 1 1 0 0 0 0 1 1 0 1 1 0 0 0 0 1 1 0 0 1 0 0 1 0 0 0 1 1 0 1 1 0 0 0 1 1 0 1 1 0 0 0 0 0 0 1 1 0 0 0 1 
1 0 1 0 0 1 1 1 0 1 0 0 0 0 1 1 1 1 1 1 0 1 1 1 0 1 1 1 0 1 0 1 0 1 0 0 0 0 1 39 1 1 0 0 0 0 0 0 0 0 1 1 1 1 0 1 0 1 0 0 0 1 1 1 0 1 0 1 1 0 0 1 1 1 0 1 1 0 1 0 1 0 0 1 1 1 1 0 1 1 0 1 0 1 1 1 1 1 0 0 0 1 1 0 0 0 1 1 1 0 0 1 0 0 0 1 1 0 1 1 0 1 0 0 1 0 1 0 0 1 0 0 0 0 1 0 0 0 0 0 0 0 0 1 0 0 0 0 1 0 0 1 1 1 1 0 1 1 1 0 1 1 0 1 1 0 1 0 0 0 1 1 1 1 0 1 1 0 0 0 1 0 1 0 1 1 1 1 1 1 0 1 0 0 1 0 0 0 1 0 0 1 0 1 0 1 0 0 0 1 1 1 1 0 0 0 0 0 0 1 1 1 
0 1 1 0 1 0 0 1 1 1 0 0 0 1 0 1 0 0 0 1 1 1 1 1 1 0 0 1 1 0 1 1 0 1 0 0 0 0 1 1 82 1 0 1 0 1 0 0 0 0 0 1 1 0 1 0 0 1 0 0 0 0 1 1 1 1 0 0 0 0 0 0 1 1 0 1 1 1 0 1 0 1 0 0 1 0 1 0 1 0 1 1 0 0 0 1 0 0 1 0 0 1 1 1 0 0 1 0 0 0 0 1 1 1 0 0 1 1 0 0 0 0 1 1 1 1 0 1 0 1 0 1 0 0 0 0 1 1 1 1 0 1 1 1 0 1 0 0 0 1 0 0 1 1 1 0 1 0 0 1 0 1 1 1 1 0 0 1 1 1 1 0 1 1 1 1 1 0 1 1 0 0 0 0 0 0 1 1 0 1 1 0 0 1 0 1 0 0 0 0 1 1 0 0 1 0 1 0 1 0 0 0 1 0 1 1 0 1 0 0 1 1 
0 0 0 0 0 0 1 1 1 0 0 0 0 1 1 1 0 1 0 1 0 1 0 1 0 1 1 0 1 1 0 0 0 0 0 1 1 0 1 0 0 38 1 1 0 0 0 1 1 1 1 1 1 1 0 1 1 1 0 1 0 1 1 0 0 1 1 0 0 0 1 0 1 1 1 0 1 1 0 0 1 1 1 1 0 1 1 1 1 0 0 0 0 0 1 1 1 1 0 1 0 1 1 1 1 1 0 0 0 0 0 1 0 1 0 1 1 1 1 1 1 1 1 1 1 1 0 1 0 0 0 1 0 1 1 1 0 1 1 1 1 1 0 1 0 0 1 0 1 1 0 1 1 1 0 1 0 1 0 1 0 1 1 1 1 0 1 0 1 1 0 1 1 1 1 1 1 1 0 0 1 1 0 0 0 0 0 0 1 0 1 1 0 1 1 0 0 0 0 1 0 0 0 0 0 0 0 0 0 1 0 1 1 0 0 1 1 0 0 0 1 1 
1 1 0 1 1 0 1 1 1 1 1 1 1 1 0 1 1 1 1 0 1 0 0 0 1 0 0 0 0 0 0 0 0 1 1 1 1 1 1 1 0 0 90 1 0 0 0 1 0 1 0 0 0 1 1 1 1 1 1 0 0 1 1 1 0 1 1 1 0 0 1 0 1 0 1 1 0 0 1 0 0 0 1 1 0 0 1 1 1 0 1 1 1 1 1 1 0 0 1 1 0 1 0 0 0 1 0 1 1 0 0 1 1 1 0 1 1 1 1 1 0 1 0 0 1 0 0 1 1 0 1 0 0 0 1 1 0 1 0 1 1 1 0 0 0 0 0 1 0 0 0 1 0 0 0 1 0 1 0 1 1 0 1 0 1 1 0 1 0 1 0 1 1 0 1 1 1 0 0 0 1 0 0 1 1 0 0 0 1 1 1 0 1 0 0 0 0 0 0 0 0 0 0 0 0 0 1 0 0 1 0 1 0 0 0 1 1 1 1 1 0 1 
1 1 1 1 1 0 1 0 0 0 0 1 0 1 1 1 1 1 0 1 1 0 0 1 0 0 1 1 0 1 0 0 0 0 0 0 0 1 0 0 1 0 1 54 1 1 0 0 1 1 1 1 0 0 0 1 1 1 1 0 1 1 0 1 0 1 1 0 0 1 1 0 0 0 1 1 0 0 1 0 1 0 0 0 1 1 1 1 1 1 0 0 1 1 1 0 1 0 1 0 1 1 0 0 1 0 0 1 0 1 0 0 1 1 0 1 1 1 1 0 0 1 0 1 1 1 1 1 0 1 0 1 1 0 0 0 0 1 1 0 1 1 0 0 1 1 1 1 0 0 0 0 0 0 0 0 0 0 0 0 1 1 0 0 0 0 1 1 1 0 1 1 1 0 1 0 1 1 1 1 0 1 0 0 1 0 1 1 0 0 1 1 1 0 1 0 1 1 0 1 1 0 1 1 0 0 1 1 1 0 0 1 0 0 0 0 1 0 1 0 1 1 
0 1 1 0 1 0 1 0 0 1 1 0 1 1 1 0 0 0 1 1 0 1 1 1 0 0 0 1 1 1 1 0 1 1 1 1 1 1 1 1 0 1 0 0 75 0 0 0 1 1 1 1 1 0 1 1 1 0 0 1 1 0 1 0 0 1 1 0 1 1 0 0 0 1 0 0 0 0 1 0 1 0 1 1 1 0 1 1 1 1 1 0 0 1 1 0 1 1 1 0 1 1 0 1 1 1 0 1 1 1 0 0 0 0 1 0 0 1 1 0 1 1 1 0 1 1 0 0 0 1 1 1 1 1 1 0 1 1 0 1 0 0 1 1 1 1 1 1 1 0 1 0 1 0 1 0 1 1 0 0 1 1 0 0 0 1 1 1 0 0 1 0 0 0 1 0 0 1 1 0 1 1 1 0 1 1 1 0 1 1 1 1 1 0 0 0 0 0 1 1 0 1 0 0 1 1 1 0 0 0 0 0 1 1 1 1 1 1 1 0 0 1 
1 1 1 0 1 1 1 1 1 0 0 0 0 1 1 0 0 1 1 0 0 1 1 1 1 1 0 1 0 0 0 1 0 0 0 0 1 0 0 1 1 1 1 0 0 66 1 0 1 1 0 1 1 1 1 1 1 1 0 0 1 1 0 0 0 0 0 0 0 0 1 0 0 1 0 0 1 1 0 1 1 1 0 0 1 1 1 1 1 1 0 1 0 1 1 0 0 0 0 0 1 1 1 0 0 0 0 0 0 0 1 0 0 0 1 0 1 0 1 1 1 0 0 1 1 1 1 0 1 0 1 0 0 1 0 1 0 0 1 0 0 1 1 1 0 0 0 1 0 0 1 1 1 1 0 0 0 1 1 0 1 1 0 0 1 0 1 0 0 0 1 0 0 0 1 0 1 0 1 1 0 0 1 0 0 0 1 0 1 0 1 1 1 0 0 0 1 0 0 0 0 0 1 1 1 0 1 0 1 1 1 0 1 1 1 0 1 0 1 0 0 0 
0 1 0 1 1 0 1 0 1 0 0 0 0 0 0 0 1 0 0 1 1 0 1 0 1 1 0 0 1 0 1 0 0 0 1 0 0 1 0 0 1 0 0 1 1 1 71 0 0 0 0 1 0 1 0 0 1 0 0 1 0 0 1 0 0 0 1 0 1 0 1 0 1 1 0 0 1 1 1 1 1 0 0 0 0 1 0 0 0 0 0 1 1 1 0 1 1 1 1 0 1 0 0 1 1 0 1 0 1 1 1 0 1 0 1 1 1 1 0 1 1 1 1 0 1 1 0 1 0 0 1 0 0 1 0 0 0 0 0 1 0 1 0 0 0 0 0 0 1 1 0 0 1 0 1 0 1 0 0 1 1 0 1 1 1 0 1 0 1 0 0 1 0 1 0 0 1 1 0 1 0 0 1 1 1 1 0 1 0 1 0 0 0 0 1 1 1 0 1 0 0 1 1 1 0 1 0 0 1 0 1 0 1 1 0 0 1 0 0 1 1 1 
1 1 1 0 1 1 1 0 0 1 0 1 0 1 0 0 0 0 0 0 1 1 1 1 0 1 1 0 1 0 1 0 0 1 1 0 0 1 1 0 0 0 1 1 1 1 0 73 1 0 1 1 1 1 1 1 1 1 0 1 0 1 0 0 0 1 1 1 0 0 1 0 1 0 0 0 0 1 1 1 0 0 0 1 1 0 1 0 0 1 0 1 0 1 0 0 0 1 0 0 0 0 0 0 0 1 1 0 1 0 0 0 0 1 1 1 0 1 0 1 0 1 0 1 1 0 1 1 1 0 1 1 0 0 0 0 1 1 0 1 1 1 0 1 0 0 1 0 0 0 0 0 1 1 1 0 1 0 1 1 0 0 1 1 0 1 1 0 1 1 1 1 1 0 1 1 1 1 0 0 1 0 0 1 1 1 0 0 1 1 1 0 0 0 0 1 1 1 0 1 1 0 0 0 0 1 0 0 1 0 1 1 1 0 0 1 0 1 0 0 1 0 
1 1 1 0 0 0 1 0 0 1 0 1 0 0 0 0 1 1 1 0 0 0 0 1 0 1 1 0 1 0 0 1 1 1 0 1 0 1 0 0 0 0 0 0 0 0 1 0 77 1 1 0 1 1 0 0 1 1 0 0 0 0 0 0 1 1 1 1 0 0 1 0 0 1 1 0 0 0 0 0 0 1 1 0 0 1 1 1 0 1 1 1 0 1 1 1 0 0 1 1 1 0 1 0 0 0 0 0 0 1 0 1 1 1 0 1 1 1 0 1 0 0 0 1 1 0 0 0 1 0 1 1 0 0 0 0 1 0 0 1 1 1 0 1 0 1 0 1 0 1 1 0 0 0 0 0 0 1 0 0 1 1 1 1 0 1 0 0 0 0 1 0 0 1 0 1 1 1 1 1 0 1 0 0 1 1 1 1 1 0 1 1 0 1 0 1 1 0 1 1 1 0 1 1 0 0 0 1 0 1 0 1 0 1 0 0 1 0 0 0 0 0 
1 1 0 0 1 0 1 1 1 1 0 0 0 0 1 0 1 1 1 1 0 0 0 1 0 0 0 1 1 0 0 1 1 0 0 0 0 0 0 1 1 0 0 0 0 0 1 0 1 72 1 1 1 1 0 0 0 0 1 0 1 0 1 1 1 0 0 0 0 1 1 0 1 0 0 0 0 0 1 1 1 0 1 1 0 1 1 0 1 1 0 1 0 0 0 1 1 1 0 1 1 1 0 0 0 1 1 1 0 1 1 1 1 1 0 1 0 1 1 0 1 1 0 1 0 0 0 1 1 1 1 1 1 1 0 1 1 1 0 1 1 1 1 0 0 1 1 0 0 1 1 0 0 0 1 0 1 0 0 1 0 0 0 1 1 1 0 0 1 0 0 1 1 0 0 1 1 0 1 0 0 0 0 1 0 0 1 1 0 0 1 0 1 1 0 0 1 1 0 1 1 0 1 0 0 0 0 0 0 0 1 1 1 1 0 1 1 0 1 0 1 1 
1 0 1 0 0 0 1 1 1 1 1 1 0 1 1 1 0 1 1 1 0 1 1 0 1 0 1 1 0 0 1 0 0 0 0 0 0 0 0 0 0 1 1 1 1 1 1 1 0 1 92 0 1 0 1 1 1 0 0 1 0 1 1 0 1 1 0 0 1 1 1 1 0 1 1 0 1 0 1 1 1 1 0 1 1 1 1 1 1 0 0 0 1 0 0 1 1 1 0 1 1 0 1 1 1 0 0 0 1 1 1 0 1 0 1 0 1 1 1 1 0 0 0 1 1 1 0 1 1 1 1 0 1 0 0 0 0 0 1 1 1 0 1 0 0 1 0 0 1 0 0 1 1 1 1 1 0 1 1 1 1 0 0 1 1 0 1 0 1 1 0 0 1 1 0 0 1 0 1 1 1 1 0 0 1 0 0 0 0 0 1 1 1 1 0 1 1 0 1 1 0 0 0 1 1 0 0 1 0 1 1 1 0 0 0 1 0 1 1 1 0 1 
0 0 0 1 1 0 1 1 0 0 1 1 1 1 0 0 0 0 1 1 1 1 0 0 0 1 0 1 1 1 0 0 0 1 0 1 1 1 1 0 0 0 0 1 1 1 0 1 0 1 1 32 1 0 1 0 1 1 1 1 1 0 1 1 0 1 1 0 1 1 0 1 1 0 1 1 1 1 1 1 1 0 1 0 1 1 0 1 1 0 0 1 0 1 1 0 1 0 1 0 1 1 1 0 1 1 0 0 0 1 0 1 0 1 1 1 1 0 1 1 0 1 0 0 1 0 0 1 1 1 1 1 1 1 0 0 1 1 1 1 0 0 0 1 1 1 1 1 1 0 1 0 0 1 1 0 0 1 1 0 0 0 0 1 0 1 0 0 0 1 1 1 0 0 1 0 0 0 0 0 0 0 1 1 0 1 0 1 0 1 1 1 1 0 0 0 0 0 0 0 1 0 1 0 0 0 1 0 1 1 1 1 0 1 0 1 0 1 0 1 0 0 
0 0 0 1 1 0 0 1 1 1 1 0 0 1 0 1 0 1 1 1 1 1 0 1 1 1 1 0 1 0 1 1 0 0 1 1 1 0 1 0 0 0 1 1 1 1 0 1 0 1 0 0 26 0 0 1 1 1 1 1 0 0 0 1 1 0 1 0 0 1 1 0 1 1 1 1 1 1 1 0 1 0 1 0 1 1 1 1 1 0 0 1 0 1 1 1 0 1 0 1 1 1 0 1 0 1 1 1 1 0 1 1 0 1 0 1 1 0 0 0 0 1 1 1 0 0 0 0 1 1 0 0 1 1 1 0 0 1 0 0 1 0 1 0 0 0 1 0 1 1 0 1 0 1 0 1 1 0 0 0 0 0 1 1 1 0 1 1 1 0 1 0 0 0 1 1 1 0 1 0 0 1 0 0 1 0 1 1 1 0 0 1 0 1 0 1 0 0 1 0 1 0 1 0 1 0 1 1 1 1 1 0 1 1 0 1 0 1 1 1 1 0 
1 1 0 1 1 1 0 1 0 1 1 1 0 0 1 0 1 1 1 1 1 1 0 1 1 1 0 1 1 1 0 1 0 0 0 1 1 1 1 1 0 1 0 1 1 1 1 0 0 1 1 0 0 8 1 1 0 1 1 1 0 0 1 1 0 0 1 0 1 0 1 0 0 1 1 1 0 1 0 0 0 0 1 0 1 1 0 1 0 1 1 1 0 0 1 1 0 0 1 1 0 0 1 0 0 0 1 0 1 0 0 0 0 1 0 0 1 1 1 1 1 0 1 1 0 1 1 1 0 1 1 0 1 1 0 1 1 0 1 0 0 1 1 1 1 1 1 1 0 0 0 1 0 0 0 1 1 0 0 1 1 0 1 0 1 1 1 0 0 1 1 0 0 1 0 0 0 0 0 1 1 1 1 0 0 1 0 0 0 0 0 1 1 0 1 1 1 0 0 0 0 0 0 1 1 0 1 0 0 0 0 1 1 1 0 1 0 1 0 1 0 1 
0 1 0 1 1 1 1 1 1 0 0 1 0 1 1 1 0 0 1 1 1 1 1 0 0 0 1 1 1 1 0 1 1 0 1 1 1 1 0 0 0 1 0 0 0 0 0 1 1 0 0 1 0 0 40 0 0 0 1 1 0 0 1 0 1 0 1 0 0 1 1 0 0 1 0 1 1 0 0 0 0 0 1 0 0 0 0 0 1 0 0 0 0 1 1 1 0 1 1 0 1 0 0 0 0 1 0 0 0 1 1 0 0 1 1 1 1 1 0 0 0 0 1 0 1 1 1 1 1 1 1 1 1 1 1 1 1 0 0 0 1 1 1 1 0 0 0 0 1 1 0 1 0 0 1 0 1 1 0 0 0 1 0 0 1 0 1 1 0 1 1 1 0 1 1 0 1 0 1 0 1 1 0 0 0 0 0 1 0 1 0 0 0 1 1 1 1 0 1 0 0 1 1 1 1 0 1 1 0 1 0 0 0 0 1 0 1 0 0 1 0 1 
0 1 0 1 1 0 0 0 0 0 0 1 1 0 1 1 0 0 1 0 1 1 0 0 1 0 0 0 0 0 0 0 1 0 0 0 0 0 1 0 0 0 0 1 0 0 1 0 1 1 1 0 0 0 0 58 1 0 1 0 1 1 1 0 0 0 1 1 0 1 0 1 1 1 0 1 1 0 1 1 0 1 0 1 1 1 0 1 0 1 0 0 0 0 1 1 0 0 0 0 0 1 1 0 0 1 1 1 0 0 0 0 0 0 0 1 0 1 0 0 1 1 1 0 1 0 0 1 1 1 0 0 0 1 1 0 1 1 1 0 1 0 1 0 0 0 1 0 1 1 1 1 0 0 1 0 0 0 1 1 1 0 0 0 0 0 0 0 1 1 0 1 1 0 1 0 0 0 1 1 0 0 1 1 1 0 1 0 1 1 1 0 0 0 0 1 1 1 0 0 0 0 0 1 1 1 0 1 0 1 0 0 1 1 1 1 0 1 0 1 0 1 
1 0 0 1 0 0 1 1 1 0 1 1 0 0 1 1 1 0 1 0 0 0 1 1 1 1 0 0 0 0 1 1 1 0 0 1 1 1 0 0 0 0 1 1 0 0 1 0 1 0 1 0 1 1 0 0 19 1 0 0 1 1 1 1 0 0 1 1 0 0 1 1 1 0 1 0 0 1 1 0 1 1 0 0 1 0 1 0 0 0 0 0 0 0 1 0 1 1 0 0 1 1 0 1 1 0 1 0 0 1 1 1 1 0 0 1 0 0 1 1 0 1 1 0 0 1 1 0 1 1 0 1 1 1 0 0 0 0 0 0 0 1 1 0 1 1 0 0 0 0 1 0 1 1 1 0 1 1 1 0 0 1 0 1 1 1 0 0 0 1 1 1 0 0 1 1 1 0 0 1 1 1 0 1 1 0 0 1 1 0 0 1 0 0 1 0 1 0 0 1 0 1 0 0 1 0 1 0 1 1 0 1 1 0 1 0 0 0 0 0 1 0 
0 1 1 1 1 0 0 1 0 0 0 1 0 1 0 1 1 1 0 0 0 0 0 1 1 1 0 0 1 0 1 1 1 0 1 0 1 1 1 1 1 0 1 0 0 0 1 0 1 0 0 0 0 0 1 1 1 46 1 0 1 0 1 1 0 0 1 0 0 0 0 0 0 0 1 0 1 1 1 0 1 0 1 1 0 1 1 1 1 0 0 0 0 1 1 0 1 1 1 1 1 0 1 0 1 0 1 1 0 0 1 0 0 0 1 1 1 0 1 0 1 1 1 1 0 1 0 0 1 1 0 0 0 1 0 0 1 0 0 1 0 1 0 0 0 1 0 1 0 0 1 1 0 0 0 0 1 1 1 0 1 1 0 0 1 0 1 0 1 0 1 1 1 0 0 0 1 1 1 1 0 0 1 1 0 0 0 1 1 1 1 0 1 0 0 1 0 0 0 1 1 0 1 0 1 0 0 0 0 1 0 1 1 0 1 0 1 0 1 0 0 0 
0 0 0 0 1 1 0 0 1 0 1 0 0 0 0 1 0 0 1 1 0 1 0 1 0 0 0 1 1 0 1 1 0 1 0 0 0 0 1 0 1 1 1 0 0 1 0 1 1 1 0 1 0 1 0 0 0 1 11 1 1 0 0 1 0 1 0 0 1 1 0 0 0 1 0 0 0 1 1 1 1 1 0 0 0 1 1 1 1 1 0 0 1 1 0 1 1 0 1 0 1 0 0 1 1 1 1 0 1 0 1 1 1 0 0 0 1 1 0 1 1 0 0 0 0 0 0 0 0 0 1 1 1 1 0 0 1 0 0 0 0 1 1 1 0 0 1 0 0 1 1 1 1 0 1 1 0 1 1 1 0 0 1 1 0 1 0 0 1 1 1 1 1 1 0 1 0 1 0 0 0 1 0 1 0 0 0 0 1 1 1 1 1 0 0 0 1 1 1 0 1 0 1 1 1 0 0 0 0 1 1 0 0 1 1 0 1 0 1 1 1 1 
1 1 1 1 1 1 1 0 0 1 1 1 1 0 1 1 0 1 1 0 0 1 1 1 1 0 1 0 0 1 1 1 0 1 1 0 1 1 0 0 1 0 1 0 0 1 0 1 0 1 1 0 0 0 1 0 0 0 0 51 0 1 0 1 0 1 0 1 0 0 1 0 1 1 0 1 1 1 1 0 0 1 0 1 0 0 1 1 1 0 0 0 1 0 0 1 0 0 0 0 1 1 0 1 0 1 0 1 1 1 0 1 1 0 0 0 1 1 0 1 0 1 0 0 1 1 1 0 0 1 1 0 0 1 1 1 0 1 1 0 0 0 1 0 0 0 1 1 0 1 1 1 0 0 0 0 0 0 1 0 0 1 1 0 1 0 0 1 0 0 0 1 0 1 1 0 1 0 1 0 0 0 0 1 1 1 1 0 0 0 1 0 0 1 1 0 0 0 0 1 0 0 1 1 1 1 1 1 0 0 0 0 0 0 1 0 1 0 1 1 0 1 
1 0 1 1 1 0 0 0 1 0 0 1 1 0 0 0 0 1 0 0 0 1 1 0 1 1 1 1 0 0 0 1 1 0 0 1 1 1 1 0 0 0 1 1 1 1 0 0 0 0 0 0 1 1 0 0 0 1 0 0 89 1 1 0 1 1 1 0 0 1 0 1 1 0 1 0 0 0 1 1 0 0 0 1 1 0 0 0 1 0 0 0 1 0 0 0 0 0 0 1 1 1 1 1 1 0 1 1 1 0 1 1 1 0 0 0 1 1 0 0 1 1 1 1 0 1 1 1 0 0 0 1 1 1 1 1 0 0 0 1 0 0 1 0 0 0 0 0 1 1 0 0 0 0 1 0 0 1 0 1 1 0 0 0 1 0 1 1 0 0 1 0 1 1 1 0 0 1 1 1 1 1 1 1 0 0 0 0 0 1 0 1 0 1 1 1 1 1 0 0 1 0 0 0 0 0 0 0 1 0 0 0 1 1 0 1 1 0 0 0 0 0 
1 1 0 0 1 0 0 1 0 1 1 0 0 1 1 0 0 1 1 1 1 1 0 1 1 1 1 1 1 1 0 0 1 0 1 1 0 0 0 1 0 0 0 0 1 1 0 0 1 0 0 1 1 0 0 0 0 1 0 0 0 0 0 0 0 0 1 1 0 0 0 0 0 1 1 0 0 0 0 1 0 1 1 1 1 0 1 1 0 0 1 1 0 1 1 1 0 0 0 1 1 0 1 1 0 1 1 1 0 0 1 0 1 1 0 1 1 0 0 1 1 0 1 0 1 1 0 0 0 0 0 1 0 0 0 0 0 0 1 1 1 1 0 1 1 0 0 0 1 1 1 0 1 0 1 1 0 1 0 1 0 1 1 0 0 1 0 1 1 0 0 1 1 1 1 1 1 1 1 1 1 0 0 1 0 1 0 1 0 1 1 0 0 1 1 0 0 1 0 1 1 0 1 1 1 0 0 1 1 1 0 0 0 0 1 1 1 1 0 0 0 0 
0 0 0 1 0 0 0 1 0 0 0 1 0 0 1 1 0 1 0 0 1 0 1 0 1 0 1 1 1 1 0 0 0 1 0 1 1 0 0 0 1 0 0 1 1 1 1 0 0 0 1 1 0 0 1 0 0 1 0 0 0 1 48 0 1 0 1 0 1 0 0 1 0 1 0 0 0 0 1 0 1 1 1 0 1 1 1 1 1 0 1 1 1 1 0 1 0 1 1 1 0 0 1 0 0 0 0 0 0 1 1 1 1 1 1 0 0 1 1 0 1 1 1 0 0 1 0 0 0 0 0 0 0 0 1 1 1 1 1 0 1 1 0 0 1 1 0 1 1 0 1 0 0 0 0 0 1 1 0 1 0 0 1 1 0 0 0 0 1 0 1 1 0 1 1 1 0 1 0 0 0 1 1 1 1 0 0 0 1 1 1 0 0 1 0 0 1 0 0 0 0 1 0 0 1 1 0 1 0 0 1 1 0 0 1 1 0 1 1 0 0 0 
0 1 1 0 1 0 0 0 1 1 1 0 0 1 0 0 0 1 1 0 0 0 0 0 1 1 0 1 0 1 0 0 0 0 0 1 1 1 1 1 0 0 0 0 1 1 0 0 1 0 1 0 1 0 0 1 0 1 1 0 0 1 1 29 1 1 0 0 1 1 1 0 0 1 1 0 0 1 1 1 1 0 0 1 0 1 1 0 1 1 1 1 0 1 0 1 0 1 1 0 0 0 0 1 0 0 0 0 0 0 1 1 0 0 1 1 1 0 0 0 1 0 1 0 1 1 0 0 0 1 1 1 0 0 0 0 1 1 1 1 1 1 0 1 1 0 0 1 0 0 0 0 1 1 0 1 1 1 1 1 0 0 0 1 1 0 1 1 1 0 0 0 1 0 0 0 0 0 0 1 0 0 1 1 0 1 0 1 0 0 0 0 1 1 0 0 1 0 0 0 0 0 0 0 0 1 0 0 0 1 1 1 1 0 1 1 0 1 0 0 1 1 
1 0 0 0 0 0 1 1 0 0 1 0 0 0 0 0 1 0 0 1 0 1 0 1 0 1 0 1 1 1 1 1 0 0 1 1 0 1 1 1 0 0 1 1 0 0 0 0 1 0 1 0 0 0 1 0 0 0 0 1 0 1 1 0 9 1 0 1 0 0 0 0 1 0 1 0 1 1 1 1 0 1 0 0 1 1 0 1 0 0 1 0 0 1 0 1 1 0 0 1 0 1 0 0 0 1 0 1 0 1 1 0 1 0 0 1 0 0 1 1 1 0 0 1 1 0 1 1 1 1 0 1 0 0 0 1 1 0 1 0 1 1 0 0 0 0 1 1 1 0 0 0 0 1 1 0 0 0 0 1 1 0 0 0 0 1 0 1 1 0 1 0 1 0 1 1 0 0 1 0 1 1 0 0 0 1 0 0 0 0 1 1 1 1 0 0 0 1 1 1 0 1 0 1 1 1 1 1 0 0 0 1 0 1 0 1 1 0 0 1 0 0 
1 0 1 1 0 0 0 0 0 0 0 1 1 0 1 1 0 0 0 0 0 0 0 1 0 1 0 1 0 1 0 0 0 0 0 0 0 1 0 1 0 0 1 0 1 1 1 0 0 0 1 0 0 1 1 0 1 1 1 0 0 0 0 1 1 39 0 1 0 0 1 1 0 1 0 1 1 1 1 1 1 1 1 0 1 0 1 1 0 1 0 1 1 0 1 0 0 0 0 0 0 1 1 0 0 1 1 0 1 0 0 0 0 1 1 1 1 1 1 1 0 1 0 1 1 1 0 0 0 0 0 0 0 1 0 0 1 0 1 0 1 1 1 0 1 0 1 0 0 0 0 1 1 0 1 0 1 1 1 0 1 0 1 0 0 0 1 1 0 0 1 1 1 1 1 0 0 1 1 1 1 0 1 1 1 0 1 0 1 1 0 0 0 1 0 0 1 0 1 1 1 1 1 0 0 0 1 1 0 1 1 0 1 0 0 1 0 1 0 1 0 1 
1 1 1 0 0 0 1 1 1 1 0 0 1 1 0 0 0 1 0 1 1 1 1 0 0 0 0 0 0 1 1 0 0 0 1 1 1 0 0 0 0 1 1 1 0 0 1 1 1 1 1 0 1 0 0 0 1 0 1 1 1 0 0 0 0 1 82 1 1 1 0 1 1 0 0 1 1 1 1 0 0 0 0 1 0 1 0 1 0 1 1 0 1 1 1 1 1 1 0 1 0 1 1 1 0 0 1 0 1 1 1 0 0 1 0 0 0 1 1 0 0 1 0 1 1 0 0 1 0 0 0 0 1 0 0 0 0 0 0 1 0 1 0 1 1 0 0 1 1 0 0 1 0 0 0 1 1 0 1 1 0 1 0 0 0 0 1 1 1 1 1 0 0 0 1 0 1 1 1 0 0 0 1 1 0 1 1 0 1 0 0 1 1 1 0 0 0 0 1 0 0 1 1 1 0 1 0 0 0 1 1 0 1 1 1 1 1 0 1 1 1 1 
1 0 1 1 0 1 1 0 0 1 0 1 1 1 1 1 0 0 0 1 0 1 1 0 0 0 1 0 0 1 0 1 1 0 0 1 1 1 1 1 0 0 0 1 1 0 0 1 0 1 1 1 1 0 1 1 1 1 1 1 1 0 1 0 1 0 0 90 0 0 0 1 1 1 1 0 0 1 1 0 0 1 0 1 1 0 1 0 1 1 0 0 1 1 1 1 0 0 1 0 0 1 1 0 0 1 0 0 1 1 0 1 1 1 1 1 1 1 1 0 1 0 0 1 1 1 0 0 0 0 1 0 1 0 1 1 0 0 0 0 0 0 1 0 1 1 1 1 0 1 0 0 0 0 1 0 0 0 1 0 0 0 0 1 1 0 1 1 0 0 0 0 0 1 0 1 1 0 1 1 0 1 0 0 1 1 0 1 1 1 0 1 1 1 1 1 0 1 1 1 1 1 1 0 1 1 1 1 1 0 1 0 0 1 0 1 1 0 1 0 1 0 
1 0 1 1 0 0 1 1 1 0 1 1 0 1 1 0 1 1 1 0 1 1 1 0 1 0 1 1 0 1 0 0 1 1 0 0 1 0 0 1 0 0 1 0 0 0 0 1 1 1 1 0 1 0 0 1 1 0 0 0 0 0 0 1 1 1 0 0 4 1 1 0 0 0 0 1 1 1 1 1 0 0 1 1 0 0 0 1 1 0 1 0 0 0 0 0 1 1 0 0 1 1 1 0 1 1 0 1 1 1 1 0 1 1 0 0 0 1 1 1 0 0 1 0 1 0 1 0 0 0 0 1 1 1 0 0 0 1 0 0 1 1 0 1 1 0 1 0 0 1 1 1 1 0 0 1 1 0 1 1 0 0 0 1 0 1 1 0 0 1 1 1 1 0 1 1 1 1 0 1 0 0 1 1 0 1 0 0 0 0 0 0 1 0 0 1 1 1 0 1 1 0 1 0 0 0 1 1 1 0 1 0 1 1 1 1 1 1 0 1 1 0 
0 0 0 0 0 1 1 1 1 0 1 0 1 0 0 1 0 0 0 0 0 0 1 0 0 0 1 0 1 0 1 1 0 0 1 1 1 0 1 1 0 0 0 1 0 1 0 0 1 1 0 0 0 1 0 1 0 0 0 0 1 0 1 1 1 1 1 0 0 79 1 1 0 1 1 1 0 0 1 0 0 0 1 0 0 1 0 0 0 1 1 1 0 1 1 0 0 1 0 1 1 1 1 0 1 1 0 1 0 1 0 1 1 1 1 1 0 1 1 1 1 0 1 0 1 1 0 0 0 0 0 1 1 1 1 1 0 1 1 0 0 1 1 1 0 1 0 0 1 0 1 1 0 0 0 1 0 1 0 1 1 1 1 1 1 1 0 1 1 1 0 0 0 0 1 1 1 1 1 1 0 1 0 0 0 0 1 1 1 1 0 1 0 1 0 1 0 1 0 1 1 0 0 0 0 1 0 0 0 0 1 0 0 0 0 0 1 0 1 1 1 1 
1 1 1 1 1 0 1 0 0 0 1 0 0 0 1 1 1 1 0 0 1 1 1 0 1 0 0 0 1 0 1 0 1 1 1 1 0 0 0 0 0 1 1 1 0 0 0 0 0 0 1 1 1 1 1 0 0 0 0 0 0 1 1 0 0 0 0 0 1 0 1 1 1 1 1 0 1 1 1 1 0 1 1 0 0 0 1 1 0 1 0 0 1 0 0 0 0 0 1 1 0 0 0 1 1 1 0 1 1 1 1 1 0 1 0 1 0 1 0 0 1 0 1 0 1 1 0 1 0 1 0 1 0 1 0 0 0 0 1 0 0 0 1 0 1 1 0 0 1 1 0 0 0 0 0 1 0 1 1 0 0 0 1 1 1 0 0 0 0 1 0 0 1 0 1 0 1 0 1 0 1 0 1 1 1 0 0 0 0 1 1 0 0 1 0 0 0 1 0 0 0 0 1 0 0 1 1 1 1 0 1 1 0 0 0 0 1 1 1 0 0 1 
0 0 0 1 0 1 0 1 1 0 0 1 0 1 1 1 0 0 0 0 0 0 1 0 0 1 1 1 1 1 1 1 0 0 0 1 1 1 1 1 0 1 1 0 1 0 1 1 1 0 0 0 1 0 1 0 1 1 0 1 1 1 0 1 0 1 1 1 0 0 1 31 1 0 1 1 1 1 0 0 0 1 0 1 0 1 0 0 0 1 0 0 0 1 1 0 1 0 0 0 1 0 0 0 0 0 1 0 0 1 0 1 1 0 1 0 0 1 0 0 0 0 0 1 0 1 1 1 1 1 1 1 1 0 0 1 0 1 0 0 1 1 0 1 1 0 1 0 1 1 0 1 1 1 0 0 1 0 1 1 1 0 0 1 1 0 1 0 1 1 0 1 0 0 1 0 1 1 1 0 1 1 1 0 1 1 0 1 1 1 0 0 0 0 1 0 1 0 0 1 1 0 1 0 0 1 0 1 1 1 0 0 0 0 0 1 0 0 0 0 1 0 
0 1 0 1 1 1 1 0 0 1 0 0 1 1 1 1 1 0 0 1 0 1 0 0 0 1 0 0 0 1 1 0 1 1 0 1 0 1 1 0 1 1 0 0 0 1 1 0 0 1 0 1 0 1 1 0 1 0 1 1 1 0 1 0 0 0 0 1 0 0 0 1 88 1 1 1 1 1 0 1 0 1 1 0 0 0 1 0 1 0 0 1 1 0 1 1 0 1 1 0 1 0 1 1 0 1 0 0 0 1 0 1 0 1 1 1 1 0 1 0 1 1 1 0 1 0 0 1 0 0 1 0 0 0 0 1 1 1 1 1 0 0 1 1 1 0 0 1 0 0 0 1 0 0 1 0 1 0 1 0 1 0 1 0 0 0 0 1 1 1 1 1 1 1 1 1 1 1 0 1 1 1 1 0 1 0 0 0 1 1 1 0 0 1 0 0 1 0 0 1 1 1 0 0 1 0 1 0 1 1 0 1 1 1 1 0 0 0 1 0 1 1 
1 1 1 1 1 1 1 1 1 0 0 0 1 0 1 1 1 0 1 0 1 1 1 0 1 1 1 1 1 0 1 0 1 0 1 1 0 0 1 0 0 1 1 1 0 1 1 0 0 1 0 1 0 0 1 0 0 0 0 0 1 0 1 1 0 1 0 0 0 1 0 1 1 89 1 1 0 1 1 1 1 0 0 1 1 0 1 0 0 1 1 1 0 1 1 1 0 0 1 1 1 0 0 0 0 0 0 0 0 1 1 0 0 0 0 1 0 1 0 1 0 0 1 0 1 0 1 1 1 0 0 0 0 0 0 1 0 1 1 0 1 0 0 0 0 0 1 0 0 1 0 1 1 1 1 1 0 0 0 0 0 1 0 0 0 0 0 0 0 1 1 1 0 0 1 1 0 1 1 1 0 1 1 1 0 1 0 1 0 0 0 1 1 0 0 1 0 0 0 1 1 1 1 1 1 1 1 0 0 0 1 1 0 1 0 1 0 1 0 0 0 0 
0 1 0 1 1 1 1 1 1 0 1 0 1 0 0 1 1 1 0 1 0 0 1 0 1 0 0 1 0 0 1 1 0 1 0 0 0 1 0 0 1 1 0 1 0 1 0 1 1 0 1 1 1 1 0 0 1 0 1 0 1 0 0 1 0 0 1 0 1 1 1 0 1 1 23 1 1 0 1 0 0 0 1 0 0 0 1 0 0 1 0 0 1 0 1 1 0 1 0 1 0 0 1 1 0 1 1 0 0 0 1 0 1 0 0 0 0 0 0 0 0 1 0 0 0 0 0 1 1 1 0 1 1 1 1 0 1 0 1 0 1 1 0 1 1 0 0 1 1 0 1 1 1 1 1 1 1 1 0 1 1 0 0 1 0 0 1 1 0 0 0 1 1 0 0 1 1 1 0 1 0 0 1 0 0 0 1 1 1 1 1 0 1 1 1 1 0 1 0 0 0 1 1 0 0 1 0 0 0 0 0 1 0 1 0 0 1 1 1 1 0 1 
1 0 1 1 1 1 0 0 0 0 0 0 1 1 1 1 1 0 0 0 0 0 0 0 1 0 0 1 0 1 0 0 1 1 1 1 0 0 1 0 1 0 0 0 1 0 1 0 1 1 1 0 1 1 1 0 1 1 1 0 1 1 1 1 0 1 0 1 1 0 0 1 1 0 1 74 1 1 0 1 0 0 1 1 0 1 0 1 1 0 1 0 1 0 1 0 1 0 1 1 1 0 1 0 0 0 1 0 0 0 0 1 0 0 0 0 0 1 1 0 0 0 0 0 0 1 1 1 0 1 0 1 0 1 1 1 1 0 1 1 1 1 0 1 1 0 0 1 0 1 0 1 1 1 0 0 1 1 0 1 1 0 1 0 0 0 1 0 0 0 1 0 1 0 0 1 0 1 0 0 1 0 1 0 1 1 0 0 0 0 0 1 0 1 1 0 0 1 0 1 1 1 1 1 0 1 1 0 0 0 1 1 0 1 1 1 0 0 1 1 0 1 
0 0 1 1 0 0 1 1 0 1 0 1 0 1 0 0 0 1 1 0 0 1 1 0 1 0 0 1 1 1 0 1 0 1 0 0 0 0 0 0 1 0 1 0 0 1 0 0 1 0 0 0 0 0 0 1 0 0 1 0 1 1 0 0 0 1 1 0 0 0 0 0 1 0 1 0 29 0 0 0 1 1 1 0 1 1 0 0 1 0 1 0 0 0 1 0 0 0 1 1 0 0 1 1 0 1 1 0 0 1 1 1 1 0 0 1 0 1 0 1 1 0 0 1 1 1 1 0 1 0 0 1 0 1 1 1 1 1 1 0 0 0 1 0 0 1 1 0 1 0 0 1 1 0 0 1 0 1 1 0 1 1 0 1 1 0 0 1 0 1 0 1 1 0 1 1 0 0 1 1 1 1 1 0 0 1 1 0 1 0 0 0 0 0 1 1 1 1 0 0 0 1 1 0 0 1 1 1 1 0 1 0 1 1 0 1 1 1 0 1 0 1 
1 1 1 0 1 0 1 1 1 0 1 0 1 1 1 1 0 1 0 1 0 1 0 0 1 1 1 0 1 1 1 1 0 1 0 1 1 0 1 0 1 0 0 1 1 1 1 1 1 0 1 0 0 1 1 1 0 1 0 1 1 0 0 1 0 0 0 1 1 1 0 0 0 1 0 0 0 8 0 1 1 1 0 1 1 1 1 0 1 1 1 0 0 0 1 1 0 1 1 1 1 1 1 1 0 1 1 1 0 1 0 1 0 1 1 1 1 1 1 0 0 0 0 0 1 1 0 1 0 1 0 1 1 0 0 0 1 0 0 1 0 0 1 1 1 0 0 0 1 0 1 1 1 0 0 0 0 1 1 0 1 0 0 0 1 1 0 0 1 1 1 1 0 0 0 1 0 1 1 0 1 1 0 1 1 1 1 1 1 1 0 0 0 0 1 0 0 0 1 1 1 0 0 0 0 0 0 0 1 1 1 1 0 1 0 0 0 0 1 1 0 1 
0 0 1 1 0 1 1 1 0 1 0 0 1 0 1 1 1 1 0 0 1 0 0 0 0 0 0 1 0 1 1 0 0 0 0 1 0 1 1 1 1 0 0 1 1 0 0 1 1 0 1 1 0 0 1 1 1 1 0 1 0 0 0 1 0 0 1 0 0 0 1 1 1 0 0 1 0 0 24 0 1 0 0 1 1 0 1 1 1 1 1 1 0 1 1 0 1 0 0 1 0 0 0 0 1 1 0 1 0 0 0 1 0 0 1 1 1 1 1 1 0 1 0 1 0 0 0 1 0 1 0 1 0 1 0 0 0 1 1 0 1 0 1 1 1 1 0 1 1 0 0 0 0 1 0 0 1 0 0 0 1 0 1 0 0 0 0 0 1 0 0 1 1 1 0 1 0 1 1 1 1 0 1 0 0 1 0 0 0 0 1 0 0 0 0 0 0 1 1 0 1 0 1 0 0 0 1 0 1 0 0 1 1 0 1 0 1 0 0 0 1 0 
1 1 0 1 0 0 1 0 1 0 0 1 1 1 1 1 0 1 1 0 1 0 1 0 1 1 0 0 0 0 0 0 1 0 0 0 0 1 0 0 1 1 0 0 0 1 0 0 1 1 1 1 1 0 0 1 1 0 0 1 1 1 1 1 1 1 1 0 1 0 1 0 1 0 0 0 0 0 1 16 1 0 1 1 1 0 1 0 0 1 0 0 1 1 0 0 1 0 0 0 1 1 1 1 1 1 0 1 0 1 1 1 0 0 1 1 1 1 0 1 0 0 1 1 0 0 1 1 1 0 0 1 1 1 0 0 1 0 1 0 0 1 0 0 1 1 1 1 0 0 1 0 1 0 0 0 0 0 1 0 0 1 1 0 1 0 0 1 1 0 0 1 0 0 1 1 1 0 0 0 0 1 1 1 1 1 0 0 1 1 0 1 1 1 0 1 1 1 0 0 1 1 1 0 0 1 1 0 0 1 1 1 1 1 1 0 0 0 0 0 0 0 
0 0 0 1 0 0 1 0 1 0 1 1 1 1 0 0 0 0 0 0 0 1 0 0 0 1 1 0 0 1 0 1 0 0 0 1 0 0 0 0 1 0 0 1 1 0 0 1 0 1 0 1 1 0 1 0 0 0 0 1 1 1 0 1 0 0 0 1 1 0 1 1 0 0 1 1 1 1 0 0 86 0 1 1 1 0 1 0 1 0 0 1 0 1 1 1 0 1 0 0 0 1 0 0 1 0 1 1 1 0 0 1 0 0 1 1 1 0 1 1 0 0 1 1 1 0 1 1 0 0 0 0 1 1 1 1 1 1 1 0 0 1 0 0 0 0 0 0 0 1 1 0 0 1 0 1 0 1 1 1 0 0 1 1 0 1 1 1 1 0 1 1 1 1 1 0 1 0 1 0 1 0 1 0 0 0 0 1 0 1 1 0 1 1 0 1 1 0 1 0 0 0 1 0 0 0 1 0 0 1 1 1 1 1 1 0 0 1 1 1 0 0 
0 0 0 1 0 0 0 1 0 0 1 0 0 1 1 1 0 1 0 0 0 0 1 1 0 0 1 0 1 0 0 1 1 1 0 1 0 0 1 1 0 0 1 1 0 0 1 1 1 1 0 0 1 1 1 0 0 1 1 1 0 0 1 0 1 0 0 1 0 1 1 0 0 1 1 1 1 0 1 0 0 46 0 0 1 0 0 0 0 0 1 1 1 1 0 0 1 1 1 0 0 0 1 0 1 1 0 1 0 0 1 0 1 1 1 1 1 1 1 0 1 0 1 1 1 0 0 0 0 0 0 0 1 1 0 1 1 0 1 1 0 0 1 0 0 0 1 1 0 0 1 1 0 0 0 1 1 0 0 0 0 0 0 0 0 0 0 1 0 0 0 0 1 1 1 1 1 0 1 0 0 1 0 1 0 1 0 0 1 0 0 1 0 1 1 0 0 1 1 1 1 1 0 1 1 0 0 1 0 0 0 0 0 1 1 0 1 1 1 0 0 0 
0 1 1 0 1 1 1 1 1 1 0 0 1 1 0 0 1 1 0 0 0 0 1 0 1 1 1 0 1 0 0 1 0 1 0 1 1 0 1 1 1 0 0 1 1 0 1 0 1 0 1 1 1 0 0 0 1 0 0 1 0 1 1 0 1 1 0 1 1 1 1 0 0 0 0 0 0 1 1 0 1 1 99 0 1 0 1 1 0 1 1 0 0 1 0 1 0 0 0 1 1 0 0 0 1 1 1 0 0 0 1 0 0 0 1 1 0 1 1 1 0 1 1 0 1 1 0 0 0 1 1 1 1 1 1 1 1 1 0 0 1 0 1 1 1 1 0 1 1 0 1 1 0 1 1 1 0 1 1 1 0 0 1 0 0 1 1 0 1 0 1 1 0 1 1 0 0 0 0 0 0 1 1 0 1 0 0 1 0 0 0 0 1 1 1 0 1 0 0 1 1 0 0 1 0 1 1 0 1 1 1 1 0 0 1 1 1 0 0 1 1 1 
0 0 0 1 1 1 0 0 1 1 1 1 0 1 0 1 1 1 1 1 1 1 0 1 1 1 0 0 0 0 0 0 1 1 1 1 1 1 1 1 0 0 0 1 0 1 0 1 0 1 0 1 0 1 0 0 1 0 1 1 0 1 1 0 0 1 1 1 0 1 0 0 1 0 0 0 0 1 0 1 0 1 0 66 1 1 0 0 1 0 0 0 0 1 1 0 1 1 1 1 0 1 0 0 1 0 1 0 0 1 0 1 1 0 0 1 1 1 1 1 1 1 1 1 1 1 1 1 1 1 0 1 1 0 0 1 0 0 0 0 1 0 1 0 1 1 1 0 1 1 1 0 0 0 0 0 0 1 0 0 1 1 0 0 1 1 0 1 0 1 0 1 1 1 0 0 0 1 0 1 0 0 1 1 0 0 1 1 0 0 1 1 0 0 1 1 1 0 0 1 1 1 1 1 0 1 0 1 0 1 1 0 0 1 1 0 1 0 1 1 1 0 
0 1 0 0 1 0 0 1 0 1 0 0 0 1 1 1 1 1 1 1 0 1 1 0 0 0 1 0 0 0 0 1 0 1 1 0 0 0 1 1 0 1 0 1 0 0 0 0 1 0 1 1 1 0 1 1 1 0 0 0 1 0 0 1 0 1 0 1 0 1 0 0 1 0 1 0 0 0 1 0 0 0 1 1 16 1 0 1 1 0 0 0 1 0 0 1 0 0 0 0 0 1 1 1 0 1 0 0 0 1 0 1 0 0 1 0 1 0 0 1 0 1 1 0 1 1 0 0 0 1 0 0 1 1 0 0 0 0 0 1 1 0 1 1 1 1 0 0 1 1 0 1 0 1 0 0 0 1 1 1 1 0 0 0 1 1 1 0 0 0 1 0 1 0 0 1 0 0 0 1 0 0 1 0 1 0 0 0 0 1 0 0 1 0 0 0 0 0 0 0 1 1 0 1 0 1 1 1 0 1 1 0 0 1 0 0 1 0 0 0 1 0 
0 0 1 0 0 0 1 0 1 1 0 0 0 1 1 1 1 0 0 1 0 1 0 0 1 0 0 0 1 1 0 1 1 0 1 0 0 1 0 0 0 0 0 0 1 0 0 0 0 1 0 1 0 1 1 0 1 1 0 1 1 0 1 0 0 0 1 0 0 0 1 0 0 0 0 0 1 0 0 1 1 0 1 1 1 63 0 0 1 0 0 1 1 1 1 0 1 1 1 1 0 1 1 0 0 0 1 1 1 1 0 1 0 0 0 0 0 0 0 0 1 0 0 1 1 1 1 0 0 1 1 1 0 0 1 1 1 1 0 1 1 1 1 0 1 1 1 1 0 0 0 1 0 0 0 1 0 0 1 0 1 0 1 0 0 0 0 1 1 1 1 0 0 0 0 1 0 1 1 0 1 1 1 0 1 1 1 1 1 0 0 1 1 0 0 1 0 1 1 0 0 1 1 0 0 0 0 0 1 1 1 1 1 0 0 1 0 0 0 0 1 0 
0 0 0 0 0 0 0 1 0 1 1 0 0 0 0 1 1 0 1 0 1 1 1 1 0 1 1 0 0 1 0 0 0 0 1 1 0 0 1 1 1 1 0 0 0 0 0 1 0 1 0 1 1 0 0 0 0 0 0 1 1 0 1 0 0 0 0 1 0 1 0 0 0 0 1 1 1 1 1 1 0 1 0 0 1 1 60 1 0 0 1 0 0 0 0 0 0 1 0 1 1 0 1 0 0 0 0 1 0 1 0 0 0 1 1 1 0 0 0 1 0 1 0 1 1 1 0 1 1 1 1 0 0 1 1 0 1 0 1 0 1 0 1 0 0 1 0 0 1 0 0 0 0 1 0 1 0 1 1 0 1 0 1 0 1 1 0 0 1 1 0 1 0 0 0 0 0 1 1 1 1 1 0 1 0 0 1 1 1 0 0 1 0 0 0 1 0 0 0 1 0 1 0 0 1 0 1 1 0 1 1 0 1 0 1 1 0 0 0 0 1 1 
1 0 1 1 1 0 0 1 0 0 0 0 1 0 0 0 1 0 1 1 0 1 1 1 1 0 0 1 1 1 0 0 0 0 0 0 1 1 1 1 1 1 0 0 0 1 0 0 0 1 0 1 1 0 0 0 1 1 1 0 0 1 1 1 1 0 1 1 1 0 1 0 1 0 1 1 0 0 1 0 0 0 1 1 0 0 1 6 1 0 0 0 0 1 0 0 1 0 0 0 1 0 1 0 0 1 0 1 1 1 0 0 1 1 0 0 1 0 1 0 0 0 1 1 0 0 1 0 0 1 0 0 1 1 1 0 1 1 0 0 0 0 0 1 1 0 1 1 1 1 0 0 0 0 1 1 1 0 0 0 0 0 0 1 0 0 1 0 0 1 1 0 1 0 0 0 0 0 0 0 0 0 1 0 1 0 0 1 1 1 1 1 1 0 1 0 0 0 1 0 1 0 1 0 1 0 0 1 0 1 0 0 0 1 1 0 0 1 1 1 0 0 
1 0 1 1 1 0 1 0 0 0 0 1 0 1 1 0 1 0 0 0 0 1 1 1 1 1 1 0 0 0 0 1 1 1 0 0 0 0 0 0 0 0 1 0 1 1 1 1 0 1 1 0 1 0 0 1 0 1 1 0 1 1 0 0 0 1 1 1 0 1 1 0 1 0 1 0 1 1 1 1 0 1 0 1 0 1 0 0 91 0 0 1 1 0 1 1 1 1 1 1 1 1 1 0 0 1 1 0 1 0 1 1 1 0 1 0 0 0 1 1 0 0 0 1 1 0 1 0 1 0 0 0 1 1 0 1 1 1 0 1 1 1 1 0 1 1 0 0 1 0 1 0 0 0 1 0 0 0 0 0 0 0 0 0 0 0 1 0 1 1 1 0 0 0 0 0 0 0 1 0 0 1 0 1 1 0 0 1 1 0 0 0 1 1 1 0 0 0 1 0 1 1 1 1 1 1 0 0 0 1 1 1 1 1 1 0 0 1 0 1 1 1 
1 1 0 1 1 0 1 1 1 1 0 1 1 0 0 1 0 1 1 0 1 1 1 0 1 0 1 0 1 1 0 1 1 0 1 1 1 1 1 0 0 1 1 0 1 0 0 1 0 0 1 1 1 1 0 1 1 1 1 1 0 0 0 0 0 1 1 1 1 1 1 1 0 1 0 1 1 0 0 1 1 0 1 0 0 1 1 1 0 0 1 0 1 1 0 0 1 1 0 1 1 1 1 0 0 1 1 0 0 0 1 0 0 1 0 1 0 0 1 0 0 0 0 0 0 1 1 1 0 0 1 0 0 1 0 0 1 1 0 0 1 1 0 0 0 1 0 1 1 1 0 1 0 1 1 1 1 1 0 0 0 1 1 0 1 1 0 1 0 0 1 1 1 0 1 1 1 0 1 0 1 0 0 1 0 1 1 0 1 1 0 1 1 1 0 1 1 1 1 0 0 1 0 1 1 0 0 0 0 1 1 1 1 1 1 0 1 0 1 0 1 0 
0 1 1 1 1 1 0 0 0 0 1 0 1 1 0 1 0 1 0 0 0 1 0 0 1 0 1 1 0 0 1 1 0 0 1 1 1 1 1 0 0 0 0 1 1 1 1 1 0 0 0 0 0 1 0 0 0 1 0 1 0 0 0 0 1 1 1 1 1 0 0 1 1 0 0 0 1 0 1 0 1 1 0 0 1 0 1 0 1 1 81 1 1 0 0 0 0 1 0 1 1 1 0 0 0 0 0 0 0 0 0 0 1 0 0 0 0 0 0 0 1 0 0 1 1 1 0 0 0 1 1 0 0 1 1 1 1 1 1 0 1 1 0 1 0 1 0 1 1 1 1 1 1 1 0 0 0 0 1 0 1 1 1 0 1 0 1 1 1 0 1 0 1 1 0 1 1 0 1 1 1 0 1 0 1 1 0 1 0 0 1 0 0 1 1 0 0 1 0 0 0 1 0 0 0 1 1 0 1 0 1 1 1 0 1 1 0 0 1 1 0 0 
0 1 0 0 0 0 0 1 0 1 1 1 1 0 1 1 1 0 0 0 0 0 0 0 0 1 0 1 1 0 0 1 0 0 1 0 0 1 0 0 0 1 0 0 0 1 0 0 1 1 0 1 1 0 0 1 0 0 1 0 0 1 0 1 1 0 0 1 1 1 1 0 0 0 1 1 0 1 0 0 1 0 0 1 1 1 0 1 0 0 1 1 1 1 0 0 0 0 1 1 1 0 1 1 1 0 0 1 1 1 1 1 0 0 1 1 1 0 0 0 0 1 1 1 1 0 0 0 0 0 1 1 1 0 0 0 0 1 1 1 0 0 0 1 0 1 1 1 1 0 0 1 0 1 0 0 0 0 1 1 1 1 0 0 1 1 0 0 0 0 0 1 0 0 0 0 1 0 0 0 1 0 1 1 0 0 0 0 1 0 0 0 0 0 1 1 1 1 1 0 0 1 0 1 1 0 0 0 0 0 1 1 1 1 1 0 1 1 0 0 0 1 
0 0 0 1 1 1 1 0 1 0 1 0 1 0 1 0 0 1 1 0 0 1 1 0 0 1 1 0 1 0 1 0 1 0 0 1 0 1 0 1 1 0 1 1 0 0 1 1 0 0 0 1 0 0 1 1 0 0 0 1 1 0 0 1 1 1 1 0 0 0 0 0 1 0 0 1 0 0 0 1 1 1 1 0 1 0 0 1 1 1 1 0 6 1 1 0 1 1 1 1 0 1 1 0 1 1 1 1 0 0 1 1 0 1 0 0 1 0 0 0 0 0 1 0 0 1 0 1 0 0 1 0 0 1 1 1 1 1 0 1 0 1 1 0 0 0 1 1 1 0 0 1 1 1 0 1 1 0 0 0 1 1 0 1 0 1 1 1 0 0 1 0 1 1 0 0 1 0 1 0 1 1 0 1 0 0 0 1 0 0 0 1 0 1 1 1 1 0 1 1 1 1 1 1 0 1 1 0 0 1 0 0 1 0 1 0 1 1 1 0 0 0 
0 1 1 0 1 0 1 0 0 1 0 1 0 1 0 0 0 0 0 0 0 0 0 1 0 0 1 1 0 1 1 0 1 0 0 1 1 1 1 1 0 1 1 1 1 1 0 0 0 1 1 1 1 1 0 0 1 0 1 0 1 1 0 0 1 1 0 0 0 0 0 0 1 1 1 1 1 0 1 0 0 1 0 0 1 0 0 1 0 1 0 1 1 97 0 0 0 0 0 0 1 1 0 0 0 0 0 0 1 1 1 1 0 1 0 1 0 1 0 1 1 1 1 0 0 1 0 1 0 0 1 1 1 1 0 1 0 1 1 1 1 0 1 0 1 0 0 1 0 1 1 1 1 1 1 1 0 0 0 1 0 0 0 0 1 1 0 1 0 0 0 0 1 0 1 1 1 1 1 0 0 1 0 1 1 0 1 0 1 0 1 0 1 0 0 0 1 1 0 1 1 1 0 0 0 1 0 0 1 0 1 1 0 1 0 1 0 1 1 0 0 0 
1 1 1 1 0 0 1 1 1 0 1 1 1 1 0 1 1 0 1 0 1 0 0 0 1 1 0 1 1 0 1 0 0 0 1 0 0 0 0 1 0 1 0 1 1 0 1 0 1 0 1 0 0 0 1 1 1 1 1 0 0 1 0 1 0 0 1 1 1 0 0 0 1 1 1 0 1 0 1 0 0 1 1 0 0 1 0 0 0 1 1 0 1 1 86 1 1 0 0 1 1 1 0 0 0 0 0 1 1 0 1 0 1 1 0 0 1 1 0 0 1 0 0 0 1 0 0 0 0 1 0 0 1 0 0 0 1 1 1 0 1 0 0 0 1 1 0 1 0 0 0 0 0 0 1 0 0 1 1 1 0 1 0 0 0 1 0 0 0 1 1 1 1 0 0 1 0 0 0 1 0 1 0 1 0 0 1 1 1 0 0 1 0 0 0 1 0 1 1 0 1 0 1 0 1 0 1 1 1 1 1 0 0 1 1 0 0 1 1 1 1 1 
1 0 0 0 0 1 0 0 1 1 0 1 0 1 1 0 1 0 0 0 0 0 1 0 1 0 0 1 0 0 1 1 1 1 0 0 1 1 1 0 1 1 1 1 0 1 1 0 1 0 0 1 1 1 0 1 1 0 1 1 0 0 1 1 1 1 1 0 1 0 1 1 0 1 1 0 1 0 0 1 0 0 0 1 1 0 0 0 1 0 1 1 0 0 0 33 1 1 1 0 0 0 1 0 0 0 0 0 1 0 1 0 1 0 1 0 0 1 0 1 0 0 1 1 1 1 0 0 0 1 1 0 0 1 1 1 0 1 0 1 0 1 1 1 0 0 1 0 0 0 0 1 0 0 1 1 1 0 1 0 0 0 0 0 1 0 0 1 1 1 1 1 0 0 0 0 1 1 1 0 1 0 0 1 1 1 0 1 0 0 0 1 0 1 0 0 1 1 0 1 0 1 1 0 0 0 1 1 0 0 1 0 1 0 1 1 0 1 1 0 1 0 
0 1 1 1 1 1 0 1 0 0 1 0 0 0 1 0 1 0 0 1 1 0 1 1 1 1 0 1 0 0 0 1 0 1 1 0 1 1 0 1 0 1 0 0 1 0 0 0 1 0 1 1 1 0 1 0 0 1 1 0 0 1 1 0 1 1 1 0 1 1 0 0 1 1 1 0 0 0 1 0 0 0 0 0 1 0 1 0 1 1 0 1 0 0 1 0 80 0 0 0 1 0 0 0 1 1 0 0 1 1 1 0 1 0 0 1 0 1 1 0 1 1 1 1 1 0 1 0 1 1 1 0 1 0 1 1 0 1 0 0 1 0 0 0 1 1 1 0 1 0 0 1 0 0 0 0 0 1 0 1 1 0 0 1 1 1 1 1 0 1 1 0 0 0 0 1 1 1 1 0 0 0 1 0 1 1 0 1 1 0 1 1 0 1 1 0 1 0 1 0 1 0 0 1 1 1 1 1 0 0 1 0 1 0 1 0 0 1 1 0 1 1 
0 1 1 0 0 0 1 0 1 0 0 1 0 0 0 0 1 1 1 1 1 0 0 0 1 1 0 1 1 0 0 1 1 0 0 0 1 0 1 1 1 0 1 0 0 0 1 0 0 0 1 1 1 0 0 0 0 1 1 1 1 0 1 1 0 0 1 0 1 0 0 1 1 0 0 1 1 0 0 1 1 1 0 0 0 1 1 0 0 1 1 0 0 0 1 0 0 49 0 0 1 1 1 1 1 1 1 1 0 1 1 1 1 0 1 0 1 1 0 1 0 1 0 0 0 1 1 1 0 1 1 1 0 0 0 0 1 1 0 1 1 1 1 0 0 1 1 0 0 1 1 1 1 0 0 1 1 0 1 1 0 0 1 1 0 0 1 1 1 1 1 0 0 0 0 1 1 0 1 1 0 1 0 0 1 0 0 1 0 0 1 0 1 0 1 1 1 0 0 1 0 0 0 1 0 0 1 1 1 1 1 0 1 1 0 1 1 0 1 0 0 0 
0 1 0 0 1 0 1 0 0 1 0 1 1 1 1 1 0 0 0 0 1 1 1 0 1 0 0 1 1 0 1 1 0 1 0 0 0 1 0 0 1 1 0 1 0 0 0 1 1 1 0 0 1 0 0 1 0 1 1 0 1 1 0 1 1 1 0 0 1 0 0 1 1 1 0 1 0 0 0 0 1 1 1 0 0 1 1 1 0 0 1 1 1 0 0 0 0 1 34 0 1 0 0 1 0 1 1 0 0 1 0 0 0 0 1 0 0 1 1 0 1 0 1 0 1 1 1 1 1 0 0 1 1 1 1 1 0 0 1 0 1 0 1 1 1 1 1 0 0 1 1 1 0 1 1 1 0 0 1 0 1 1 0 1 0 1 1 0 1 1 0 1 1 0 0 1 1 0 1 0 0 1 0 0 1 1 1 0 0 1 1 1 1 1 0 0 1 0 0 1 0 1 0 0 1 1 1 1 1 0 0 1 0 0 0 1 1 1 1 0 0 1 
1 1 0 0 0 1 1 0 1 1 0 1 0 0 1 0 0 0 1 1 0 1 0 1 0 0 0 0 0 0 0 1 0 1 1 1 0 1 0 1 0 0 0 1 1 1 0 1 1 0 1 1 1 0 0 1 0 1 0 0 0 0 1 1 1 0 1 0 0 0 1 0 1 1 0 1 1 0 0 1 1 0 1 0 1 1 0 1 1 0 0 0 1 1 1 0 0 1 1 47 0 1 0 0 0 1 1 0 0 1 0 1 0 0 0 1 1 1 0 1 0 0 1 1 0 1 0 0 0 0 1 0 1 1 0 0 1 0 1 0 1 0 1 0 1 1 0 1 1 0 0 1 0 1 1 0 1 1 1 0 0 0 0 0 1 1 1 0 0 0 1 0 0 1 0 0 1 1 1 0 1 1 1 1 1 1 1 0 1 1 0 0 0 0 0 1 1 1 0 1 1 1 1 0 1 0 1 0 0 0 0 0 0 0 1 0 1 1 0 0 1 1 
0 1 0 1 1 0 0 1 1 0 0 1 1 1 1 0 1 0 1 0 0 1 0 1 1 1 1 0 0 0 0 1 1 1 0 0 1 0 0 0 0 0 0 1 1 0 1 1 1 0 0 0 1 1 1 1 0 0 1 0 0 1 1 0 1 1 1 0 1 0 1 1 1 0 0 1 0 1 0 0 0 0 1 0 0 1 0 0 0 1 0 1 0 0 0 1 0 1 0 0 11 0 0 0 1 0 1 0 0 1 0 1 1 1 1 1 0 1 1 1 0 0 0 1 0 1 1 0 0 1 0 0 0 1 1 1 1 0 0 0 0 1 0 1 1 1 0 1 0 0 1 0 1 0 1 1 1 0 1 1 0 1 0 1 1 1 0 1 0 0 0 1 1 0 1 1 0 1 0 0 1 1 0 0 1 1 1 1 0 0 1 1 0 1 0 0 0 0 1 1 0 1 0 0 1 0 0 1 0 0 0 0 1 0 1 1 0 0 1 1 0 0 
0 1 0 1 1 0 0 1 0 1 0 1 1 1 0 1 0 1 0 1 0 0 0 1 1 1 1 1 0 0 0 1 0 0 1 1 1 1 0 0 0 0 1 1 0 0 1 1 1 1 0 1 1 1 1 0 0 1 0 1 0 0 0 0 1 0 1 0 1 1 0 0 0 0 0 0 1 1 1 0 0 0 1 0 0 1 1 1 1 1 0 1 1 1 1 0 0 0 0 1 1 77 0 0 0 1 1 1 0 0 1 0 1 1 1 0 0 1 1 1 0 1 1 1 1 0 1 1 0 0 0 1 1 0 0 1 0 1 0 1 1 1 1 0 1 1 1 1 0 1 1 0 0 0 1 0 0 0 1 0 1 0 1 1 0 1 1 0 1 0 1 0 0 0 1 1 1 1 1 1 1 1 1 1 1 1 0 1 1 1 1 0 0 0 1 1 0 0 0 1 0 0 1 0 1 1 1 1 1 0 1 0 1 0 1 0 1 1 0 1 1 0 
0 1 0 0 1 1 0 1 1 1 1 1 1 0 1 1 0 1 1 1 0 1 0 0 1 0 0 0 1 1 1 1 0 1 0 1 1 0 0 0 1 1 1 0 1 1 1 0 0 1 0 0 1 1 1 1 1 0 1 1 0 1 0 0 1 1 0 0 0 0 0 1 0 0 0 0 0 0 1 1 1 0 1 0 0 1 1 1 1 0 1 0 0 1 0 1 0 1 1 1 0 0 69 1 0 0 1 1 0 0 0 1 0 1 0 1 1 1 0 0 1 0 0 1 1 1 1 1 1 1 1 1 1 0 1 1 1 0 1 0 1 0 1 0 0 1 0 0 0 1 1 0 0 0 0 0 1 0 1 1 1 0 0 0 1 1 1 1 0 0 0 0 0 1 0 0 0 0 1 1 0 1 0 0 1 0 1 1 0 0 1 1 0 0 1 1 0 1 1 0 1 0 0 0 0 0 1 1 0 0 1 0 1 0 1 0 1 0 0 1 1 1 
0 1 1 0 0 0 0 0 0 0 1 0 1 1 0 1 1 1 1 0 1 0 1 0 0 0 0 1 1 0 1 1 0 0 0 1 1 0 0 1 0 1 1 1 1 0 0 0 0 1 1 1 0 1 1 0 1 0 1 1 1 1 0 0 0 0 0 0 1 0 0 0 0 0 1 0 1 1 0 0 0 1 0 0 1 1 1 0 1 1 0 1 0 0 1 1 0 1 0 0 1 1 1 81 1 0 1 1 0 1 1 0 0 0 0 1 1 1 1 1 0 0 0 1 1 1 0 1 1 0 1 0 0 0 0 0 1 0 0 1 1 1 1 0 0 1 1 0 0 1 1 0 1 1 1 0 1 0 1 1 1 1 1 0 0 1 0 1 0 1 0 1 1 1 1 1 1 0 1 0 1 1 1 1 1 1 1 1 1 1 0 0 1 1 1 0 0 1 1 0 1 1 1 0 1 1 0 0 1 0 1 1 0 1 0 1 0 0 1 0 0 0 
0 0 0 0 1 1 1 0 0 1 1 1 1 1 0 0 1 0 0 1 0 1 1 1 0 0 0 1 1 0 1 0 0 0 1 0 1 1 1 0 0 0 0 1 0 0 0 1 1 1 0 1 0 0 0 0 0 0 1 0 0 1 1 0 1 1 1 1 0 0 1 1 0 1 1 1 1 1 0 0 0 0 1 0 0 1 0 1 1 1 0 0 1 1 1 0 0 1 1 1 0 0 0 1 93 0 1 1 0 1 1 1 1 1 1 0 0 0 1 1 0 1 1 1 1 1 1 0 1 0 0 1 1 0 1 0 0 1 0 1 0 0 0 0 1 0 1 0 1 1 0 1 1 1 0 1 0 1 0 0 1 1 1 1 1 0 1 0 1 1 0 1 1 0 1 1 1 0 1 1 1 1 1 0 1 1 0 1 1 0 0 1 1 0 1 1 0 1 1 1 1 0 0 0 0 0 0 1 1 1 0 1 1 0 0 1 0 1 0 1 1 1 
0 1 1 0 0 0 1 0 0 1 0 0 1 1 1 1 0 1 1 1 0 1 1 0 0 0 1 0 1 1 0 1 0 0 1 1 0 1 1 0 1 1 1 1 1 1 1 1 1 0 1 0 1 0 0 0 0 0 0 1 0 0 0 0 0 0 0 1 0 1 0 0 1 0 1 0 0 1 0 1 0 1 1 1 0 0 1 1 1 1 0 1 0 0 1 0 1 0 1 1 0 0 1 1 0 3 1 0 0 0 0 0 1 0 0 0 0 1 1 1 0 0 0 0 0 0 0 1 1 0 0 1 0 0 0 1 1 0 1 1 0 0 0 0 0 1 0 0 0 1 0 1 0 1 1 0 0 1 1 0 1 0 0 0 1 1 1 0 1 1 0 0 1 1 1 1 1 0 0 0 1 0 1 0 0 0 1 0 1 1 0 0 0 1 0 0 0 1 1 0 0 0 1 0 0 0 0 0 0 0 1 0 0 1 0 0 1 1 1 0 1 1 
1 0 1 1 0 0 1 1 0 0 1 0 1 1 1 1 0 0 1 0 0 1 0 1 1 1 1 1 1 1 1 1 1 0 0 0 1 0 0 1 1 1 0 0 1 0 0 0 1 1 1 0 0 1 0 1 1 1 1 0 0 0 0 1 1 0 0 0 1 0 1 1 1 1 1 0 0 0 1 0 0 1 1 0 1 0 1 0 1 1 0 0 0 1 0 0 0 0 0 0 0 0 1 0 0 0 96 0 1 1 1 1 0 0 1 1 1 0 0 0 0 0 0 0 0 1 1 0 1 1 0 1 1 0 1 0 0 0 0 0 1 0 1 0 0 0 0 0 0 0 0 1 0 0 0 0 0 0 0 1 0 1 0 1 1 0 0 1 1 0 0 1 0 1 1 0 1 1 0 1 1 1 1 1 1 0 1 0 1 0 1 1 0 1 1 1 0 1 1 0 0 0 1 0 0 0 1 1 0 0 0 0 1 0 0 0 0 0 0 0 1 1 
1 0 1 1 0 0 0 0 1 0 1 1 0 1 1 0 0 1 0 1 0 1 1 1 1 1 1 0 1 0 0 0 0 0 0 1 1 1 0 1 0 0 0 1 0 0 1 0 1 1 1 1 0 1 0 1 1 0 0 1 1 1 1 1 1 0 1 1 1 0 1 1 1 0 0 0 1 0 1 1 0 0 0 0 0 0 0 1 0 1 0 1 0 1 1 1 1 1 1 1 0 1 1 0 0 0 0 34 0 1 1 1 1 1 0 0 0 1 0 1 0 1 0 1 1 0 1 0 1 0 1 1 1 1 1 0 0 1 1 0 1 1 0 1 1 1 1 1 1 1 0 1 0 1 0 1 0 1 0 1 0 1 0 0 0 1 1 1 1 0 0 0 1 1 0 0 0 0 0 0 1 0 1 0 1 1 1 1 1 1 1 0 1 1 0 1 0 1 1 0 1 1 1 0 0 0 0 1 0 1 1 1 1 1 0 0 0 0 1 0 1 1 
0 1 0 0 0 0 0 1 1 1 1 1 0 0 0 0 1 0 0 0 0 0 1 1 0 1 1 1 0 1 1 0 0 1 0 0 0 0 0 0 0 1 0 0 1 1 0 1 1 1 0 0 1 1 0 1 0 0 1 0 0 1 0 0 0 0 1 1 1 1 0 1 0 0 1 1 0 1 0 1 1 0 1 0 1 1 1 1 1 0 0 0 0 0 0 0 0 0 0 0 0 1 1 1 1 0 0 0 88 0 0 1 0 0 0 1 0 0 0 1 1 1 1 0 0 0 0 1 1 1 1 1 1 1 0 1 1 1 0 0 1 1 0 0 1 1 0 0 1 0 1 1 0 1 0 0 1 1 0 0 1 1 1 0 1 0 0 1 0 0 0 0 1 1 0 0 0 0 1 0 1 0 0 1 0 0 1 0 0 1 0 0 0 1 1 0 1 1 0 1 1 1 1 1 1 1 1 1 1 1 0 1 0 0 0 1 1 1 0 0 1 0 
0 0 0 0 0 1 1 1 1 0 1 0 1 1 0 0 0 0 1 0 0 1 0 0 1 1 1 1 0 1 0 1 1 1 0 1 1 1 0 0 1 0 1 0 1 1 1 1 1 1 1 1 0 1 1 1 0 0 0 0 0 0 0 0 0 0 0 0 0 1 1 0 1 1 1 1 0 0 1 1 1 1 0 0 1 1 0 0 1 1 0 1 1 1 0 1 0 1 0 1 0 0 1 1 1 1 1 0 0 10 0 0 0 1 0 1 1 1 0 1 0 0 1 0 1 0 0 0 1 0 0 1 1 0 1 1 0 0 1 1 1 0 1 1 0 1 1 0 0 1 1 0 1 1 1 1 1 0 1 1 0 0 1 1 0 1 1 0 1 0 0 0 1 1 1 0 0 0 0 0 1 0 0 0 1 1 0 1 0 0 1 0 0 0 1 1 1 1 0 0 1 0 0 1 1 1 1 0 0 0 1 1 0 0 0 1 0 0 1 1 1 1 
0 1 0 1 0 0 1 0 1 0 1 1 0 0 1 0 0 1 0 1 1 0 0 0 0 1 1 0 0 0 0 1 1 1 1 1 1 0 1 1 1 1 1 1 1 0 0 1 0 0 0 0 0 0 0 0 0 0 0 0 0 0 0 1 0 1 0 0 0 1 1 1 0 1 1 0 1 1 0 0 1 0 1 0 0 0 1 1 0 1 0 1 1 1 0 0 1 1 1 0 1 1 1 0 1 0 0 1 0 1 44 0 0 1 0 1 1 0 0 1 0 0 0 1 1 1 1 0 1 1 0 0 1 0 0 0 0 0 1 0 1 1 1 1 0 1 1 0 0 1 1 1 0 0 0 0 0 0 1 0 0 0 1 0 0 1 0 1 0 0 1 0 0 0 0 1 1 1 1 1 1 0 0 0 0 0 0 0 0 1 1 0 1 0 0 0 1 0 0 0 0 0 0 1 1 1 1 0 1 0 1 1 1 0 0 0 1 1 1 1 1 0 
0 1 0 1 1 1 1 1 0 1 0 0 0 0 0 0 0 0 1 0 1 1 0 1 1 0 0 0 1 1 0 1 0 1 1 0 0 1 1 0 1 0 1 0 0 1 1 1 1 1 1 0 0 1 0 1 1 0 0 1 1 1 1 1 0 1 0 0 0 0 1 1 1 1 1 1 0 0 1 0 0 1 1 0 1 0 1 0 1 0 0 1 1 0 0 1 0 1 1 0 0 1 0 0 1 0 0 1 1 0 1 50 1 0 1 1 0 0 1 1 0 1 0 0 1 0 1 0 0 0 0 1 1 0 1 1 1 0 1 0 0 0 1 1 0 0 0 1 1 0 0 1 0 1 0 1 1 0 1 0 1 1 1 0 1 1 0 1 0 1 1 0 0 1 0 1 0 0 1 0 0 0 0 0 1 1 1 0 1 1 0 0 1 1 1 1 0 1 1 0 1 0 0 0 1 1 1 1 1 1 0 1 1 0 1 0 0 1 0 0 0 1 
0 0 0 1 1 0 1 0 0 1 1 1 1 1 1 0 1 1 1 0 0 0 1 0 1 1 0 1 0 1 1 0 1 0 1 1 1 1 0 0 0 0 0 1 0 0 0 0 0 1 1 1 0 0 1 1 0 1 0 1 1 0 1 0 0 0 1 0 1 0 1 0 0 1 1 1 0 0 1 0 1 0 0 1 0 0 0 1 1 0 0 1 1 1 1 1 1 1 1 0 0 1 1 0 1 0 1 1 1 0 0 0 37 1 1 0 0 0 0 0 1 1 1 0 0 1 0 1 0 1 0 0 0 1 1 0 0 0 1 1 0 1 1 1 1 1 0 1 1 1 0 1 0 1 0 0 0 0 0 0 0 0 0 1 1 0 1 1 1 1 0 0 0 0 1 0 0 0 1 1 0 0 0 1 0 0 1 1 0 1 0 0 1 1 1 0 1 1 1 1 0 1 1 0 1 0 0 1 0 1 0 0 0 1 1 1 1 1 0 1 0 1 
1 0 0 0 0 0 1 0 0 1 1 1 1 1 0 0 1 1 0 0 0 1 1 0 1 0 0 0 1 0 1 1 0 0 0 0 0 1 0 0 0 0 0 0 1 0 0 1 0 1 1 0 0 1 0 1 1 1 0 0 1 1 0 1 0 0 0 1 0 0 0 0 0 0 0 1 1 0 1 0 1 1 1 0 0 1 1 0 0 0 1 1 0 0 0 1 0 0 1 0 0 0 1 0 0 0 0 1 1 0 0 1 0 57 1 0 0 0 1 1 1 1 0 0 0 1 0 0 1 1 0 0 1 0 0 1 1 0 0 0 0 1 1 1 0 0 0 0 1 0 1 1 0 1 1 0 1 0 1 1 1 0 1 0 1 0 0 0 0 0 0 1 1 1 0 0 0 0 1 1 0 1 0 0 0 0 0 1 1 0 1 1 1 0 0 0 1 1 0 0 1 0 1 0 1 0 0 1 1 1 0 1 1 0 1 0 1 0 1 1 1 0 
0 1 0 1 1 0 1 0 0 1 1 1 1 1 0 0 0 0 1 1 0 0 0 1 0 1 1 1 0 1 0 0 1 1 0 1 1 0 1 0 0 0 1 0 0 1 0 1 0 0 0 0 1 1 0 1 0 0 0 1 1 1 1 1 0 1 1 1 0 1 0 0 1 1 1 0 1 0 0 1 1 1 0 1 0 1 0 0 1 0 0 0 0 0 0 0 1 1 0 0 1 1 1 1 1 1 1 1 1 1 0 1 0 1 16 1 1 1 0 1 1 0 1 0 0 1 0 1 1 1 1 1 0 1 0 1 0 1 1 0 0 0 0 0 1 0 0 0 1 0 1 1 1 0 1 1 1 0 0 0 1 1 0 1 0 0 1 0 1 1 1 0 0 0 1 1 1 0 1 0 0 0 0 0 0 1 0 0 1 1 1 0 1 0 1 1 0 0 0 1 1 0 1 1 0 1 0 0 1 1 0 0 1 1 1 0 0 0 0 1 0 0 
0 0 0 0 1 0 1 1 1 0 0 0 0 1 0 0 1 1 1 1 0 0 1 1 1 0 0 1 0 1 1 0 0 0 0 1 1 1 1 0 0 1 1 0 0 0 0 0 1 1 0 1 0 0 0 0 0 1 0 1 0 1 1 0 0 0 0 1 0 1 0 0 1 0 1 0 1 1 0 1 0 1 0 1 0 0 1 0 1 0 1 0 1 1 0 0 0 1 1 1 1 1 1 1 1 0 1 0 0 1 0 1 1 0 0 86 1 0 1 1 0 0 0 1 1 1 1 1 0 0 0 0 0 0 0 0 1 0 0 1 1 0 1 0 1 1 0 1 0 1 0 0 0 0 0 1 0 0 0 0 0 1 1 1 0 1 1 0 1 0 0 1 1 0 1 0 1 1 1 1 1 1 0 0 1 1 1 0 1 0 0 1 1 1 0 1 1 0 1 0 1 1 1 1 0 0 1 0 0 0 1 1 0 0 1 0 1 1 1 1 0 1 
0 0 1 1 1 1 1 1 1 0 1 1 0 1 1 0 1 0 0 0 1 0 1 0 1 0 1 1 0 0 0 0 1 0 1 1 1 1 0 0 0 0 0 1 0 0 0 1 1 1 0 1 0 0 1 0 1 0 1 1 0 1 1 1 1 0 1 1 0 0 1 1 0 1 0 0 0 1 0 0 0 0 1 0 1 1 1 0 0 0 1 0 0 1 1 0 1 0 1 0 0 1 1 0 1 1 0 1 0 1 0 1 1 0 1 0 70 1 0 1 1 1 0 1 1 1 1 0 1 0 1 1 1 1 1 1 0 0 1 0 0 1 0 1 0 1 0 1 0 0 0 1 0 0 1 0 0 0 1 0 1 0 0 0 0 0 0 1 1 1 1 0 0 1 0 1 0 1 1 1 0 1 1 1 0 1 0 1 0 1 0 0 1 0 0 0 1 0 0 1 0 0 1 1 0 0 0 0 0 0 1 0 0 0 1 0 0 0 0 1 1 0 
0 1 0 0 0 0 0 1 0 0 1 1 1 1 0 1 0 0 1 1 1 0 1 1 0 1 1 0 1 0 1 1 0 1 0 1 1 1 0 1 1 1 0 1 0 0 0 1 1 0 1 0 0 1 1 0 0 1 1 0 0 1 0 1 0 1 1 0 0 0 1 0 1 0 1 1 1 0 1 1 0 0 1 1 1 0 1 0 1 0 0 1 0 0 1 0 0 1 0 0 0 0 0 0 1 0 1 1 0 1 1 1 0 1 1 1 0 40 0 1 0 0 1 0 1 1 1 0 0 0 0 0 1 1 1 0 1 1 0 1 0 1 1 1 0 0 0 0 1 1 1 1 1 1 1 1 0 0 1 1 1 0 1 1 0 0 1 1 0 0 1 1 0 1 0 1 0 1 0 1 1 1 1 0 1 0 1 0 1 0 0 1 1 0 1 1 1 1 1 1 0 1 0 0 1 0 0 0 1 1 1 1 1 1 1 1 0 0 0 0 0 0 
0 0 1 0 0 0 1 0 0 0 0 1 1 0 1 0 1 1 0 0 0 0 1 1 1 1 0 0 1 1 1 1 0 1 0 1 1 1 0 0 0 1 0 0 1 0 1 0 0 0 1 1 0 0 1 0 1 0 1 1 1 0 1 0 1 1 0 0 0 0 0 1 0 1 0 0 1 1 1 1 1 0 0 0 1 0 1 0 0 1 0 1 1 1 1 0 1 1 1 0 0 1 0 0 1 1 1 1 1 0 1 0 1 0 0 1 0 0 84 0 0 0 1 1 1 1 1 0 0 0 1 0 0 0 1 0 0 0 1 0 0 0 1 1 0 0 1 1 0 1 0 0 1 0 1 0 1 1 1 0 0 0 1 1 0 0 0 0 1 0 0 0 0 0 0 0 0 0 0 0 1 0 1 0 0 0 0 1 0 1 0 1 1 0 1 0 0 1 0 1 0 0 1 0 1 0 0 1 1 1 1 1 1 0 1 0 0 0 0 1 0 1 
1 0 0 1 1 0 0 0 1 1 1 0 0 0 0 1 1 0 0 1 1 1 0 1 0 1 0 0 1 0 0 0 1 0 0 0 0 1 1 0 0 0 1 1 0 1 1 0 1 0 0 1 1 1 0 0 1 1 1 1 0 1 1 1 0 0 0 0 0 0 1 1 1 0 0 0 0 1 0 1 0 1 0 0 1 1 0 0 0 1 0 0 0 0 0 1 0 1 1 0 1 1 0 0 1 0 0 0 1 1 1 0 0 1 0 0 1 1 1 87 0 0 1 1 0 1 1 0 1 1 0 1 0 1 1 0 0 0 1 0 1 0 0 0 1 1 1 1 0 1 0 0 1 0 1 1 0 1 0 0 0 0 1 1 0 0 0 1 0 1 0 1 0 1 1 0 1 1 0 1 0 0 1 0 0 0 0 0 0 0 1 1 1 1 0 1 0 0 1 0 0 0 0 1 1 1 0 0 0 1 0 0 1 0 0 0 1 0 0 0 0 0 
0 1 1 1 0 0 0 0 0 1 1 0 1 0 0 1 0 1 1 0 0 0 1 0 1 0 1 1 1 1 1 1 0 1 1 0 1 0 1 0 0 0 1 0 0 0 1 1 1 0 0 1 0 0 0 0 0 0 1 1 1 1 0 0 1 1 1 1 1 0 0 0 0 0 1 1 0 0 0 1 1 1 0 1 1 0 1 0 1 1 1 0 1 0 1 0 1 0 1 1 1 1 0 0 0 0 0 0 1 0 0 1 0 0 1 1 1 0 1 0 44 0 1 0 0 0 0 1 1 0 1 1 1 0 1 1 0 1 0 0 0 1 1 1 1 0 1 0 1 0 0 1 0 1 1 1 0 0 1 0 0 0 1 0 0 0 1 1 0 0 0 1 1 1 0 0 0 0 1 1 0 1 1 1 0 1 0 0 0 0 1 0 1 1 0 1 0 0 0 0 0 1 0 1 0 1 0 1 1 1 0 1 0 0 0 1 0 1 1 0 1 1 
0 1 0 0 1 0 1 0 1 1 0 1 0 0 0 0 0 1 1 0 1 0 0 0 1 1 0 1 0 1 1 0 0 1 0 0 1 1 0 0 0 0 0 0 1 0 1 0 1 1 0 1 0 1 0 1 0 0 1 1 0 1 1 1 1 0 1 1 1 1 1 1 0 1 0 0 1 1 1 0 0 0 0 0 0 1 1 1 0 1 0 0 0 0 0 0 1 1 1 1 0 1 1 0 1 0 0 1 0 0 0 1 1 0 1 1 0 0 1 1 1 46 0 1 1 0 1 0 1 0 0 1 0 1 0 0 1 0 1 1 0 1 1 1 0 1 1 0 1 1 0 0 0 1 1 1 1 1 0 0 1 0 0 0 1 1 1 1 0 1 1 1 1 1 0 0 1 1 1 1 1 0 1 1 1 0 0 0 1 1 1 0 0 0 0 0 0 1 0 1 1 0 0 1 0 0 0 1 1 1 1 0 0 1 0 0 1 1 0 1 0 1 
0 0 0 0 0 0 0 0 0 0 1 0 1 1 0 1 1 1 0 0 0 1 0 0 0 0 0 1 1 1 1 0 1 1 1 1 1 0 1 0 1 0 1 1 1 0 1 0 1 1 0 0 1 0 0 0 1 0 0 0 0 0 0 1 1 1 1 0 1 0 1 0 0 1 0 0 1 1 0 0 1 0 1 0 0 1 0 0 1 0 1 0 1 0 0 1 0 0 0 1 0 0 1 1 1 1 0 1 1 0 1 0 0 1 0 1 0 0 1 1 0 1 4 1 0 1 0 0 1 1 1 0 1 0 0 1 0 1 1 0 0 0 0 0 0 1 0 0 0 1 0 1 0 1 1 0 0 1 0 1 0 1 0 0 1 1 0 1 1 0 1 0 0 0 0 1 1 1 0 0 1 1 1 1 0 0 0 0 1 1 1 1 0 1 1 0 0 0 0 0 1 0 0 0 1 1 1 1 0 1 1 0 0 0 0 1 0 0 1 1 0 1 
0 0 0 0 1 1 0 0 0 1 1 0 0 1 1 1 0 0 0 0 1 1 1 1 1 1 1 0 1 1 0 1 1 0 1 1 1 1 1 0 1 1 1 0 1 0 1 0 0 0 1 0 1 0 1 0 0 0 0 1 0 0 1 1 1 1 0 1 1 0 1 1 1 1 0 0 1 0 0 0 0 0 1 1 0 1 1 1 1 0 0 0 0 0 0 0 0 0 0 1 0 0 0 0 0 0 0 1 1 1 1 1 0 1 0 1 1 0 0 0 0 1 0 30 1 0 1 1 1 1 0 0 1 1 0 0 1 1 0 1 1 0 1 0 0 0 0 1 0 0 0 0 1 1 0 0 1 0 0 1 1 1 0 0 0 1 1 1 0 1 0 1 1 0 0 1 0 1 1 1 0 0 0 1 0 0 0 0 0 0 1 1 1 0 1 0 0 0 1 1 1 1 0 0 1 0 1 0 1 1 0 0 1 1 0 1 1 1 0 1 0 0 
0 0 0 1 0 1 0 1 1 0 1 0 1 0 0 0 0 0 1 0 0 1 0 1 1 1 0 1 0 1 0 1 0 0 1 1 1 0 0 0 1 1 0 1 1 1 0 1 1 0 1 0 0 0 0 0 0 0 0 1 1 0 1 0 1 0 0 1 1 0 1 1 1 1 0 0 0 1 0 1 1 0 1 1 0 0 0 1 0 1 1 0 1 1 0 1 0 0 1 0 1 0 1 1 0 1 0 0 0 1 1 0 0 1 0 0 1 0 0 1 0 1 1 1 88 1 1 0 1 1 1 0 1 0 1 1 1 0 0 1 0 0 0 0 1 0 0 1 0 1 1 0 1 0 1 0 1 0 0 0 1 0 1 1 1 0 0 1 1 0 1 1 1 0 1 0 1 0 0 1 1 1 0 0 0 1 0 1 1 1 1 0 1 0 0 1 0 1 1 0 1 0 1 0 1 0 0 0 0 1 0 0 0 0 0 0 1 0 1 0 1 0 
0 0 1 0 0 1 1 0 0 0 1 1 1 0 1 0 0 0 1 0 0 1 1 0 1 1 1 1 1 0 0 1 1 1 0 0 0 1 0 0 0 0 0 0 1 0 0 0 1 1 1 1 0 0 1 1 0 1 0 0 1 1 0 0 1 1 0 0 0 0 0 0 1 1 0 0 1 1 0 1 1 0 1 1 1 1 0 1 1 0 0 1 1 0 1 0 0 1 0 1 1 1 1 1 1 0 0 0 0 1 0 1 0 0 0 0 0 0 1 1 1 1 1 1 1 43 0 1 0 0 0 1 0 0 1 0 1 0 1 1 1 1 0 1 1 0 0 1 0 1 1 0 1 1 1 1 0 0 0 1 1 1 0 0 1 0 0 0 1 0 0 1 1 0 0 0 0 1 0 0 1 0 1 1 0 1 1 0 1 1 0 0 0 0 1 1 1 0 1 1 1 1 1 1 0 1 1 1 0 1 0 1 1 0 0 1 1 1 1 0 1 0 
0 1 1 1 0 1 0 1 1 1 1 0 1 0 0 0 0 0 1 1 0 0 0 1 0 1 1 0 1 1 0 1 1 0 1 0 1 0 0 0 1 0 0 1 0 1 1 1 0 1 0 0 1 1 0 0 0 0 1 1 0 1 0 0 0 1 0 1 1 1 0 1 1 1 1 1 0 0 1 1 0 1 0 1 0 0 0 1 1 0 0 1 1 1 1 0 1 1 0 0 1 1 1 0 0 0 0 1 1 0 0 0 0 1 1 1 1 1 0 1 0 1 0 1 0 1 5 0 1 0 1 0 1 1 0 1 0 1 1 1 1 1 0 0 1 1 1 1 1 0 0 1 1 1 0 0 1 1 0 1 1 0 1 0 1 0 0 1 1 0 1 0 0 0 0 1 1 1 0 0 1 0 0 0 1 1 1 1 0 1 0 1 0 0 0 0 0 0 0 1 0 1 0 0 0 0 1 0 1 0 0 0 0 1 0 0 0 1 0 0 1 1 
0 0 1 0 1 0 1 1 0 1 0 0 1 1 0 0 0 0 0 0 1 1 0 1 0 0 0 0 1 1 0 1 0 1 0 0 0 0 1 0 0 1 0 1 0 1 1 1 0 1 1 0 1 0 1 0 1 1 1 0 0 0 1 0 1 1 0 1 1 1 1 1 0 1 0 1 0 1 1 0 0 1 1 0 1 1 1 0 1 1 1 1 0 0 0 1 0 0 0 1 0 0 1 1 1 1 0 1 1 1 0 0 0 1 0 0 0 1 1 0 1 1 1 1 1 0 0 94 0 0 0 1 1 1 1 1 0 0 1 0 0 1 1 0 0 0 1 1 0 1 1 1 0 0 0 0 1 1 0 1 1 0 0 1 0 1 0 0 1 1 0 0 0 0 1 0 1 1 1 1 0 1 0 1 0 1 1 0 0 1 1 0 0 0 1 1 0 0 1 0 1 1 1 0 1 0 1 1 1 0 1 0 1 0 0 0 1 1 1 1 1 1 
0 1 0 0 1 1 0 1 1 1 0 0 0 0 0 0 1 1 1 1 0 1 1 0 0 1 0 0 1 0 0 0 0 1 1 1 1 0 0 1 0 1 0 0 0 1 0 1 0 0 0 1 1 1 1 1 0 0 1 1 0 1 1 1 1 1 0 0 0 0 1 1 0 1 0 1 1 0 1 1 1 1 0 1 0 1 1 1 0 1 0 0 0 1 1 0 1 1 1 0 0 0 0 1 0 1 0 0 1 1 1 0 0 0 0 0 1 1 0 0 0 0 1 0 1 1 1 0 34 1 1 1 1 0 1 0 0 0 0 1 0 0 0 1 0 1 0 1 1 1 1 1 1 0 0 1 0 0 0 0 1 1 1 1 1 0 1 1 0 0 0 1 1 0 1 0 0 1 1 1 1 1 1 1 0 0 1 0 0 0 1 1 1 1 1 0 0 1 0 0 0 0 0 1 1 0 0 0 0 1 0 1 0 0 0 1 0 0 1 0 0 0 
0 1 1 1 1 1 0 0 1 0 0 1 1 0 0 0 1 0 1 1 1 0 0 0 1 1 0 1 0 1 0 0 1 1 0 0 0 1 1 1 0 0 1 0 1 0 0 0 0 1 1 1 0 0 0 0 0 0 0 1 1 1 1 0 1 1 1 0 1 0 1 0 1 1 0 1 1 1 0 0 0 1 1 0 0 0 0 0 0 0 1 1 0 1 0 1 0 0 1 0 0 0 1 1 0 0 0 0 0 0 0 0 1 1 1 0 1 1 1 1 1 1 1 1 0 0 1 0 1 96 0 0 1 0 1 1 0 1 1 0 1 1 1 1 1 1 1 1 1 1 0 0 0 0 1 0 0 0 0 1 0 0 0 0 1 1 0 0 1 1 0 0 1 0 0 1 0 1 0 0 1 0 0 1 0 0 1 1 0 1 0 1 0 1 1 0 1 0 0 0 0 1 0 0 0 0 1 0 1 1 0 0 1 0 0 1 1 0 1 0 0 0 
1 1 0 1 0 1 0 0 1 0 1 0 0 1 1 0 1 1 0 0 1 0 1 0 1 0 1 0 1 1 0 1 1 0 0 1 1 0 0 0 1 0 0 0 0 0 0 0 0 0 1 0 0 1 0 1 1 0 1 0 0 1 1 1 0 0 1 1 0 0 0 1 1 0 1 0 0 1 1 1 0 1 0 0 0 1 1 0 1 0 1 1 0 0 0 1 0 0 0 1 0 1 0 0 0 1 1 0 1 0 1 0 0 0 0 1 0 1 1 0 1 1 0 0 0 1 1 1 0 1 90 0 0 0 1 1 0 0 0 0 0 1 0 0 1 0 1 1 0 1 1 0 0 1 1 0 0 0 1 0 0 0 0 1 1 0 0 0 0 1 0 1 0 0 1 0 1 1 0 1 0 1 0 0 0 1 0 1 0 1 1 0 1 1 0 0 1 0 0 0 0 0 0 0 0 1 1 1 0 1 1 1 0 1 0 0 0 1 1 1 0 0 
0 0 0 1 0 0 0 1 1 0 0 1 1 1 0 0 1 1 0 0 0 1 1 1 0 0 0 1 1 0 1 1 0 1 1 0 0 1 1 0 1 0 0 0 0 0 0 1 1 0 0 1 0 0 1 0 0 1 0 0 0 1 1 0 0 1 0 0 0 1 0 1 1 1 0 1 1 1 1 0 0 1 0 1 1 1 0 0 0 1 1 0 0 1 1 1 1 0 0 1 0 1 0 0 1 1 1 0 0 0 0 1 1 1 1 1 1 0 1 1 1 0 0 1 0 1 0 1 0 0 0 57 1 1 1 1 1 1 0 0 0 0 0 0 1 0 0 1 1 0 0 0 0 0 0 1 1 0 1 0 1 0 1 1 1 0 1 0 0 0 1 1 1 1 0 1 1 0 0 1 1 1 1 1 0 0 1 1 0 1 0 0 0 0 0 1 0 1 1 0 0 1 1 1 1 0 1 1 0 1 0 1 0 0 1 0 1 1 0 1 0 1 
0 1 1 1 0 0 0 0 1 0 0 1 1 0 0 1 1 0 1 1 1 1 1 0 1 1 0 1 1 0 0 0 1 1 0 1 1 0 1 0 1 1 1 0 0 0 0 0 0 0 0 1 0 1 0 0 1 1 0 0 1 1 1 0 0 0 1 0 0 1 1 1 0 1 0 0 1 0 0 0 1 0 0 0 1 0 1 1 0 1 0 1 1 0 1 1 1 1 0 1 0 1 0 1 1 0 1 0 1 1 0 0 0 0 0 0 1 0 1 1 1 0 0 0 1 0 0 1 0 0 0 0 3 0 1 0 0 1 0 0 0 1 1 0 0 1 0 1 1 1 0 1 1 1 1 0 0 0 0 1 1 0 0 1 1 1 0 0 0 1 1 1 0 0 0 0 1 0 0 1 1 1 0 0 1 1 0 0 1 0 0 0 0 1 1 1 1 0 1 0 0 1 1 0 1 1 0 0 0 0 1 1 1 0 1 1 0 1 0 0 1 0 
1 1 0 1 0 0 0 0 0 1 1 1 0 0 0 1 0 0 0 0 0 1 1 1 0 1 1 1 1 0 0 0 0 1 0 0 0 1 1 0 1 0 1 0 1 0 1 0 1 1 1 0 0 1 1 0 1 0 1 0 0 1 0 0 0 0 1 1 1 0 1 1 1 1 0 0 0 0 0 1 1 1 1 1 0 0 0 1 0 0 0 1 0 0 1 0 1 1 0 1 1 1 1 0 0 0 0 0 1 0 0 0 0 1 1 1 1 0 1 1 0 0 1 1 0 0 0 0 0 1 1 0 0 93 1 1 1 0 0 1 0 0 1 0 0 1 1 1 0 0 0 0 0 1 1 0 1 1 1 1 1 1 1 0 1 0 0 0 0 0 0 0 0 1 1 1 1 0 0 1 1 1 1 1 1 1 0 1 0 1 1 0 0 0 0 0 0 1 1 0 0 1 0 0 1 1 0 1 0 1 0 0 0 1 1 1 0 1 0 0 0 0 
1 0 0 0 1 0 0 1 1 1 0 0 0 1 1 0 1 0 1 1 1 0 0 0 0 1 0 0 1 1 0 0 1 1 1 0 1 1 1 1 0 1 0 0 0 1 1 1 1 1 1 0 1 1 0 0 0 1 0 0 1 0 1 0 1 0 0 0 1 1 0 0 1 0 0 0 1 1 1 1 0 0 1 0 0 0 0 0 0 1 1 1 0 0 0 1 0 1 0 0 1 0 1 1 1 1 1 1 1 0 1 1 0 1 0 1 0 1 1 0 1 0 1 1 1 1 1 0 0 0 1 1 1 1 16 0 1 1 0 0 0 1 1 0 1 0 0 1 0 0 0 0 0 0 0 0 0 1 1 1 0 0 1 0 0 0 0 1 0 1 0 1 1 0 0 0 0 1 1 0 0 0 1 0 1 1 0 0 0 0 0 0 1 1 0 0 0 1 0 0 0 0 0 0 0 1 0 1 0 1 1 1 1 0 0 0 0 0 0 1 0 0 
0 0 0 0 0 1 1 1 1 1 0 0 0 1 1 0 1 1 1 1 1 1 0 0 0 1 0 1 0 0 0 0 0 1 0 0 0 1 1 1 1 0 0 1 1 1 1 1 0 0 1 1 0 0 0 0 0 0 0 1 0 0 0 0 0 1 0 1 0 0 0 1 1 1 0 1 0 1 0 0 0 0 1 0 1 0 1 1 1 0 0 1 1 1 1 0 0 1 0 1 1 1 0 1 1 1 0 1 1 1 1 0 1 1 1 1 1 1 0 0 0 0 1 0 0 1 1 1 0 0 0 0 0 1 0 27 1 1 0 1 0 0 0 1 0 1 1 0 1 0 0 1 1 1 1 0 0 0 1 0 1 0 0 1 1 1 0 0 1 0 1 1 0 1 0 1 1 1 1 1 1 1 1 0 0 0 1 1 0 0 1 0 1 0 1 1 0 0 1 0 0 1 1 1 1 1 1 0 1 1 0 0 1 1 0 0 0 1 0 1 1 0 
1 1 1 1 1 0 1 0 1 0 1 0 1 1 0 1 0 0 1 1 0 0 0 1 0 0 1 1 0 1 0 0 1 1 1 1 0 0 1 1 1 0 1 1 1 0 0 0 0 0 1 1 0 0 1 0 0 0 1 1 0 0 0 0 0 0 0 0 0 1 0 1 1 0 1 1 1 1 1 0 0 0 1 0 0 0 0 0 1 1 1 1 0 0 1 0 0 1 0 1 1 0 1 1 1 1 1 0 1 0 0 0 0 0 1 0 1 0 0 0 0 0 1 0 1 0 0 0 0 0 0 1 1 0 1 1 7 0 0 1 0 0 1 1 0 1 0 1 0 0 1 1 0 0 1 1 1 1 0 0 1 0 1 1 0 1 1 0 0 1 0 1 0 1 1 1 0 0 1 1 1 0 0 1 0 1 0 0 1 0 0 1 1 0 1 0 0 1 1 1 1 1 1 0 1 0 1 0 0 1 0 0 0 0 0 1 0 1 0 0 1 0 
0 0 0 1 0 0 0 0 1 0 1 1 0 1 0 1 1 1 0 1 0 0 0 1 0 0 1 1 0 0 0 1 1 1 0 1 0 0 0 1 1 1 0 1 0 1 1 1 0 0 0 1 1 0 0 0 0 0 0 1 0 0 1 0 0 1 1 0 1 0 0 0 0 1 1 1 1 1 1 0 1 0 0 1 0 0 1 1 0 0 1 0 1 0 1 0 0 0 1 0 0 1 0 0 0 0 0 0 0 1 0 1 0 1 1 1 1 1 0 1 0 0 0 0 1 0 1 1 0 0 0 0 1 1 1 0 0 8 0 0 1 1 1 1 1 0 1 0 0 0 1 1 1 1 0 1 1 0 1 1 0 1 1 1 0 1 1 1 1 1 0 1 0 0 0 1 0 0 0 1 0 1 0 0 1 1 0 0 0 0 1 0 0 0 1 0 0 0 1 1 0 0 0 0 1 1 1 0 1 0 0 0 1 0 0 0 1 1 1 0 0 1 
0 0 1 1 0 1 0 0 1 1 1 0 0 1 0 1 1 0 1 0 1 1 1 0 0 1 1 1 0 0 1 0 1 1 1 1 0 1 0 1 0 1 1 0 0 1 0 0 0 0 0 0 0 1 0 1 1 1 1 1 1 0 0 0 1 1 1 1 1 1 1 1 0 0 0 0 0 1 0 0 1 0 1 1 1 1 0 0 1 1 0 0 0 1 1 0 0 0 1 1 1 1 1 0 0 1 0 0 1 1 1 0 0 0 1 0 1 1 0 0 1 0 0 0 0 0 0 0 0 0 0 1 0 1 0 0 0 1 79 1 1 1 0 1 0 0 1 0 1 1 0 1 1 0 1 1 1 1 0 0 1 0 1 0 0 1 1 0 0 1 0 0 0 1 1 1 0 0 0 1 0 0 1 1 1 1 1 0 1 0 0 1 0 1 1 1 0 1 1 1 1 0 1 1 0 0 0 0 1 0 1 0 1 1 0 0 0 1 1 1 1 0 
0 1 1 0 0 0 0 1 1 1 0 1 0 0 1 1 1 0 1 0 1 0 0 1 1 0 1 1 0 1 0 1 1 0 1 1 0 1 0 0 1 0 0 0 0 1 0 0 0 0 1 1 1 0 0 0 1 1 0 0 0 1 0 1 1 1 0 1 0 0 0 0 0 1 0 1 1 0 1 1 0 1 1 0 0 0 0 1 0 1 1 1 1 1 1 1 1 0 0 1 1 1 1 0 0 1 0 0 1 0 1 1 0 1 1 0 0 0 0 1 1 0 1 1 1 1 1 0 0 1 0 0 0 0 1 1 1 0 1 91 1 0 1 1 1 0 0 0 0 0 0 0 1 0 1 0 0 0 0 1 0 1 1 0 1 0 1 0 1 1 1 0 1 0 0 1 1 1 0 1 0 0 1 1 1 1 0 0 0 0 1 1 1 0 0 0 0 1 1 1 1 1 0 1 0 0 1 1 0 1 0 1 0 0 1 1 0 1 0 0 1 0 
0 0 0 0 1 1 1 1 0 0 0 0 0 1 0 0 0 0 1 0 1 0 0 1 1 0 0 1 1 0 1 1 1 0 1 0 1 1 0 1 0 0 0 1 0 0 0 0 1 1 1 1 1 0 1 1 0 0 0 0 1 1 1 0 0 1 0 0 0 0 1 1 0 1 1 0 0 1 0 0 0 0 0 0 0 0 0 0 1 1 0 0 0 1 1 1 0 0 0 1 1 0 1 0 1 0 0 0 1 1 1 1 0 1 1 0 1 1 1 1 0 0 0 0 0 1 1 1 0 0 0 0 0 1 0 1 1 0 0 0 35 1 1 0 0 0 1 1 1 0 0 0 0 1 0 0 0 1 0 0 1 0 1 1 1 0 0 0 1 0 1 0 0 0 0 0 0 1 1 1 1 1 0 1 0 1 0 0 1 1 1 0 1 0 1 0 0 1 0 1 1 0 1 1 1 1 1 0 1 0 0 0 1 1 0 0 1 0 1 0 0 1 
0 1 0 0 0 1 1 0 1 1 1 0 0 0 0 1 1 0 0 1 1 1 1 0 0 1 1 1 0 1 1 1 0 0 0 1 1 0 1 1 1 1 1 0 0 0 0 1 0 1 0 0 1 0 0 0 0 1 0 0 0 1 0 1 1 0 1 1 0 1 0 0 1 1 0 0 0 0 1 1 1 0 0 0 1 1 0 1 1 0 0 0 0 1 0 1 1 0 1 0 1 0 1 1 0 0 1 0 0 0 1 1 0 1 1 0 0 0 1 0 1 0 1 0 1 1 1 1 0 1 0 1 0 1 0 1 0 1 1 1 1 51 0 1 1 1 0 0 0 0 1 1 1 1 1 1 0 1 0 1 0 0 1 0 0 1 0 0 0 0 0 0 0 0 1 0 0 1 1 1 0 1 0 0 0 0 1 0 0 1 1 0 1 0 1 1 0 1 0 1 0 1 1 1 1 1 0 1 1 0 1 1 1 1 1 0 0 0 1 1 0 1 
0 1 1 1 0 1 0 1 1 0 1 0 1 1 1 1 1 1 1 0 0 0 1 1 0 0 0 1 1 1 1 1 0 0 0 0 0 1 0 1 1 0 0 1 1 0 0 1 0 0 1 1 1 0 1 1 1 1 1 0 1 0 0 1 0 0 1 0 0 0 1 1 1 0 1 0 1 0 1 1 0 0 1 1 1 1 1 1 1 0 1 0 0 0 1 1 0 1 0 0 0 0 1 1 0 0 1 1 1 1 0 0 0 1 1 0 1 1 0 0 1 0 0 0 0 0 0 0 0 0 1 0 1 0 1 1 1 0 1 1 1 0 21 0 0 0 0 1 0 0 1 1 1 1 1 1 1 1 1 1 0 0 0 1 0 0 0 0 1 0 1 0 1 0 0 0 0 0 1 0 1 1 1 1 1 0 0 1 0 1 1 1 0 1 0 0 1 0 1 1 1 1 1 0 1 0 1 0 0 1 0 1 0 1 0 1 1 0 0 0 0 0 
0 0 0 1 1 1 0 0 0 0 0 0 0 1 0 1 0 1 0 0 1 0 1 1 1 1 0 0 1 1 1 1 1 1 0 0 1 1 0 1 0 0 0 1 1 1 0 1 0 1 0 0 1 1 1 0 0 0 0 1 0 1 1 0 1 1 0 0 1 0 0 0 0 0 0 1 1 0 1 1 1 0 1 0 1 1 0 1 1 1 0 1 0 1 1 0 0 1 0 1 0 1 0 1 1 1 1 1 0 0 1 0 0 1 1 0 0 1 1 0 1 1 0 1 1 1 0 0 0 0 1 1 1 0 1 1 1 1 0 0 1 0 0 66 0 1 1 0 1 1 0 1 1 1 1 1 1 0 0 0 1 0 0 1 0 1 0 0 1 0 0 1 1 1 1 0 0 1 0 1 1 1 1 1 1 1 1 1 1 0 1 1 0 1 0 0 1 1 1 0 0 1 1 0 1 0 0 1 1 1 0 1 1 1 1 1 0 0 1 1 0 1 
1 1 1 0 0 1 0 0 1 0 1 0 1 1 0 1 1 0 1 1 1 0 1 0 0 0 1 0 1 0 1 1 0 1 0 0 1 0 0 0 1 1 0 1 1 0 0 0 0 0 1 1 1 1 0 0 1 1 0 0 1 1 1 0 1 0 1 0 1 1 1 1 0 1 1 1 0 1 0 1 0 0 1 0 0 0 1 1 0 1 0 0 1 0 1 0 0 0 1 1 0 0 1 1 1 1 1 1 0 1 1 0 0 1 1 1 1 1 1 1 1 0 1 1 1 0 1 0 1 1 0 1 1 1 0 1 0 0 0 0 0 1 1 1 76 1 1 1 1 0 0 1 0 1 0 1 0 1 1 0 1 0 1 0 0 0 0 1 1 0 1 0 0 0 0 1 1 0 1 1 1 0 0 0 1 1 0 1 0 0 0 0 1 1 1 1 1 1 0 1 1 1 1 1 1 0 1 0 1 0 0 1 0 1 0 0 0 0 0 1 1 0 
1 1 1 0 0 1 1 0 1 1 1 0 0 1 0 1 0 0 1 1 0 1 0 0 1 0 1 1 1 1 1 0 1 0 1 0 0 1 0 0 0 0 1 1 0 0 1 0 0 1 1 1 1 0 1 0 0 1 1 0 0 1 0 0 0 0 0 1 0 1 1 1 0 1 0 0 0 0 1 0 0 0 1 1 0 1 1 0 1 0 0 0 0 1 0 0 0 1 1 1 1 0 0 1 1 0 0 0 0 1 1 1 1 0 0 0 1 1 0 1 1 0 1 1 0 1 1 0 0 1 1 0 0 0 0 1 0 0 1 1 0 0 1 1 1 90 1 0 0 0 0 0 1 0 0 1 1 0 0 0 1 1 0 0 0 1 1 1 0 1 1 0 1 0 0 1 0 1 0 0 0 1 0 1 0 0 0 0 0 1 1 0 0 1 0 0 0 1 0 0 0 1 1 0 1 1 0 0 0 1 1 1 0 1 0 0 0 0 1 0 0 1 
0 1 1 1 0 1 0 1 0 1 1 0 1 1 1 1 0 1 0 1 0 1 0 0 1 1 0 0 1 1 1 1 0 0 1 1 1 1 1 1 1 0 1 1 1 0 1 1 0 1 1 0 1 1 0 0 1 1 0 1 1 0 1 1 1 0 0 0 0 0 1 0 1 0 0 0 1 0 0 0 1 1 1 0 1 0 1 1 1 1 1 0 0 0 0 0 1 1 0 0 0 0 0 0 0 1 1 1 0 0 0 1 1 1 0 0 0 1 1 0 0 1 1 1 0 1 0 0 0 0 0 1 1 1 0 1 1 0 0 1 0 0 1 1 0 0 51 1 0 1 1 0 0 0 1 0 1 1 1 0 1 0 1 1 0 0 1 1 0 0 0 0 1 1 0 1 1 1 0 1 0 1 0 1 0 0 0 1 1 0 1 0 0 0 1 1 1 0 1 0 1 0 0 1 1 1 0 1 0 0 1 1 1 0 0 1 0 0 1 1 1 0 
0 0 1 1 1 1 0 1 0 1 0 0 0 0 1 0 0 1 0 0 0 1 1 0 1 0 0 0 0 0 1 0 0 0 1 1 0 1 0 1 0 1 0 0 1 0 1 1 0 1 1 1 0 0 0 0 0 1 1 0 0 0 0 1 0 0 0 0 1 0 0 1 0 0 1 1 0 0 0 1 1 1 1 0 0 0 1 0 1 0 0 0 1 0 0 1 0 1 0 1 1 1 0 0 0 1 1 0 0 0 1 1 1 0 0 1 0 1 0 0 1 1 1 0 1 0 0 1 0 1 1 1 1 1 0 0 1 0 1 1 1 1 0 0 0 1 0 83 0 0 0 1 0 1 1 0 1 0 1 0 1 0 0 0 0 1 1 0 0 1 0 0 0 1 0 0 1 1 0 0 1 1 1 0 0 1 0 1 1 1 1 0 0 1 0 0 0 0 0 1 0 0 1 1 0 1 0 0 1 1 0 0 1 0 1 0 1 1 1 0 0 1 
1 0 0 0 0 0 0 1 0 0 1 0 1 0 0 1 1 0 0 1 1 1 0 0 1 0 0 1 0 1 0 0 0 0 0 1 1 1 0 0 1 0 0 0 0 1 0 0 1 1 1 1 1 1 1 0 0 1 0 1 1 0 1 1 0 0 1 0 1 0 0 0 1 1 1 0 0 0 0 1 0 1 0 1 0 1 0 1 1 0 0 1 0 0 1 0 1 0 1 1 0 1 0 1 0 1 0 1 1 1 1 1 1 1 1 1 0 1 0 1 1 0 0 1 1 1 0 1 0 0 1 0 0 1 1 1 1 0 1 1 1 0 0 0 0 1 0 1 14 1 0 0 0 1 0 1 0 0 0 1 1 0 0 1 1 0 0 0 0 1 0 0 1 1 1 0 1 1 0 0 1 0 1 1 1 0 1 1 1 0 1 0 1 1 0 0 0 0 0 1 1 1 0 1 1 1 0 0 0 0 1 0 1 0 1 0 0 0 1 0 0 0 
0 0 1 1 1 1 0 1 1 0 1 1 0 1 1 0 1 0 0 1 1 0 0 0 1 1 0 1 0 0 1 0 0 1 0 0 0 0 0 1 0 0 0 1 1 0 0 0 0 1 1 1 1 0 0 1 1 0 1 0 1 0 0 0 1 0 1 1 1 1 0 0 1 0 1 0 1 1 0 0 1 0 1 1 1 1 0 0 1 0 1 0 1 1 0 1 0 1 0 1 1 1 1 0 0 0 1 0 0 1 0 1 1 1 0 1 1 0 1 1 1 0 0 1 0 0 0 1 1 1 1 0 1 1 1 0 0 1 0 0 0 1 0 1 0 0 0 1 1 53 0 0 1 1 1 1 0 1 1 1 1 1 1 1 0 0 0 0 0 1 0 0 1 0 0 1 1 1 1 1 1 1 0 0 1 1 1 0 0 0 0 1 1 0 0 1 0 1 0 1 0 1 1 1 0 1 1 1 1 0 1 0 0 1 0 1 1 0 0 1 1 0 
1 1 0 0 1 1 1 1 0 0 1 0 0 1 1 1 0 1 1 1 1 0 1 0 0 1 0 1 1 0 1 1 0 1 0 0 0 0 0 1 1 1 0 1 1 1 1 0 0 0 0 1 1 0 0 1 1 1 0 1 1 0 0 1 1 0 1 0 1 1 1 1 0 0 1 0 0 0 1 1 1 0 0 1 1 1 0 0 1 1 1 0 0 1 1 0 0 1 1 1 1 0 0 0 1 0 0 0 0 1 1 1 1 0 0 0 1 1 0 1 1 1 0 1 1 0 1 1 1 0 0 1 0 0 1 1 0 0 1 1 0 1 1 1 0 1 1 0 1 0 5 1 1 0 0 1 0 0 1 1 0 1 0 1 1 1 1 1 0 0 0 1 0 0 0 0 0 0 1 0 0 0 1 1 0 1 1 0 0 1 0 0 1 1 1 1 0 1 0 0 0 0 0 1 0 1 1 0 1 0 0 0 1 1 1 1 1 1 0 0 0 0 
0 1 0 0 1 1 1 0 0 1 0 0 0 1 0 1 0 0 1 0 1 0 1 0 0 1 0 0 1 1 0 1 0 0 1 1 1 0 0 0 1 1 1 1 1 1 1 0 0 1 1 0 0 1 1 1 0 0 1 1 1 1 1 1 1 0 1 0 0 0 1 1 0 1 0 0 0 0 0 1 1 1 1 0 1 1 0 1 1 1 1 0 0 0 0 0 1 0 0 0 1 1 0 0 0 1 1 0 1 1 0 1 0 0 0 1 0 1 1 1 1 0 1 1 1 0 0 1 1 0 0 1 1 1 0 0 0 1 0 0 1 0 1 1 1 1 1 1 1 1 1 86 1 1 1 1 0 1 0 1 0 1 1 0 1 0 0 0 0 0 0 0 1 1 1 1 1 0 1 1 0 1 0 1 1 0 0 1 1 1 1 0 0 1 1 0 1 0 0 0 1 0 1 0 1 1 1 0 0 1 0 1 1 0 0 0 0 1 0 1 1 1 
0 1 1 0 1 0 1 0 1 0 1 0 0 1 0 0 1 0 1 0 1 0 0 1 1 1 1 0 0 0 1 0 1 1 1 0 1 1 0 1 0 1 0 1 0 1 0 0 1 1 1 1 0 1 0 0 0 0 1 1 0 0 0 1 1 0 0 0 1 0 0 0 1 1 1 0 0 1 1 1 1 0 1 0 1 0 0 0 1 1 0 0 1 1 1 1 0 1 1 0 1 0 0 1 0 0 1 0 0 1 1 1 1 0 1 1 1 1 0 0 1 1 1 1 0 0 0 1 0 0 0 0 1 0 1 0 0 1 0 0 1 0 1 0 1 0 0 0 0 0 0 0 28 0 1 0 1 1 0 1 1 1 1 1 0 0 1 1 0 1 0 0 0 0 0 1 0 1 0 1 1 1 1 0 1 0 0 0 1 1 1 1 1 0 0 0 0 0 0 0 1 0 0 1 0 1 1 0 1 1 0 0 1 0 0 1 0 1 0 0 0 1 
0 1 0 1 1 0 1 1 1 0 0 0 1 0 1 0 1 1 0 0 1 1 1 0 1 1 1 0 0 0 0 0 1 0 0 0 1 0 1 0 1 1 0 0 1 0 1 0 0 1 1 0 0 0 0 0 0 0 1 0 1 0 1 0 1 0 1 0 0 0 1 0 1 0 0 0 0 1 0 0 0 1 1 0 0 1 0 0 0 0 0 0 0 1 1 1 1 1 1 0 1 1 1 0 0 1 1 0 1 0 1 0 0 1 1 1 1 1 1 0 0 0 0 0 0 0 1 0 0 1 0 0 1 0 1 1 1 0 1 0 0 1 1 0 0 1 0 0 0 0 1 1 0 84 1 1 1 0 1 0 0 0 1 1 0 1 1 0 0 0 1 1 0 0 0 0 0 0 1 0 1 1 0 0 1 0 0 0 0 1 0 1 0 0 1 0 1 0 1 0 1 0 1 0 1 0 1 1 0 0 1 1 1 1 0 1 1 1 0 1 0 1 
0 1 0 1 1 1 1 1 1 1 0 1 1 1 1 0 1 0 1 0 0 0 0 1 1 1 1 0 1 0 0 0 1 1 1 0 0 1 0 0 0 0 1 0 1 1 0 1 1 0 1 0 1 1 1 0 1 1 0 1 1 1 1 0 1 1 1 0 1 1 0 0 0 0 0 1 0 0 1 0 0 1 0 1 1 1 0 1 0 1 1 0 1 1 1 1 1 1 0 0 1 0 1 1 1 0 0 0 1 1 0 1 1 0 1 1 1 0 1 1 0 0 1 1 0 0 0 0 1 0 1 0 0 1 0 1 0 1 0 1 1 1 0 1 0 0 0 1 1 0 0 0 1 1 61 1 1 1 1 0 1 0 1 1 0 1 1 0 1 1 0 1 0 1 0 1 1 1 1 0 1 1 1 0 0 0 1 0 0 1 1 0 0 0 0 1 0 1 1 0 0 1 0 1 0 1 0 0 1 1 1 0 0 1 0 1 1 0 1 0 1 1 
0 1 0 1 1 1 0 1 0 0 0 1 0 0 1 1 1 1 1 0 1 0 0 0 1 1 0 1 0 1 0 1 0 0 1 1 0 0 0 0 1 1 1 1 1 1 1 1 0 1 0 1 0 0 0 1 1 1 1 0 0 0 1 1 1 0 1 1 0 0 1 0 1 1 1 0 0 0 0 1 0 1 0 1 1 1 0 0 1 1 1 1 1 1 1 1 0 0 0 1 0 1 1 1 0 0 1 1 1 0 0 0 1 1 1 0 1 1 1 1 0 1 1 0 0 1 0 1 1 1 1 1 1 1 1 1 1 0 1 1 0 1 0 1 0 1 0 1 1 0 0 1 0 1 0 98 0 0 0 1 0 1 1 1 1 1 1 1 1 0 0 0 0 0 1 0 1 1 0 0 0 1 0 1 1 0 0 1 1 1 1 0 0 1 0 1 1 0 1 1 0 0 1 0 1 1 0 0 1 1 1 0 1 1 0 1 0 0 0 1 0 0 
0 0 0 0 0 0 1 0 0 1 0 0 1 0 1 1 1 1 1 1 1 1 0 1 0 1 1 0 1 0 1 0 0 0 1 0 0 0 1 0 1 1 0 0 0 1 1 0 0 1 0 0 0 1 0 1 0 1 0 1 1 0 1 1 0 1 0 1 0 0 0 0 1 1 1 1 0 0 0 1 0 0 0 0 0 1 1 0 1 1 0 1 0 0 0 1 1 1 1 0 1 0 1 0 0 0 0 1 0 1 0 1 0 1 1 0 0 1 1 0 0 1 0 0 0 1 1 1 1 0 0 1 0 1 1 1 1 1 1 1 1 1 1 0 0 0 0 1 1 1 0 0 1 0 1 0 41 1 1 0 0 1 1 0 0 1 0 1 0 1 0 0 0 1 0 1 1 0 0 0 1 1 0 0 1 0 0 1 1 0 0 0 0 1 0 1 1 1 1 0 1 1 1 1 1 0 0 1 1 1 0 0 1 1 1 1 1 0 0 1 1 1 
1 0 1 0 1 0 1 0 0 0 1 0 1 1 1 0 0 1 0 0 1 0 1 1 0 1 0 0 0 1 0 1 0 0 0 0 0 0 1 0 0 0 0 1 1 0 0 1 0 0 1 1 0 0 0 0 1 0 1 0 1 1 1 0 0 1 1 0 0 1 0 0 0 0 1 1 0 1 1 1 1 1 1 0 0 1 1 1 1 0 1 0 1 1 0 1 0 1 0 1 0 0 0 0 1 0 1 0 1 0 1 0 0 0 1 1 1 1 0 1 0 1 1 0 1 1 1 0 1 1 0 1 1 1 0 1 0 1 1 0 0 0 1 0 1 0 0 0 1 0 0 0 0 0 1 0 0 12 1 1 1 1 1 0 0 0 1 0 1 1 1 0 0 1 1 0 1 1 0 1 0 1 1 0 0 0 0 0 1 0 0 0 1 0 1 1 0 0 0 1 1 1 0 0 1 0 0 0 0 0 1 1 1 0 1 0 1 1 0 0 0 0 
1 0 1 1 1 0 1 1 0 1 1 0 0 0 0 1 1 0 1 1 1 1 1 1 0 1 0 0 1 0 1 0 0 1 1 1 1 0 1 0 1 1 1 0 0 0 1 0 0 1 0 0 1 1 1 0 1 0 1 1 1 1 0 0 1 0 1 1 1 0 1 0 0 1 0 1 0 0 1 1 1 0 1 1 1 1 0 0 0 0 0 0 0 0 0 0 0 1 1 0 0 0 0 0 1 0 0 1 0 0 0 1 1 1 0 1 0 0 0 0 1 1 1 1 0 0 1 0 1 0 0 1 1 1 1 1 0 1 0 1 1 0 0 0 1 1 1 1 0 0 1 0 1 0 1 1 1 1 38 1 0 1 1 0 0 1 1 1 1 0 0 1 1 1 1 1 0 0 1 0 1 0 1 1 1 1 0 1 1 0 1 1 1 0 1 1 1 1 0 0 0 0 0 0 0 1 1 1 1 0 1 1 0 0 1 0 1 1 0 1 1 0 
1 1 0 1 0 1 0 0 1 1 1 1 0 0 0 0 0 1 1 1 1 0 1 1 0 0 1 1 1 1 1 1 0 0 1 0 0 1 1 0 1 0 0 1 0 0 1 1 1 1 0 0 1 0 1 1 0 1 1 0 0 1 0 0 1 1 1 1 1 1 1 1 1 0 0 1 1 1 1 0 0 0 1 0 1 0 0 1 1 1 0 0 1 0 1 0 0 0 0 1 1 1 1 1 0 0 1 0 0 1 0 1 0 1 0 1 0 1 1 1 0 1 1 1 0 0 1 0 1 1 0 0 0 0 1 1 0 0 1 0 1 1 0 0 1 1 0 1 1 0 0 1 1 1 1 1 1 1 1 99 0 0 0 0 1 1 0 0 1 1 0 0 0 0 0 0 1 0 0 1 1 1 1 0 1 1 0 0 1 0 0 0 1 0 0 1 0 0 0 1 0 1 0 1 1 0 0 0 1 0 0 1 1 1 0 0 0 1 0 0 1 1 
1 0 0 0 0 1 1 0 0 0 0 1 0 1 1 1 1 1 0 1 1 0 0 0 1 1 1 1 0 0 0 1 1 0 0 1 1 1 1 1 1 1 1 1 1 1 1 0 0 0 0 0 0 0 1 0 0 1 0 0 0 0 1 1 0 1 0 0 0 1 1 1 1 1 1 1 0 0 0 1 0 0 0 1 0 0 0 0 0 1 1 1 1 1 1 0 1 0 0 0 0 0 0 1 0 1 0 1 0 1 0 0 0 0 1 0 0 1 0 1 1 1 0 0 1 0 1 0 1 1 0 1 1 0 1 0 1 0 0 0 1 1 0 1 0 0 0 0 0 0 1 0 1 0 0 1 1 1 1 1 17 1 0 1 0 0 0 0 0 0 0 1 0 1 0 0 1 0 0 1 1 0 0 1 0 1 1 0 0 0 0 0 1 0 1 0 1 1 0 0 1 0 0 0 1 0 1 0 1 0 0 0 0 1 0 1 1 0 1 1 0 1 
0 1 1 1 0 1 1 1 0 1 0 0 0 0 1 0 1 1 1 1 1 1 1 1 0 1 0 1 1 0 1 0 0 1 1 1 0 1 0 0 0 0 0 1 1 1 0 0 1 0 0 1 1 0 1 0 1 0 0 1 1 0 0 0 0 1 1 0 0 1 0 1 0 1 0 1 1 0 1 0 0 0 1 1 0 1 1 0 0 1 1 0 0 1 0 0 0 0 1 0 1 1 1 0 1 1 1 1 0 0 1 0 0 0 0 0 1 0 0 0 1 1 1 0 1 1 0 0 1 1 0 1 1 0 0 1 1 1 0 1 0 1 1 0 0 0 0 0 1 0 1 1 0 0 1 1 1 0 0 0 1 23 0 1 0 0 0 1 1 0 1 1 0 0 0 0 1 0 1 0 0 0 0 0 0 1 0 0 1 0 1 0 0 0 0 0 1 0 1 1 0 0 1 1 1 0 1 0 0 1 1 1 1 1 0 1 0 1 0 1 1 1 
1 1 1 1 0 0 1 1 1 0 1 1 0 0 0 0 1 1 0 1 0 0 0 0 0 1 0 1 0 1 0 0 0 1 0 0 0 0 0 0 1 1 0 0 1 1 1 0 1 0 0 1 1 0 0 0 0 1 1 1 0 1 0 0 0 1 0 0 1 1 1 0 0 0 0 0 0 0 0 1 0 0 0 0 0 0 0 0 1 0 0 0 0 0 1 1 0 1 1 0 1 0 0 1 1 0 1 0 0 0 0 1 0 0 0 1 0 1 1 0 1 0 0 1 0 1 0 0 1 0 1 0 1 0 0 1 0 1 0 1 1 1 0 0 1 1 0 0 0 0 1 1 1 0 1 1 1 0 0 1 1 0 40 1 1 0 0 0 0 0 0 1 0 0 0 1 1 0 0 0 1 0 0 1 0 1 1 1 0 1 0 0 0 0 0 0 1 0 1 0 0 1 0 0 0 0 0 1 0 1 0 0 1 0 1 0 1 1 0 1 1 0 
1 1 1 0 1 1 0 1 0 1 1 0 1 1 1 0 1 0 1 1 1 1 1 0 0 1 0 0 0 0 0 1 1 1 0 0 1 1 0 0 0 1 0 0 0 0 0 1 0 0 0 1 0 0 1 0 0 1 1 1 1 0 0 0 1 0 1 1 1 1 0 1 1 1 1 1 0 1 0 0 1 0 1 0 0 0 1 0 1 1 0 1 1 0 0 1 1 0 0 1 1 0 0 1 0 0 1 1 1 1 0 0 1 0 0 1 0 0 0 0 1 0 1 1 0 1 0 0 0 0 0 0 0 0 1 0 0 0 1 0 0 0 1 1 0 0 0 0 1 1 1 1 0 1 0 1 1 1 0 1 1 1 0 7 1 0 1 0 0 0 0 1 1 1 1 1 1 0 1 1 0 1 1 1 1 0 1 0 1 0 1 1 0 0 1 0 0 1 1 1 0 1 1 0 0 0 0 1 0 1 1 1 1 1 1 1 0 0 1 1 0 1 
1 0 1 1 1 1 0 1 1 1 1 1 0 1 0 0 0 0 1 0 0 1 0 0 0 1 1 1 0 1 1 1 1 1 0 0 0 0 1 1 0 1 0 1 0 1 1 1 1 0 1 0 0 1 1 0 0 0 1 0 1 0 1 0 1 0 1 0 1 0 1 1 1 0 1 1 1 1 1 0 0 0 1 0 1 0 1 1 1 0 1 0 1 1 1 0 0 0 0 0 1 0 0 0 0 1 1 1 0 0 1 1 0 1 0 1 0 0 0 0 0 0 0 1 1 1 0 1 1 0 1 0 0 1 0 0 0 0 1 1 1 0 1 0 0 1 1 0 0 0 1 0 1 1 0 1 1 0 0 0 0 1 0 1 4 0 1 1 1 0 1 1 0 0 1 1 1 1 0 0 0 1 1 0 0 0 0 1 0 1 0 0 0 1 1 0 0 1 0 0 0 0 0 1 0 1 1 0 1 0 0 1 0 0 1 1 0 1 0 0 1 1 
0 1 0 0 1 1 0 0 1 0 1 1 1 1 1 0 1 0 1 0 1 1 1 0 1 0 0 0 1 0 0 0 1 0 1 0 0 1 0 1 1 0 1 1 0 1 0 1 1 0 0 1 0 1 0 1 1 0 0 0 0 0 1 0 1 1 0 1 0 1 0 1 0 0 1 0 1 1 1 0 0 1 0 1 0 1 0 0 0 0 0 1 0 1 1 0 1 0 0 1 1 0 0 1 0 1 1 0 1 0 1 1 1 0 0 0 1 1 1 1 1 1 1 0 0 1 0 1 1 1 1 1 1 1 0 1 0 0 0 1 0 1 1 1 0 0 1 1 1 1 0 0 1 1 1 1 0 0 1 1 1 0 0 0 0 73 1 1 0 1 1 1 0 1 1 0 0 0 0 1 1 1 1 0 1 1 0 0 1 1 0 0 1 0 1 1 0 0 1 1 1 1 1 0 1 0 0 1 1 1 1 0 1 1 1 0 1 1 1 1 0 1 
0 0 1 0 1 1 1 0 0 1 0 0 0 0 0 0 0 1 1 0 1 1 1 0 0 0 0 0 1 1 0 1 0 0 1 0 0 1 1 1 1 0 1 0 0 1 0 0 0 0 0 1 0 1 0 1 1 0 0 0 0 1 1 1 0 1 1 0 0 1 0 0 1 0 0 0 0 0 0 0 0 1 0 1 0 1 1 0 1 0 1 1 1 1 1 0 0 0 1 0 1 0 1 0 0 0 0 1 1 0 1 0 1 1 1 0 1 0 0 0 1 1 1 0 1 0 1 0 1 0 1 0 1 0 1 0 0 1 0 1 0 0 0 1 1 0 1 0 0 1 1 1 1 0 1 0 0 0 1 1 0 0 0 0 0 1 11 0 0 1 1 0 0 0 0 0 0 1 1 1 1 0 0 1 1 1 1 0 1 0 1 1 0 1 0 1 0 1 0 1 0 0 0 1 0 0 1 0 0 1 0 1 0 1 1 0 0 1 1 0 1 0 
0 1 0 0 1 0 0 0 0 1 1 0 1 1 0 1 0 1 0 0 0 0 0 0 1 0 1 1 1 1 0 1 1 1 0 0 1 1 0 0 1 0 0 0 1 1 1 1 1 1 1 0 0 1 0 0 0 1 1 0 1 1 1 0 0 0 0 1 0 1 0 1 0 1 0 1 0 0 1 1 1 1 1 1 1 0 1 0 0 1 1 0 0 0 0 1 1 1 1 1 1 1 0 0 1 0 1 0 1 0 1 1 1 0 1 0 1 1 0 0 1 0 1 1 1 1 1 0 0 0 0 1 0 0 1 1 0 0 1 1 1 0 1 1 0 1 1 1 1 0 0 1 0 1 0 1 0 0 0 1 0 0 1 0 1 0 1 38 1 0 0 0 0 0 0 0 1 1 1 1 1 1 1 1 0 1 1 0 1 1 0 1 0 1 1 0 0 0 1 1 0 1 1 1 0 1 1 1 0 1 0 0 0 0 0 1 1 1 0 0 1 1 
0 0 1 0 0 0 0 1 1 1 0 1 1 1 0 0 1 0 1 1 0 0 0 0 1 1 0 0 1 0 1 0 0 1 1 1 1 0 0 0 0 0 0 0 1 1 0 1 1 0 0 0 0 1 0 1 0 1 1 0 1 1 0 0 1 1 0 1 0 0 1 1 1 1 0 1 0 0 0 1 0 1 0 0 1 0 1 0 1 0 0 1 1 1 0 1 1 0 0 0 1 0 1 0 1 1 1 0 0 0 0 0 0 0 0 0 1 1 1 1 0 0 0 1 0 1 0 1 0 1 1 1 0 1 0 0 1 1 0 1 1 1 1 0 1 1 0 1 0 0 1 1 1 0 1 0 1 0 1 0 0 0 1 1 1 1 1 0 94 0 1 1 1 0 0 0 0 0 0 1 1 0 0 1 0 0 1 1 1 1 1 1 0 1 1 0 0 1 0 1 1 0 0 1 1 0 1 0 0 1 1 1 1 0 0 0 1 1 0 0 1 0 
0 1 0 0 1 1 0 1 0 0 0 1 1 0 1 0 0 0 1 0 0 1 1 0 0 0 0 0 0 0 0 0 1 0 0 0 0 0 0 1 1 0 1 1 0 1 0 1 1 1 0 0 1 1 1 1 0 0 0 0 0 1 0 0 1 0 1 0 0 0 0 0 1 0 0 1 1 0 1 0 1 0 1 0 0 1 0 0 1 0 1 0 0 1 1 1 0 1 0 0 1 0 0 1 1 0 1 0 1 0 0 0 0 0 1 0 0 0 0 1 0 0 1 1 1 1 0 1 0 1 1 0 1 0 1 0 0 0 0 1 0 0 0 1 1 0 0 1 0 0 0 0 0 1 1 1 1 0 1 0 1 0 0 1 0 0 1 0 0 2 0 0 1 0 1 1 0 1 0 0 0 1 1 0 1 0 0 0 1 1 1 1 0 0 1 1 1 0 0 0 0 0 1 0 0 0 1 1 0 1 1 1 0 0 0 1 0 1 0 1 1 0 
1 0 0 0 0 0 1 1 1 1 0 1 1 0 0 1 0 0 0 1 1 0 0 1 0 0 1 1 0 1 0 0 0 0 0 1 1 1 0 0 1 1 1 0 1 0 0 0 1 0 0 0 1 1 1 0 0 1 1 1 0 0 1 1 1 1 1 0 0 0 1 0 1 0 0 1 1 1 1 1 0 1 0 0 0 0 0 0 0 1 1 1 0 0 0 1 0 1 0 1 0 0 1 1 1 0 1 0 0 0 0 0 1 1 0 1 0 0 1 1 1 1 1 0 1 0 1 0 0 0 0 0 0 1 1 1 0 1 1 1 0 0 1 1 0 0 0 0 1 0 1 1 1 1 1 0 1 1 0 0 0 0 0 0 0 0 1 0 1 1 22 1 0 0 1 1 0 0 0 0 1 0 1 1 0 1 1 1 1 0 0 0 1 0 1 1 0 0 1 1 0 0 1 1 1 0 1 1 0 0 1 1 0 1 0 1 1 0 1 0 0 1 
0 0 0 0 1 0 1 1 0 1 0 1 1 0 1 1 0 0 1 1 1 0 1 1 1 0 1 0 1 0 1 1 0 1 0 1 0 1 0 0 0 1 0 0 0 0 0 1 1 1 1 1 0 1 0 1 0 1 0 1 1 0 0 1 1 1 0 1 0 0 0 1 0 0 1 0 1 1 1 0 1 0 0 1 1 0 1 1 1 1 0 1 0 1 1 0 0 0 1 0 1 1 1 1 1 0 1 0 1 0 0 1 0 0 0 0 0 0 1 1 1 1 1 1 0 0 1 0 1 0 1 0 1 0 0 1 1 0 0 1 0 0 1 0 0 0 1 1 0 0 1 0 0 1 0 0 0 1 1 1 1 0 1 0 1 0 1 1 0 1 1 32 1 0 0 1 0 0 0 1 1 1 1 0 0 0 1 0 0 1 0 0 0 0 1 1 0 1 0 0 1 1 1 0 1 1 0 0 0 0 0 0 1 1 0 0 1 1 1 0 0 0 
1 1 0 1 1 0 0 0 0 1 0 1 0 1 1 1 1 0 1 1 1 0 1 0 1 0 1 1 0 0 0 1 0 1 0 0 1 0 0 0 0 1 1 0 0 1 1 0 1 0 1 0 1 0 0 0 1 1 1 0 0 0 0 0 0 0 1 1 1 0 0 1 0 1 1 0 0 1 0 1 0 1 1 0 0 1 0 0 0 0 0 1 1 0 1 1 0 0 1 1 0 1 0 1 1 0 1 0 1 1 1 0 0 0 1 1 0 0 1 0 0 0 1 1 0 0 1 0 0 1 1 1 1 1 0 0 0 0 0 1 0 0 0 1 0 1 1 1 0 0 0 1 1 0 0 1 1 0 0 1 0 0 1 0 1 1 1 0 1 0 0 0 59 0 1 0 1 1 1 0 0 1 0 0 0 1 1 0 1 0 0 1 0 1 1 0 0 0 1 1 1 1 1 1 1 1 1 1 1 0 0 0 0 0 0 0 0 1 0 0 1 0 
0 1 1 0 0 0 0 1 1 1 0 1 1 1 1 1 0 0 1 0 1 0 0 1 1 1 0 1 1 1 1 0 1 1 0 0 1 0 0 0 1 1 1 0 0 1 0 1 1 0 1 0 0 1 0 0 1 0 0 1 0 0 0 1 1 0 1 0 1 0 1 1 1 0 1 0 0 0 1 1 1 1 0 1 0 1 0 0 1 1 1 0 1 0 0 1 1 0 1 1 0 0 0 1 0 1 1 1 0 1 1 0 0 0 1 1 1 0 1 1 0 1 1 0 1 1 0 0 0 0 1 0 1 0 0 0 0 0 1 1 1 1 1 1 0 1 0 0 0 1 1 0 0 1 0 0 0 1 0 0 1 0 0 1 1 0 0 1 0 0 0 1 1 11 1 1 0 1 0 0 0 1 0 1 0 1 1 0 1 1 0 0 1 0 0 1 0 0 0 1 0 0 0 1 1 0 0 0 1 0 1 1 0 1 1 0 1 1 1 1 0 1 
0 0 0 1 1 1 0 1 1 0 1 1 0 1 1 0 0 0 0 1 1 0 1 0 1 1 1 0 1 0 1 0 1 1 0 1 0 0 0 0 1 0 1 1 1 1 1 1 1 1 0 1 0 1 1 0 1 1 1 0 0 0 0 0 0 1 0 1 1 1 0 0 1 1 0 0 0 1 1 0 1 1 0 0 0 1 1 1 0 0 0 1 1 0 0 0 1 0 0 1 0 0 0 0 0 1 0 1 1 0 1 1 1 1 0 0 1 0 1 0 1 0 1 1 0 1 1 1 0 0 0 1 0 1 1 1 0 0 0 1 0 0 0 1 0 1 1 0 0 1 0 1 0 0 1 1 1 0 1 0 1 0 1 0 0 0 0 1 1 1 0 1 1 0 47 0 0 1 1 0 0 0 0 1 0 1 0 1 0 0 1 1 0 1 1 0 1 0 1 0 0 0 1 0 0 0 1 1 0 1 1 0 0 1 0 0 0 0 1 0 1 0 
1 1 0 1 0 1 1 1 0 1 0 0 0 0 1 1 1 0 1 0 1 1 1 0 1 0 0 1 1 0 1 1 1 1 0 0 1 0 1 0 0 1 0 1 1 0 0 1 0 0 1 1 0 0 1 1 0 0 0 1 1 1 0 1 1 1 0 0 1 0 1 0 1 0 1 1 0 0 1 0 1 0 0 0 0 1 0 1 1 0 1 1 1 0 0 1 0 0 0 1 1 0 0 0 0 1 0 0 1 1 0 1 0 0 1 1 0 0 0 0 0 1 1 1 1 0 1 1 1 1 1 1 1 0 1 1 1 1 0 0 0 1 0 1 0 1 0 0 1 0 1 1 1 1 0 1 1 1 1 0 1 1 1 1 1 1 0 0 1 1 1 0 0 0 0 86 0 1 1 0 0 0 0 1 0 1 1 1 1 1 1 1 1 1 0 1 1 1 0 1 1 1 0 1 1 0 1 1 1 1 1 0 0 0 0 1 0 1 0 1 1 1 
0 1 1 0 0 1 1 1 0 1 1 0 1 0 1 0 1 0 0 1 1 1 0 0 0 0 1 0 1 1 1 0 1 0 1 1 0 0 0 1 1 0 0 0 1 1 0 0 1 0 1 1 0 0 1 0 0 0 1 0 0 1 1 0 1 0 0 1 0 0 1 0 1 0 1 1 0 0 0 0 1 0 0 1 1 0 0 1 1 0 0 1 0 1 1 0 1 1 1 1 1 0 1 1 0 0 1 0 0 0 1 1 0 1 0 0 0 1 0 1 1 1 1 0 1 0 0 0 1 1 1 0 0 1 1 0 1 0 0 0 0 0 1 1 1 1 0 1 0 1 1 1 0 0 0 1 0 1 0 1 1 0 0 0 1 0 1 0 0 1 0 1 1 1 0 1 51 1 1 0 1 1 1 0 1 0 1 0 0 0 0 1 1 1 1 1 0 0 1 0 1 1 0 1 1 0 1 0 0 0 1 0 0 1 0 1 0 0 1 0 0 0 
1 1 0 1 0 0 0 1 0 1 0 0 0 1 1 1 1 0 1 0 1 0 1 1 1 1 0 1 0 0 1 0 1 0 0 0 0 1 1 1 0 0 1 0 1 1 1 1 1 0 1 0 1 0 0 0 1 1 0 1 0 0 1 0 0 0 0 0 0 0 1 1 1 1 0 1 0 1 0 0 0 0 0 0 0 0 1 1 0 0 0 1 0 1 0 1 0 0 1 0 1 1 1 1 0 1 1 1 0 1 0 0 0 0 0 0 1 1 0 1 0 0 0 1 0 1 1 0 1 1 0 1 0 0 1 1 0 0 0 0 1 1 0 0 0 1 0 1 0 0 1 0 1 1 1 0 1 0 0 1 1 1 1 1 1 0 1 1 0 0 1 0 1 0 1 1 1 32 0 1 1 1 1 0 0 1 1 1 0 1 0 0 0 1 1 1 1 0 0 0 0 1 0 0 1 1 1 1 0 0 1 0 0 1 1 1 0 0 0 1 0 0 
1 0 0 0 1 0 1 0 0 0 1 1 0 0 0 0 1 0 1 0 1 1 0 1 0 1 0 0 0 0 1 0 1 1 0 0 0 1 1 0 0 1 1 1 0 0 0 0 0 1 0 0 1 1 1 0 1 0 1 0 0 0 0 0 0 1 0 1 1 0 1 0 0 1 1 1 0 1 1 0 0 1 1 1 0 0 0 0 1 1 0 0 0 1 1 1 1 0 0 0 0 1 1 0 0 0 0 0 0 0 1 1 1 0 1 0 1 1 0 1 0 1 0 0 0 0 0 1 0 0 1 0 1 0 1 1 0 1 0 0 0 1 1 1 0 0 0 1 1 1 0 1 0 0 1 0 0 1 0 1 0 0 1 0 1 1 1 0 1 0 1 1 1 0 1 1 0 1 40 1 1 1 1 1 0 0 0 1 0 0 1 1 1 1 1 1 1 0 0 1 0 0 1 1 1 0 0 0 1 1 1 0 0 0 1 1 0 1 1 0 1 1 
1 1 1 0 1 0 1 1 1 0 0 1 0 0 1 0 0 1 0 0 0 1 0 0 1 0 0 0 0 0 0 0 1 1 1 0 1 1 0 1 1 1 0 0 1 1 0 0 1 1 0 1 1 1 1 1 1 0 1 0 0 0 1 1 1 0 0 0 0 0 1 1 0 0 0 0 0 0 0 0 0 1 0 1 1 1 1 1 0 1 0 0 1 0 0 0 1 0 0 1 1 1 1 1 1 1 1 1 1 1 0 1 0 0 1 0 1 0 1 1 1 1 0 1 1 0 0 0 0 0 1 1 1 0 1 1 1 0 0 0 0 0 1 1 0 0 0 1 0 1 1 0 1 1 0 1 1 1 1 0 1 0 0 0 0 1 1 0 1 1 1 0 0 1 1 1 1 0 1 21 1 1 0 1 1 1 1 1 0 0 0 0 1 0 0 1 1 0 1 1 0 0 0 0 0 1 0 1 1 1 1 1 0 0 1 0 0 0 1 1 1 1 
0 1 1 0 0 0 1 1 0 0 0 0 1 0 1 0 1 1 0 0 0 0 0 0 0 0 0 1 0 0 0 1 0 1 0 0 0 0 0 0 0 0 0 1 0 0 0 1 0 0 0 0 1 1 1 0 0 1 0 0 1 1 0 1 1 1 0 0 0 1 1 0 0 0 1 0 0 1 1 1 1 0 1 1 1 0 0 1 0 1 1 1 0 0 1 1 1 1 1 1 1 1 0 0 1 0 0 0 0 0 1 1 1 0 1 1 1 1 0 0 1 0 1 1 1 1 0 0 1 1 0 1 0 0 0 1 0 1 0 0 1 1 0 0 0 0 1 0 1 0 1 1 1 0 1 1 0 0 0 0 0 0 1 0 1 1 0 0 1 0 0 1 0 0 1 1 1 0 0 1 4 1 1 1 0 1 0 0 0 1 1 0 1 1 0 0 1 1 0 1 0 1 0 1 1 0 0 1 1 0 1 1 0 0 0 1 1 0 0 0 0 0 
0 1 1 1 1 0 0 1 1 1 1 0 1 0 0 0 0 0 1 0 0 1 0 0 0 0 1 0 1 0 0 1 0 0 1 0 1 0 0 1 1 1 1 0 1 1 1 0 1 0 0 0 0 0 1 1 0 1 0 0 0 1 0 0 0 1 0 0 1 0 0 0 0 1 1 1 1 1 0 1 0 0 0 1 1 0 0 1 0 1 1 0 0 0 0 0 0 0 1 1 1 1 0 0 1 1 0 1 1 0 0 0 1 0 0 0 1 0 0 0 0 0 1 1 0 0 0 0 0 0 1 0 1 0 0 1 0 1 0 0 0 0 0 0 0 0 0 0 1 1 1 1 0 1 1 0 1 0 0 1 1 0 0 1 1 0 0 1 1 1 1 1 0 1 0 0 1 1 1 1 1 64 0 0 1 0 1 0 0 1 1 1 0 1 0 1 1 0 1 1 0 0 1 1 1 0 1 0 0 1 0 1 1 0 0 0 0 0 0 0 1 0 
0 0 0 1 0 0 1 1 1 0 0 0 0 0 1 1 0 1 0 1 0 0 0 0 0 1 0 1 0 1 0 0 0 0 0 0 0 0 1 0 1 1 1 1 1 0 1 1 1 0 0 1 0 1 1 0 0 1 1 0 1 1 1 0 0 1 0 0 0 1 1 0 0 1 0 1 0 1 1 0 0 0 0 0 0 1 1 0 1 1 0 1 1 0 0 1 0 1 1 0 0 0 1 1 1 1 0 1 1 0 1 1 0 1 1 1 0 0 0 1 0 1 1 1 1 0 1 1 1 0 1 0 1 0 0 1 1 1 0 1 0 1 0 1 0 1 0 0 1 1 0 0 1 0 0 0 0 1 1 1 1 0 1 0 0 0 1 1 0 1 0 0 0 0 1 0 0 0 1 1 1 0 49 0 0 1 1 1 1 1 1 0 1 1 1 0 1 1 0 0 0 0 1 1 0 0 1 0 0 1 0 0 0 1 1 0 1 0 1 0 1 0 
0 0 0 1 0 0 0 1 0 0 1 0 0 1 1 0 0 1 1 0 1 1 1 0 0 1 1 1 1 0 0 0 1 1 0 0 0 1 1 0 0 1 0 1 0 1 0 1 0 1 0 1 1 0 1 0 0 0 1 1 0 0 0 1 1 1 0 0 1 0 1 1 1 0 0 1 1 0 0 0 1 1 0 0 0 1 1 1 1 1 0 0 1 0 1 1 0 1 1 1 0 0 1 1 0 0 1 1 0 1 1 1 0 0 0 1 1 0 0 0 0 1 1 0 0 0 1 1 1 0 0 1 1 0 1 1 1 0 0 0 0 0 1 0 1 0 0 1 0 0 0 0 0 0 0 0 1 0 0 0 0 0 0 1 1 0 1 0 1 1 0 0 1 0 0 1 0 0 0 0 1 1 0 42 0 1 1 0 1 0 0 1 1 0 0 0 1 1 1 1 0 1 0 0 0 0 0 0 0 0 1 1 0 1 0 1 1 0 1 0 1 1 
1 1 0 0 0 1 0 0 0 1 0 0 1 1 1 0 0 0 1 1 1 1 0 1 0 1 1 0 0 1 0 1 0 0 0 1 0 0 0 1 1 1 0 1 0 1 1 0 1 1 0 1 0 1 0 1 1 0 1 1 1 0 1 0 1 0 0 1 0 1 0 1 1 1 0 0 1 1 0 0 0 1 0 0 1 0 0 0 1 0 0 1 1 1 0 1 0 0 1 1 1 1 0 1 0 1 0 1 0 0 0 1 1 1 0 0 0 0 1 1 0 0 0 0 1 0 1 0 1 1 0 1 0 0 0 0 0 1 1 0 0 1 1 0 0 1 1 1 1 1 1 0 0 1 1 0 0 0 0 0 0 0 1 0 1 1 1 1 1 0 0 1 0 1 0 0 1 1 0 0 1 0 1 0 7 1 0 1 1 1 0 0 1 0 1 0 0 0 1 1 0 1 1 0 0 1 0 1 1 0 0 0 1 1 1 1 0 1 0 1 0 1 
1 1 0 1 0 1 1 1 1 1 1 1 0 0 0 1 1 1 0 1 0 0 1 0 0 0 0 0 0 0 1 1 1 0 1 1 0 1 1 1 0 1 0 1 1 1 1 0 0 1 1 1 1 0 0 0 1 0 0 0 1 0 0 0 0 0 1 1 0 1 1 0 1 1 0 1 1 0 1 0 0 0 1 0 1 0 0 1 1 0 0 1 1 0 0 1 1 0 1 0 1 0 0 1 1 1 0 0 0 0 0 0 0 1 1 0 1 0 1 0 0 1 1 1 1 1 1 0 1 0 1 0 1 1 0 1 0 1 0 1 0 1 1 0 0 1 0 0 1 1 0 0 0 1 0 0 0 0 0 0 1 0 0 0 0 0 0 0 0 0 0 0 1 0 0 0 1 1 1 0 1 1 1 1 0 8 1 0 1 0 1 0 1 1 0 1 0 0 1 0 1 0 1 0 1 1 1 0 0 0 0 1 1 0 1 1 0 1 1 0 1 0 
0 1 1 0 1 0 0 1 0 1 1 0 1 0 0 1 0 1 1 0 1 1 0 1 0 1 1 1 0 0 0 1 0 0 1 0 1 1 1 0 1 1 1 1 0 1 0 1 1 0 1 1 1 0 0 0 1 0 1 1 1 1 0 1 0 1 1 0 0 0 1 1 0 0 1 1 0 0 0 1 1 1 1 0 1 1 0 1 1 0 1 0 1 0 1 0 0 1 0 0 1 1 1 0 0 0 0 0 0 0 0 0 1 0 1 0 1 0 0 1 1 1 0 0 0 0 0 1 0 1 1 0 1 1 0 1 1 0 0 1 0 0 1 0 1 0 0 1 1 1 0 1 1 1 1 0 0 1 1 0 1 0 0 1 1 0 0 1 0 1 0 1 1 1 0 1 0 1 0 1 0 0 1 0 0 0 55 1 0 0 1 0 1 0 1 1 1 1 1 1 0 1 1 0 0 1 0 0 1 0 1 1 1 0 1 1 1 1 1 0 0 0 
1 1 1 1 1 1 0 0 0 0 0 1 1 0 0 0 1 0 0 0 1 1 1 0 0 1 1 1 1 1 0 1 1 0 0 0 1 0 1 1 0 1 0 1 0 0 1 1 0 1 0 0 1 1 0 1 0 1 0 0 1 0 1 0 1 0 0 1 1 0 1 0 1 0 0 1 0 1 0 0 0 0 0 1 1 0 0 0 1 0 1 1 1 0 0 1 0 1 1 1 0 0 1 0 0 1 0 1 1 1 1 0 1 0 1 0 0 1 1 0 0 1 1 0 0 1 0 0 1 0 1 1 0 0 0 1 0 1 1 0 1 1 0 1 0 0 0 1 0 1 1 0 1 0 1 0 0 0 0 1 0 0 0 1 1 0 1 0 0 0 1 1 1 0 1 1 0 0 1 0 1 0 1 0 1 1 1 96 0 0 0 0 0 1 1 1 1 0 0 1 0 1 1 1 1 1 1 0 1 1 1 0 1 1 1 0 1 1 0 1 1 1 
0 1 0 1 0 1 0 1 0 0 0 1 0 1 0 0 0 1 1 1 0 0 0 1 1 0 0 1 0 1 1 0 1 0 0 0 0 0 0 0 1 1 0 0 1 0 1 0 1 1 1 0 1 1 1 1 0 0 0 1 1 1 1 0 1 0 0 1 1 0 0 1 0 0 0 0 1 1 0 1 1 0 0 0 0 0 0 0 1 0 0 1 1 1 0 1 1 0 1 1 0 1 1 0 0 1 1 1 0 1 1 0 1 1 1 0 1 0 1 1 0 1 0 1 1 1 0 0 1 0 0 0 1 1 0 0 1 0 0 1 0 0 1 0 0 1 1 1 0 0 0 1 0 0 1 0 0 1 1 0 0 0 1 1 1 1 1 0 0 1 1 0 1 0 1 0 0 0 1 1 1 0 1 1 1 1 1 0 0 1 0 0 0 1 0 0 0 1 1 1 1 1 1 0 0 0 0 0 1 1 0 0 1 0 1 1 0 0 0 0 0 0 
0 0 1 1 0 0 0 1 0 1 1 1 1 1 0 0 1 0 1 0 1 1 0 0 1 1 0 0 1 1 0 0 0 1 0 0 1 1 1 0 1 1 1 0 1 1 1 0 1 1 1 0 1 1 1 0 0 1 1 0 1 0 0 0 1 0 1 1 1 1 0 0 1 0 0 1 0 1 1 0 0 1 0 1 0 1 0 1 0 1 0 0 0 1 0 1 0 1 1 0 0 1 1 1 0 0 1 0 1 1 1 0 0 0 1 0 0 1 0 0 1 1 1 0 0 1 0 0 0 1 0 0 0 0 0 0 1 0 0 1 0 0 1 0 0 1 0 0 1 1 1 0 0 1 0 0 1 1 1 1 0 1 0 1 0 0 1 1 1 1 0 0 1 0 0 0 0 1 1 1 1 1 0 0 0 1 0 0 1 11 0 0 1 1 1 1 1 0 1 1 0 0 0 1 1 1 1 0 0 0 0 0 0 1 0 1 0 0 0 1 0 1 
0 0 0 0 0 1 1 0 0 1 1 0 0 0 0 0 1 0 1 1 0 0 1 0 1 1 1 1 1 0 0 1 0 1 0 0 1 1 1 0 1 1 0 1 0 1 1 0 1 1 1 1 1 0 1 0 0 1 1 1 0 0 0 1 0 1 1 1 1 0 1 0 1 1 0 1 0 1 0 1 0 0 1 1 0 0 1 0 0 1 0 1 1 0 0 1 0 0 0 0 0 0 1 0 1 1 1 1 1 0 0 1 0 0 1 0 0 1 1 1 1 1 1 1 0 0 1 0 0 0 0 0 0 0 1 0 0 0 0 1 0 1 0 1 0 0 1 0 1 1 0 1 0 0 0 0 0 1 0 0 1 0 1 0 1 1 1 0 0 0 1 1 0 0 0 0 1 0 1 1 0 1 1 1 0 1 1 1 0 0 56 1 0 0 1 1 0 0 1 0 0 1 1 0 1 0 1 1 1 0 0 0 1 0 0 1 0 0 1 1 0 0 
1 0 0 0 1 0 0 0 1 0 1 1 0 1 0 0 0 0 1 0 0 1 1 0 0 1 1 0 1 0 0 1 0 0 1 1 1 0 0 1 1 1 1 1 1 1 0 1 0 0 0 0 1 0 0 1 0 1 1 0 0 0 1 1 1 0 0 1 0 0 0 1 1 0 0 0 0 0 1 0 0 1 0 1 1 0 1 0 0 0 0 0 0 0 0 0 1 0 0 1 0 1 1 0 1 0 0 1 1 1 1 0 0 0 1 0 0 1 0 1 0 0 1 1 0 1 1 0 0 0 1 0 1 1 1 1 0 1 0 0 1 0 1 0 0 0 0 0 1 0 0 0 0 1 0 0 1 0 0 1 0 1 1 1 0 0 1 0 0 0 1 1 0 0 1 1 1 0 1 1 1 1 1 0 0 1 1 1 1 1 1 73 0 0 1 0 0 1 0 1 0 0 1 0 1 0 1 0 0 1 0 0 1 0 1 1 1 1 1 1 0 1 
1 1 1 0 1 1 1 1 1 1 0 1 1 0 0 0 1 1 1 0 1 1 1 1 0 0 1 1 0 1 1 0 1 0 0 1 0 0 1 0 0 0 0 1 0 1 0 0 1 0 1 0 0 1 0 1 0 1 0 0 0 0 1 1 0 1 0 1 1 1 0 0 1 0 0 1 1 1 1 1 0 0 1 0 0 0 0 1 1 1 0 0 1 0 1 1 1 0 1 1 0 0 1 1 0 1 1 1 0 0 1 1 0 1 0 1 0 0 0 1 1 1 0 1 1 0 0 1 1 0 1 0 0 0 1 1 1 1 0 0 0 0 0 1 0 1 1 0 1 0 0 1 0 1 1 0 0 1 1 1 0 0 1 1 0 1 0 0 1 0 0 1 1 1 1 1 0 0 1 0 0 0 0 1 0 0 0 1 1 1 1 1 27 0 0 1 1 1 0 0 1 0 1 1 1 0 0 1 1 1 1 1 0 1 1 1 1 0 1 0 1 1 
0 0 0 1 0 1 1 1 0 1 1 1 1 0 1 0 0 1 1 1 1 0 0 0 0 0 1 1 0 0 0 0 1 1 1 1 1 1 0 0 1 0 0 0 1 0 1 0 1 0 1 0 1 0 0 1 0 1 1 1 0 0 1 0 0 1 1 0 1 1 1 1 1 0 0 1 1 1 0 0 1 0 1 0 1 1 1 1 1 1 0 1 1 0 0 1 1 1 0 0 1 0 1 1 0 1 0 0 1 0 0 0 0 0 0 0 1 0 0 0 0 0 1 0 1 1 0 0 0 1 0 0 1 0 1 1 0 0 1 0 1 0 1 0 0 0 1 0 1 1 1 1 1 0 0 0 1 0 0 1 0 1 0 1 1 1 0 1 0 0 1 0 0 1 0 1 1 0 0 1 1 1 1 1 0 1 0 0 0 0 0 0 1 21 0 0 1 0 1 1 1 1 0 0 1 0 1 1 1 1 0 0 0 0 0 1 1 1 0 1 1 0 
0 0 0 0 0 1 0 0 0 1 1 1 0 1 1 1 1 0 0 1 0 1 1 0 1 0 0 0 0 0 1 1 0 1 1 1 1 0 1 1 1 1 1 0 0 1 1 1 1 0 0 0 0 1 0 0 0 1 1 0 0 0 1 0 0 0 0 0 0 1 0 0 1 1 1 1 0 1 0 1 0 1 1 0 0 1 0 0 0 1 1 0 0 0 0 1 0 1 1 1 0 1 1 0 0 1 0 0 1 1 0 0 1 1 0 0 1 1 0 0 0 0 1 0 0 1 0 0 0 1 1 1 1 1 1 1 0 1 1 0 1 0 1 1 0 1 0 1 1 0 1 0 0 1 0 1 0 0 1 1 1 1 0 1 0 0 1 1 1 0 1 0 1 0 1 1 0 0 1 1 1 0 0 1 0 0 1 1 1 1 1 1 1 0 30 0 1 0 0 0 1 1 1 1 0 0 0 1 0 0 0 0 0 0 1 1 1 0 0 0 0 0 
0 1 1 1 1 0 0 1 1 0 0 0 0 0 0 0 1 0 1 0 1 0 0 0 0 1 0 1 1 1 0 1 1 0 0 1 1 0 1 1 0 1 1 1 1 1 1 1 0 0 1 0 0 0 1 0 0 0 1 1 0 1 1 1 0 1 1 1 0 0 0 0 1 1 1 1 1 0 1 1 1 1 1 0 1 1 1 1 1 1 1 0 1 0 0 0 0 0 1 0 0 0 0 0 0 0 0 0 1 1 0 1 1 0 0 1 1 1 1 0 0 0 1 1 0 1 1 0 1 1 0 0 0 0 1 1 1 0 1 1 0 1 1 1 0 1 1 0 0 0 1 1 0 0 0 1 0 0 1 1 1 0 0 1 0 0 1 0 0 0 1 1 0 0 1 1 0 1 0 0 0 0 0 0 1 1 1 0 0 0 1 0 0 0 1 64 0 0 1 1 0 1 0 0 1 1 0 0 0 0 1 1 0 0 1 0 0 1 0 0 0 0 
0 1 0 0 0 0 1 1 1 0 0 0 0 0 0 1 0 0 0 1 1 0 1 1 0 1 1 0 1 0 1 0 0 1 0 1 0 1 1 0 1 1 1 1 1 1 1 1 1 1 1 1 0 1 1 0 0 0 0 1 1 1 0 1 0 0 0 1 1 0 0 0 0 0 0 1 1 0 0 0 0 0 1 1 1 1 0 1 1 0 0 1 0 0 0 1 1 1 1 0 0 0 0 1 1 1 1 1 0 0 1 0 0 1 0 1 0 0 0 1 1 1 0 0 1 1 0 0 0 0 1 1 0 1 0 1 0 1 0 1 1 1 1 0 0 1 0 1 1 0 0 1 0 1 0 1 1 0 0 0 1 0 1 0 0 1 0 1 1 1 1 0 1 0 1 1 1 1 1 0 0 1 1 1 0 0 0 1 1 0 0 0 0 1 0 1 56 1 0 1 1 0 0 1 0 1 1 0 0 1 0 1 1 1 0 0 1 0 1 0 1 0 
1 1 1 1 0 0 1 0 0 0 0 1 0 1 0 1 1 1 1 0 0 1 0 0 0 0 0 1 0 0 0 1 1 1 1 0 0 0 1 0 1 1 1 0 1 0 1 1 0 0 0 1 0 1 0 1 1 1 0 0 0 1 0 0 0 0 1 0 0 1 1 1 0 1 0 1 1 0 1 0 0 0 1 1 1 0 1 1 0 1 1 1 0 1 0 0 0 0 1 0 0 1 0 1 1 0 0 0 0 1 0 1 0 0 1 1 0 0 0 0 0 0 1 0 1 1 0 1 1 1 0 0 0 0 1 1 1 0 1 0 1 1 1 0 1 0 1 1 1 1 0 1 0 0 0 0 1 1 1 0 0 0 0 1 0 0 1 1 1 1 0 1 1 0 1 1 1 1 0 1 0 1 0 1 1 1 1 0 0 0 1 0 1 1 0 0 0 25 0 0 1 0 1 1 0 0 0 0 0 1 0 0 1 1 1 0 0 1 0 1 1 0 
1 0 0 1 1 1 0 1 1 1 0 1 0 1 0 1 1 1 1 1 0 0 1 0 0 1 0 1 0 1 1 1 0 1 0 1 0 0 0 0 1 1 1 0 0 1 0 1 1 0 0 0 0 0 1 0 0 0 1 0 1 0 1 1 1 0 1 0 1 0 0 1 0 1 0 0 0 1 1 0 0 0 1 1 0 1 1 1 1 0 1 0 1 1 1 0 0 0 1 1 0 0 0 0 0 1 0 0 0 1 1 1 0 1 1 1 1 0 1 0 0 1 1 0 0 0 1 1 0 1 0 0 0 0 1 1 0 1 1 1 1 0 0 0 0 0 0 0 1 0 1 1 1 0 1 0 1 0 1 0 1 1 1 0 1 0 1 1 1 1 1 0 0 1 1 1 1 1 1 0 1 0 1 1 1 0 0 0 1 0 1 1 0 1 1 1 1 0 38 1 0 0 1 0 0 1 1 1 0 0 0 1 0 0 0 1 1 0 1 0 0 1 
0 0 0 0 0 1 0 0 1 1 1 0 1 1 0 1 1 1 1 0 1 1 0 1 1 0 1 0 1 0 0 0 0 1 1 0 0 0 1 0 0 0 0 0 0 0 0 1 1 0 1 1 1 1 1 1 1 1 0 0 1 0 1 0 1 1 0 1 1 0 1 1 0 0 1 1 0 0 1 0 1 0 1 1 1 0 1 0 0 0 1 0 0 0 1 1 1 1 0 1 1 0 0 1 1 0 0 0 0 1 0 1 0 1 1 1 0 0 0 0 1 1 1 0 1 1 0 0 1 0 1 1 1 1 0 0 0 0 0 1 0 1 0 0 0 1 0 0 0 1 0 0 1 1 1 0 0 1 1 1 0 1 0 0 0 1 0 1 1 0 1 0 1 1 1 0 0 0 0 0 0 0 0 0 0 0 0 0 0 0 1 1 1 0 1 1 1 1 0 54 0 0 1 1 0 1 1 0 0 0 0 1 1 0 1 1 0 0 1 0 0 1 
1 0 0 0 0 1 1 0 0 0 0 0 0 0 0 1 1 0 0 0 0 1 0 1 0 1 1 1 1 1 1 1 1 1 1 0 0 0 1 1 0 1 0 0 0 0 0 0 1 1 0 0 1 0 1 1 1 0 1 0 0 1 0 0 0 0 1 1 1 1 0 0 0 0 0 0 0 1 1 1 1 1 0 0 0 1 0 1 0 1 0 0 0 0 1 1 0 1 0 0 0 1 1 0 1 1 0 1 0 1 1 1 0 0 1 0 0 1 0 1 1 1 1 0 0 0 1 0 0 1 1 1 0 0 1 0 0 1 0 1 1 0 1 0 1 1 0 0 0 0 1 0 0 1 0 1 1 1 1 1 1 1 1 1 1 1 1 1 0 1 0 0 1 1 0 0 0 1 1 1 0 1 0 1 0 0 0 1 1 0 0 1 1 1 1 0 0 1 1 1 97 1 0 1 0 0 1 1 1 0 1 1 1 1 1 0 1 0 1 0 0 0 
1 0 1 1 0 0 1 1 1 1 0 1 1 0 0 1 0 1 0 0 0 0 1 0 1 1 0 0 0 0 1 1 0 0 0 1 1 1 0 1 1 0 1 0 1 1 0 1 0 0 1 1 1 0 0 0 1 0 1 1 0 0 0 1 1 1 1 0 1 1 1 0 0 1 0 0 0 0 0 1 1 1 0 0 1 0 0 1 1 1 0 0 1 0 1 0 0 0 0 0 1 1 1 1 1 0 0 1 1 1 1 1 0 1 1 0 0 1 1 0 1 1 0 0 1 0 0 1 1 0 1 1 1 1 0 0 1 0 0 1 0 1 1 1 1 0 0 0 0 1 0 1 1 0 1 0 1 1 1 0 0 1 0 0 1 1 0 1 0 0 0 0 1 1 1 0 0 1 1 0 1 0 1 1 0 0 0 0 0 0 0 1 0 0 1 0 0 0 1 0 1 36 1 0 0 1 0 0 0 0 1 1 0 0 0 0 0 1 0 1 0 1 
1 1 1 1 0 1 0 1 1 1 1 1 0 1 0 1 0 1 0 1 1 1 0 1 1 1 1 1 0 0 0 1 1 0 0 1 0 1 0 0 1 0 0 1 0 0 1 0 0 1 1 0 1 1 0 0 0 1 0 1 1 1 0 0 1 1 1 0 0 0 1 0 0 1 0 1 1 1 0 1 1 0 1 1 0 1 1 0 1 0 1 1 0 1 1 0 1 0 1 1 1 1 1 1 0 0 0 0 0 0 1 0 1 1 1 1 0 1 0 1 0 0 0 0 0 1 1 0 1 0 0 1 1 0 0 1 0 1 0 1 0 0 1 0 1 1 1 1 0 0 1 0 1 0 0 1 0 1 0 1 0 0 1 1 1 1 1 0 0 1 0 1 1 0 0 1 1 1 1 0 1 0 0 0 0 1 0 1 0 0 0 0 1 1 0 0 0 1 0 0 0 0 7 0 0 0 0 0 0 0 0 0 1 1 0 0 1 1 0 1 0 0 
0 1 0 1 1 1 1 1 0 0 0 1 0 1 1 0 0 1 1 0 1 0 0 1 0 1 1 0 1 0 0 1 0 0 0 0 0 1 1 0 1 0 1 0 0 0 0 0 0 1 0 0 0 1 0 1 0 0 0 1 1 0 1 1 1 0 0 0 0 1 1 1 1 0 1 1 0 1 0 1 0 1 1 0 1 0 0 0 1 1 0 0 0 1 1 0 0 1 0 0 0 0 0 1 1 1 0 0 1 0 0 1 0 1 1 0 0 0 1 1 1 1 1 1 0 1 0 0 1 1 0 1 1 0 0 0 1 1 0 1 1 0 0 1 1 1 0 1 0 1 1 0 1 1 0 1 0 1 1 0 1 0 0 0 0 1 1 1 0 0 0 0 0 1 0 0 1 1 1 1 1 1 1 0 0 1 1 1 1 1 1 0 1 1 0 1 0 0 1 0 0 0 1 96 0 1 0 1 0 1 0 1 1 1 1 1 1 1 0 1 0 0 
0 1 1 1 0 0 0 0 1 1 1 1 1 1 1 0 0 1 1 0 1 1 0 0 0 0 1 0 0 0 0 1 1 0 1 0 0 0 1 1 1 0 1 0 0 1 0 1 1 0 0 0 0 1 1 0 0 0 0 1 0 0 0 0 1 0 0 0 1 1 1 1 1 0 0 0 1 0 1 0 1 1 0 1 0 1 0 1 1 0 0 1 0 0 0 0 1 1 0 1 0 1 0 1 0 0 0 1 1 1 1 0 0 1 0 0 0 0 1 1 0 0 1 1 0 1 0 0 1 1 0 1 1 0 0 0 0 0 1 1 0 1 0 0 1 0 0 0 1 0 0 0 0 0 1 1 0 1 1 0 0 0 1 1 0 0 1 0 0 1 0 1 0 1 1 1 1 0 0 0 1 1 0 0 1 0 1 0 0 1 1 1 0 1 0 1 1 1 1 1 0 0 0 0 85 1 1 1 0 1 0 0 0 1 0 1 0 0 1 0 0 1 
1 1 1 1 1 0 1 0 1 1 1 1 1 0 1 0 0 1 1 0 1 1 0 0 0 1 0 0 0 1 1 0 0 1 0 0 0 0 0 0 0 0 0 0 1 1 1 0 0 1 0 1 1 0 0 1 0 0 0 0 0 0 0 0 0 1 0 1 0 1 1 0 1 1 0 1 0 1 1 1 0 1 1 0 1 0 1 0 1 1 1 0 1 0 0 1 1 0 0 0 1 0 1 0 1 0 1 0 0 1 0 0 1 1 0 1 0 0 1 0 0 1 0 1 1 0 0 0 0 1 1 0 0 1 0 0 0 0 0 0 1 0 1 0 0 0 1 1 0 1 0 0 1 0 1 0 0 0 0 0 1 0 0 0 0 1 1 0 1 1 1 1 1 1 0 1 1 1 1 0 0 0 0 1 0 0 0 1 0 1 0 0 1 1 1 0 0 1 0 0 0 0 0 0 1 59 1 1 0 1 1 1 1 0 0 0 0 1 0 0 1 1 
1 1 0 0 1 0 0 1 1 1 0 1 0 1 1 0 1 0 0 0 1 0 1 1 0 0 1 0 1 1 0 0 1 1 1 0 0 0 0 1 0 0 1 1 1 1 1 0 1 0 1 1 1 0 0 0 1 1 0 1 0 1 0 0 1 1 1 0 0 1 0 1 1 0 0 1 1 1 0 0 0 0 1 0 1 0 1 1 0 1 1 0 0 1 0 0 0 1 0 0 0 1 1 1 0 1 1 1 0 0 0 1 0 0 0 0 1 0 1 0 1 0 1 0 0 0 0 0 1 0 1 0 0 0 0 0 1 1 1 0 0 0 1 1 1 1 0 1 1 1 1 1 0 0 0 0 0 1 1 0 0 1 1 1 0 0 0 0 1 0 0 1 1 0 0 0 1 1 1 1 0 1 0 1 1 0 0 1 1 0 0 0 0 0 1 0 0 1 1 1 1 0 0 1 0 0 60 0 1 0 1 1 0 1 0 1 1 0 1 1 1 0 
1 0 0 0 0 1 0 0 1 0 0 1 0 1 0 0 1 1 1 1 1 0 1 0 1 1 1 0 0 0 0 1 1 1 1 0 0 1 0 0 1 0 0 0 0 0 1 1 0 0 1 0 0 0 0 0 0 1 1 0 0 1 1 0 0 0 0 0 1 0 0 0 1 1 1 1 0 0 0 0 0 1 1 0 0 0 1 0 0 0 1 1 0 0 1 0 0 0 1 1 0 1 1 1 1 1 1 1 1 0 0 1 0 0 1 0 1 0 1 0 0 1 0 1 1 0 0 0 0 1 0 0 0 1 0 0 0 1 0 0 1 1 0 1 0 1 0 0 1 1 0 1 1 0 0 1 1 0 0 1 1 0 0 1 1 1 0 1 1 1 0 1 1 0 1 0 0 1 0 0 1 0 1 1 1 0 1 0 1 0 1 0 0 0 1 0 1 1 0 1 1 0 1 1 1 1 0 29 0 0 0 1 0 1 0 1 1 1 1 1 0 1 
0 0 0 1 1 1 1 1 1 0 1 1 0 1 0 1 1 1 1 0 1 0 1 0 1 1 0 1 1 1 1 0 1 0 0 1 1 1 1 0 0 1 0 1 0 1 0 0 0 1 0 0 0 1 1 1 0 1 1 0 1 0 0 1 1 0 1 1 0 1 0 1 1 1 1 0 1 0 0 1 0 0 1 1 1 0 0 1 0 0 0 1 1 1 1 1 0 1 0 0 1 1 1 1 1 1 1 0 0 0 0 0 1 0 0 1 0 1 1 1 1 1 1 0 1 1 0 1 1 1 1 1 1 1 0 1 1 0 0 1 1 1 0 0 1 1 0 0 0 0 0 0 1 0 0 1 1 0 0 0 0 1 0 1 1 0 0 1 1 1 1 0 0 1 0 1 0 0 0 0 0 0 0 1 0 1 0 0 0 1 1 0 0 0 0 1 1 0 0 1 1 1 0 0 0 0 0 0 49 1 0 0 0 0 0 0 1 1 1 1 0 1 
1 1 0 0 1 1 0 1 1 0 1 0 1 1 0 1 0 1 0 1 1 1 1 1 0 0 0 0 0 1 0 0 0 1 1 0 0 0 0 0 1 0 1 1 0 0 1 0 1 1 0 1 1 0 0 0 1 1 0 1 1 1 0 0 1 0 1 0 1 1 1 1 1 0 1 0 1 1 1 0 0 0 0 0 0 1 0 0 0 1 0 1 1 1 0 0 1 0 0 0 0 1 1 0 1 1 1 1 1 0 0 0 0 0 0 1 1 1 0 0 0 1 1 1 0 0 0 1 0 0 1 0 0 1 0 1 1 0 1 1 1 0 0 1 1 0 1 0 1 1 1 0 1 0 1 1 0 1 0 1 1 1 0 0 1 0 1 0 1 1 1 0 0 1 1 0 1 1 0 0 0 1 0 1 0 0 0 0 0 1 0 1 1 0 1 0 1 0 0 1 1 1 0 0 0 1 1 1 0 71 1 1 0 0 1 1 0 0 1 1 1 0 
0 0 0 0 0 0 0 0 1 0 1 1 1 1 1 1 1 1 0 1 1 0 0 1 0 1 1 0 1 1 1 1 0 1 1 0 0 0 0 1 1 1 1 0 1 0 1 0 1 1 1 1 1 1 0 0 0 1 0 1 0 1 0 0 0 1 0 1 1 1 1 1 1 1 0 1 0 0 1 1 1 0 1 0 0 1 0 1 0 0 0 1 0 0 0 1 0 1 1 0 0 0 0 0 1 1 1 1 0 0 1 0 0 0 0 0 0 0 0 1 0 1 0 0 1 0 0 0 1 1 0 0 0 0 0 0 0 0 0 1 0 0 1 0 0 0 0 1 1 1 0 1 1 0 0 0 0 1 0 0 1 1 1 1 1 1 1 1 1 1 0 1 1 0 1 0 0 0 0 0 0 0 0 0 0 0 0 0 1 1 0 0 0 0 1 1 1 1 0 1 0 1 0 1 1 0 0 1 0 1 94 0 1 0 0 0 1 1 1 0 0 1 
1 0 1 0 1 1 1 1 0 0 1 1 0 1 1 1 0 1 0 1 0 1 1 0 0 1 0 0 0 1 1 1 0 1 0 1 0 0 1 0 0 1 1 1 0 0 0 1 1 1 1 0 0 1 0 1 1 0 0 0 1 0 0 1 0 0 1 0 1 0 0 1 0 1 1 1 0 1 1 1 0 1 1 0 1 0 1 1 0 0 0 0 0 0 1 1 1 1 0 0 0 1 1 0 0 0 0 1 1 1 0 1 1 0 1 0 0 1 0 1 0 0 1 1 0 0 1 1 0 0 1 0 0 0 0 1 1 0 0 0 0 0 0 1 0 0 1 0 0 1 0 0 1 1 1 0 0 0 0 1 0 0 1 0 1 0 1 1 1 1 0 0 0 1 1 0 1 1 0 0 1 1 0 0 1 0 1 1 1 1 1 1 1 0 1 1 0 1 1 1 1 0 0 0 0 1 0 1 0 1 1 77 0 1 1 0 0 1 1 0 1 0 
1 1 0 1 0 0 1 0 1 0 0 1 1 1 1 0 0 1 0 1 1 0 0 0 1 1 1 1 0 1 1 0 1 0 0 1 1 1 0 1 1 0 1 1 1 1 1 1 1 1 1 1 1 0 0 0 1 0 1 1 0 1 0 0 0 0 0 1 1 1 0 1 1 0 0 0 0 0 1 0 0 0 0 1 0 0 0 1 0 1 1 0 0 1 0 0 1 1 1 0 0 1 1 1 1 0 1 1 1 0 0 0 0 1 0 1 1 1 1 1 0 1 1 0 0 1 0 1 0 0 0 0 1 1 0 1 1 1 0 1 1 0 1 0 1 1 1 0 0 1 1 0 1 1 0 1 0 0 0 0 0 0 1 0 0 0 0 0 1 0 0 0 0 1 0 0 0 1 0 0 0 1 1 0 0 1 1 1 0 1 1 1 1 0 0 1 1 0 0 1 1 0 1 1 0 1 0 0 1 1 0 0 81 1 0 1 0 1 0 1 1 1 
1 0 1 0 0 1 1 0 0 1 1 0 1 1 0 1 1 0 0 0 0 0 0 0 0 0 1 0 1 1 1 1 1 0 1 1 0 0 1 0 0 1 1 1 1 1 1 1 1 0 0 0 0 1 1 0 1 1 0 1 0 0 0 1 0 0 0 1 0 0 1 0 1 0 1 0 1 1 0 1 0 0 1 0 1 1 1 0 0 0 1 1 1 0 0 0 0 0 0 0 1 0 0 1 0 0 1 1 1 0 1 0 0 0 0 1 0 1 0 0 0 0 1 1 1 0 0 0 1 0 1 0 1 1 1 1 0 0 1 1 0 1 0 1 1 0 1 0 1 1 1 1 1 1 1 1 0 0 0 1 1 0 1 1 0 0 0 1 0 1 1 0 0 0 0 0 1 1 1 0 0 1 1 1 0 1 1 1 1 1 0 0 0 0 0 0 0 0 1 0 1 1 0 1 1 1 0 0 0 1 1 1 0 69 1 1 1 0 1 0 1 0 
0 0 0 0 1 0 1 0 0 0 1 0 0 0 0 0 1 0 1 0 1 1 1 1 0 0 0 0 0 1 1 0 0 0 1 0 1 0 0 0 0 1 1 1 0 0 0 1 1 1 0 0 0 1 1 0 0 0 0 0 1 1 0 0 1 1 0 0 0 1 0 1 0 0 0 1 0 1 1 1 0 0 0 0 1 0 0 1 0 1 0 0 0 0 0 0 1 0 0 0 1 1 1 0 0 1 0 1 1 0 0 0 1 0 1 1 0 0 0 1 1 1 1 1 0 0 0 0 1 1 1 0 1 1 0 0 0 0 0 1 1 0 0 0 1 0 0 1 1 1 1 0 1 0 0 1 0 1 0 1 1 0 0 1 0 1 1 0 1 0 0 1 1 0 1 1 1 1 1 1 0 0 0 0 0 0 1 0 1 1 1 1 0 1 0 1 0 0 0 0 0 0 0 0 0 1 0 0 0 1 1 0 0 1 54 1 1 1 1 0 1 1 
1 0 0 1 1 0 0 1 1 0 0 0 1 1 0 0 1 1 1 0 1 1 1 0 0 1 1 1 1 1 1 1 1 1 1 1 0 1 1 1 0 1 1 0 1 1 0 1 1 1 0 0 0 0 0 0 1 0 0 1 1 0 1 0 0 0 0 0 0 1 1 0 0 1 1 0 1 1 0 0 0 1 0 1 1 0 0 0 0 0 0 0 1 0 0 1 1 1 0 1 0 1 0 1 0 0 1 0 1 1 1 1 1 0 1 1 1 0 0 1 0 1 1 0 0 0 1 1 1 0 0 0 0 1 1 1 1 1 0 1 1 0 0 1 1 1 0 0 1 0 1 0 1 1 0 0 1 0 1 0 1 0 0 0 1 0 0 1 0 0 1 0 1 0 0 0 0 1 1 1 0 1 0 0 1 1 1 1 0 0 1 0 1 0 1 0 1 1 1 1 1 0 0 1 0 0 1 1 1 1 1 1 1 1 1 95 1 0 0 1 1 1 
0 1 1 1 0 0 0 1 1 1 0 0 0 1 1 0 1 1 0 1 1 1 1 1 0 0 0 1 1 0 0 0 1 0 1 0 1 1 0 1 1 0 0 1 0 1 0 0 1 0 0 0 1 0 1 1 0 0 0 1 0 1 0 1 0 1 1 1 0 1 0 0 1 0 1 0 0 0 1 1 1 1 1 1 0 0 1 1 0 1 1 1 1 0 1 0 1 0 1 1 1 1 1 0 1 1 1 0 0 0 0 0 1 1 0 1 0 0 0 1 1 1 1 0 1 1 1 1 0 1 0 1 1 0 0 1 1 0 1 0 0 1 1 0 1 1 0 1 1 0 0 1 1 0 0 0 1 1 0 0 1 0 0 0 1 1 1 1 1 1 0 1 1 0 0 0 1 1 0 0 0 0 0 1 1 1 0 0 1 0 1 0 0 1 1 1 0 1 1 1 0 0 0 0 1 1 0 1 1 1 0 0 0 0 0 0 84 0 1 0 1 0 
0 0 1 1 0 1 0 0 0 0 1 0 0 0 0 0 1 0 0 1 1 0 1 0 1 1 1 0 0 0 1 1 0 1 0 1 0 0 0 1 0 1 0 1 1 0 1 1 1 0 1 1 0 0 0 1 0 1 1 0 0 0 1 0 0 1 1 0 1 1 1 0 1 1 0 0 0 1 1 0 1 0 0 0 1 1 0 0 0 0 0 0 1 0 0 0 1 1 0 1 0 0 1 1 1 0 0 0 1 0 0 0 1 1 0 0 1 1 0 1 0 0 1 0 1 0 0 0 0 0 1 0 1 0 1 0 1 1 1 0 0 0 1 1 0 1 0 0 1 0 0 0 0 1 1 0 1 0 0 1 1 0 1 0 0 0 0 1 1 0 1 0 0 0 1 1 0 0 1 1 0 0 0 0 0 1 0 0 1 1 0 0 1 0 0 0 0 0 1 1 0 0 0 1 1 0 0 1 0 1 1 0 1 1 1 1 1 69 0 1 0 1 
0 1 0 1 1 0 1 1 1 1 0 1 0 0 0 1 0 0 1 0 1 1 0 1 1 1 1 0 0 1 1 1 0 1 1 0 1 0 0 0 0 0 0 1 1 0 0 1 0 0 0 1 0 0 1 0 0 0 1 0 1 1 1 0 1 1 0 1 0 0 0 0 0 0 1 0 1 1 0 0 0 1 1 0 1 0 1 1 0 1 1 1 1 1 0 1 0 0 0 0 0 0 1 1 0 0 0 1 0 1 0 0 0 1 1 0 0 1 0 0 1 1 0 1 1 1 1 1 0 1 1 1 0 0 0 1 0 1 1 1 0 1 0 0 0 1 1 1 1 1 1 0 1 1 0 0 0 1 0 0 1 1 0 0 0 0 0 0 1 1 0 0 1 0 1 0 0 0 0 0 0 0 0 0 0 1 1 0 1 0 1 1 1 0 1 1 1 1 1 0 1 1 0 0 0 0 0 1 0 1 1 1 0 0 0 1 0 0 16 0 1 0 
0 0 1 1 0 0 1 0 0 1 0 1 1 1 0 1 0 1 1 0 1 1 1 1 0 1 0 0 1 0 0 0 1 1 1 0 1 0 1 1 0 1 0 1 1 0 0 1 0 1 0 0 0 0 1 1 1 1 1 1 1 0 1 0 1 0 0 0 0 0 1 1 0 0 0 1 0 0 1 0 1 1 0 1 0 0 0 0 1 0 1 1 1 0 1 1 0 1 1 1 1 1 0 0 0 1 0 1 1 1 0 1 0 1 1 0 1 1 1 1 1 1 0 0 1 1 0 1 1 1 1 0 0 1 0 0 0 1 0 0 1 1 1 1 0 1 1 0 1 0 1 0 0 0 1 1 1 1 1 1 1 1 1 0 1 1 0 1 1 0 1 1 0 0 1 1 1 1 1 1 0 0 0 0 0 0 1 1 1 0 0 1 0 0 0 0 1 1 1 1 0 1 1 0 1 0 0 1 0 0 1 0 1 0 1 0 0 0 1 49 0 1 
0 0 1 0 1 1 1 0 0 0 0 1 1 0 1 0 0 0 1 1 0 1 0 1 1 0 0 0 0 0 0 0 0 0 0 1 1 0 1 1 0 1 1 1 1 1 0 1 0 1 1 0 1 1 0 1 0 0 1 1 1 0 0 1 0 0 1 1 1 1 1 1 0 1 0 1 1 1 0 1 0 0 1 0 0 0 0 1 1 1 1 1 0 0 0 1 1 1 1 1 1 0 1 1 1 0 0 0 0 1 1 0 0 1 0 0 1 1 0 0 0 0 0 0 1 1 1 0 1 0 1 1 1 1 0 1 0 1 1 0 0 0 0 0 0 1 0 0 1 0 1 1 1 1 0 1 1 1 1 1 0 0 1 0 1 0 0 1 1 1 1 1 1 0 0 0 0 1 1 1 1 1 1 1 1 0 1 1 1 0 0 1 0 0 1 0 0 0 1 0 0 1 0 1 0 1 0 0 1 1 0 1 1 1 1 0 1 1 1 0 72 1 
1 0 1 0 0 1 0 0 1 0 1 0 0 0 1 0 1 0 0 0 0 0 1 0 0 0 1 1 0 0 1 0 0 0 0 0 0 0 0 0 0 0 1 1 1 1 1 1 0 0 1 1 0 0 1 0 0 0 1 0 1 1 1 0 1 0 0 0 0 0 1 1 0 0 0 0 0 0 1 1 1 0 0 1 1 0 0 0 0 0 0 0 1 0 0 0 1 1 0 1 1 0 1 0 0 0 1 0 1 0 0 0 0 1 0 0 0 0 1 1 1 0 0 1 1 0 1 1 1 0 1 0 1 1 1 0 0 1 0 1 0 0 0 0 0 0 0 0 1 1 0 1 1 0 1 0 0 0 0 1 1 0 0 0 1 1 0 1 0 1 1 1 0 0 0 1 0 1 1 1 0 1 0 1 0 1 0 1 1 1 0 0 0 1 0 0 1 0 1 1 1 0 0 0 0 1 0 0 1 1 0 1 0 0 0 1 1 1 0 1 0 42 
